>
-48.036033630371094 -15.500220298766976
-47.771999359130803 -15.500436782836914
-47.661964416503906 -15.50041389465332
-47.561962127685547 -15.500358581542855
-47.495910644531193 -15.500300407409611
-47.417297363281193 -15.500313758850098
-47.417682647705021 -15.546831130981332
-47.404769897460938 -15.54644584655739
-47.389572143554631 -15.567424774169922
-47.380405426025334 -15.567385673522949
-47.379486083984375 -15.573225975036621
-47.374183654785156 -15.577832221984863
-47.362686157226449 -15.577986717224121
-47.357345581054574 -15.581325531005746
-47.353630065917855 -15.578926086425838
-47.339111328124943 -15.584429740905648
-47.325786590576058 -15.589126586913949
-47.321655273437443 -15.586271286010742
-47.317298889160043 -15.588565826415902
-47.315822601318359 -15.594424247741642
-47.322433471679631 -15.597966194152832
-47.333072662353516 -15.629914283752441
-47.326545715331918 -15.648811340331974
-47.329151153564453 -15.655917167663404
-47.326930999755746 -15.673603057861271
-47.331489562988224 -15.681682586669922
-47.327957153320256 -15.687917709350586
-47.319709777832031 -15.687005043029671
-47.312656402587891 -15.694545745849609
-47.312316894531193 -15.707169532775879
-47.319820404052734 -15.720302581787109
-47.316749572753906 -15.728831291198617
-47.318790435790959 -15.73294734954834
-47.312873840331974 -15.738094329834041
-47.314102172851562 -15.747233390807992
-47.316623687744027 -15.745793342590332
-47.318550109863281 -15.754573822021428
-47.321903228759766 -15.753950119018498
-47.319934844970646 -15.756972312927132
-47.328685760498047 -15.767400741577092
-47.326820373535099 -15.771080017089787
-47.330127716064453 -15.77385139465332
-47.329795837402344 -15.77946662902832
-47.334205627441406 -15.780506134033146
-47.338680267333984 -15.794631958007756
-47.348537445068303 -15.803791999816667
-47.34698486328125 -15.807904243469181
-47.352313995361328 -15.812223434448185
-47.353816986083871 -15.822238922119141
-47.358375549316349 -15.82332897186285
-47.360015869140511 -15.820623397827092
-47.361404418945312 -15.826728820800781
-47.365901947021428 -15.828187942504769
-47.364753723144474 -15.835369110107479
-47.365432739257756 -15.836236000060978
-47.369354248046818 -15.841242790222111
-47.370182037353516 -15.848645210266
-47.367015838623047 -15.853479385375977
-47.372711181640625 -15.863746643066236
-47.369625091552678 -15.865141868591309
-47.370521545410156 -15.872321128845158
-47.375019073486328 -15.88066291809082
-47.379180908203068 -15.880808830261174
-47.376064300537109 -15.882880210876465
-47.375648498535099 -15.896686553954964
-47.371124267578125 -15.900160789489519
-47.372657775878906 -15.906722068786621
-47.363624572753849 -15.908989906310978
-47.367511749267578 -15.917682647704964
-47.365631103515568 -15.920942306518498
-47.36170578002924 -15.919776916503793
-47.360733032226562 -15.931698799133244
-47.363433837890568 -15.930299758910905
-47.363178253173828 -15.93346118927002
-47.372459411621094 -15.93656063079834
-47.367485046386719 -15.940848350524902
-47.36712646484375 -15.946639060974178
-47.370212554931584 -15.9559450149535
-47.373455047607365 -15.957122802734318
-47.372177124023438 -15.960920333862362
-47.376689910888615 -15.962847709655648
-47.37354660034174 -15.966711044311467
-47.376842498779297 -15.978397369384709
-47.371459960937386 -15.980416297912541
-47.37579345703125 -15.986623764038086
-47.371376037597656 -15.994583129882812
-47.368511199951058 -15.994074821472168
-47.368595123290959 -16.001937866210767
-47.364009857177678 -16.000747680663949
-47.359794616699162 -16.007726669311467
-47.347740173339844 -16.006013870239201
-47.344707489013672 -16.01130294799799
-47.337295532226506 -16.012016296386719
-47.339481353759709 -16.018997192382812
-47.335178375244141 -16.016851425170898
-47.328350067138615 -16.027263641357308
-47.323947906494084 -16.029014587402344
-47.321788787841797 -16.026208877563306
-47.321067810058594 -16.030952453613224
-47.317375183105412 -16.031808853149414
-47.319072723388615 -16.036687850952148
-47.309001922607308 -16.035945892333871
-47.311336517333984 -16.041309356689453
-47.308540344238281 -16.042097091674691
-47.308757781982422 -16.050531387328931
-47.617469787597656 -16.0506591796875
-47.683429718017578 -16.050628662109261
-47.814464569091797 -16.051034927368107
-47.939151763915959 -16.051347732543832
-48.021102905273324 -16.051591873168888
-48.034366607665902 -16.051624298095533
-48.086631774902344 -16.051761627197152
-48.27907562255848 -16.051555633544865
-48.278705596923828 -16.048824310302734
-48.271579742431641 -16.028709411621094
-48.272804260253906 -16.008478164672795
-48.264823913574219 -15.994804382324162
-48.260196685790902 -15.977763175964355
-48.261051177978402 -15.967087745666277
-48.252487182617188 -15.954108238220215
-48.252460479736271 -15.94271183013916
-48.252445220947209 -15.936758995056152
-48.261802673339787 -15.928647994994947
-48.268157958984375 -15.93285942077631
-48.276714324951172 -15.930543899536133
-48.276912689208984 -15.922641754150277
-48.273242950439396 -15.920987129211426
-48.27058029174799 -15.911702156066781
-48.277301788330078 -15.906326293945199
-48.274379730224553 -15.893054008483773
-48.277160644531193 -15.891554832458496
-48.272415161132812 -15.880730628967285
-48.278045654296875 -15.874110221862793
-48.287048339843693 -15.843138694763127
-48.282817840576172 -15.829529762268066
-48.280933380126953 -15.823476791381779
-48.267868041992188 -15.806900978088379
-48.246097564697266 -15.796958923339844
-48.241931915283203 -15.798684120178109
-48.238220214843693 -15.784731864929199
-48.213493347167969 -15.75965404510498
-48.211914062499943 -15.755808830261287
-48.206020355224496 -15.74145317077631
-48.207439422607365 -15.718342781066667
-48.218074798583984 -15.708033561706429
-48.232685089111328 -15.709527015685921
-48.240772247314453 -15.706986427306958
-48.240756988525391 -15.684458732604924
-48.236373901367188 -15.659065246582031
-48.232936859130859 -15.639140129089128
-48.218914031982422 -15.622632980346623
-48.200271606445256 -15.621862411498967
-48.200332641601562 -15.514383316039982
-48.200492858886605 -15.500169754028263
-48.053180694580078 -15.500197410583439
-48.036033630371094 -15.500220298766976
