-44.209778 -14.236654
-44.209076 -14.246675
-44.201187 -14.251140
-44.201241 -14.254479
-44.182877 -14.258233
-44.172897 -14.266558
-44.197575 -14.288675
-44.172169 -14.267162
-44.167435 -14.268409
-44.165070 -14.268170
-44.159954 -14.257640
-44.137218 -14.264152
-44.135941 -14.274907
-44.143566 -14.278499
-44.135567 -14.282189
-44.124294 -14.274973
-44.112545 -14.258734
-44.107239 -14.259124
-44.105984 -14.267297
-44.099350 -14.273462
-44.093601 -14.273605
-44.086876 -14.268429
-44.088238 -14.278079
-44.082352 -14.275449
-44.082405 -14.268997
-44.074406 -14.270643
-44.077911 -14.278161
-44.073154 -14.280265
-44.073349 -14.285667
-44.068382 -14.279729
-44.061295 -14.282376
-44.057381 -14.277617
-44.057106 -14.284267
-44.049377 -14.284796
-44.041489 -14.286225
-44.038380 -14.282300
-44.034458 -14.288873
-44.025524 -14.276810
-44.015396 -14.276511
-44.015430 -14.271550
-44.009239 -14.272336
-44.006104 -14.267370
-43.986324 -14.267554
-43.990543 -14.272600
-43.982552 -14.275773
-43.980785 -14.282154
-43.971081 -14.278207
-43.969536 -14.274034
-43.961876 -14.291009
-43.955292 -14.292189
-43.956085 -14.299708
-43.950897 -14.289997
-43.946243 -14.289951
-43.942089 -14.305096
-43.935020 -14.295683
-43.926380 -14.305677
-43.923920 -14.296342
-43.920303 -14.295959
-43.917206 -14.295941
-43.915333 -14.302669
-43.911549 -14.305042
-43.909073 -14.302555
-43.910934 -14.297669
-43.905209 -14.300305
-43.904377 -14.293616
-43.901608 -14.298733
-43.892429 -14.301021
-43.892376 -14.300219
-43.890656 -14.300495
-43.888805 -14.306739
-43.881344 -14.307423
-43.880875 -14.311806
-43.872791 -14.313586
-43.869904 -14.310049
-43.861485 -14.312873
-43.852654 -14.307941
-43.851402 -14.313577
-43.855404 -14.318044
-43.851376 -14.319076
-43.846680 -14.313107
-43.847179 -14.321736
-43.836098 -14.311154
-43.826290 -14.316184
-43.819553 -14.312528
-43.822266 -14.323031
-43.815269 -14.320654
-43.814770 -14.325962
-43.808601 -14.325476
-43.806797 -14.332521
-43.800037 -14.337829
-43.792652 -14.336557
-43.783146 -14.339247
-43.804569 -14.372420
-43.819347 -14.389342
-43.830452 -14.436762
-43.838684 -14.455542
-43.842300 -14.462234
-43.873833 -14.520586
-43.881264 -14.562427
-43.877129 -14.563343
-43.886482 -14.583664
-43.882610 -14.586750
-43.885555 -14.594574
-43.881348 -14.590159
-43.875454 -14.592958
-43.875019 -14.593721
-43.876835 -14.609140
-43.870018 -14.612832
-43.874401 -14.614439
-43.870995 -14.622110
-43.881706 -14.629442
-43.874577 -14.636767
-43.885731 -14.635432
-43.877098 -14.640327
-43.883652 -14.642960
-43.879238 -14.646082
-43.883461 -14.653234
-43.879070 -14.658032
-43.875847 -14.652270
-43.873211 -14.653592
-43.871857 -14.663588
-43.863262 -14.662310
-43.859150 -14.674300
-43.846817 -14.672108
-43.800457 -14.687319
-43.785610 -14.685723
-43.776100 -14.692201
-43.766159 -14.692132
-43.763519 -14.692599
-43.755573 -14.700722
-43.726208 -14.698165
-43.720959 -14.702270
-43.718098 -14.711425
-43.712181 -14.714983
-43.719566 -14.720909
-43.719810 -14.729544
-43.709679 -14.730392
-43.703369 -14.725323
-43.687279 -14.721822
-43.689373 -14.727372
-43.685867 -14.727853
-43.681042 -14.732190
-43.673748 -14.729588
-43.674118 -14.732462
-43.670963 -14.736865
-43.666321 -14.737122
-43.658981 -14.744874
-43.629948 -14.750360
-43.614952 -14.759895
-43.606010 -14.759467
-43.590736 -14.750877
-43.580574 -14.750818
-43.573734 -14.765165
-43.537125 -14.783507
-43.533901 -14.788722
-43.536892 -14.790595
-43.539150 -14.805738
-43.531345 -14.815299
-43.525200 -14.813991
-43.521179 -14.805911
-43.515316 -14.804598
-43.509701 -14.807602
-43.511112 -14.796578
-43.498425 -14.797378
-43.494213 -14.790780
-43.485416 -14.791149
-43.479744 -14.791325
-43.474499 -14.789980
-43.471294 -14.788243
-43.469318 -14.784683
-43.468925 -14.781463
-43.481209 -14.767900
-43.475227 -14.762168
-43.462791 -14.765890
-43.456207 -14.757746
-43.461224 -14.746230
-43.456177 -14.740158
-43.445786 -14.736689
-43.440430 -14.728316
-43.434593 -14.726422
-43.434841 -14.723046
-43.428123 -14.726369
-43.428619 -14.722212
-43.425266 -14.719981
-43.414642 -14.724234
-43.398979 -14.710222
-43.369068 -14.699770
-43.364311 -14.698992
-43.346455 -14.696073
-43.334232 -14.687658
-43.330456 -14.680128
-43.319626 -14.677958
-43.311180 -14.669751
-43.298092 -14.676089
-43.288277 -14.676112
-43.283649 -14.673911
-43.280495 -14.665863
-43.236382 -14.656751
-43.235329 -14.656778
-43.228897 -14.660516
-43.207619 -14.658358
-43.196838 -14.650066
-43.194530 -14.650625
-43.178844 -14.659912
-43.176300 -14.650549
-43.151451 -14.666335
-43.129128 -14.666061
-43.116253 -14.678854
-43.111088 -14.679016
-43.107971 -14.673170
-43.102497 -14.675014
-43.091476 -14.683317
-43.083725 -14.697996
-43.079365 -14.690525
-43.072227 -14.688848
-43.066338 -14.680561
-43.055622 -14.690942
-43.048523 -14.690238
-43.038261 -14.682811
-43.026829 -14.687109
-43.026764 -14.693545
-43.010899 -14.701664
-43.002754 -14.696292
-42.985313 -14.702233
-42.977280 -14.698386
-42.952644 -14.708403
-42.938835 -14.708031
-42.937363 -14.720448
-42.924927 -14.733872
-42.927006 -14.744142
-42.920147 -14.744238
-42.916920 -14.747486
-42.912148 -14.744475
-42.905838 -14.761046
-42.902584 -14.761381
-42.899925 -14.755798
-42.896111 -14.762986
-42.886230 -14.767043
-42.877808 -14.767743
-42.872437 -14.764978
-42.871414 -14.764451
-42.867687 -14.769675
-42.867401 -14.770730
-42.871773 -14.771635
-42.872341 -14.775364
-42.860603 -14.780606
-42.849766 -14.795042
-42.842304 -14.796127
-42.836239 -14.806219
-42.835800 -14.806953
-42.808643 -14.827331
-42.790977 -14.839358
-42.755089 -14.846421
-42.748577 -14.864373
-42.735893 -14.877424
-42.725693 -14.879277
-42.723312 -14.885615
-42.713589 -14.884261
-42.714558 -14.880058
-42.705505 -14.882461
-42.701984 -14.885809
-42.699902 -14.888726
-42.700314 -14.894540
-42.692753 -14.902490
-42.683670 -14.905523
-42.679806 -14.903333
-42.663750 -14.916308
-42.662659 -14.910551
-42.659649 -14.910441
-42.656860 -14.918899
-42.652500 -14.920723
-42.655167 -14.924255
-42.634857 -14.934949
-42.625660 -14.944699
-42.625244 -14.944467
-42.613384 -14.937730
-42.602493 -14.924677
-42.587097 -14.930347
-42.584621 -14.936902
-42.577473 -14.938890
-42.560635 -14.962296
-42.554283 -14.959295
-42.534836 -14.966583
-42.531586 -14.977489
-42.521675 -14.983075
-42.516228 -14.983531
-42.514194 -14.983702
-42.495754 -14.994824
-42.475861 -15.017041
-42.436749 -15.022719
-42.442257 -15.035434
-42.442871 -15.060607
-42.421753 -15.065507
-42.396439 -15.077994
-42.378590 -15.071118
-42.376034 -15.071248
-42.369652 -15.078341
-42.354874 -15.098183
-42.336739 -15.080426
-42.331154 -15.079964
-42.323643 -15.093561
-42.315697 -15.099193
-42.292500 -15.108656
-42.283371 -15.117155
-42.275436 -15.113314
-42.264748 -15.125177
-42.247135 -15.109223
-42.227383 -15.099263
-42.216343 -15.105636
-42.202770 -15.100077
-42.192551 -15.103120
-42.182911 -15.099646
-42.179749 -15.087829
-42.173271 -15.085955
-42.164417 -15.097397
-42.153297 -15.099364
-42.153824 -15.110563
-42.149860 -15.120350
-42.140999 -15.128846
-42.128864 -15.131716
-42.116257 -15.144121
-42.106930 -15.166680
-42.098286 -15.168323
-42.096020 -15.182447
-42.091576 -15.186607
-42.084660 -15.186529
-42.073246 -15.175703
-42.031155 -15.166703
-41.996948 -15.159380
-41.987743 -15.168330
-41.979275 -15.167537
-41.953381 -15.175667
-41.932514 -15.174504
-41.926579 -15.160791
-41.915070 -15.160590
-41.909733 -15.154355
-41.898090 -15.152116
-41.892296 -15.146517
-41.878674 -15.135702
-41.870926 -15.116535
-41.854458 -15.117451
-41.844109 -15.114718
-41.816292 -15.108389
-41.809326 -15.101098
-41.800659 -15.101098
-41.558556 -15.319065
-41.463875 -15.402158
-41.388119 -15.471334
-41.362514 -15.494687
-41.356365 -15.500289
-41.342258 -15.637390
-41.331150 -15.744674
-41.328117 -15.741822
-41.304680 -15.743431
-41.292896 -15.739003
-41.281902 -15.740769
-41.268509 -15.748703
-41.253448 -15.746925
-41.237339 -15.737512
-41.215225 -15.737250
-41.198498 -15.749282
-41.189964 -15.751796
-41.169399 -15.760518
-41.156231 -15.761375
-41.144188 -15.771827
-41.135563 -15.766138
-41.128582 -15.746766
-41.121502 -15.743010
-41.092838 -15.738682
-41.077503 -15.719288
-41.053360 -15.725107
-41.036221 -15.713816
-41.007126 -15.713837
-41.004246 -15.712086
-40.985420 -15.693322
-40.979557 -15.691663
-40.975910 -15.673927
-40.973366 -15.666376
-40.969063 -15.658853
-40.962223 -15.648888
-40.949162 -15.656234
-40.935925 -15.656640
-40.930363 -15.661043
-40.926479 -15.656054
-40.914261 -15.661018
-40.902515 -15.691841
-40.891975 -15.690601
-40.881504 -15.694471
-40.855396 -15.687155
-40.848778 -15.681309
-40.841976 -15.683226
-40.839500 -15.674941
-40.831398 -15.670722
-40.832302 -15.654121
-40.829250 -15.648259
-40.817513 -15.647612
-40.815586 -15.648476
-40.813248 -15.650253
-40.791595 -15.668434
-40.780277 -15.680176
-40.785885 -15.692276
-40.780064 -15.703952
-40.767616 -15.714074
-40.748970 -15.707088
-40.738495 -15.700905
-40.737804 -15.699467
-40.743080 -15.683490
-40.732128 -15.674816
-40.720379 -15.672990
-40.707153 -15.666408
-40.699299 -15.668621
-40.697201 -15.671067
-40.681839 -15.694425
-40.682251 -15.699018
-40.661144 -15.707127
-40.644890 -15.728854
-40.637451 -15.730276
-40.633358 -15.718112
-40.629333 -15.715713
-40.614113 -15.735101
-40.606533 -15.736760
-40.600563 -15.745970
-40.600170 -15.748455
-40.603889 -15.759294
-40.592560 -15.762316
-40.593021 -15.771002
-40.567360 -15.775923
-40.573067 -15.788073
-40.561993 -15.803284
-40.552803 -15.803721
-40.539745 -15.794794
-40.518223 -15.797508
-40.519066 -15.780864
-40.508682 -15.768000
-40.494816 -15.765899
-40.489090 -15.773748
-40.481800 -15.775027
-40.479393 -15.773619
-40.460579 -15.753733
-40.457001 -15.756085
-40.452728 -15.760003
-40.432438 -15.778628
-40.424973 -15.805704
-40.418682 -15.808428
-40.414520 -15.806541
-40.402107 -15.816699
-40.401356 -15.812918
-40.397274 -15.813854
-40.392216 -15.819874
-40.382442 -15.814493
-40.376797 -15.823518
-40.371433 -15.814369
-40.366322 -15.817453
-40.356659 -15.813013
-40.347023 -15.817284
-40.339169 -15.816756
-40.337353 -15.823402
-40.336636 -15.823910
-40.327488 -15.818242
-40.323742 -15.819659
-40.318161 -15.819219
-40.311485 -15.815589
-40.294346 -15.816614
-40.282581 -15.808002
-40.275135 -15.817467
-40.273991 -15.817424
-40.268852 -15.812742
-40.262936 -15.813111
-40.262531 -15.808824
-40.255630 -15.810511
-40.239544 -15.804875
-40.235687 -15.804407
-40.231052 -15.803847
-40.227646 -15.818378
-40.222515 -15.821761
-40.223557 -15.826011
-40.218193 -15.826595
-40.218769 -15.835777
-40.212936 -15.835759
-40.212742 -15.842303
-40.205776 -15.846113
-40.206802 -15.854485
-40.199226 -15.857627
-40.200008 -15.862505
-40.192596 -15.857753
-40.173904 -15.870489
-40.166042 -15.868376
-40.165779 -15.894071
-40.174755 -15.901291
-40.175056 -15.902973
-40.170666 -15.907518
-40.166798 -15.905015
-40.164680 -15.910228
-40.159763 -15.908464
-40.156399 -15.899539
-40.149239 -15.905362
-40.145981 -15.899395
-40.140511 -15.898887
-40.137325 -15.906273
-40.128098 -15.907600
-40.117165 -15.903559
-40.112934 -15.911290
-40.105282 -15.912053
-40.096565 -15.907399
-40.095177 -15.899782
-40.084961 -15.897123
-40.081661 -15.904815
-40.086704 -15.913576
-40.080845 -15.924096
-40.074783 -15.920051
-40.072266 -15.911803
-40.065990 -15.909888
-40.071598 -15.926157
-40.066280 -15.924976
-40.068783 -15.933912
-40.076843 -15.934334
-40.078766 -15.940923
-40.070625 -15.937940
-40.066071 -15.939761
-40.066143 -15.950377
-40.059071 -15.953180
-40.064560 -15.955510
-40.066132 -15.960207
-40.061100 -15.964002
-40.045708 -15.962354
-40.043442 -15.968521
-40.045914 -15.971552
-40.044231 -15.972836
-40.035210 -15.973458
-40.031475 -15.973278
-40.032627 -15.978565
-40.027210 -15.980491
-40.028095 -15.985580
-40.022476 -15.990262
-40.021263 -15.984803
-40.013626 -15.984006
-40.008369 -15.994918
-40.000904 -15.994676
-40.004372 -16.001835
-39.995014 -16.000471
-39.991985 -15.994998
-39.979935 -15.997639
-39.980198 -16.005560
-39.963894 -16.005320
-39.963070 -15.997623
-39.959045 -15.994248
-39.954079 -15.991620
-39.923698 -15.995294
-39.916813 -16.000078
-39.915512 -16.000982
-39.916805 -16.003908
-39.935619 -16.023745
-39.931835 -16.027327
-39.922134 -16.028624
-39.899380 -16.049604
-39.900124 -16.058800
-39.883076 -16.067451
-39.876690 -16.079412
-39.877342 -16.091610
-39.866543 -16.095594
-39.864719 -16.103855
-39.856762 -16.113827
-39.860733 -16.124723
-39.876186 -16.139631
-39.882648 -16.144413
-39.883514 -16.144678
-39.890366 -16.138409
-39.896893 -16.141600
-39.893623 -16.150379
-39.887211 -16.150974
-39.882870 -16.163776
-39.883324 -16.194691
-39.898338 -16.201365
-39.902115 -16.208504
-39.912563 -16.210377
-39.912174 -16.216375
-39.935818 -16.245003
-39.928478 -16.258139
-39.920036 -16.263739
-39.916618 -16.283840
-39.932590 -16.283600
-39.939175 -16.293795
-39.943459 -16.292044
-39.952190 -16.297880
-39.960449 -16.321898
-39.968601 -16.327066
-39.972210 -16.319122
-39.979343 -16.316830
-39.978382 -16.311144
-39.984768 -16.311708
-39.990685 -16.313442
-39.992485 -16.316822
-39.996365 -16.331207
-40.011089 -16.340073
-40.011417 -16.346270
-40.017380 -16.348066
-40.024765 -16.356899
-40.032436 -16.391996
-40.041821 -16.405676
-40.040981 -16.411865
-40.050343 -16.428741
-40.052456 -16.431679
-40.062637 -16.431984
-40.061455 -16.440063
-40.068260 -16.458405
-40.083920 -16.463924
-40.088295 -16.452150
-40.096306 -16.448362
-40.092213 -16.434654
-40.097912 -16.422640
-40.099144 -16.423058
-40.103237 -16.437008
-40.113003 -16.453054
-40.113377 -16.453669
-40.115711 -16.465487
-40.120651 -16.466562
-40.140236 -16.495564
-40.158424 -16.513750
-40.161903 -16.523643
-40.167782 -16.521120
-40.171150 -16.524149
-40.170151 -16.533569
-40.174782 -16.537891
-40.169403 -16.539042
-40.161503 -16.544271
-40.161289 -16.558561
-40.155712 -16.563896
-40.160927 -16.571960
-40.159794 -16.580307
-40.171871 -16.577641
-40.173851 -16.582129
-40.190125 -16.570959
-40.198269 -16.570290
-40.201164 -16.575226
-40.211975 -16.573111
-40.229027 -16.561394
-40.234417 -16.558784
-40.236763 -16.564156
-40.245792 -16.566992
-40.246964 -16.573557
-40.254627 -16.569433
-40.261082 -16.574371
-40.275448 -16.574026
-40.287579 -16.597569
-40.283768 -16.604771
-40.292011 -16.622084
-40.298222 -16.652519
-40.312691 -16.677933
-40.312614 -16.678720
-40.310993 -16.695833
-40.306965 -16.696760
-40.302296 -16.708174
-40.310516 -16.719284
-40.310104 -16.736214
-40.320068 -16.746279
-40.335777 -16.779711
-40.345432 -16.787266
-40.335415 -16.788233
-40.323544 -16.801266
-40.294567 -16.796642
-40.284485 -16.802904
-40.270012 -16.795324
-40.257744 -16.806540
-40.258408 -16.820717
-40.253464 -16.824642
-40.251347 -16.838856
-40.246845 -16.845737
-40.251762 -16.849030
-40.252052 -16.860050
-40.265965 -16.860310
-40.264877 -16.865026
-40.271908 -16.870195
-40.275635 -16.887432
-40.281582 -16.901182
-40.291546 -16.904087
-40.293987 -16.903845
-40.302689 -16.892271
-40.316807 -16.905067
-40.322872 -16.904045
-40.327019 -16.909336
-40.339825 -16.898483
-40.348686 -16.899303
-40.348240 -16.888042
-40.366425 -16.874168
-40.371296 -16.874901
-40.375839 -16.885868
-40.396618 -16.888187
-40.401695 -16.890663
-40.407497 -16.898687
-40.417561 -16.899246
-40.430656 -16.888615
-40.432911 -16.888000
-40.436935 -16.893179
-40.447258 -16.892471
-40.454041 -16.881607
-40.459824 -16.878702
-40.479931 -16.876820
-40.491142 -16.884485
-40.492634 -16.904106
-40.504635 -16.929228
-40.516212 -16.963408
-40.534943 -16.980801
-40.545422 -16.984293
-40.554070 -17.009222
-40.553246 -17.014755
-40.552521 -17.019627
-40.569965 -17.061901
-40.570549 -17.072245
-40.569855 -17.080368
-40.561363 -17.082426
-40.556725 -17.089602
-40.562881 -17.126366
-40.578300 -17.147173
-40.578556 -17.149704
-40.574551 -17.180330
-40.553802 -17.189028
-40.552349 -17.199181
-40.561859 -17.211859
-40.562057 -17.213257
-40.558334 -17.230673
-40.564407 -17.239969
-40.569851 -17.241610
-40.571106 -17.252214
-40.563507 -17.258196
-40.561916 -17.272503
-40.547691 -17.283703
-40.572186 -17.294762
-40.582161 -17.311119
-40.590458 -17.312975
-40.594864 -17.323561
-40.604752 -17.323397
-40.608940 -17.326944
-40.602680 -17.340754
-40.592667 -17.345470
-40.604893 -17.359026
-40.598915 -17.364506
-40.597652 -17.376890
-40.601562 -17.382530
-40.599678 -17.390347
-40.623417 -17.405977
-40.606190 -17.418388
-40.596012 -17.420568
-40.578659 -17.414082
-40.575703 -17.414700
-40.566063 -17.420784
-40.554062 -17.435579
-40.520565 -17.446503
-40.520588 -17.447399
-40.520882 -17.458345
-40.505455 -17.475603
-40.497795 -17.479134
-40.495380 -17.486727
-40.482941 -17.488510
-40.483822 -17.505936
-40.488998 -17.519791
-40.486160 -17.526812
-40.475136 -17.533773
-40.460354 -17.568499
-40.444633 -17.578409
-40.432018 -17.567554
-40.410622 -17.568224
-40.414463 -17.576157
-40.409737 -17.585623
-40.411957 -17.589054
-40.415947 -17.586432
-40.417702 -17.596476
-40.414398 -17.610094
-40.404854 -17.611328
-40.396751 -17.625601
-40.379875 -17.611301
-40.371899 -17.612453
-40.361385 -17.636665
-40.354595 -17.644266
-40.348492 -17.630762
-40.348572 -17.614548
-40.346241 -17.616350
-40.341587 -17.619953
-40.333992 -17.632151
-40.321766 -17.643709
-40.325790 -17.652569
-40.322765 -17.661310
-40.307659 -17.665665
-40.298958 -17.674564
-40.298042 -17.696253
-40.295448 -17.699488
-40.286182 -17.700720
-40.280296 -17.722782
-40.271137 -17.726679
-40.255844 -17.719545
-40.248882 -17.730190
-40.238461 -17.734829
-40.223881 -17.734062
-40.213596 -17.753675
-40.217373 -17.764235
-40.214321 -17.776939
-40.218010 -17.795656
-40.204456 -17.805325
-40.201721 -17.816090
-40.204048 -17.828835
-40.203827 -17.829018
-40.195869 -17.828197
-40.186348 -17.832523
-40.176964 -17.847013
-40.175034 -17.852673
-40.212070 -17.895187
-40.212677 -17.895506
-40.263420 -17.921984
-40.264343 -17.931839
-40.262020 -17.935963
-40.242104 -17.952560
-40.226761 -17.958254
-40.222351 -17.980427
-40.255291 -17.971798
-40.266239 -17.962021
-40.275612 -17.962557
-40.290932 -17.951843
-40.291046 -17.946882
-40.306129 -17.947355
-40.312202 -17.939636
-40.321739 -17.939041
-40.333893 -17.927357
-40.345894 -17.924065
-40.355545 -17.930447
-40.367775 -17.922634
-40.373085 -17.927639
-40.386360 -17.928450
-40.391888 -17.924099
-40.417355 -17.927029
-40.432514 -17.921328
-40.453812 -17.918806
-40.459259 -17.920446
-40.464127 -17.928198
-40.484070 -17.908640
-40.503273 -17.910675
-40.517799 -17.894167
-40.518501 -17.893995
-40.526978 -17.891941
-40.547379 -17.907291
-40.567867 -17.916023
-40.584652 -17.918161
-40.584354 -17.935757
-40.587101 -17.939016
-40.597134 -17.936031
-40.613388 -17.939726
-40.615238 -17.943710
-40.612553 -17.949503
-40.621826 -17.960562
-40.614212 -17.967491
-40.624229 -17.975912
-40.625732 -17.988125
-40.625881 -17.989328
-40.645969 -17.993555
-40.651436 -18.006863
-40.661762 -18.013119
-40.659100 -18.025223
-40.647991 -18.032984
-40.638836 -18.035118
-40.630505 -18.053373
-40.627964 -18.072775
-40.613483 -18.092129
-40.612793 -18.107464
-40.605469 -18.100004
-40.596077 -18.101709
-40.591793 -18.108503
-40.579346 -18.097914
-40.571320 -18.100792
-40.558144 -18.114637
-40.561916 -18.131092
-40.559532 -18.139393
-40.563534 -18.155397
-40.556870 -18.158609
-40.557110 -18.164576
-40.552856 -18.165739
-40.555305 -18.178364
-40.552017 -18.187304
-40.545780 -18.204254
-40.553307 -18.221727
-40.550903 -18.227831
-40.558754 -18.230984
-40.618866 -18.287575
-40.609493 -18.302395
-40.612263 -18.318026
-40.601742 -18.343575
-40.596615 -18.339380
-40.584129 -18.339605
-40.575066 -18.344093
-40.574978 -18.348698
-40.582455 -18.352423
-40.583027 -18.367371
-40.607674 -18.416538
-40.597710 -18.424763
-40.593536 -18.434750
-40.579960 -18.440317
-40.574459 -18.435654
-40.570805 -18.436489
-40.556744 -18.451708
-40.548290 -18.455442
-40.543697 -18.454102
-40.542904 -18.459692
-40.536198 -18.462639
-40.535454 -18.466309
-40.526882 -18.468601
-40.523258 -18.473001
-40.523254 -18.480606
-40.514912 -18.481346
-40.517212 -18.486837
-40.528831 -18.485813
-40.534756 -18.490469
-40.550594 -18.493313
-40.562977 -18.486778
-40.593422 -18.490831
-40.619099 -18.498486
-40.620884 -18.505077
-40.633583 -18.509090
-40.638176 -18.516294
-40.650784 -18.516356
-40.652309 -18.513084
-40.658699 -18.510303
-40.668049 -18.512266
-40.673210 -18.508865
-40.678871 -18.512207
-40.692554 -18.503963
-40.699013 -18.506664
-40.710716 -18.491743
-40.714382 -18.481428
-40.721050 -18.477427
-40.723293 -18.468260
-40.730404 -18.465101
-40.751301 -18.468443
-40.757458 -18.493620
-40.769436 -18.485292
-40.789452 -18.480122
-40.791714 -18.482542
-40.788376 -18.492670
-40.804466 -18.494040
-40.813152 -18.497149
-40.819916 -18.498503
-40.830883 -18.500240
-40.842518 -18.497707
-40.842979 -18.493111
-40.847954 -18.493975
-40.846527 -18.482845
-40.854839 -18.458952
-40.848682 -18.455570
-40.848820 -18.450037
-40.853119 -18.447420
-40.848984 -18.434425
-40.862450 -18.433308
-40.872902 -18.428169
-40.877132 -18.432108
-40.897320 -18.433149
-40.904503 -18.426037
-40.924953 -18.439140
-40.929874 -18.432573
-40.926933 -18.429169
-40.935661 -18.422998
-40.934753 -18.419615
-40.924362 -18.416121
-40.927483 -18.406565
-40.933632 -18.396460
-40.942738 -18.405388
-40.950359 -18.401211
-40.951019 -18.395132
-40.943768 -18.392923
-40.944290 -18.389236
-40.951668 -18.385498
-40.959995 -18.383862
-40.966621 -18.391445
-40.983131 -18.392393
-40.976612 -18.398087
-40.985039 -18.411360
-40.998463 -18.392399
-41.005905 -18.395672
-41.009365 -18.380161
-41.023575 -18.391802
-41.026894 -18.386719
-41.034168 -18.388802
-41.040516 -18.383751
-41.036102 -18.380287
-41.039276 -18.373322
-41.032970 -18.365906
-41.041256 -18.361715
-41.052494 -18.343742
-41.057266 -18.348602
-41.056385 -18.353594
-41.062511 -18.352736
-41.068001 -18.356443
-41.068336 -18.364960
-41.078018 -18.373653
-41.086788 -18.374680
-41.087120 -18.384697
-41.095615 -18.389936
-41.100079 -18.400553
-41.100948 -18.402617
-41.110962 -18.401678
-41.115875 -18.408262
-41.122753 -18.408718
-41.133766 -18.402786
-41.142052 -18.401829
-41.144680 -18.406244
-41.145359 -18.407663
-41.153717 -18.413715
-41.156002 -18.414509
-41.166615 -18.415213
-41.180748 -18.435802
-41.181969 -18.439072
-41.175499 -18.443785
-41.088863 -18.451200
-41.063766 -18.453337
-41.022690 -18.457685
-41.020424 -18.461140
-41.019165 -18.463066
-41.016796 -18.470463
-41.026615 -18.528097
-41.029972 -18.547796
-41.030418 -18.549953
-41.041931 -18.605398
-41.033596 -18.607416
-41.032917 -18.618225
-41.039337 -18.619919
-41.044086 -18.626265
-41.053051 -18.628717
-41.050835 -18.634150
-41.041500 -18.639748
-41.044361 -18.648275
-41.033016 -18.644793
-41.030884 -18.645430
-41.029720 -18.646116
-41.032166 -18.652634
-41.020157 -18.654949
-41.005169 -18.667271
-40.994133 -18.671276
-40.988842 -18.673199
-40.987972 -18.677151
-40.951988 -18.680836
-40.943581 -18.687572
-40.940727 -18.728092
-40.940346 -18.735851
-40.938557 -18.772139
-40.926556 -18.788174
-40.928577 -18.792934
-40.921040 -18.799295
-40.918957 -18.804333
-40.916714 -18.815538
-40.927853 -18.819698
-40.931343 -18.823837
-40.937141 -18.830711
-40.945667 -18.825432
-40.951019 -18.834705
-40.963024 -18.836140
-40.963856 -18.841166
-41.025375 -18.837179
-41.049213 -18.836933
-41.083649 -18.836578
-41.097420 -18.842306
-41.110447 -18.838934
-41.119938 -18.817656
-41.119148 -18.810122
-41.129971 -18.807432
-41.134075 -18.796036
-41.148048 -18.796801
-41.160385 -18.797476
-41.167694 -18.797455
-41.232491 -18.797274
-41.245422 -18.821957
-41.237766 -18.834761
-41.243820 -18.843561
-41.239670 -18.846865
-41.242668 -18.853947
-41.242321 -18.854429
-41.239300 -18.858643
-41.236328 -18.856506
-41.230049 -18.858364
-41.214729 -18.877634
-41.209713 -18.874430
-41.212273 -18.868881
-41.208370 -18.855043
-41.199478 -18.862865
-41.193539 -18.863655
-41.188381 -18.863964
-41.171810 -18.859810
-41.166313 -18.858229
-41.159153 -18.864351
-41.155590 -18.876015
-41.152905 -18.886602
-41.148956 -18.885868
-41.144203 -18.884985
-41.131603 -18.894127
-41.131119 -18.894165
-41.126789 -18.894503
-41.119530 -18.903444
-41.120438 -18.908016
-41.114681 -18.912378
-41.118114 -18.921766
-41.112705 -18.922537
-41.109810 -18.928143
-41.103561 -18.930420
-41.103619 -18.934053
-41.079185 -18.938532
-41.078564 -18.947683
-41.068207 -18.942865
-41.066875 -18.943714
-41.066486 -18.945093
-41.064793 -18.951078
-41.061661 -18.966593
-41.051300 -18.966211
-41.050659 -18.974251
-41.045933 -18.975185
-41.041321 -18.979910
-41.038712 -18.980406
-41.035812 -18.980005
-41.029030 -18.974358
-41.017971 -18.973509
-41.017540 -18.977037
-41.022892 -18.982088
-41.026844 -18.985819
-41.051785 -19.001114
-41.066288 -19.006708
-41.065872 -19.016376
-41.071735 -19.023842
-41.063084 -19.039295
-41.065498 -19.051329
-41.060677 -19.056179
-41.053181 -19.059170
-41.053795 -19.068859
-41.035431 -19.071554
-41.025352 -19.079971
-41.019218 -19.075377
-41.012547 -19.075796
-41.014721 -19.090252
-41.004410 -19.083656
-41.008396 -19.098253
-41.003296 -19.099636
-40.998428 -19.099916
-40.984703 -19.100712
-40.982109 -19.109552
-40.973469 -19.115492
-40.969513 -19.122887
-40.962837 -19.121553
-40.955883 -19.130007
-40.961323 -19.142723
-40.960896 -19.144547
-40.960037 -19.144974
-40.948021 -19.141600
-40.944141 -19.144375
-40.948803 -19.153276
-40.942291 -19.161133
-40.940666 -19.167992
-40.941029 -19.180569
-40.938297 -19.183365
-40.934097 -19.180754
-40.932526 -19.186281
-40.926682 -19.189278
-40.929489 -19.197853
-40.922611 -19.204082
-40.928261 -19.211765
-40.930965 -19.222416
-40.934856 -19.222946
-40.941101 -19.232153
-40.940468 -19.235390
-40.932968 -19.242624
-40.938591 -19.249376
-40.928837 -19.250666
-40.920139 -19.251814
-40.917461 -19.256250
-40.919895 -19.271425
-40.934872 -19.271748
-40.944439 -19.279539
-40.938328 -19.286392
-40.928001 -19.286106
-40.932720 -19.296045
-40.931271 -19.299835
-40.924492 -19.302450
-40.915958 -19.300997
-40.912888 -19.302574
-40.907635 -19.308805
-40.914627 -19.318176
-40.920002 -19.319609
-40.921989 -19.328930
-40.928467 -19.329739
-40.938564 -19.347740
-40.939579 -19.358627
-40.928123 -19.367901
-40.931530 -19.373854
-40.928638 -19.381229
-40.957077 -19.398819
-40.962158 -19.408422
-40.960419 -19.419310
-40.967232 -19.426537
-40.967896 -19.427244
-40.967880 -19.428764
-40.958679 -19.439848
-40.957779 -19.449921
-40.944813 -19.460110
-40.951332 -19.465654
-40.949272 -19.473150
-40.953514 -19.473436
-40.971130 -19.494589
-40.972050 -19.503958
-40.972179 -19.505287
-41.009258 -19.507147
-41.028496 -19.498901
-41.045715 -19.487974
-41.049606 -19.503014
-41.041183 -19.515417
-41.041183 -19.517799
-41.044907 -19.538555
-41.038700 -19.552076
-41.036716 -19.565117
-41.036774 -19.568787
-41.056900 -19.578030
-41.056194 -19.584780
-41.071861 -19.584398
-41.073952 -19.598003
-41.077396 -19.598194
-41.079388 -19.597919
-41.090263 -19.596413
-41.092594 -19.601830
-41.099731 -19.604807
-41.108341 -19.638674
-41.114468 -19.641844
-41.122452 -19.640509
-41.123985 -19.641001
-41.129436 -19.642735
-41.138569 -19.658718
-41.148907 -19.663841
-41.159824 -19.662397
-41.168415 -19.672216
-41.173744 -19.687767
-41.171631 -19.692905
-41.177670 -19.703285
-41.174248 -19.715630
-41.178970 -19.720011
-41.181957 -19.732166
-41.179451 -19.740089
-41.190742 -19.746874
-41.187744 -19.757977
-41.174843 -19.767052
-41.171635 -19.778330
-41.173248 -19.783855
-41.173454 -19.784569
-41.165890 -19.792459
-41.166119 -19.809902
-41.175392 -19.825697
-41.186237 -19.827662
-41.175640 -19.839344
-41.179089 -19.847015
-41.183949 -19.848818
-41.184826 -19.888954
-41.187988 -19.891172
-41.204998 -19.903103
-41.211227 -19.900995
-41.228321 -19.905615
-41.232525 -19.918982
-41.244118 -19.936878
-41.248867 -19.937941
-41.254555 -19.932138
-41.272045 -19.942112
-41.300316 -19.938362
-41.307861 -19.948332
-41.311638 -19.971762
-41.319843 -19.978622
-41.313931 -19.989716
-41.308739 -19.997061
-41.308037 -20.013012
-41.317200 -20.026960
-41.318474 -20.041506
-41.319904 -20.044252
-41.324127 -20.052355
-41.333500 -20.058832
-41.331833 -20.063211
-41.335556 -20.065462
-41.337475 -20.086973
-41.345161 -20.088978
-41.346252 -20.103462
-41.350830 -20.119152
-41.347466 -20.123899
-41.356464 -20.133461
-41.355759 -20.139090
-41.361835 -20.142071
-41.367779 -20.156843
-41.375877 -20.161942
-41.374039 -20.168152
-41.382057 -20.188807
-41.401611 -20.199224
-41.409039 -20.197693
-41.412834 -20.202238
-41.411644 -20.206675
-41.451557 -20.207277
-41.665886 -20.206690
-41.756702 -20.206860
-41.757030 -20.213888
-41.759834 -20.213352
-41.765724 -20.223904
-41.763977 -20.227821
-41.767056 -20.229252
-41.769699 -20.255091
-41.774670 -20.260033
-41.775482 -20.260841
-41.780449 -20.281981
-41.776966 -20.285578
-41.780975 -20.292538
-41.797398 -20.296490
-41.803032 -20.299198
-41.806892 -20.307484
-41.823025 -20.311836
-41.825607 -20.319870
-41.834240 -20.325724
-41.836281 -20.330067
-41.841801 -20.326550
-41.847088 -20.329479
-41.844345 -20.340923
-41.852592 -20.348150
-41.852451 -20.356775
-41.858727 -20.372965
-41.848682 -20.374744
-41.845146 -20.381243
-41.835022 -20.409824
-41.803326 -20.422384
-41.803463 -20.429651
-41.798183 -20.435015
-41.802761 -20.442879
-41.799534 -20.477591
-41.807613 -20.494486
-41.809315 -20.511658
-41.812145 -20.519133
-41.804245 -20.538395
-41.804878 -20.544689
-41.808254 -20.550541
-41.817936 -20.553143
-41.827576 -20.556986
-41.830269 -20.561838
-41.840744 -20.586494
-41.841248 -20.600435
-41.845688 -20.606756
-41.853092 -20.607552
-41.856094 -20.614494
-41.852875 -20.618670
-41.851891 -20.619949
-41.846706 -20.621927
-41.829056 -20.624783
-41.817360 -20.624531
-41.821144 -20.637125
-41.814682 -20.640631
-41.811401 -20.637545
-41.808739 -20.644234
-41.816368 -20.647041
-41.813179 -20.653255
-41.819427 -20.657803
-41.827591 -20.656403
-41.824104 -20.663031
-41.833233 -20.670837
-41.839314 -20.683439
-41.847916 -20.686543
-41.850906 -20.695059
-41.854561 -20.705456
-41.861000 -20.706741
-41.862240 -20.711487
-41.856407 -20.714705
-41.861240 -20.722601
-41.865303 -20.722008
-41.861179 -20.730482
-41.856503 -20.747679
-41.859505 -20.748732
-41.863461 -20.741936
-41.874256 -20.744663
-41.878006 -20.754847
-41.878914 -20.760759
-41.876789 -20.763844
-41.874859 -20.766815
-41.873413 -20.770931
-41.879021 -20.774101
-41.878750 -20.778717
-41.885509 -20.785286
-41.896645 -20.789509
-41.901150 -20.796242
-41.906258 -20.797235
-41.915997 -20.792789
-41.928082 -20.794991
-41.925289 -20.801577
-41.935341 -20.828560
-41.926121 -20.838081
-41.929619 -20.844961
-41.931686 -20.848310
-41.935593 -20.854643
-41.949734 -20.857956
-41.954674 -20.865505
-41.950279 -20.874401
-41.960365 -20.882828
-41.965141 -20.892864
-41.967407 -20.899900
-41.964039 -20.906507
-41.967281 -20.916836
-41.972816 -20.916113
-41.979591 -20.922358
-41.976612 -20.935501
-41.998623 -20.926468
-42.004539 -20.932032
-42.023315 -20.925474
-42.027725 -20.928129
-42.038483 -20.927450
-42.046131 -20.933247
-42.065693 -20.938635
-42.087391 -20.939144
-42.093529 -20.936205
-42.109371 -20.947966
-42.115177 -20.950232
-42.115540 -20.959223
-42.121815 -20.959736
-42.125431 -20.955839
-42.138351 -20.960554
-42.151623 -20.974380
-42.150543 -20.980618
-42.141525 -20.987097
-42.141186 -20.993151
-42.126446 -21.003584
-42.116959 -21.002584
-42.115730 -21.009914
-42.109226 -21.014627
-42.102646 -21.014463
-42.084862 -21.022881
-42.081913 -21.030039
-42.080311 -21.033939
-42.080418 -21.035688
-42.093693 -21.037252
-42.101063 -21.034456
-42.098904 -21.039564
-42.102833 -21.045820
-42.101292 -21.049765
-42.119698 -21.069382
-42.119621 -21.072424
-42.120304 -21.074949
-42.120586 -21.076008
-42.133118 -21.081074
-42.135971 -21.094410
-42.138557 -21.099873
-42.140232 -21.102882
-42.140308 -21.103018
-42.164314 -21.101452
-42.170609 -21.114605
-42.170597 -21.128635
-42.175739 -21.132692
-42.179356 -21.140972
-42.190762 -21.147808
-42.195805 -21.160048
-42.194035 -21.164070
-42.198795 -21.167599
-42.199677 -21.173643
-42.208443 -21.178209
-42.195171 -21.201912
-42.201839 -21.209635
-42.202892 -21.221684
-42.197277 -21.226337
-42.191353 -21.224257
-42.188728 -21.230045
-42.194675 -21.239559
-42.189644 -21.249899
-42.193638 -21.253578
-42.203999 -21.261742
-42.212471 -21.272068
-42.221405 -21.275574
-42.223343 -21.277451
-42.226727 -21.280727
-42.228931 -21.284428
-42.229790 -21.308455
-42.238174 -21.318684
-42.236637 -21.325178
-42.228867 -21.328737
-42.224068 -21.337990
-42.236168 -21.343737
-42.229328 -21.351137
-42.232559 -21.354153
-42.229813 -21.366568
-42.241783 -21.373152
-42.240925 -21.377930
-42.252388 -21.386511
-42.250118 -21.390034
-42.237888 -21.392956
-42.239090 -21.401827
-42.246109 -21.405582
-42.260761 -21.410082
-42.267548 -21.400175
-42.279011 -21.410572
-42.275581 -21.428457
-42.280857 -21.432632
-42.279610 -21.435398
-42.285999 -21.442329
-42.284264 -21.446444
-42.292564 -21.460035
-42.268562 -21.468866
-42.271351 -21.475670
-42.252682 -21.489832
-42.252930 -21.493694
-42.259945 -21.496382
-42.273708 -21.504169
-42.283295 -21.523096
-42.284363 -21.525209
-42.286102 -21.527670
-42.297062 -21.524548
-42.306286 -21.529535
-42.302876 -21.539503
-42.310532 -21.547094
-42.310394 -21.551908
-42.311291 -21.552769
-42.331093 -21.560612
-42.327343 -21.562687
-42.325897 -21.570023
-42.346188 -21.582985
-42.353088 -21.592066
-42.368286 -21.618107
-42.368938 -21.619612
-42.367050 -21.622023
-42.365074 -21.624006
-42.359257 -21.621431
-42.355671 -21.625854
-42.369133 -21.639637
-42.365406 -21.645748
-42.364964 -21.646296
-42.355446 -21.647484
-42.347115 -21.643175
-42.342934 -21.655783
-42.340874 -21.660671
-42.338146 -21.661892
-42.331814 -21.661701
-42.324635 -21.656567
-42.320370 -21.660740
-42.316402 -21.655453
-42.309200 -21.659246
-42.301739 -21.655310
-42.290649 -21.664400
-42.283016 -21.670658
-42.287064 -21.672722
-42.283314 -21.680944
-42.275234 -21.676912
-42.270592 -21.681692
-42.267262 -21.695099
-42.271744 -21.702465
-42.271935 -21.703543
-42.266563 -21.708353
-42.271732 -21.714558
-42.270374 -21.714451
-42.271145 -21.715683
-42.307159 -21.729521
-42.312065 -21.735807
-42.335777 -21.746248
-42.356487 -21.741892
-42.376728 -21.748501
-42.382736 -21.752907
-42.391083 -21.760162
-42.460606 -21.785454
-42.464172 -21.787046
-42.534668 -21.818487
-42.582340 -21.837725
-42.580956 -21.846216
-42.597370 -21.853729
-42.605190 -21.855076
-42.608494 -21.852186
-42.620987 -21.859407
-42.646927 -21.867210
-42.668816 -21.875263
-42.678532 -21.878838
-42.719372 -21.897038
-42.755955 -21.915455
-42.767746 -21.920544
-42.791676 -21.930872
-42.846226 -21.948446
-42.882458 -21.960110
-42.882732 -21.967140
-42.909031 -21.990490
-42.947044 -22.005911
-42.959484 -22.014923
-42.959667 -22.014923
-42.966366 -22.014921
-42.993210 -22.035603
-43.003746 -22.033173
-43.004681 -22.032959
-43.025574 -22.040249
-43.038486 -22.046177
-43.038532 -22.047049
-43.038853 -22.052980
-43.032547 -22.060230
-43.033108 -22.065893
-43.053108 -22.082535
-43.074078 -22.093340
-43.077965 -22.084108
-43.089439 -22.087942
-43.106697 -22.084036
-43.122498 -22.091085
-43.127544 -22.104906
-43.136490 -22.109667
-43.144966 -22.100548
-43.154068 -22.077974
-43.150520 -22.071632
-43.134033 -22.059002
-43.128242 -22.046650
-43.128311 -22.045403
-43.130054 -22.035526
-43.131031 -22.029976
-43.144104 -22.033724
-43.147522 -22.031115
-43.155079 -22.032425
-43.163342 -22.028515
-43.164661 -22.022936
-43.169495 -22.022200
-43.201988 -22.037104
-43.204693 -22.035263
-43.202980 -22.025520
-43.213291 -22.030378
-43.222370 -22.031586
-43.227711 -22.027925
-43.233570 -22.023903
-43.236694 -22.022867
-43.236568 -22.013248
-43.246498 -22.007029
-43.254745 -22.011988
-43.262360 -22.008530
-43.269188 -22.012297
-43.280468 -22.011036
-43.300941 -22.019634
-43.316856 -22.016037
-43.321751 -22.006742
-43.330830 -22.010899
-43.339329 -22.010559
-43.346798 -22.004055
-43.347073 -22.003817
-43.352047 -22.008753
-43.365860 -22.011612
-43.368526 -22.020498
-43.388134 -22.033381
-43.419220 -22.053797
-43.428135 -22.054688
-43.437145 -22.059408
-43.462418 -22.072645
-43.475887 -22.069763
-43.489738 -22.073627
-43.492138 -22.073748
-43.507477 -22.074503
-43.505703 -22.066584
-43.513557 -22.059322
-43.519783 -22.061865
-43.525688 -22.072056
-43.555851 -22.082047
-43.562550 -22.087793
-43.566891 -22.087727
-43.569397 -22.078886
-43.569698 -22.077818
-43.574696 -22.077820
-43.584484 -22.070526
-43.586033 -22.052025
-43.591778 -22.056707
-43.595898 -22.060066
-43.599613 -22.059004
-43.603672 -22.072124
-43.611057 -22.071602
-43.612309 -22.081818
-43.615780 -22.082859
-43.619453 -22.083591
-43.621033 -22.075502
-43.628277 -22.076546
-43.638222 -22.068422
-43.644333 -22.066307
-43.652527 -22.067108
-43.656395 -22.073339
-43.665558 -22.074451
-43.668510 -22.085663
-43.673599 -22.089567
-43.681866 -22.071613
-43.691803 -22.070906
-43.700195 -22.077900
-43.708679 -22.077057
-43.709835 -22.081560
-43.719891 -22.081203
-43.733952 -22.096596
-43.739647 -22.095406
-43.741146 -22.094860
-43.746891 -22.092772
-43.746338 -22.088236
-43.760460 -22.081005
-43.756176 -22.076977
-43.763817 -22.073257
-43.765945 -22.062916
-43.768723 -22.067558
-43.777390 -22.066774
-43.800217 -22.082495
-43.810280 -22.082287
-43.812805 -22.083393
-43.811050 -22.086018
-43.816715 -22.086514
-43.827557 -22.091345
-43.843346 -22.098955
-43.857613 -22.095140
-43.862286 -22.099533
-43.870693 -22.099977
-43.871384 -22.103926
-43.879894 -22.100792
-43.880558 -22.113642
-43.892754 -22.114456
-43.897625 -22.118603
-43.940742 -22.132147
-43.953243 -22.141468
-43.961010 -22.140570
-43.962250 -22.140423
-43.978760 -22.146654
-43.977116 -22.149643
-43.988281 -22.150171
-43.993259 -22.158331
-43.997978 -22.156038
-44.005005 -22.162374
-44.023891 -22.151375
-44.038231 -22.154354
-44.040955 -22.160593
-44.066341 -22.162094
-44.072525 -22.164957
-44.076817 -22.175406
-44.084671 -22.175852
-44.087387 -22.183594
-44.090145 -22.175816
-44.100033 -22.173302
-44.104858 -22.177803
-44.105034 -22.184572
-44.117840 -22.190111
-44.119255 -22.187275
-44.123062 -22.188263
-44.121250 -22.195332
-44.125256 -22.200512
-44.121471 -22.209114
-44.126366 -22.208799
-44.127419 -22.212032
-44.133564 -22.210098
-44.141037 -22.220257
-44.149143 -22.213659
-44.153622 -22.226946
-44.158592 -22.225283
-44.164093 -22.232533
-44.166981 -22.232224
-44.166817 -22.227570
-44.173531 -22.230453
-44.180206 -22.228056
-44.180977 -22.233124
-44.189484 -22.240709
-44.201649 -22.251558
-44.203808 -22.248833
-44.208481 -22.251053
-44.213280 -22.246258
-44.224392 -22.252985
-44.224339 -22.259317
-44.235428 -22.266197
-44.239094 -22.262932
-44.246677 -22.266998
-44.250751 -22.260687
-44.260242 -22.268360
-44.264591 -22.244888
-44.267258 -22.248323
-44.268753 -22.244812
-44.276340 -22.243172
-44.284466 -22.243553
-44.289398 -22.247454
-44.291458 -22.243052
-44.301735 -22.253542
-44.314686 -22.254492
-44.321953 -22.261152
-44.324680 -22.254408
-44.337193 -22.258671
-44.341118 -22.253819
-44.352287 -22.257746
-44.360901 -22.253090
-44.375622 -22.262074
-44.377369 -22.268023
-44.384022 -22.267521
-44.387535 -22.272495
-44.391083 -22.268314
-44.394749 -22.258898
-44.414402 -22.254145
-44.423843 -22.255655
-44.432663 -22.251625
-44.438370 -22.258310
-44.440403 -22.254808
-44.444695 -22.257961
-44.446625 -22.255632
-44.456398 -22.257240
-44.462570 -22.266689
-44.459084 -22.270489
-44.463245 -22.275009
-44.461094 -22.280355
-44.467957 -22.279594
-44.494377 -22.300966
-44.498352 -22.303455
-44.513622 -22.308992
-44.517715 -22.316315
-44.530510 -22.323902
-44.533161 -22.330425
-44.543465 -22.331753
-44.545815 -22.323647
-44.564297 -22.332373
-44.571621 -22.324144
-44.580990 -22.327770
-44.587681 -22.321615
-44.600647 -22.325087
-44.617222 -22.331770
-44.626122 -22.336090
-44.628296 -22.345970
-44.642853 -22.353739
-44.646210 -22.365133
-44.658821 -22.374735
-44.660347 -22.379559
-44.666435 -22.373184
-44.678711 -22.374210
-44.691578 -22.370089
-44.705482 -22.373302
-44.723930 -22.359945
-44.730846 -22.361614
-44.744400 -22.376188
-44.761986 -22.376245
-44.775951 -22.384287
-44.780434 -22.382763
-44.787537 -22.388083
-44.793667 -22.387081
-44.803967 -22.393818
-44.809181 -22.405264
-44.807941 -22.414057
-44.824139 -22.419397
-44.833298 -22.430870
-44.844597 -22.427773
-44.854366 -22.427990
-44.859783 -22.423058
-44.871433 -22.424250
-44.875237 -22.428556
-44.889679 -22.432116
-44.898930 -22.452820
-44.908207 -22.452148
-44.910984 -22.453529
-44.935120 -22.453112
-44.936134 -22.453018
-44.940018 -22.452660
-44.958912 -22.465897
-44.965820 -22.475182
-44.991764 -22.466164
-45.000965 -22.468479
-45.009777 -22.466370
-45.027092 -22.470217
-45.025097 -22.464861
-45.028351 -22.463186
-45.040493 -22.469263
-45.060635 -22.472546
-45.082569 -22.486341
-45.091068 -22.483089
-45.103325 -22.488731
-45.111588 -22.492537
-45.121620 -22.495260
-45.128407 -22.497101
-45.143761 -22.506630
-45.150082 -22.507326
-45.159958 -22.516909
-45.166214 -22.529484
-45.165863 -22.531166
-45.164463 -22.537922
-45.177994 -22.549870
-45.203686 -22.557289
-45.212299 -22.562862
-45.223045 -22.563623
-45.227139 -22.567568
-45.259819 -22.582861
-45.257076 -22.590290
-45.264164 -22.604565
-45.261383 -22.607126
-45.266125 -22.610498
-45.271252 -22.614143
-45.274551 -22.616182
-45.293758 -22.613667
-45.332909 -22.617630
-45.335743 -22.622744
-45.348896 -22.626503
-45.360905 -22.638754
-45.370544 -22.637306
-45.395283 -22.651915
-45.398926 -22.653259
-45.399940 -22.653122
-45.410442 -22.651665
-45.408745 -22.633480
-45.413048 -22.628485
-45.412876 -22.622206
-45.420834 -22.620836
-45.435501 -22.618320
-45.437439 -22.611734
-45.447998 -22.604607
-45.451759 -22.606260
-45.471737 -22.590515
-45.477303 -22.589970
-45.481232 -22.591187
-45.476124 -22.596382
-45.474941 -22.599016
-45.475430 -22.600985
-45.488747 -22.628775
-45.500362 -22.626087
-45.524879 -22.646866
-45.532993 -22.646746
-45.539856 -22.652571
-45.550056 -22.652470
-45.573467 -22.656961
-45.580391 -22.652700
-45.584320 -22.651682
-45.581944 -22.644661
-45.577274 -22.640518
-45.572777 -22.641212
-45.555305 -22.626432
-45.563606 -22.612740
-45.572666 -22.609304
-45.576664 -22.602343
-45.587902 -22.610382
-45.584724 -22.615499
-45.589939 -22.619047
-45.605026 -22.620424
-45.618076 -22.637905
-45.647640 -22.648224
-45.664955 -22.650648
-45.669720 -22.648588
-45.681026 -22.636328
-45.674366 -22.630688
-45.675488 -22.626192
-45.666054 -22.612686
-45.668079 -22.609638
-45.664276 -22.600100
-45.658813 -22.598103
-45.663021 -22.586689
-45.660843 -22.578974
-45.662258 -22.577431
-45.674614 -22.574583
-45.679691 -22.573414
-45.697189 -22.586376
-45.716862 -22.578590
-45.717140 -22.582092
-45.724682 -22.586502
-45.726990 -22.589092
-45.727539 -22.594318
-45.734547 -22.597441
-45.737385 -22.608559
-45.729748 -22.613226
-45.729076 -22.618395
-45.729012 -22.618891
-45.717525 -22.620989
-45.708664 -22.639460
-45.699612 -22.642422
-45.697918 -22.649754
-45.693943 -22.651699
-45.713196 -22.660624
-45.716675 -22.661806
-45.732178 -22.656828
-45.742756 -22.659157
-45.747318 -22.664055
-45.750015 -22.670141
-45.755440 -22.671066
-45.761024 -22.677235
-45.778828 -22.683558
-45.787804 -22.693346
-45.811596 -22.698744
-45.819820 -22.722549
-45.819439 -22.723150
-45.805779 -22.736961
-45.796772 -22.738773
-45.781982 -22.731779
-45.780033 -22.731878
-45.757053 -22.721327
-45.751717 -22.721470
-45.728226 -22.723660
-45.727882 -22.724030
-45.729927 -22.727234
-45.718529 -22.746048
-45.717697 -22.755182
-45.713348 -22.757048
-45.712467 -22.769054
-45.716747 -22.779970
-45.722443 -22.779451
-45.729176 -22.787306
-45.729893 -22.794691
-45.729927 -22.798903
-45.722187 -22.802982
-45.720234 -22.808266
-45.714211 -22.809153
-45.713531 -22.814775
-45.722721 -22.816311
-45.728729 -22.810183
-45.741646 -22.807909
-45.742851 -22.795336
-45.754864 -22.792906
-45.758968 -22.801022
-45.770893 -22.805918
-45.767551 -22.836489
-45.766911 -22.842337
-45.775623 -22.849874
-45.788574 -22.857319
-45.791222 -22.858128
-45.799606 -22.848759
-45.802788 -22.833845
-45.809750 -22.829376
-45.815708 -22.834076
-45.823330 -22.829876
-45.829453 -22.834879
-45.838924 -22.832979
-45.848072 -22.837822
-45.850376 -22.847164
-45.857227 -22.851170
-45.857529 -22.860697
-45.863808 -22.868710
-45.870541 -22.871712
-45.878799 -22.875389
-45.888863 -22.875807
-45.889507 -22.861122
-45.889908 -22.858650
-45.894047 -22.857103
-45.890965 -22.844662
-45.893955 -22.839190
-45.905621 -22.834082
-45.907997 -22.830553
-45.904278 -22.819267
-45.909828 -22.817276
-45.922531 -22.824045
-45.924938 -22.832125
-45.937416 -22.845264
-45.950363 -22.845886
-45.955082 -22.851551
-45.960140 -22.857626
-45.964783 -22.855562
-45.977108 -22.865599
-45.992302 -22.869583
-45.992104 -22.877497
-46.001602 -22.879778
-46.008389 -22.889215
-46.027279 -22.884661
-46.051220 -22.896317
-46.075340 -22.890953
-46.095165 -22.894421
-46.108616 -22.905453
-46.123558 -22.909534
-46.139034 -22.922747
-46.153946 -22.912422
-46.147659 -22.907841
-46.136833 -22.890532
-46.142056 -22.880945
-46.143833 -22.860485
-46.144588 -22.858292
-46.155281 -22.864164
-46.185448 -22.869183
-46.192142 -22.865219
-46.199776 -22.870937
-46.234089 -22.881813
-46.238117 -22.894148
-46.246716 -22.890120
-46.258476 -22.890566
-46.262581 -22.878456
-46.266811 -22.875679
-46.278973 -22.878338
-46.292850 -22.895226
-46.295399 -22.897593
-46.315563 -22.887289
-46.317192 -22.887596
-46.335979 -22.895969
-46.345173 -22.904673
-46.359577 -22.896126
-46.372913 -22.879442
-46.378139 -22.878485
-46.375446 -22.871000
-46.384136 -22.869955
-46.380787 -22.864037
-46.372551 -22.859833
-46.374287 -22.843893
-46.370644 -22.835060
-46.376759 -22.827822
-46.374020 -22.818333
-46.373867 -22.817799
-46.361641 -22.788933
-46.352280 -22.785112
-46.348000 -22.777651
-46.343388 -22.777231
-46.341591 -22.769333
-46.332527 -22.766085
-46.335163 -22.760187
-46.354836 -22.757084
-46.360405 -22.761312
-46.373081 -22.746672
-46.381470 -22.744015
-46.385750 -22.740297
-46.392689 -22.743486
-46.406551 -22.740738
-46.421261 -22.732597
-46.426762 -22.735828
-46.436695 -22.731928
-46.439400 -22.726717
-46.452679 -22.727543
-46.458130 -22.707232
-46.468586 -22.701302
-46.472713 -22.705194
-46.474506 -22.703341
-46.477879 -22.699389
-46.470322 -22.694241
-46.470951 -22.693001
-46.478516 -22.685879
-46.480583 -22.678307
-46.469673 -22.673445
-46.461254 -22.676001
-46.455109 -22.671097
-46.440117 -22.668139
-46.427593 -22.661322
-46.418911 -22.664169
-46.413364 -22.659840
-46.408928 -22.661425
-46.405785 -22.663006
-46.408321 -22.669296
-46.405811 -22.672550
-46.393005 -22.662966
-46.392311 -22.653137
-46.396263 -22.645971
-46.405994 -22.640568
-46.420612 -22.638031
-46.424564 -22.633583
-46.422951 -22.624838
-46.404705 -22.620884
-46.422974 -22.598612
-46.412590 -22.585691
-46.428646 -22.583920
-46.433701 -22.573866
-46.411362 -22.554304
-46.407089 -22.540533
-46.411640 -22.536694
-46.417892 -22.547449
-46.426250 -22.547564
-46.439316 -22.540588
-46.439468 -22.534731
-46.449142 -22.530825
-46.453503 -22.522350
-46.454456 -22.522388
-46.464886 -22.522755
-46.466805 -22.518522
-46.484512 -22.519238
-46.491123 -22.510380
-46.505230 -22.517038
-46.506935 -22.506947
-46.542091 -22.494347
-46.536007 -22.487753
-46.530613 -22.470840
-46.542900 -22.467752
-46.549839 -22.469446
-46.551502 -22.459974
-46.548756 -22.455145
-46.554760 -22.446644
-46.564777 -22.447378
-46.572598 -22.453133
-46.573734 -22.445511
-46.581856 -22.441156
-46.591679 -22.438105
-46.603394 -22.443073
-46.611870 -22.435434
-46.616566 -22.438658
-46.631542 -22.435816
-46.639996 -22.425686
-46.647026 -22.428698
-46.650658 -22.423521
-46.666504 -22.414385
-46.668163 -22.407789
-46.663364 -22.391537
-46.666252 -22.380981
-46.662125 -22.365793
-46.675507 -22.369202
-46.677471 -22.365477
-46.682411 -22.357962
-46.686977 -22.357286
-46.687561 -22.349403
-46.690678 -22.346743
-46.694397 -22.348469
-46.693588 -22.343472
-46.697567 -22.343204
-46.695335 -22.335207
-46.698895 -22.332327
-46.701145 -22.321482
-46.710766 -22.319323
-46.710930 -22.312782
-46.717899 -22.316935
-46.723209 -22.306614
-46.715561 -22.306459
-46.705387 -22.295874
-46.710476 -22.284971
-46.702282 -22.277870
-46.710567 -22.269917
-46.710838 -22.263939
-46.703503 -22.255243
-46.693985 -22.246660
-46.688519 -22.248644
-46.693069 -22.237614
-46.678127 -22.223984
-46.679928 -22.216879
-46.675510 -22.216949
-46.680054 -22.216385
-46.670738 -22.184240
-46.673603 -22.176113
-46.668964 -22.174728
-46.662373 -22.180243
-46.650623 -22.177595
-46.645889 -22.180397
-46.644783 -22.177387
-46.640175 -22.157652
-46.612988 -22.150246
-46.601257 -22.139038
-46.600464 -22.134739
-46.602406 -22.133127
-46.616074 -22.130613
-46.623238 -22.109816
-46.634285 -22.107658
-46.645412 -22.094774
-46.651501 -22.091301
-46.670872 -22.097334
-46.680458 -22.091131
-46.687618 -22.094358
-46.693470 -22.090887
-46.700417 -22.095167
-46.710312 -22.092695
-46.716202 -22.089897
-46.720169 -22.082600
-46.722675 -22.076014
-46.720459 -22.074940
-46.713303 -22.074808
-46.706051 -22.078955
-46.696198 -22.072927
-46.683891 -22.073889
-46.664764 -22.068893
-46.658264 -22.060301
-46.676342 -22.055365
-46.685356 -22.037348
-46.681919 -22.028599
-46.677010 -22.023994
-46.674515 -22.022327
-46.662151 -22.023689
-46.654591 -22.017323
-46.650764 -22.011747
-46.652084 -22.010651
-46.651123 -22.010212
-46.648319 -22.009863
-46.640293 -22.008877
-46.620079 -22.016634
-46.617119 -22.017075
-46.614616 -22.015194
-46.613422 -22.009600
-46.614151 -22.001871
-46.618191 -21.994932
-46.623848 -21.992533
-46.630947 -21.981169
-46.637405 -21.980797
-46.643814 -21.974949
-46.653759 -21.953333
-46.653587 -21.941704
-46.667248 -21.932547
-46.664963 -21.920580
-46.672417 -21.909149
-46.667465 -21.902073
-46.664608 -21.899035
-46.653122 -21.895914
-46.647488 -21.880453
-46.657104 -21.877266
-46.657295 -21.869307
-46.665646 -21.851326
-46.666706 -21.849049
-46.677155 -21.850071
-46.680496 -21.846304
-46.690907 -21.836941
-46.680653 -21.823349
-46.670769 -21.816479
-46.667587 -21.806868
-46.651222 -21.789513
-46.653942 -21.779230
-46.645580 -21.775576
-46.639393 -21.768469
-46.630066 -21.768814
-46.625980 -21.766199
-46.630791 -21.740892
-46.625534 -21.734089
-46.628418 -21.729607
-46.622395 -21.715532
-46.629696 -21.702965
-46.629520 -21.700422
-46.628899 -21.696541
-46.628830 -21.696093
-46.623814 -21.693123
-46.621540 -21.675531
-46.623680 -21.661930
-46.605846 -21.649881
-46.640896 -21.602266
-46.652523 -21.602564
-46.662174 -21.609137
-46.669537 -21.607679
-46.680393 -21.612150
-46.694786 -21.611423
-46.698498 -21.604176
-46.707870 -21.601963
-46.720745 -21.606533
-46.722397 -21.598385
-46.716507 -21.592688
-46.710236 -21.572987
-46.711414 -21.573036
-46.720562 -21.569096
-46.725842 -21.576195
-46.736176 -21.579445
-46.744816 -21.586643
-46.748207 -21.577406
-46.755844 -21.576435
-46.759342 -21.571791
-46.760368 -21.550463
-46.763035 -21.547195
-46.740795 -21.528654
-46.720310 -21.519569
-46.711197 -21.509295
-46.701199 -21.505146
-46.698349 -21.498487
-46.719299 -21.480728
-46.722477 -21.472399
-46.706940 -21.444334
-46.700455 -21.445597
-46.677032 -21.434258
-46.662479 -21.439672
-46.657337 -21.437080
-46.651340 -21.438982
-46.631565 -21.427273
-46.616009 -21.429482
-46.620495 -21.425728
-46.618378 -21.421171
-46.626518 -21.411474
-46.637287 -21.410681
-46.638741 -21.401981
-46.647499 -21.392950
-46.647976 -21.385435
-46.647362 -21.379944
-46.644928 -21.372566
-46.647129 -21.364246
-46.659573 -21.363750
-46.665646 -21.361641
-46.673870 -21.374487
-46.683357 -21.376253
-46.692154 -21.382740
-46.693840 -21.390553
-46.705906 -21.404837
-46.714657 -21.392662
-46.720394 -21.389633
-46.724590 -21.391680
-46.736912 -21.392492
-46.755486 -21.380251
-46.762074 -21.374987
-46.758579 -21.364397
-46.764648 -21.360056
-46.776344 -21.362820
-46.781235 -21.370750
-46.786148 -21.368923
-46.791706 -21.373676
-46.818748 -21.366400
-46.820938 -21.366348
-46.832710 -21.367800
-46.834446 -21.369310
-46.835815 -21.373512
-46.835182 -21.382511
-46.842064 -21.389109
-46.855728 -21.389715
-46.858204 -21.394039
-46.865311 -21.395557
-46.868069 -21.403717
-46.884228 -21.406559
-46.884628 -21.406960
-46.893253 -21.415609
-46.900242 -21.413181
-46.908367 -21.421173
-46.916817 -21.420919
-46.920719 -21.427122
-46.925400 -21.422628
-46.934082 -21.425213
-46.949051 -21.419586
-46.956608 -21.424734
-46.962891 -21.419563
-46.970371 -21.422285
-46.974293 -21.417843
-46.976540 -21.423294
-46.984314 -21.426682
-46.986816 -21.421633
-46.992599 -21.425179
-46.999645 -21.421021
-47.011181 -21.422289
-47.012779 -21.416370
-47.007660 -21.410666
-47.009563 -21.406452
-47.015259 -21.396080
-47.008671 -21.392866
-47.004551 -21.383614
-47.009483 -21.370743
-47.000275 -21.361280
-46.996838 -21.357403
-46.998001 -21.350828
-47.012745 -21.343639
-47.017853 -21.340435
-47.023651 -21.328497
-47.020943 -21.321646
-47.030491 -21.311728
-47.035122 -21.311020
-47.029865 -21.299809
-47.042316 -21.289948
-47.039486 -21.280924
-47.044807 -21.265934
-47.051273 -21.257229
-47.051876 -21.250477
-47.052223 -21.246603
-47.063049 -21.239311
-47.076038 -21.240141
-47.077312 -21.239775
-47.078835 -21.230574
-47.072266 -21.225824
-47.067928 -21.214352
-47.062702 -21.209976
-47.065517 -21.207491
-47.086521 -21.207264
-47.087643 -21.207689
-47.095596 -21.209667
-47.098652 -21.213486
-47.103539 -21.199862
-47.118736 -21.185768
-47.118511 -21.175325
-47.123596 -21.167892
-47.117252 -21.153690
-47.133450 -21.133455
-47.126179 -21.125341
-47.122433 -21.115074
-47.120377 -21.111980
-47.112736 -21.108635
-47.113098 -21.104914
-47.128071 -21.099211
-47.136990 -21.088005
-47.142231 -21.088223
-47.139046 -21.069275
-47.146046 -21.059044
-47.147957 -21.036074
-47.148262 -21.035486
-47.156921 -21.018955
-47.151070 -21.010305
-47.150593 -20.997404
-47.143669 -20.982378
-47.149525 -20.969961
-47.164474 -20.966043
-47.170975 -20.956013
-47.181927 -20.953640
-47.192513 -20.942045
-47.189983 -20.928211
-47.210407 -20.924131
-47.224518 -20.911606
-47.239990 -20.885275
-47.226940 -20.855625
-47.214970 -20.825788
-47.224697 -20.800119
-47.213802 -20.792294
-47.207016 -20.775524
-47.195240 -20.774958
-47.188763 -20.770618
-47.182255 -20.741350
-47.175125 -20.739250
-47.186203 -20.731129
-47.169456 -20.717691
-47.173069 -20.711910
-47.165756 -20.701847
-47.164753 -20.701571
-47.149059 -20.707592
-47.118698 -20.707237
-47.114906 -20.705795
-47.112740 -20.696644
-47.101154 -20.683105
-47.102386 -20.670141
-47.096458 -20.659063
-47.096016 -20.654692
-47.096416 -20.649794
-47.097324 -20.644333
-47.112606 -20.637991
-47.108841 -20.621506
-47.111744 -20.618572
-47.124512 -20.609280
-47.125229 -20.607288
-47.125370 -20.604153
-47.122730 -20.594730
-47.125950 -20.590462
-47.132351 -20.590750
-47.142437 -20.565947
-47.137604 -20.561111
-47.142357 -20.545544
-47.145935 -20.533827
-47.147579 -20.530357
-47.154320 -20.519724
-47.184738 -20.513699
-47.199570 -20.503616
-47.211430 -20.502295
-47.229546 -20.486897
-47.250542 -20.476740
-47.253551 -20.477953
-47.259430 -20.468922
-47.269844 -20.466505
-47.291729 -20.449305
-47.286430 -20.442448
-47.287235 -20.435143
-47.294235 -20.431849
-47.292854 -20.428200
-47.295307 -20.426672
-47.288712 -20.421549
-47.293427 -20.418018
-47.288185 -20.415854
-47.289528 -20.409801
-47.285778 -20.405300
-47.290497 -20.399851
-47.287182 -20.387917
-47.293709 -20.385689
-47.290573 -20.383217
-47.294376 -20.380764
-47.292480 -20.370314
-47.295376 -20.369225
-47.293297 -20.364340
-47.298157 -20.348440
-47.289383 -20.337523
-47.290234 -20.333725
-47.285458 -20.332167
-47.285187 -20.326895
-47.285767 -20.316292
-47.281769 -20.312578
-47.276676 -20.291636
-47.269875 -20.282822
-47.264568 -20.282576
-47.252819 -20.263634
-47.246212 -20.261436
-47.232513 -20.227514
-47.231052 -20.219101
-47.247330 -20.201569
-47.254814 -20.192039
-47.255909 -20.188782
-47.256989 -20.166199
-47.267765 -20.157291
-47.271114 -20.155844
-47.292953 -20.148657
-47.309620 -20.124495
-47.331326 -20.114243
-47.347481 -20.105341
-47.358624 -20.103975
-47.374516 -20.083658
-47.403053 -20.082788
-47.405899 -20.081324
-47.416080 -20.066902
-47.417233 -20.066092
-47.418179 -20.064636
-47.439075 -20.049660
-47.441856 -20.040279
-47.443848 -20.029713
-47.431252 -20.021479
-47.425461 -20.017693
-47.425617 -20.012821
-47.437763 -19.996962
-47.450150 -19.987886
-47.466324 -19.964216
-47.471153 -19.961742
-47.473652 -19.962021
-47.481190 -19.969055
-47.497547 -19.971603
-47.508476 -19.982931
-47.539879 -19.984310
-47.549599 -19.993250
-47.551167 -19.994692
-47.554089 -19.995977
-47.578960 -19.995243
-47.581039 -19.995855
-47.592468 -20.006994
-47.594677 -20.025751
-47.613937 -20.042105
-47.624882 -20.042282
-47.635918 -20.048376
-47.649498 -20.038389
-47.662174 -20.029062
-47.672718 -20.018187
-47.674789 -20.013945
-47.676098 -20.001907
-47.704182 -19.979900
-47.712631 -19.978146
-47.733627 -19.987925
-47.751053 -19.990284
-47.764927 -19.985985
-47.765533 -19.985796
-47.801506 -19.985229
-47.834625 -19.996061
-47.850319 -19.990585
-47.853043 -19.991282
-47.859730 -19.992989
-47.872646 -20.014393
-47.875343 -20.020437
-47.875771 -20.024899
-47.875763 -20.030018
-47.873581 -20.036043
-47.871971 -20.038734
-47.860992 -20.046476
-47.860054 -20.049822
-47.860252 -20.053392
-47.869911 -20.063690
-47.871845 -20.076824
-47.873371 -20.087177
-47.878563 -20.103041
-47.894329 -20.123831
-47.896927 -20.124825
-47.901737 -20.123463
-47.906017 -20.122250
-47.934044 -20.107845
-47.943439 -20.091993
-47.948418 -20.055811
-47.975914 -20.035366
-47.981339 -20.036642
-47.986000 -20.039064
-47.989933 -20.043518
-47.990551 -20.044853
-47.990501 -20.074986
-47.996677 -20.090302
-48.003296 -20.104630
-48.019798 -20.120152
-48.038139 -20.116993
-48.049332 -20.137232
-48.070385 -20.146599
-48.094490 -20.146429
-48.113319 -20.143408
-48.126492 -20.131254
-48.147671 -20.124138
-48.158237 -20.104212
-48.160702 -20.103195
-48.167683 -20.103811
-48.178761 -20.095797
-48.182411 -20.074623
-48.203331 -20.045439
-48.214043 -20.035341
-48.220692 -20.031139
-48.225567 -20.029301
-48.240894 -20.029345
-48.247456 -20.035913
-48.247532 -20.035992
-48.244095 -20.047340
-48.253387 -20.077852
-48.250008 -20.085785
-48.218933 -20.115383
-48.218624 -20.126371
-48.224674 -20.133598
-48.227654 -20.134518
-48.246319 -20.140945
-48.261967 -20.143324
-48.268394 -20.142887
-48.279564 -20.139868
-48.283966 -20.138105
-48.295441 -20.124001
-48.316303 -20.113716
-48.319683 -20.113432
-48.339592 -20.114319
-48.351410 -20.120968
-48.357040 -20.122089
-48.369164 -20.122778
-48.376869 -20.122480
-48.405720 -20.113504
-48.438972 -20.120216
-48.451138 -20.125633
-48.491058 -20.138119
-48.514233 -20.137768
-48.537292 -20.133497
-48.554573 -20.130297
-48.581146 -20.132135
-48.584518 -20.133162
-48.596104 -20.137867
-48.626736 -20.160082
-48.644852 -20.166519
-48.646816 -20.166540
-48.662785 -20.166689
-48.674217 -20.161356
-48.693134 -20.162785
-48.729485 -20.150244
-48.753670 -20.153364
-48.781082 -20.163847
-48.823158 -20.161903
-48.828156 -20.163551
-48.844410 -20.173311
-48.855591 -20.182081
-48.857830 -20.199322
-48.853790 -20.212364
-48.854103 -20.217190
-48.856171 -20.224220
-48.858284 -20.229851
-48.872158 -20.241848
-48.885399 -20.269135
-48.888100 -20.290134
-48.888489 -20.295172
-48.875610 -20.314995
-48.879963 -20.348284
-48.869770 -20.377756
-48.868626 -20.386187
-48.867516 -20.398668
-48.867386 -20.400091
-48.869064 -20.406969
-48.878544 -20.429661
-48.886734 -20.436350
-48.887966 -20.437359
-48.899277 -20.441195
-48.962967 -20.403109
-48.968842 -20.393736
-48.964142 -20.283676
-48.961731 -20.263290
-48.972122 -20.207464
-48.983875 -20.174170
-48.992195 -20.165388
-49.019058 -20.153517
-49.028538 -20.151140
-49.059166 -20.151104
-49.067425 -20.154737
-49.089230 -20.212145
-49.120281 -20.269697
-49.133968 -20.284475
-49.170292 -20.306473
-49.172318 -20.312010
-49.183331 -20.314623
-49.192093 -20.307581
-49.195797 -20.306847
-49.226994 -20.303532
-49.232182 -20.298187
-49.259052 -20.259298
-49.259048 -20.258648
-49.259014 -20.248058
-49.265789 -20.228321
-49.299191 -20.167063
-49.305744 -20.116983
-49.308475 -20.101976
-49.308464 -20.097721
-49.307655 -20.073757
-49.296505 -20.016848
-49.283962 -20.004852
-49.262478 -20.006924
-49.248283 -19.999636
-49.246960 -19.982534
-49.248997 -19.972469
-49.250664 -19.970800
-49.254066 -19.967382
-49.265114 -19.962034
-49.297482 -19.960541
-49.314148 -19.966597
-49.334385 -19.980568
-49.356411 -19.986708
-49.440323 -19.980801
-49.458126 -19.975981
-49.487427 -19.955227
-49.492718 -19.946117
-49.503422 -19.919920
-49.523998 -19.911867
-49.551411 -19.905842
-49.559147 -19.911201
-49.582092 -19.910038
-49.605896 -19.916483
-49.626610 -19.927742
-49.629864 -19.929510
-49.641159 -19.931870
-49.712143 -19.931257
-49.745171 -19.925430
-49.749508 -19.925316
-49.782398 -19.924458
-49.793064 -19.928444
-49.835201 -19.933310
-49.855515 -19.946817
-49.875538 -19.945002
-49.891224 -19.943720
-49.892529 -19.943130
-49.904934 -19.939045
-49.960056 -19.920893
-50.012127 -19.926712
-50.029568 -19.921225
-50.041241 -19.917355
-50.043839 -19.916492
-50.050491 -19.911900
-50.076763 -19.888027
-50.090347 -19.879299
-50.099579 -19.875988
-50.102753 -19.875908
-50.138836 -19.875006
-50.159637 -19.878248
-50.165375 -19.876833
-50.173527 -19.874655
-50.200432 -19.867456
-50.220833 -19.868431
-50.245098 -19.876757
-50.285572 -19.867817
-50.311794 -19.873066
-50.315239 -19.871798
-50.323013 -19.871067
-50.336414 -19.868145
-50.352737 -19.864586
-50.357029 -19.854565
-50.372845 -19.845373
-50.414452 -19.803759
-50.436813 -19.793844
-50.454430 -19.786036
-50.471848 -19.779652
-50.486126 -19.785645
-50.499130 -19.795790
-50.516983 -19.796400
-50.531155 -19.802374
-50.547104 -19.810600
-50.561966 -19.813581
-50.575928 -19.816017
-50.586258 -19.826834
-50.606186 -19.856331
-50.616455 -19.861732
-50.636124 -19.875059
-50.656837 -19.905373
-50.659618 -19.907648
-50.676144 -19.912979
-50.683353 -19.915304
-50.725056 -19.926817
-50.783543 -19.937225
-50.793980 -19.942017
-50.794956 -19.942465
-50.817276 -19.958330
-50.844021 -19.967581
-50.853321 -19.971437
-50.871700 -19.988554
-50.881336 -19.989794
-50.886044 -19.989901
-50.896927 -19.990149
-50.908073 -19.994253
-50.911819 -20.003071
-50.933601 -20.014927
-50.945229 -20.029095
-50.949104 -20.031511
-50.964455 -20.033422
-50.966400 -20.034525
-51.000416 -20.085381
-51.009697 -20.072023
-51.017830 -20.048389
-51.016804 -20.041590
-51.005978 -20.025295
-51.004745 -19.999214
-51.019581 -19.967272
-51.020340 -19.962385
-51.001682 -19.921484
-50.999859 -19.913525
-50.999413 -19.906372
-51.002483 -19.900806
-51.014977 -19.878187
-51.019150 -19.867527
-51.018139 -19.837278
-51.022633 -19.807493
-51.034027 -19.791267
-51.035564 -19.789076
-51.039879 -19.777115
-51.027843 -19.756575
-51.045372 -19.737553
-51.045883 -19.729048
-51.038437 -19.719528
-51.036514 -19.687012
-51.021782 -19.660421
-51.013626 -19.654694
-51.012825 -19.653465
-50.990406 -19.605398
-50.987495 -19.589504
-50.970959 -19.582138
-50.962811 -19.581701
-50.946484 -19.591686
-50.937519 -19.592266
-50.927940 -19.587797
-50.923069 -19.576057
-50.924107 -19.558617
-50.930820 -19.542240
-50.962887 -19.500574
-50.962410 -19.484873
-50.949379 -19.471050
-50.935749 -19.467674
-50.907131 -19.475842
-50.842117 -19.499147
-50.835331 -19.496887
-50.826633 -19.487467
-50.824883 -19.475037
-50.838741 -19.457598
-50.868523 -19.433922
-50.875298 -19.422832
-50.873890 -19.409998
-50.872337 -19.406128
-50.860573 -19.392084
-50.847961 -19.365301
-50.837826 -19.345617
-50.835777 -19.327118
-50.828915 -19.310453
-50.827911 -19.308018
-50.817062 -19.289824
-50.788715 -19.262686
-50.771408 -19.259350
-50.747665 -19.235819
-50.744461 -19.223701
-50.743900 -19.214958
-50.742828 -19.198210
-50.733410 -19.185804
-50.680599 -19.173199
-50.672466 -19.163700
-50.677650 -19.139688
-50.675213 -19.137112
-50.671570 -19.135809
-50.659306 -19.134087
-50.645535 -19.133928
-50.584969 -19.137386
-50.572437 -19.121023
-50.545341 -19.106964
-50.543617 -19.105625
-50.541801 -19.104219
-50.537464 -19.099401
-50.522766 -19.076935
-50.498684 -19.034025
-50.495018 -19.012867
-50.503960 -19.004480
-50.499992 -18.981159
-50.511818 -18.951963
-50.509083 -18.937428
-50.500248 -18.929693
-50.473404 -18.920881
-50.471035 -18.920101
-50.466019 -18.916885
-50.441517 -18.890783
-50.441406 -18.890665
-50.424538 -18.836216
-50.421078 -18.831160
-50.414043 -18.826702
-50.394207 -18.822727
-50.381783 -18.816328
-50.376682 -18.812380
-50.374992 -18.810299
-50.352264 -18.760296
-50.323914 -18.712486
-50.309303 -18.698448
-50.294601 -18.691858
-50.289661 -18.690306
-50.269901 -18.684088
-50.250206 -18.677889
-50.217430 -18.680523
-50.198822 -18.679079
-50.164230 -18.664351
-50.079987 -18.672241
-50.064217 -18.653368
-50.050148 -18.643539
-50.037376 -18.610928
-50.028706 -18.601467
-50.016533 -18.599838
-49.981396 -18.604643
-49.973759 -18.614317
-49.931595 -18.623989
-49.904312 -18.621304
-49.885170 -18.609768
-49.881702 -18.609627
-49.877506 -18.610781
-49.871590 -18.613646
-49.868038 -18.622477
-49.852734 -18.623163
-49.836094 -18.636688
-49.819736 -18.632574
-49.795109 -18.643665
-49.794731 -18.643690
-49.794159 -18.643726
-49.783634 -18.641340
-49.777473 -18.630922
-49.772800 -18.615442
-49.770226 -18.612803
-49.757725 -18.609852
-49.741589 -18.615667
-49.736080 -18.615885
-49.726234 -18.611069
-49.724041 -18.609413
-49.705521 -18.595400
-49.686863 -18.590202
-49.676266 -18.589535
-49.669678 -18.590324
-49.647804 -18.601812
-49.640064 -18.600222
-49.635483 -18.590019
-49.652420 -18.571831
-49.651745 -18.562433
-49.647942 -18.558868
-49.645496 -18.557390
-49.628189 -18.552580
-49.575195 -18.542326
-49.557980 -18.546356
-49.554878 -18.544994
-49.549999 -18.541437
-49.548401 -18.538515
-49.542336 -18.527424
-49.547768 -18.503395
-49.539639 -18.495909
-49.535786 -18.493645
-49.522942 -18.492855
-49.497292 -18.493654
-49.492393 -18.496820
-49.488914 -18.502258
-49.486233 -18.508259
-49.486275 -18.532227
-49.485668 -18.544504
-49.481773 -18.561029
-49.432346 -18.606745
-49.416676 -18.638550
-49.408562 -18.644808
-49.394669 -18.646273
-49.378696 -18.642345
-49.373264 -18.632359
-49.365101 -18.617355
-49.343163 -18.598000
-49.330212 -18.565519
-49.322514 -18.561356
-49.302925 -18.566435
-49.292542 -18.564005
-49.287170 -18.540945
-49.284267 -18.537041
-49.274231 -18.529327
-49.271633 -18.527733
-49.249146 -18.522997
-49.249043 -18.522663
-49.241642 -18.529222
-49.243568 -18.532881
-49.238010 -18.538828
-49.232540 -18.537621
-49.231480 -18.533245
-49.235649 -18.522840
-49.230511 -18.523449
-49.225632 -18.529663
-49.220676 -18.525038
-49.210869 -18.526178
-49.211914 -18.532433
-49.203644 -18.531178
-49.201946 -18.533899
-49.206642 -18.543468
-49.196171 -18.548210
-49.198334 -18.537933
-49.186234 -18.544535
-49.191448 -18.547380
-49.189365 -18.550768
-49.178513 -18.549532
-49.180759 -18.553837
-49.166367 -18.570986
-49.158478 -18.559935
-49.151176 -18.555943
-49.157497 -18.545975
-49.136311 -18.542955
-49.136723 -18.538162
-49.133186 -18.538513
-49.128647 -18.530912
-49.124367 -18.531630
-49.126644 -18.535389
-49.124088 -18.538006
-49.119034 -18.532503
-49.108868 -18.532177
-49.100834 -18.538420
-49.090282 -18.539085
-49.085060 -18.544455
-49.076492 -18.542933
-49.068443 -18.543190
-49.066006 -18.538338
-49.058704 -18.541513
-49.055740 -18.539734
-49.049900 -18.533800
-49.040504 -18.532938
-49.033970 -18.524826
-49.012478 -18.537809
-49.004803 -18.537182
-49.005474 -18.521364
-49.041958 -18.511251
-49.045147 -18.477886
-49.035614 -18.462280
-49.027367 -18.451038
-49.026421 -18.430929
-49.032639 -18.429077
-49.036865 -18.420687
-49.035423 -18.413244
-49.039757 -18.407766
-49.051647 -18.405724
-49.053707 -18.402575
-49.047173 -18.392881
-49.041943 -18.376509
-49.023693 -18.367920
-49.005909 -18.374355
-48.995941 -18.370939
-48.990566 -18.358557
-48.981445 -18.356375
-48.984138 -18.341412
-48.975536 -18.339970
-48.969173 -18.329336
-48.959446 -18.323477
-48.936718 -18.306206
-48.917698 -18.305876
-48.907059 -18.316345
-48.882835 -18.318851
-48.872696 -18.332846
-48.844097 -18.340111
-48.832027 -18.346130
-48.827969 -18.375246
-48.816303 -18.379654
-48.800800 -18.361561
-48.784164 -18.351131
-48.770134 -18.355608
-48.755692 -18.344379
-48.730556 -18.353270
-48.708527 -18.345036
-48.697693 -18.350164
-48.682819 -18.343533
-48.668812 -18.345524
-48.668407 -18.345425
-48.656055 -18.342400
-48.647114 -18.343889
-48.641037 -18.340260
-48.641495 -18.333424
-48.633770 -18.327644
-48.597218 -18.334810
-48.591129 -18.334190
-48.582310 -18.327227
-48.561359 -18.323881
-48.553692 -18.331394
-48.554485 -18.346947
-48.549629 -18.350155
-48.531055 -18.351072
-48.515594 -18.366417
-48.492722 -18.352974
-48.484753 -18.353630
-48.481365 -18.360647
-48.485836 -18.373425
-48.483307 -18.377068
-48.479591 -18.379702
-48.477757 -18.379196
-48.445606 -18.355297
-48.436520 -18.365307
-48.419468 -18.361534
-48.413418 -18.356243
-48.405663 -18.356342
-48.403603 -18.371185
-48.400440 -18.371874
-48.363491 -18.369423
-48.353558 -18.366070
-48.342468 -18.370941
-48.335297 -18.374094
-48.334545 -18.374619
-48.324272 -18.381796
-48.313580 -18.384838
-48.304634 -18.383121
-48.304470 -18.380236
-48.315689 -18.373055
-48.314892 -18.364155
-48.288242 -18.348679
-48.279018 -18.331532
-48.272202 -18.331676
-48.262352 -18.331882
-48.255344 -18.343987
-48.226761 -18.345762
-48.226643 -18.357891
-48.220901 -18.362284
-48.195915 -18.364195
-48.172832 -18.374956
-48.161304 -18.372234
-48.159710 -18.384493
-48.150749 -18.395189
-48.147743 -18.408209
-48.128639 -18.416121
-48.117771 -18.424957
-48.114574 -18.426561
-48.095669 -18.428627
-48.088573 -18.429399
-48.073486 -18.428171
-48.067638 -18.425196
-48.061356 -18.413052
-48.055771 -18.413240
-48.047989 -18.416967
-48.039326 -18.433741
-48.028648 -18.436317
-48.026527 -18.436831
-48.013554 -18.444695
-48.009914 -18.452847
-48.006428 -18.454348
-47.997856 -18.454594
-47.980854 -18.442860
-47.975998 -18.452610
-47.979851 -18.462688
-47.979156 -18.475962
-47.976326 -18.477781
-47.969032 -18.474745
-47.964905 -18.477354
-47.962143 -18.496069
-47.954884 -18.500280
-47.952599 -18.493839
-47.940495 -18.488100
-47.929497 -18.487841
-47.925385 -18.471233
-47.914219 -18.466576
-47.890133 -18.476896
-47.885525 -18.468508
-47.875435 -18.475668
-47.868130 -18.474398
-47.863190 -18.469744
-47.864128 -18.464361
-47.873230 -18.459351
-47.871937 -18.456205
-47.865578 -18.452852
-47.864491 -18.449423
-47.860470 -18.443064
-47.860397 -18.440317
-47.858826 -18.440460
-47.849407 -18.441317
-47.838741 -18.451757
-47.831882 -18.449780
-47.831596 -18.442499
-47.836987 -18.435823
-47.830719 -18.425192
-47.829838 -18.413418
-47.815277 -18.406258
-47.809071 -18.400869
-47.802078 -18.404514
-47.797829 -18.407436
-47.800011 -18.410892
-47.798443 -18.416307
-47.789158 -18.417658
-47.778961 -18.424133
-47.770679 -18.418362
-47.759071 -18.410275
-47.747822 -18.411604
-47.747543 -18.405775
-47.756348 -18.396181
-47.756332 -18.394976
-47.749096 -18.384771
-47.743294 -18.377457
-47.742245 -18.376631
-47.736156 -18.378925
-47.733238 -18.375896
-47.740517 -18.363838
-47.716801 -18.362089
-47.711147 -18.377407
-47.706005 -18.379375
-47.702324 -18.379139
-47.698524 -18.377237
-47.686050 -18.362791
-47.686405 -18.357454
-47.679329 -18.356386
-47.670654 -18.357475
-47.657520 -18.327803
-47.653130 -18.326246
-47.646881 -18.330307
-47.647915 -18.339115
-47.633251 -18.333521
-47.626129 -18.334295
-47.624210 -18.322634
-47.611210 -18.315388
-47.627258 -18.303141
-47.632713 -18.291620
-47.638718 -18.287676
-47.629852 -18.277248
-47.618965 -18.271708
-47.625160 -18.260471
-47.623577 -18.257784
-47.614517 -18.250883
-47.615089 -18.260681
-47.613819 -18.262571
-47.607243 -18.263885
-47.603207 -18.257725
-47.603401 -18.254036
-47.606930 -18.247055
-47.607090 -18.246738
-47.590733 -18.235804
-47.581745 -18.235106
-47.581406 -18.231705
-47.588570 -18.227036
-47.581173 -18.224133
-47.576431 -18.226004
-47.570900 -18.220324
-47.567516 -18.203863
-47.561737 -18.208630
-47.557682 -18.208035
-47.542625 -18.195177
-47.538670 -18.194990
-47.534519 -18.198614
-47.540077 -18.217333
-47.539135 -18.227758
-47.533684 -18.230701
-47.527439 -18.226242
-47.530594 -18.217846
-47.517963 -18.210596
-47.518150 -18.198874
-47.505184 -18.192261
-47.497128 -18.199100
-47.489845 -18.192429
-47.484879 -18.193527
-47.488064 -18.186775
-47.483356 -18.180725
-47.479935 -18.177219
-47.471409 -18.180048
-47.468513 -18.176331
-47.463905 -18.177359
-47.451183 -18.159168
-47.444489 -18.158922
-47.435825 -18.167591
-47.429989 -18.165813
-47.427296 -18.161303
-47.433765 -18.157223
-47.435314 -18.151983
-47.428734 -18.139284
-47.418301 -18.140696
-47.412354 -18.147705
-47.407932 -18.141523
-47.396820 -18.141865
-47.396484 -18.137375
-47.405407 -18.135283
-47.407269 -18.131748
-47.395767 -18.127144
-47.393734 -18.116238
-47.386040 -18.121210
-47.383930 -18.117744
-47.369469 -18.115253
-47.365879 -18.107817
-47.355827 -18.105112
-47.354656 -18.096817
-47.361328 -18.096210
-47.357742 -18.085020
-47.346825 -18.088238
-47.343372 -18.080809
-47.322716 -18.069689
-47.310295 -18.069469
-47.302380 -18.073730
-47.305492 -18.063696
-47.297600 -18.061817
-47.292404 -18.064058
-47.283154 -18.058233
-47.283943 -18.040945
-47.286713 -18.042786
-47.293015 -18.030178
-47.300732 -18.027020
-47.295681 -18.026590
-47.297211 -18.020533
-47.293961 -18.017033
-47.296795 -18.009392
-47.311489 -18.006056
-47.315544 -17.995394
-47.319126 -17.996037
-47.319744 -17.985975
-47.322899 -17.984493
-47.321266 -17.979738
-47.313904 -17.977041
-47.313793 -17.963223
-47.333626 -17.951523
-47.334511 -17.939611
-47.335545 -17.937788
-47.337132 -17.937668
-47.337257 -17.938759
-47.340542 -17.937407
-47.339348 -17.928164
-47.344738 -17.920874
-47.342487 -17.921770
-47.344101 -17.918480
-47.338352 -17.912485
-47.344151 -17.908974
-47.343384 -17.903137
-47.346783 -17.897978
-47.357014 -17.897787
-47.358074 -17.892082
-47.355774 -17.891851
-47.358780 -17.887215
-47.353657 -17.870922
-47.359482 -17.866043
-47.358044 -17.858383
-47.362267 -17.853113
-47.366875 -17.835369
-47.373009 -17.829948
-47.364426 -17.823498
-47.363293 -17.816973
-47.351986 -17.815134
-47.350574 -17.811258
-47.357956 -17.805344
-47.352936 -17.804874
-47.348392 -17.797964
-47.354179 -17.793739
-47.354427 -17.787539
-47.340771 -17.779037
-47.343155 -17.775055
-47.332657 -17.766619
-47.336403 -17.760986
-47.334595 -17.756800
-47.342403 -17.751789
-47.342678 -17.744459
-47.336987 -17.737423
-47.317791 -17.726635
-47.312042 -17.711515
-47.313633 -17.699017
-47.305595 -17.691343
-47.299465 -17.691456
-47.301434 -17.688925
-47.298298 -17.684006
-47.286545 -17.684216
-47.270363 -17.674471
-47.270988 -17.667299
-47.275791 -17.659618
-47.279850 -17.658539
-47.278454 -17.655592
-47.281326 -17.653248
-47.278683 -17.644226
-47.268215 -17.637714
-47.263916 -17.620459
-47.266819 -17.609089
-47.275768 -17.597855
-47.283810 -17.577579
-47.306568 -17.558460
-47.314056 -17.544092
-47.320789 -17.531162
-47.330879 -17.524839
-47.351326 -17.526941
-47.374485 -17.523920
-47.384853 -17.514345
-47.399723 -17.512936
-47.414146 -17.521523
-47.446354 -17.530775
-47.453560 -17.537195
-47.457367 -17.537544
-47.463501 -17.535425
-47.466846 -17.533567
-47.477978 -17.511658
-47.492435 -17.526440
-47.495800 -17.525301
-47.500816 -17.519770
-47.502850 -17.516550
-47.505680 -17.493013
-47.503181 -17.481777
-47.512009 -17.473785
-47.514252 -17.460802
-47.535641 -17.455631
-47.541130 -17.454304
-47.540298 -17.445864
-47.527271 -17.440365
-47.527126 -17.429733
-47.521374 -17.423870
-47.523239 -17.421755
-47.527660 -17.424040
-47.529823 -17.413834
-47.535717 -17.412729
-47.537296 -17.408258
-47.524662 -17.411360
-47.523960 -17.406919
-47.532032 -17.401762
-47.533272 -17.394419
-47.538773 -17.388800
-47.528374 -17.388611
-47.532265 -17.381121
-47.530460 -17.377584
-47.525650 -17.382975
-47.518688 -17.380323
-47.518517 -17.375347
-47.514454 -17.374727
-47.513935 -17.356209
-47.519550 -17.356691
-47.521626 -17.352814
-47.504543 -17.337296
-47.508736 -17.338221
-47.512100 -17.334944
-47.511772 -17.331690
-47.498573 -17.335819
-47.495022 -17.344847
-47.490768 -17.344826
-47.487900 -17.349506
-47.472172 -17.345215
-47.462654 -17.354969
-47.457825 -17.351723
-47.459988 -17.344151
-47.451057 -17.345119
-47.447006 -17.349270
-47.440735 -17.347700
-47.454964 -17.330683
-47.450958 -17.329100
-47.450294 -17.324053
-47.441879 -17.323013
-47.436581 -17.318157
-47.424137 -17.324026
-47.421658 -17.315968
-47.429317 -17.308039
-47.420742 -17.301043
-47.420177 -17.297113
-47.421364 -17.289631
-47.425495 -17.283630
-47.432716 -17.283487
-47.434406 -17.276218
-47.417595 -17.269726
-47.416977 -17.267475
-47.417053 -17.264629
-47.423073 -17.262108
-47.422295 -17.259609
-47.408218 -17.257580
-47.411015 -17.249231
-47.406757 -17.245684
-47.396011 -17.242765
-47.386482 -17.249805
-47.381878 -17.243357
-47.386448 -17.239735
-47.378960 -17.236279
-47.385265 -17.227049
-47.378551 -17.219975
-47.373516 -17.221228
-47.374409 -17.217295
-47.372482 -17.217464
-47.362595 -17.222708
-47.364128 -17.212006
-47.360790 -17.204618
-47.356022 -17.202639
-47.350449 -17.203785
-47.350182 -17.196499
-47.356796 -17.194679
-47.362991 -17.186493
-47.356625 -17.188622
-47.349571 -17.186226
-47.342735 -17.189550
-47.340122 -17.187387
-47.353153 -17.180229
-47.348434 -17.176224
-47.351933 -17.166498
-47.333851 -17.165293
-47.329372 -17.158478
-47.332008 -17.154392
-47.327625 -17.148335
-47.323631 -17.155628
-47.310989 -17.146318
-47.307323 -17.159012
-47.302925 -17.154451
-47.304123 -17.146929
-47.295765 -17.138622
-47.282658 -17.144098
-47.283371 -17.130577
-47.276295 -17.127401
-47.282120 -17.122761
-47.275879 -17.123083
-47.275097 -17.117830
-47.281906 -17.114891
-47.273540 -17.103575
-47.265881 -17.113607
-47.264404 -17.097540
-47.259289 -17.100760
-47.256462 -17.093142
-47.254265 -17.098314
-47.248123 -17.098555
-47.247677 -17.081766
-47.243046 -17.086828
-47.239498 -17.083689
-47.229679 -17.089651
-47.224339 -17.085732
-47.230694 -17.086361
-47.234127 -17.082354
-47.228825 -17.079033
-47.223736 -17.082544
-47.223740 -17.075693
-47.207626 -17.080355
-47.210323 -17.073925
-47.207817 -17.066853
-47.205486 -17.070681
-47.198040 -17.072262
-47.190987 -17.069626
-47.191589 -17.066463
-47.196205 -17.066635
-47.196152 -17.060064
-47.190235 -17.061703
-47.187374 -17.057693
-47.182045 -17.063953
-47.176174 -17.054188
-47.181683 -17.052820
-47.184399 -17.035959
-47.180260 -17.035074
-47.178989 -17.039495
-47.166920 -17.047491
-47.165009 -17.045065
-47.168407 -17.039145
-47.163441 -17.041210
-47.162052 -17.034401
-47.160378 -17.030506
-47.157127 -17.033815
-47.154987 -17.026323
-47.152077 -17.032131
-47.148960 -17.031616
-47.146931 -17.030785
-47.148930 -17.024139
-47.144344 -17.025188
-47.138374 -17.019993
-47.140625 -17.017338
-47.131706 -17.010435
-47.132736 -17.005335
-47.144711 -17.009724
-47.144096 -17.003805
-47.140236 -17.004713
-47.140121 -16.997173
-47.151073 -16.997353
-47.131485 -16.991549
-47.127514 -16.978857
-47.142563 -16.972092
-47.144127 -16.965437
-47.151600 -16.967501
-47.158295 -16.964699
-47.152599 -16.955069
-47.166538 -16.952637
-47.156876 -16.941423
-47.164345 -16.938122
-47.168289 -16.941191
-47.169460 -16.935532
-47.174320 -16.932886
-47.160191 -16.922087
-47.164169 -16.918505
-47.166725 -16.915533
-47.172821 -16.918493
-47.179462 -16.905167
-47.182022 -16.902269
-47.196671 -16.909496
-47.193607 -16.898321
-47.201298 -16.894644
-47.202320 -16.890169
-47.194572 -16.887341
-47.193127 -16.883160
-47.200851 -16.882305
-47.200851 -16.875374
-47.207653 -16.876059
-47.209290 -16.865492
-47.200317 -16.860216
-47.205910 -16.839869
-47.193470 -16.825207
-47.212086 -16.827885
-47.212730 -16.823111
-47.207428 -16.819843
-47.219193 -16.808895
-47.220127 -16.806826
-47.219727 -16.804588
-47.215626 -16.802124
-47.219013 -16.796965
-47.216351 -16.793606
-47.219429 -16.786900
-47.217178 -16.780067
-47.230850 -16.775410
-47.229874 -16.767490
-47.223377 -16.761822
-47.232040 -16.765079
-47.235935 -16.755386
-47.234455 -16.744684
-47.226486 -16.741686
-47.231041 -16.734373
-47.223038 -16.731419
-47.223297 -16.722668
-47.227596 -16.713486
-47.238346 -16.709118
-47.241493 -16.704519
-47.248688 -16.708740
-47.251427 -16.705500
-47.245647 -16.700972
-47.246548 -16.682468
-47.255177 -16.686750
-47.258904 -16.678976
-47.248352 -16.675140
-47.250103 -16.666815
-47.259766 -16.667791
-47.253796 -16.663664
-47.259315 -16.655634
-47.260155 -16.655642
-47.263851 -16.662291
-47.265789 -16.659901
-47.271904 -16.663710
-47.277184 -16.660049
-47.278259 -16.648209
-47.286961 -16.644423
-47.283619 -16.639854
-47.283875 -16.639271
-47.286659 -16.635063
-47.294044 -16.636768
-47.294628 -16.626566
-47.301540 -16.627007
-47.307049 -16.632116
-47.304409 -16.624079
-47.316219 -16.616606
-47.319923 -16.618135
-47.315353 -16.607576
-47.318489 -16.603559
-47.320499 -16.607061
-47.334290 -16.617130
-47.337902 -16.611664
-47.333855 -16.608189
-47.338428 -16.603836
-47.336906 -16.597973
-47.342899 -16.598154
-47.342804 -16.593180
-47.350735 -16.593353
-47.355675 -16.589602
-47.364620 -16.594719
-47.366924 -16.601088
-47.376122 -16.599234
-47.374447 -16.593798
-47.376465 -16.580235
-47.386497 -16.578899
-47.386898 -16.579031
-47.386845 -16.588863
-47.396374 -16.579996
-47.393963 -16.574133
-47.400795 -16.572283
-47.412823 -16.575861
-47.409115 -16.566826
-47.412323 -16.565510
-47.409206 -16.560865
-47.412987 -16.562246
-47.412315 -16.558495
-47.405647 -16.556665
-47.405827 -16.555691
-47.413460 -16.548124
-47.420513 -16.551792
-47.426323 -16.548340
-47.428986 -16.552380
-47.433987 -16.544855
-47.430492 -16.541178
-47.444359 -16.540770
-47.442070 -16.529202
-47.445293 -16.529455
-47.447601 -16.517366
-47.457180 -16.508005
-47.458897 -16.504004
-47.458530 -16.502222
-47.457817 -16.498762
-47.452934 -16.490686
-47.456100 -16.487406
-47.454018 -16.467899
-47.447880 -16.464701
-47.445404 -16.450918
-47.429470 -16.442661
-47.431789 -16.440144
-47.423573 -16.420218
-47.427124 -16.394161
-47.419270 -16.390862
-47.417850 -16.381247
-47.403564 -16.375828
-47.378365 -16.346874
-47.371254 -16.333328
-47.366222 -16.331499
-47.358055 -16.311180
-47.352921 -16.306606
-47.356152 -16.293770
-47.347607 -16.287260
-47.350803 -16.274742
-47.344994 -16.265505
-47.334850 -16.258078
-47.333778 -16.248528
-47.328884 -16.249109
-47.322411 -16.231318
-47.330139 -16.214350
-47.328983 -16.210966
-47.323681 -16.209288
-47.323471 -16.209221
-47.325188 -16.207197
-47.336269 -16.201590
-47.329910 -16.195908
-47.330734 -16.184275
-47.340458 -16.185259
-47.331352 -16.179586
-47.331905 -16.171740
-47.340630 -16.163792
-47.344959 -16.164068
-47.340374 -16.156944
-47.348572 -16.155106
-47.340904 -16.148102
-47.350323 -16.148129
-47.347473 -16.140562
-47.352016 -16.131960
-47.337708 -16.128485
-47.341434 -16.121769
-47.336510 -16.119490
-47.338917 -16.114355
-47.331821 -16.107477
-47.333866 -16.097818
-47.331520 -16.094307
-47.337093 -16.093597
-47.333084 -16.085884
-47.329254 -16.090431
-47.324081 -16.085215
-47.322281 -16.090397
-47.311291 -16.088135
-47.311119 -16.081966
-47.316608 -16.079630
-47.308155 -16.078838
-47.308170 -16.074818
-47.311504 -16.068419
-47.315708 -16.067331
-47.304344 -16.060680
-47.305767 -16.056002
-47.308758 -16.050531
-47.308540 -16.042097
-47.311337 -16.041309
-47.309002 -16.035946
-47.310097 -16.032572
-47.299355 -16.026196
-47.300449 -16.017054
-47.296734 -16.018312
-47.296791 -16.015081
-47.289532 -16.014204
-47.288467 -16.014076
-47.287693 -16.009678
-47.280991 -16.011705
-47.276482 -16.006166
-47.277187 -16.011665
-47.261608 -16.014128
-47.254025 -16.019194
-47.238499 -16.013527
-47.233730 -16.015743
-47.228348 -16.012625
-47.228294 -16.015762
-47.221596 -16.011671
-47.219479 -16.014244
-47.216740 -16.005062
-47.211082 -16.003023
-47.211830 -15.998464
-47.207714 -15.997375
-47.207748 -15.987463
-47.197975 -15.987237
-47.195210 -15.981437
-47.189129 -15.982107
-47.185204 -15.982536
-47.186695 -15.978707
-47.182842 -15.977139
-47.186882 -15.971308
-47.181084 -15.970752
-47.178204 -15.977300
-47.170204 -15.973205
-47.166847 -15.968049
-47.168972 -15.966905
-47.166077 -15.965380
-47.168648 -15.964455
-47.166096 -15.962272
-47.170280 -15.958327
-47.166409 -15.956120
-47.169479 -15.953964
-47.162514 -15.943870
-47.158485 -15.945629
-47.160461 -15.942514
-47.157299 -15.941007
-47.152554 -15.943015
-47.150383 -15.939781
-47.149616 -15.938642
-47.151123 -15.935004
-47.145752 -15.932287
-47.142380 -15.935487
-47.139191 -15.931127
-47.141903 -15.926640
-47.135296 -15.928750
-47.131466 -15.934245
-47.134518 -15.950190
-47.126011 -15.944084
-47.108265 -15.956843
-47.101238 -15.958627
-47.094742 -15.958133
-47.086964 -15.960850
-47.080475 -15.958115
-47.052738 -15.937917
-46.956997 -15.916017
-46.824814 -15.885722
-46.811192 -15.884886
-46.807915 -15.876647
-46.807362 -15.872777
-46.805450 -15.859396
-46.823170 -15.824637
-46.820950 -15.816897
-46.823463 -15.810130
-46.813099 -15.787204
-46.827419 -15.749188
-46.827415 -15.729654
-46.842400 -15.714671
-46.855553 -15.682173
-46.852776 -15.655309
-46.852898 -15.649542
-46.858559 -15.638625
-46.854630 -15.622895
-46.854740 -15.620356
-46.877468 -15.611955
-46.878689 -15.611504
-46.882034 -15.609546
-46.883949 -15.608425
-46.897007 -15.593184
-46.919476 -15.588815
-46.943539 -15.565757
-46.949047 -15.554600
-46.944164 -15.518189
-46.932377 -15.483175
-46.930416 -15.443091
-46.912941 -15.413358
-46.896976 -15.402281
-46.885155 -15.393352
-46.866291 -15.386006
-46.849426 -15.373165
-46.850670 -15.368523
-46.869427 -15.361476
-46.860905 -15.350964
-46.847893 -15.346741
-46.836376 -15.324465
-46.836853 -15.322600
-46.873749 -15.285471
-46.873856 -15.285362
-46.889267 -15.282248
-46.892155 -15.235328
-46.897163 -15.235786
-46.907001 -15.237739
-46.912777 -15.246858
-46.927605 -15.255097
-46.940876 -15.229639
-46.933426 -15.223490
-46.937294 -15.205022
-46.920544 -15.178217
-46.912788 -15.155774
-46.896217 -15.130187
-46.891209 -15.119074
-46.889095 -15.111639
-46.896278 -15.103828
-46.898975 -15.093575
-46.909981 -15.087950
-46.925987 -15.073564
-46.925106 -15.059098
-46.924671 -15.058316
-46.922619 -15.054613
-46.918705 -15.049870
-46.864117 -15.020387
-46.856846 -15.010270
-46.822803 -15.010737
-46.781807 -15.019327
-46.753208 -15.032749
-46.726681 -15.039320
-46.700150 -15.053448
-46.679985 -15.060103
-46.656353 -15.081509
-46.642731 -15.086892
-46.625393 -15.089518
-46.610565 -15.084011
-46.600258 -15.087815
-46.587955 -15.081128
-46.576576 -15.083373
-46.560944 -15.070321
-46.551270 -15.063877
-46.544529 -15.065272
-46.531944 -15.056395
-46.526073 -15.056370
-46.524002 -15.056361
-46.514389 -15.061024
-46.502991 -15.052580
-46.511810 -15.029880
-46.520012 -15.020173
-46.520618 -15.013743
-46.530758 -15.005281
-46.527256 -14.988155
-46.516708 -14.982020
-46.517239 -14.972867
-46.520958 -14.967395
-46.533680 -14.961011
-46.532375 -14.957961
-46.540787 -14.951605
-46.539932 -14.939956
-46.546486 -14.925447
-46.542294 -14.896031
-46.530373 -14.883712
-46.521507 -14.851177
-46.533054 -14.829740
-46.539673 -14.826590
-46.558754 -14.821079
-46.559658 -14.817795
-46.559029 -14.814488
-46.557617 -14.807078
-46.563370 -14.798974
-46.565842 -14.786377
-46.543179 -14.768677
-46.544140 -14.753017
-46.537064 -14.747460
-46.522343 -14.745104
-46.510231 -14.738264
-46.507458 -14.732149
-46.509666 -14.716070
-46.503899 -14.707325
-46.503448 -14.704430
-46.502300 -14.704907
-46.502125 -14.704638
-46.489964 -14.710001
-46.474854 -14.705187
-46.468792 -14.708827
-46.461914 -14.731215
-46.447311 -14.731680
-46.429138 -14.752839
-46.404480 -14.760333
-46.376930 -14.786566
-46.367897 -14.789625
-46.365730 -14.795407
-46.355629 -14.794279
-46.336342 -14.803283
-46.334255 -14.812894
-46.322147 -14.814583
-46.320210 -14.836310
-46.324867 -14.847790
-46.318760 -14.847524
-46.314423 -14.854486
-46.300423 -14.858083
-46.308838 -14.877567
-46.316284 -14.882137
-46.317875 -14.885875
-46.319286 -14.900443
-46.315430 -14.900596
-46.306061 -14.911556
-46.294621 -14.908616
-46.292118 -14.921778
-46.286793 -14.928150
-46.258163 -14.928887
-46.247337 -14.922350
-46.233650 -14.921529
-46.224419 -14.941734
-46.215675 -14.943528
-46.211254 -14.936968
-46.205757 -14.937167
-46.176426 -14.949052
-46.161751 -14.929901
-46.166363 -14.908452
-46.161369 -14.906180
-46.159416 -14.913810
-46.145699 -14.926516
-46.138699 -14.928499
-46.132282 -14.921377
-46.119923 -14.920622
-46.110344 -14.937018
-46.106300 -14.937670
-46.088089 -14.936396
-46.084438 -14.930254
-46.079472 -14.904997
-46.067253 -14.909778
-46.062290 -14.907991
-46.052696 -14.885535
-46.042400 -14.877401
-46.037365 -14.874085
-46.033813 -14.879837
-46.021229 -14.883782
-46.003826 -14.902296
-46.007179 -14.925299
-46.006596 -14.925940
-45.995785 -14.927471
-45.986916 -14.941059
-45.971699 -14.949125
-45.966030 -14.965647
-45.969677 -14.992342
-45.978466 -14.998601
-45.974869 -15.007592
-45.975471 -15.038912
-46.011951 -15.072292
-46.018429 -15.081281
-46.019478 -15.093041
-46.028004 -15.102228
-46.028423 -15.114112
-46.043671 -15.118132
-46.049358 -15.130654
-46.049755 -15.136185
-46.043896 -15.145395
-46.046703 -15.158829
-46.049828 -15.166388
-46.051392 -15.168374
-46.061829 -15.175373
-46.078671 -15.175507
-46.080616 -15.182099
-46.092781 -15.185175
-46.097641 -15.192612
-46.119194 -15.192229
-46.118862 -15.202082
-46.098763 -15.216789
-46.099030 -15.235954
-46.097939 -15.239870
-46.092304 -15.247918
-46.084896 -15.245839
-46.081200 -15.248517
-46.077030 -15.264681
-46.052582 -15.259195
-46.055923 -15.252118
-46.050671 -15.246974
-46.050861 -15.241598
-46.047421 -15.241741
-46.046978 -15.236358
-46.038513 -15.230918
-46.039474 -15.217332
-46.032028 -15.213929
-46.029903 -15.203848
-46.028000 -15.201348
-46.010475 -15.195844
-46.000866 -15.196006
-45.994335 -15.200598
-45.993031 -15.195862
-45.984455 -15.195958
-45.976807 -15.177588
-45.979527 -15.174379
-45.971954 -15.169326
-45.972424 -15.154719
-45.953701 -15.139531
-45.918411 -15.133514
-45.872929 -15.157883
-45.864071 -15.153580
-45.857616 -15.148837
-45.858784 -15.144379
-45.845680 -15.145167
-45.840328 -15.139128
-45.834953 -15.137364
-45.832554 -15.124067
-45.827812 -15.122795
-45.829441 -15.120013
-45.825340 -15.116380
-45.820915 -15.118331
-45.811615 -15.112840
-45.801670 -15.119064
-45.789227 -15.112728
-45.788982 -15.115443
-45.775261 -15.116808
-45.756691 -15.118536
-45.751575 -15.122212
-45.750923 -15.121950
-45.750504 -15.119951
-45.740055 -15.117540
-45.730339 -15.116758
-45.728546 -15.113171
-45.728359 -15.113157
-45.728024 -15.112120
-45.721771 -15.112077
-45.723846 -15.105264
-45.716488 -15.103455
-45.715202 -15.101907
-45.717766 -15.099491
-45.716946 -15.093873
-45.712929 -15.097786
-45.710846 -15.093388
-45.698875 -15.091517
-45.693665 -15.090662
-45.693840 -15.084212
-45.687168 -15.086388
-45.679661 -15.084064
-45.678783 -15.079635
-45.674694 -15.080490
-45.663784 -15.062344
-45.655827 -15.048835
-45.655338 -15.045006
-45.660519 -15.038390
-45.655327 -15.026288
-45.647919 -15.024989
-45.649303 -15.028394
-45.647957 -15.030709
-45.646900 -15.031701
-45.643459 -15.016672
-45.639458 -15.023443
-45.636738 -15.023601
-45.624580 -15.021458
-45.622643 -15.019703
-45.616074 -15.013750
-45.608501 -14.996629
-45.600941 -14.996258
-45.602661 -14.989534
-45.594471 -14.984229
-45.593430 -14.975504
-45.586731 -14.978157
-45.588367 -14.973722
-45.567001 -14.956496
-45.566082 -14.944863
-45.553608 -14.945084
-45.547722 -14.938958
-45.544628 -14.938794
-45.533421 -14.939630
-45.520771 -14.953417
-45.513939 -14.953973
-45.498444 -14.946383
-45.490005 -14.960763
-45.469963 -14.950137
-45.463154 -14.949533
-45.457870 -14.954727
-45.455082 -14.953720
-45.455288 -14.949075
-45.449066 -14.942694
-45.451168 -14.938726
-45.442448 -14.935254
-45.434879 -14.922537
-45.425873 -14.920438
-45.424828 -14.925372
-45.420998 -14.926587
-45.399750 -14.917502
-45.381081 -14.897808
-45.370693 -14.894137
-45.368885 -14.889489
-45.372044 -14.880952
-45.366276 -14.877672
-45.363922 -14.871696
-45.355518 -14.877510
-45.351891 -14.876086
-45.349865 -14.868072
-45.352821 -14.864107
-45.330059 -14.859512
-45.322445 -14.852066
-45.317997 -14.852570
-45.311382 -14.841124
-45.317101 -14.832003
-45.310112 -14.836693
-45.305950 -14.834348
-45.302525 -14.828848
-45.295414 -14.827362
-45.285641 -14.832479
-45.290104 -14.825737
-45.286865 -14.821738
-45.288692 -14.818111
-45.274361 -14.811504
-45.271133 -14.798825
-45.262997 -14.802203
-45.258663 -14.789524
-45.247387 -14.783612
-45.241913 -14.786532
-45.231609 -14.775011
-45.229214 -14.765725
-45.216610 -14.757894
-45.217190 -14.755157
-45.205524 -14.744739
-45.191250 -14.749717
-45.189556 -14.742449
-45.181854 -14.744577
-45.174198 -14.741314
-45.171970 -14.734679
-45.163555 -14.732389
-45.166412 -14.735306
-45.152832 -14.742544
-45.095413 -14.752880
-45.087330 -14.750385
-45.083427 -14.749019
-45.080257 -14.745890
-45.063396 -14.726192
-45.054077 -14.699469
-45.046764 -14.689732
-45.044888 -14.695879
-45.039902 -14.690888
-45.039478 -14.680258
-44.995697 -14.667816
-44.996582 -14.658848
-44.985886 -14.662139
-44.982521 -14.657679
-44.983303 -14.651819
-44.973888 -14.652106
-44.980549 -14.643505
-44.962276 -14.631854
-44.955017 -14.637649
-44.951420 -14.631605
-44.942978 -14.630224
-44.946541 -14.623733
-44.940098 -14.627557
-44.916630 -14.619660
-44.916939 -14.614623
-44.907940 -14.613388
-44.910160 -14.603556
-44.896439 -14.605457
-44.890335 -14.597562
-44.879471 -14.595893
-44.876427 -14.593275
-44.875908 -14.599663
-44.861935 -14.579208
-44.858913 -14.580922
-44.850658 -14.577569
-44.843384 -14.580819
-44.843857 -14.566315
-44.847488 -14.575484
-44.850056 -14.571144
-44.858746 -14.571527
-44.854080 -14.567142
-44.854908 -14.562629
-44.849911 -14.562775
-44.846878 -14.558026
-44.847057 -14.545493
-44.839851 -14.540353
-44.832829 -14.542466
-44.824306 -14.539385
-44.826385 -14.534188
-44.834839 -14.535923
-44.831745 -14.527148
-44.836243 -14.518499
-44.830887 -14.520349
-44.823040 -14.515144
-44.823181 -14.514401
-44.834526 -14.507495
-44.833191 -14.499832
-44.813766 -14.504664
-44.810257 -14.499484
-44.818211 -14.490199
-44.804745 -14.496560
-44.794277 -14.496594
-44.794319 -14.487853
-44.787518 -14.488879
-44.782001 -14.482598
-44.769321 -14.477342
-44.762798 -14.478190
-44.760231 -14.475238
-44.756695 -14.478383
-44.749439 -14.471785
-44.747993 -14.464647
-44.743382 -14.467676
-44.741776 -14.466874
-44.738056 -14.465021
-44.725609 -14.457650
-44.723770 -14.449060
-44.719025 -14.451013
-44.712830 -14.443969
-44.710518 -14.448128
-44.705215 -14.446585
-44.701244 -14.449787
-44.698158 -14.432053
-44.693119 -14.432621
-44.694187 -14.423493
-44.687801 -14.421544
-44.688305 -14.416683
-44.674164 -14.424498
-44.669521 -14.416202
-44.667934 -14.423846
-44.664795 -14.418148
-44.657993 -14.416368
-44.663334 -14.407717
-44.658829 -14.395760
-44.652409 -14.393575
-44.651489 -14.397280
-44.645771 -14.398096
-44.641048 -14.396170
-44.643745 -14.391931
-44.638046 -14.390197
-44.633518 -14.394400
-44.625561 -14.376144
-44.616550 -14.375141
-44.610691 -14.365445
-44.604557 -14.368203
-44.600922 -14.365320
-44.597637 -14.367688
-44.586117 -14.354020
-44.579994 -14.351349
-44.577858 -14.353437
-44.576130 -14.351784
-44.575047 -14.350050
-44.572254 -14.345587
-44.564522 -14.348605
-44.565517 -14.340065
-44.559822 -14.340503
-44.557152 -14.337038
-44.545067 -14.343067
-44.540493 -14.331776
-44.529102 -14.328129
-44.518852 -14.330215
-44.510796 -14.322691
-44.508820 -14.325647
-44.503391 -14.322331
-44.498394 -14.327687
-44.487129 -14.328523
-44.483089 -14.322119
-44.473129 -14.317274
-44.474937 -14.314352
-44.469524 -14.316540
-44.465439 -14.310735
-44.461105 -14.313497
-44.453392 -14.311872
-44.439629 -14.303316
-44.430534 -14.289739
-44.430302 -14.289395
-44.409817 -14.282027
-44.399448 -14.278300
-44.397102 -14.273482
-44.394524 -14.277232
-44.389931 -14.276142
-44.389465 -14.280482
-44.380379 -14.277744
-44.378288 -14.276194
-44.377434 -14.269975
-44.373604 -14.274658
-44.369778 -14.271629
-44.361542 -14.272815
-44.352848 -14.266187
-44.352993 -14.260970
-44.345997 -14.263265
-44.351791 -14.257720
-44.341076 -14.256763
-44.340546 -14.249403
-44.320717 -14.244763
-44.316433 -14.240357
-44.302288 -14.253246
-44.291225 -14.252726
-44.284317 -14.247660
-44.279911 -14.250071
-44.281242 -14.252494
-44.276676 -14.252441
-44.268520 -14.246598
-44.254375 -14.252056
-44.247456 -14.260120
-44.244385 -14.257107
-44.249569 -14.253490
-44.246986 -14.251967
-44.238659 -14.258007
-44.239601 -14.248496
-44.235027 -14.246944
-44.240562 -14.240704
-44.218014 -14.244984
-44.215332 -14.233427
-44.213211 -14.234119
-44.209778 -14.236654
