-60.168861 5.226301
-60.165188 5.226055
-60.160824 5.226957
-60.146103 5.234494
-60.134838 5.239743
-60.121933 5.243932
-60.120560 5.243235
-60.118282 5.238852
-60.117912 5.233239
-60.117855 5.232404
-60.119179 5.231089
-60.121513 5.228772
-60.122623 5.225829
-60.123173 5.224375
-60.118176 5.213303
-60.110867 5.204982
-60.098999 5.190193
-60.093761 5.181420
-60.091991 5.167834
-60.086288 5.160208
-60.086197 5.158978
-60.085426 5.148699
-60.081997 5.145688
-60.079849 5.143618
-60.077198 5.141061
-60.061169 5.132927
-60.056362 5.129909
-60.053867 5.124143
-60.050213 5.120442
-60.043114 5.116955
-60.036953 5.109559
-60.032635 5.100559
-60.027374 5.096851
-60.016159 5.089890
-60.009277 5.089163
-60.001026 5.086820
-60.000000 5.086565
-59.986813 5.083297
-59.975117 5.081166
-59.969418 5.073079
-59.969440 5.068706
-59.969883 5.064323
-59.970448 5.062766
-59.972424 5.057308
-59.973343 5.054775
-59.975708 5.040337
-59.976624 5.034758
-59.977169 5.033406
-59.977207 5.033308
-59.978928 5.029010
-59.979469 5.027542
-59.984783 5.013172
-59.985325 5.011704
-59.989594 5.003878
-59.990208 5.001460
-59.990795 4.999155
-59.989227 4.991552
-59.989449 4.990328
-59.991627 4.978283
-59.991886 4.976845
-59.992054 4.975917
-59.991867 4.974577
-59.991486 4.971879
-59.990978 4.968275
-59.990723 4.966473
-59.990818 4.966010
-59.993416 4.953539
-59.993546 4.952910
-59.995045 4.945573
-59.995319 4.944221
-59.996128 4.940263
-59.996395 4.936101
-59.996544 4.933781
-59.996628 4.932438
-59.997215 4.930344
-59.998257 4.926622
-59.999435 4.922417
-60.000362 4.919108
-60.000908 4.917638
-60.009678 4.894074
-60.010227 4.892601
-60.010662 4.888522
-60.011120 4.884223
-60.011669 4.879029
-60.011673 4.878427
-60.011723 4.868210
-60.011745 4.862916
-60.018002 4.838529
-60.020912 4.830078
-60.024765 4.818896
-60.025276 4.817408
-60.029793 4.809771
-60.030895 4.807909
-60.030994 4.807740
-60.031010 4.807517
-60.031399 4.801885
-60.031696 4.797509
-60.033337 4.790382
-60.031094 4.779552
-60.026978 4.776539
-60.024509 4.765018
-60.024994 4.759725
-60.025513 4.758235
-60.027824 4.751696
-60.028351 4.750208
-60.030014 4.738707
-60.031487 4.731895
-60.031654 4.731120
-60.036255 4.722983
-60.032536 4.718102
-60.028446 4.709796
-60.029179 4.706922
-60.029617 4.705197
-60.029877 4.704914
-60.030182 4.703720
-60.035255 4.698221
-60.038010 4.697314
-60.040829 4.694645
-60.042850 4.692733
-60.048405 4.683094
-60.053707 4.676906
-60.055901 4.674130
-60.073544 4.662842
-60.075359 4.658974
-60.076378 4.656806
-60.078320 4.649151
-60.078033 4.647179
-60.077305 4.642145
-60.076145 4.634122
-60.076088 4.633719
-60.076111 4.633290
-60.076321 4.629678
-60.076618 4.624436
-60.076824 4.620828
-60.078011 4.616664
-60.078918 4.613471
-60.079464 4.611768
-60.080315 4.609102
-60.080505 4.608771
-60.080875 4.607618
-60.081554 4.606449
-60.083412 4.603256
-60.087563 4.598438
-60.091702 4.595231
-60.106834 4.596906
-60.114170 4.598087
-60.123116 4.597663
-60.125828 4.596539
-60.128628 4.595382
-60.129837 4.593836
-60.130241 4.593317
-60.130947 4.588945
-60.130871 4.586823
-60.130741 4.583190
-60.132214 4.578090
-60.132599 4.576750
-60.136971 4.573085
-60.143860 4.571271
-60.146652 4.571378
-60.150509 4.571528
-60.155552 4.572469
-60.157635 4.571355
-60.158539 4.570869
-60.159454 4.568663
-60.159550 4.568428
-60.159367 4.560871
-60.158783 4.541972
-60.158852 4.540830
-60.158932 4.539534
-60.159103 4.536723
-60.159271 4.533916
-60.159828 4.532477
-60.162735 4.524947
-60.162758 4.522650
-60.161568 4.521531
-60.159557 4.519644
-60.158058 4.519473
-60.154835 4.519108
-60.149014 4.518449
-60.137405 4.517444
-60.135536 4.516118
-60.133842 4.515612
-60.132996 4.515359
-60.124348 4.513467
-60.115425 4.508820
-60.110840 4.508567
-60.104412 4.509916
-60.095905 4.514477
-60.094704 4.516564
-60.094055 4.517690
-60.095112 4.522032
-60.096302 4.526909
-60.095776 4.530659
-60.095592 4.531971
-60.091225 4.534020
-60.080677 4.533508
-60.077946 4.528430
-60.074516 4.526342
-60.071758 4.527479
-60.063732 4.527438
-60.061913 4.523746
-60.062130 4.521460
-60.062374 4.518914
-60.062878 4.513622
-60.063412 4.512400
-60.063438 4.512134
-60.068214 4.501237
-60.068775 4.499959
-60.068798 4.495125
-60.063622 4.493497
-60.062843 4.493253
-60.054585 4.493903
-60.047230 4.497089
-60.038967 4.497967
-60.031864 4.496321
-60.028179 4.499986
-60.025192 4.501121
-60.014637 4.501529
-60.008911 4.500348
-60.000000 4.495915
-59.998158 4.494999
-59.991055 4.493351
-59.978401 4.487679
-59.977551 4.487298
-59.970695 4.486687
-59.969299 4.486564
-59.966537 4.488622
-59.966179 4.489960
-59.965973 4.490113
-59.964802 4.494480
-59.966385 4.501859
-59.965942 4.503063
-59.965740 4.503608
-59.962551 4.506096
-59.957726 4.507683
-59.955357 4.507459
-59.947411 4.506709
-59.946274 4.504633
-59.941696 4.502997
-59.933437 4.503416
-59.932072 4.505670
-59.930660 4.508004
-59.927216 4.509369
-59.924469 4.507742
-59.920837 4.502106
-59.920601 4.501736
-59.918797 4.495972
-59.914722 4.484900
-59.910137 4.483957
-59.907398 4.481871
-59.906036 4.478642
-59.907898 4.472896
-59.905628 4.468741
-59.901268 4.468949
-59.896896 4.471916
-59.894375 4.471905
-59.891613 4.473500
-59.891026 4.474984
-59.890045 4.477459
-59.887691 4.483392
-59.887100 4.484871
-59.884575 4.485778
-59.879791 4.485630
-59.875912 4.485509
-59.875629 4.485502
-59.874695 4.486826
-59.870777 4.492381
-59.868126 4.492900
-59.867336 4.493055
-59.866974 4.492841
-59.864590 4.491428
-59.861187 4.484043
-59.858902 4.482421
-59.855640 4.482521
-59.852478 4.482617
-59.852222 4.481564
-59.851807 4.479852
-59.852501 4.478888
-59.852371 4.478359
-59.854679 4.475150
-59.859730 4.474487
-59.861965 4.471415
-59.859898 4.467005
-59.856007 4.465373
-59.853474 4.465072
-59.841797 4.463686
-59.832409 4.460183
-59.825783 4.455775
-59.824245 4.453692
-59.821579 4.450071
-59.819458 4.449943
-59.817455 4.449822
-59.813541 4.453257
-59.809273 4.462697
-59.805439 4.471175
-59.803772 4.467800
-59.802025 4.464256
-59.801548 4.463561
-59.796326 4.455942
-59.794758 4.455525
-59.791058 4.454540
-59.789635 4.453097
-59.788319 4.451764
-59.786186 4.446160
-59.785599 4.444614
-59.781029 4.440681
-59.779819 4.439906
-59.776402 4.437713
-59.765480 4.430712
-59.762146 4.429271
-59.758953 4.427892
-59.756325 4.426757
-59.749222 4.424651
-59.741447 4.419781
-59.741188 4.419683
-59.735268 4.417452
-59.729557 4.412360
-59.722977 4.396217
-59.719555 4.392285
-59.717327 4.391978
-59.714794 4.391627
-59.712681 4.391335
-59.706970 4.386704
-59.706257 4.386688
-59.693672 4.386412
-59.682175 4.387034
-59.680283 4.385473
-59.675358 4.383796
-59.674629 4.383547
-59.673416 4.383135
-59.672440 4.381314
-59.673923 4.381523
-59.671391 4.376806
-59.671257 4.376559
-59.673573 4.372427
-59.676235 4.368806
-59.679523 4.364332
-59.679810 4.363942
-59.681446 4.357506
-59.677563 4.347163
-59.677376 4.346664
-59.682228 4.340246
-59.684170 4.337955
-59.689610 4.331537
-59.697601 4.322277
-59.699299 4.320310
-59.703003 4.313193
-59.711182 4.304619
-59.711304 4.304491
-59.717999 4.296010
-59.725716 4.292188
-59.726318 4.291890
-59.726734 4.291682
-59.727692 4.283632
-59.727036 4.278103
-59.723175 4.270714
-59.715149 4.270441
-59.711147 4.267020
-59.710812 4.266735
-59.714787 4.261370
-59.719818 4.254582
-59.725983 4.245065
-59.726028 4.244937
-59.728775 4.237272
-59.728783 4.230355
-59.729305 4.226729
-59.729973 4.222077
-59.729565 4.212174
-59.728020 4.200658
-59.727531 4.198960
-59.726650 4.195888
-59.725769 4.192818
-59.724545 4.190773
-59.722584 4.187503
-59.713039 4.171569
-59.705513 4.163934
-59.703548 4.162622
-59.703079 4.162309
-59.700649 4.160682
-59.700439 4.160543
-59.697510 4.158585
-59.696831 4.158132
-59.688339 4.154604
-59.674778 4.148737
-59.657814 4.148890
-59.644970 4.150440
-59.639481 4.147422
-59.627831 4.139078
-59.627041 4.137779
-59.626007 4.136079
-59.626026 4.131935
-59.626591 4.131274
-59.626595 4.130422
-59.629730 4.126752
-59.630512 4.125836
-59.628704 4.120763
-59.630428 4.114899
-59.630798 4.113634
-59.636791 4.106065
-59.643017 4.097805
-59.647179 4.090227
-59.652588 4.086072
-59.654972 4.079134
-59.648804 4.072033
-59.648533 4.071720
-59.640553 4.072919
-59.637337 4.069599
-59.633762 4.065906
-59.632687 4.064796
-59.620304 4.062638
-59.616886 4.059395
-59.616699 4.058884
-59.611462 4.044633
-59.605984 4.039769
-59.605186 4.037873
-59.603947 4.034924
-59.604141 4.033073
-59.604431 4.030322
-59.604900 4.029730
-59.605000 4.028804
-59.609383 4.023303
-59.609676 4.022646
-59.610310 4.021235
-59.607357 4.016155
-59.604389 4.014298
-59.601543 4.016415
-59.598866 4.018409
-59.596901 4.018498
-59.597038 4.019984
-59.595234 4.020066
-59.593712 4.020135
-59.592449 4.017126
-59.592354 4.016903
-59.593750 4.012536
-59.593773 4.008392
-59.591526 4.004393
-59.590141 4.001926
-59.586704 4.001908
-59.582336 4.004185
-59.578671 4.003704
-59.578358 4.003301
-59.576065 4.000352
-59.575901 4.000140
-59.575256 3.999312
-59.575974 3.993560
-59.574848 3.989897
-59.573902 3.986814
-59.573494 3.985489
-59.574036 3.983960
-59.575378 3.980213
-59.575508 3.979855
-59.575928 3.978684
-59.581150 3.972699
-59.580002 3.969182
-59.578053 3.968188
-59.574974 3.966623
-59.568790 3.965207
-59.568443 3.965333
-59.567104 3.965818
-59.564426 3.966791
-59.559597 3.970417
-59.554989 3.973877
-59.549469 3.977528
-59.545578 3.976585
-59.545475 3.976382
-59.543240 3.971976
-59.541946 3.969428
-59.538975 3.968031
-59.532791 3.967534
-59.526390 3.964047
-59.522076 3.956886
-59.520458 3.954281
-59.519348 3.952494
-59.517319 3.946040
-59.516850 3.944668
-59.516575 3.943872
-59.516003 3.942197
-59.515739 3.941425
-59.516548 3.940590
-59.516312 3.939902
-59.522072 3.933951
-59.523827 3.929272
-59.526634 3.928194
-59.527962 3.927684
-59.535961 3.931873
-59.538635 3.931465
-59.540321 3.931207
-59.542168 3.928684
-59.541962 3.928219
-59.542740 3.927159
-59.540218 3.921427
-59.539795 3.920468
-59.543015 3.918645
-59.553337 3.916630
-59.563076 3.907274
-59.563576 3.906005
-59.564175 3.904491
-59.567421 3.897832
-59.570171 3.898078
-59.575188 3.902941
-59.579548 3.902757
-59.579926 3.897820
-59.577431 3.892742
-59.578014 3.891245
-59.578514 3.889950
-59.579739 3.886764
-59.580322 3.885242
-59.587685 3.874589
-59.588406 3.873547
-59.586605 3.867781
-59.587814 3.863407
-59.588005 3.862724
-59.588333 3.861992
-59.588932 3.860659
-59.588268 3.856281
-59.584396 3.852114
-59.583519 3.844511
-59.581928 3.841742
-59.577385 3.834348
-59.575741 3.825843
-59.575603 3.825129
-59.578369 3.821923
-59.585308 3.820655
-59.585861 3.815901
-59.586308 3.815418
-59.586430 3.814372
-59.591503 3.808875
-59.592728 3.806440
-59.591671 3.800971
-59.592255 3.799523
-59.593037 3.797515
-59.595795 3.797654
-59.597271 3.797725
-59.606560 3.802206
-59.608871 3.801586
-59.609085 3.801529
-59.609093 3.800148
-59.609104 3.798076
-59.610500 3.793479
-59.610664 3.793274
-59.612347 3.791186
-59.616024 3.789595
-59.622021 3.790213
-59.622421 3.790256
-59.626289 3.797939
-59.628365 3.797604
-59.630421 3.797274
-59.631023 3.795756
-59.632946 3.790831
-59.633541 3.789308
-59.635849 3.786560
-59.639751 3.784969
-59.639900 3.784955
-59.649937 3.783929
-59.652592 3.783658
-59.661777 3.780255
-59.665798 3.776928
-59.665920 3.776825
-59.670349 3.762576
-59.669781 3.759365
-59.668888 3.754321
-59.670010 3.751509
-59.671417 3.747985
-59.669880 3.744544
-59.664402 3.741061
-59.663048 3.736911
-59.663651 3.735482
-59.663616 3.735375
-59.667187 3.726931
-59.664513 3.719423
-59.661732 3.713965
-59.661339 3.713190
-59.661362 3.708588
-59.661930 3.707323
-59.661930 3.707050
-59.663784 3.702915
-59.669071 3.699722
-59.672997 3.694220
-59.684689 3.692901
-59.688366 3.691080
-59.692520 3.685348
-59.701260 3.682615
-59.701927 3.682405
-59.710663 3.677159
-59.715237 3.671746
-59.716808 3.665382
-59.717079 3.665045
-59.717377 3.663844
-59.720924 3.659436
-59.722912 3.656968
-59.725494 3.656681
-59.728870 3.656309
-59.733929 3.652881
-59.735691 3.652485
-59.743523 3.652986
-59.748573 3.650247
-59.754547 3.645898
-59.758175 3.645486
-59.759048 3.641016
-59.758583 3.636966
-59.758385 3.635257
-59.759029 3.634389
-59.758953 3.633716
-59.766788 3.623161
-59.774334 3.626188
-59.778690 3.625748
-59.781677 3.623918
-59.787430 3.617728
-59.793629 3.614302
-59.805992 3.616429
-59.816990 3.615786
-59.819302 3.610733
-59.832146 3.607796
-59.844990 3.603479
-59.849197 3.600532
-59.850410 3.597530
-59.851280 3.595358
-59.851360 3.595010
-59.851906 3.593840
-59.854012 3.583258
-59.854939 3.580270
-59.855476 3.577941
-59.856453 3.573727
-59.856804 3.572218
-59.859329 3.571772
-59.863480 3.565342
-59.864853 3.561639
-59.864136 3.561367
-59.863178 3.558600
-59.861649 3.557073
-59.851475 3.546920
-59.840988 3.537660
-59.833805 3.531312
-59.830009 3.527183
-59.829514 3.526891
-59.822472 3.522768
-59.822216 3.522476
-59.818890 3.518677
-59.813358 3.512361
-59.803814 3.497346
-59.804409 3.495849
-59.806793 3.489752
-59.807396 3.488218
-59.810619 3.485242
-59.817509 3.481365
-59.825764 3.480257
-59.828880 3.478712
-59.828896 3.475613
-59.825695 3.473985
-59.818130 3.474865
-59.813328 3.473226
-59.812195 3.471150
-59.812820 3.469710
-59.812759 3.469600
-59.814846 3.464775
-59.823582 3.458375
-59.832809 3.445302
-59.834354 3.441900
-59.834896 3.440710
-59.835388 3.433346
-59.836800 3.426217
-59.831314 3.423657
-59.828491 3.423940
-59.826962 3.424093
-59.818222 3.431413
-59.814327 3.431163
-59.811829 3.427236
-59.812031 3.424387
-59.812561 3.416879
-59.816193 3.406721
-59.816208 3.401885
-59.813953 3.395196
-59.807827 3.383424
-59.806477 3.372511
-59.806290 3.370984
-59.805779 3.370152
-59.800610 3.361749
-59.798115 3.356441
-59.799122 3.355106
-59.798679 3.354882
-59.800755 3.352131
-59.806259 3.350550
-59.814732 3.351516
-59.817722 3.348997
-59.822754 3.349946
-59.828259 3.348364
-59.830231 3.346401
-59.830246 3.343721
-59.825481 3.334488
-59.824360 3.330108
-59.824863 3.328529
-59.825794 3.325755
-59.826321 3.324182
-59.832069 3.319380
-59.840603 3.307453
-59.851803 3.294216
-59.855774 3.282636
-59.856308 3.281063
-59.860233 3.275329
-59.868305 3.270939
-59.869877 3.270085
-59.874023 3.257189
-59.874454 3.255849
-59.874531 3.255608
-59.877785 3.250696
-59.880684 3.246318
-59.880726 3.246190
-59.881252 3.244654
-59.882076 3.242259
-59.882618 3.240686
-59.881283 3.233083
-59.877556 3.224976
-59.876373 3.222407
-59.876297 3.222239
-59.877457 3.219711
-59.879745 3.219492
-59.881721 3.218250
-59.886639 3.215155
-59.894428 3.214045
-59.901085 3.211317
-59.908779 3.198363
-59.909397 3.197319
-59.908962 3.193173
-59.910126 3.189266
-59.910610 3.183744
-59.908573 3.179129
-59.903122 3.170954
-59.899025 3.164809
-59.897446 3.159966
-59.898636 3.152447
-59.901512 3.151431
-59.901787 3.151579
-59.903473 3.152481
-59.910191 3.156080
-59.913631 3.154487
-59.915249 3.151734
-59.915062 3.151444
-59.913284 3.148741
-59.911118 3.145439
-59.910702 3.144805
-59.909218 3.144422
-59.907959 3.144099
-59.907562 3.143884
-59.901108 3.140381
-59.900200 3.138535
-59.901375 3.132557
-59.901634 3.126804
-59.901649 3.123580
-59.902210 3.123192
-59.902214 3.122009
-59.905029 3.120061
-59.907497 3.118353
-59.919102 3.117916
-59.932964 3.102659
-59.937111 3.096690
-59.942532 3.091072
-59.943157 3.087786
-59.943485 3.086070
-59.943699 3.084944
-59.944080 3.084331
-59.944263 3.083369
-59.950981 3.072570
-59.951405 3.071891
-59.958328 3.063736
-59.959000 3.062945
-59.957443 3.051427
-59.954456 3.040585
-59.953262 3.036257
-59.955231 3.031234
-59.956001 3.029267
-59.956623 3.027712
-59.965130 3.018539
-59.967022 3.015339
-59.967812 3.010694
-59.965099 3.001703
-59.960827 3.000021
-59.958015 2.998913
-59.954838 2.991761
-59.955547 2.986699
-59.957134 2.980422
-59.957874 2.977503
-59.958202 2.976860
-59.958439 2.975923
-59.965374 2.962333
-59.966198 2.957282
-59.962780 2.953583
-59.961311 2.950764
-59.960735 2.949661
-59.961304 2.948084
-59.961891 2.946445
-59.962456 2.944861
-59.973015 2.937771
-59.981575 2.929233
-59.980965 2.921445
-59.983273 2.913165
-59.980328 2.905765
-59.976940 2.897252
-59.976860 2.896844
-59.976048 2.892644
-59.976707 2.891566
-59.976608 2.891058
-59.980442 2.884776
-59.980492 2.884621
-59.982788 2.877729
-59.981876 2.871040
-59.982014 2.870527
-59.982780 2.867639
-59.984440 2.861385
-59.985023 2.858076
-59.985615 2.854717
-59.984337 2.851451
-59.981548 2.844338
-59.982548 2.843868
-59.982109 2.842751
-59.986465 2.840702
-59.989342 2.836819
-59.990009 2.833256
-59.991245 2.826667
-59.990585 2.821368
-59.986782 2.803167
-59.986790 2.801535
-59.986820 2.795113
-59.989868 2.780168
-59.988590 2.761058
-59.985924 2.744012
-59.986519 2.742636
-59.986485 2.742419
-59.988762 2.737150
-59.990231 2.733747
-59.991318 2.728938
-59.991493 2.728163
-59.991016 2.725950
-59.989258 2.717793
-59.989601 2.711904
-59.990005 2.704909
-59.988529 2.701276
-59.986160 2.695455
-59.986832 2.694124
-59.986721 2.693855
-59.988956 2.689413
-59.989189 2.684192
-59.989082 2.683798
-59.987839 2.679123
-59.976460 2.666405
-59.971233 2.659014
-59.970993 2.658490
-59.966705 2.649095
-59.966553 2.646406
-59.965862 2.634131
-59.964729 2.631824
-59.962120 2.626637
-59.959511 2.621440
-59.955223 2.609682
-59.955700 2.605313
-59.956116 2.605062
-59.956264 2.603709
-59.958641 2.602291
-59.960407 2.601238
-59.960484 2.600379
-59.960777 2.597054
-59.961273 2.596233
-59.961342 2.595451
-59.963402 2.592035
-59.963066 2.591057
-59.961967 2.587853
-59.959587 2.587244
-59.956478 2.586444
-59.947132 2.579263
-59.942108 2.577166
-59.935738 2.572065
-59.932552 2.568368
-59.931190 2.565139
-59.931503 2.563293
-59.932365 2.558240
-59.932911 2.556752
-59.932949 2.556642
-59.934200 2.553180
-59.934780 2.551578
-59.938534 2.546338
-59.923580 2.524137
-59.921787 2.515846
-59.922504 2.508024
-59.919556 2.501567
-59.913860 2.496478
-59.910664 2.494392
-59.904987 2.484701
-59.902031 2.480316
-59.902851 2.479088
-59.902596 2.478707
-59.907074 2.472004
-59.907658 2.471131
-59.907463 2.463077
-59.905231 2.449486
-59.903656 2.443727
-59.903908 2.437972
-59.904606 2.435445
-59.900745 2.428753
-59.900101 2.418622
-59.900826 2.409189
-59.899582 2.404528
-59.899475 2.404120
-59.901779 2.399988
-59.908703 2.392433
-59.909710 2.389664
-59.908142 2.385983
-59.905666 2.384761
-59.904610 2.384242
-59.897774 2.380868
-59.898506 2.371668
-59.897766 2.368880
-59.897160 2.366597
-59.893200 2.360899
-59.885120 2.349277
-59.880775 2.349024
-59.878609 2.353503
-59.878002 2.354761
-59.874550 2.358886
-59.871960 2.359146
-59.870201 2.359322
-59.870014 2.359075
-59.868610 2.357243
-59.868771 2.355142
-59.869099 2.350804
-59.867058 2.347570
-59.862335 2.345704
-59.860630 2.345029
-59.859982 2.344772
-59.852013 2.336676
-59.847294 2.330278
-59.846767 2.329565
-59.846561 2.329283
-59.843498 2.321242
-59.839756 2.317973
-59.835411 2.317718
-59.833313 2.322919
-59.832630 2.324608
-59.829872 2.327124
-59.829468 2.326903
-59.826908 2.325499
-59.826649 2.325269
-59.823490 2.322488
-59.820820 2.317595
-59.818958 2.314181
-59.816689 2.310947
-59.811207 2.309308
-59.801449 2.293837
-59.799629 2.291757
-59.794830 2.290350
-59.788021 2.286234
-59.787533 2.285940
-59.782276 2.284992
-59.777920 2.287499
-59.776775 2.287556
-59.768860 2.287948
-59.765335 2.288121
-59.756432 2.284853
-59.746140 2.284105
-59.734474 2.284735
-59.734226 2.284864
-59.731125 2.286505
-59.730034 2.287082
-59.727589 2.288377
-59.724918 2.281314
-59.723751 2.278232
-59.723820 2.277797
-59.724934 2.270875
-59.725239 2.269610
-59.727020 2.262233
-59.728207 2.257317
-59.727772 2.252713
-59.723240 2.244175
-59.721901 2.238183
-59.722511 2.236750
-59.722469 2.236560
-59.723846 2.233326
-59.725838 2.228652
-59.726322 2.227512
-59.726658 2.222373
-59.726795 2.220262
-59.726139 2.214277
-59.726730 2.212871
-59.726707 2.212652
-59.728439 2.208534
-59.728043 2.204058
-59.727810 2.201400
-59.728359 2.200840
-59.728458 2.200737
-59.728374 2.199775
-59.732159 2.195896
-59.735538 2.192427
-59.736355 2.185572
-59.736851 2.184507
-59.736919 2.183944
-59.739285 2.178889
-59.739925 2.177517
-59.737499 2.169467
-59.738167 2.167664
-59.738945 2.165556
-59.739540 2.163940
-59.735916 2.156786
-59.735260 2.151262
-59.737343 2.146439
-59.736664 2.144825
-59.735760 2.142749
-59.732353 2.141493
-59.730053 2.140648
-59.725250 2.141081
-59.723160 2.135298
-59.724178 2.132046
-59.724541 2.130893
-59.725067 2.129213
-59.725731 2.127087
-59.724766 2.123153
-59.724216 2.120812
-59.722767 2.114631
-59.723274 2.104740
-59.723812 2.103097
-59.724335 2.101519
-59.725395 2.098317
-59.725937 2.096676
-59.730534 2.092100
-59.733738 2.091197
-59.739956 2.076741
-59.740055 2.076030
-59.740646 2.071831
-59.742023 2.062047
-59.739101 2.051677
-59.736328 2.051447
-59.736130 2.051431
-59.734077 2.050501
-59.731457 2.046857
-59.730995 2.046212
-59.727268 2.041029
-59.723785 2.035659
-59.720787 2.031035
-59.720230 2.030178
-59.719788 2.026955
-59.720474 2.026180
-59.720356 2.025316
-59.720436 2.025225
-59.730244 2.014165
-59.730797 2.007995
-59.730869 2.007202
-59.731113 2.004469
-59.731667 2.002967
-59.731712 2.002842
-59.732773 1.999920
-59.733395 1.998204
-59.733871 1.996882
-59.733467 1.991597
-59.734180 1.986311
-59.734676 1.985179
-59.734745 1.984670
-59.737057 1.979392
-59.742565 1.975511
-59.744579 1.972905
-59.745007 1.970952
-59.739548 1.964942
-59.738369 1.959007
-59.737766 1.955960
-59.739708 1.947056
-59.739872 1.946310
-59.740177 1.945864
-59.740437 1.944669
-59.742790 1.941212
-59.744972 1.938010
-59.745331 1.936364
-59.746819 1.929554
-59.747047 1.929445
-59.747383 1.927911
-59.752232 1.925632
-59.755783 1.923961
-59.756092 1.923817
-59.756786 1.922439
-59.757034 1.918300
-59.753242 1.911863
-59.752407 1.910446
-59.752274 1.910222
-59.753014 1.908709
-59.755848 1.902927
-59.756435 1.901730
-59.756229 1.897359
-59.753494 1.895504
-59.750317 1.890886
-59.748100 1.877528
-59.748131 1.871716
-59.748135 1.870627
-59.752041 1.866736
-59.753674 1.863976
-59.753338 1.862413
-59.747890 1.854331
-59.747692 1.848809
-59.744270 1.846951
-59.737858 1.848984
-59.730789 1.845497
-59.722790 1.844763
-59.720634 1.847131
-59.718418 1.849570
-59.711544 1.853214
-59.704220 1.854094
-59.699429 1.852458
-59.683010 1.844547
-59.679852 1.843968
-59.677822 1.843594
-59.675243 1.843122
-59.673386 1.841971
-59.670002 1.839875
-59.666576 1.839624
-59.659931 1.842578
-59.656837 1.843770
-59.650570 1.847457
-59.649590 1.846290
-59.651138 1.845809
-59.650768 1.845370
-59.649441 1.843792
-59.644226 1.833876
-59.643459 1.831633
-59.641068 1.824657
-59.642605 1.818198
-59.642929 1.816842
-59.648678 1.809968
-59.660191 1.803759
-59.670673 1.798105
-59.677307 1.791944
-59.679550 1.785308
-59.677895 1.781267
-59.676147 1.777007
-59.668198 1.765468
-59.660233 1.758297
-59.654316 1.752057
-59.651951 1.750188
-59.646118 1.745580
-59.640686 1.741714
-59.640305 1.741443
-59.634724 1.737473
-59.631821 1.736226
-59.626057 1.733753
-59.617840 1.730952
-59.610039 1.731178
-59.604126 1.731349
-59.600563 1.732211
-59.591084 1.734508
-59.578281 1.735322
-59.574169 1.735066
-59.570724 1.734852
-59.565586 1.734538
-59.562969 1.734373
-59.556122 1.732429
-59.548134 1.730162
-59.541763 1.723921
-59.540813 1.722223
-59.540730 1.722075
-59.534149 1.710317
-59.532467 1.707311
-59.532375 1.707167
-59.526436 1.697891
-59.517414 1.683790
-59.513859 1.678236
-59.513031 1.677087
-59.507324 1.669197
-59.505684 1.666922
-59.498592 1.659827
-59.494267 1.655499
-59.493862 1.655096
-59.490440 1.651668
-59.485443 1.644742
-59.483425 1.640295
-59.479790 1.632293
-59.475922 1.628131
-59.470631 1.625795
-59.462238 1.622085
-59.455944 1.618550
-59.453098 1.616952
-59.446854 1.613445
-59.445190 1.612510
-59.442410 1.610947
-59.439228 1.606790
-59.431057 1.594788
-59.414238 1.575611
-59.406536 1.561542
-59.403027 1.555646
-59.402702 1.555099
-59.404091 1.554809
-59.402386 1.551942
-59.397362 1.543496
-59.384647 1.526181
-59.382614 1.521340
-59.378975 1.518102
-59.373627 1.516773
-59.372353 1.516458
-59.369148 1.517591
-59.347664 1.519095
-59.345711 1.519084
-59.345264 1.519082
-59.344921 1.519079
-59.336929 1.517429
-59.329876 1.511873
-59.327271 1.507975
-59.326019 1.506104
-59.322643 1.495504
-59.319473 1.489277
-59.299690 1.469624
-59.294235 1.463386
-59.287651 1.454842
-59.284256 1.448383
-59.274067 1.429931
-59.270004 1.419559
-59.261612 1.407094
-59.252750 1.397390
-59.244095 1.392284
-59.242271 1.391354
-59.230423 1.384622
-59.217663 1.378115
-59.207188 1.370931
-59.206081 1.370407
-59.194881 1.365117
-59.183025 1.360224
-59.178013 1.357669
-59.170944 1.354642
-59.155670 1.348349
-59.149734 1.347169
-59.128746 1.341767
-59.107067 1.336591
-59.082661 1.329562
-59.081154 1.329328
-59.079762 1.329111
-59.071930 1.327894
-59.060966 1.327374
-59.050694 1.326171
-59.043613 1.326132
-59.036537 1.324943
-59.030144 1.323990
-59.016670 1.323457
-59.008224 1.321800
-59.005730 1.318566
-58.998112 1.319147
-58.997272 1.319211
-58.994991 1.318737
-58.979954 1.311295
-58.969910 1.309401
-58.968670 1.309246
-58.966030 1.308920
-58.958263 1.308877
-58.940899 1.309239
-58.932690 1.306666
-58.917191 1.299678
-58.913773 1.298509
-58.903084 1.289251
-58.898323 1.282325
-58.894478 1.275634
-58.892010 1.267340
-58.891800 1.263429
-58.892151 1.262212
-58.893291 1.258276
-58.893661 1.256999
-58.897354 1.249891
-58.903934 1.243557
-58.904243 1.243258
-58.905186 1.238433
-58.903610 1.233825
-58.896561 1.228266
-58.895432 1.227665
-58.895348 0.263506
-59.192211 0.263510
-59.433487 0.263510
-60.037895 0.263490
-60.046764 0.232106
-60.059017 0.162971
-60.073185 0.149886
-60.086788 0.142664
-60.116226 0.133212
-60.120384 0.123505
-60.137882 0.102667
-60.136211 0.092951
-60.127911 0.088240
-60.123459 0.081027
-60.136478 0.065469
-60.134579 0.054019
-60.140366 0.047405
-60.143162 0.037388
-60.138500 0.028748
-60.160660 0.016254
-60.170944 0.000172
-60.184044 -0.000370
-60.181602 -0.009952
-60.203213 -0.033616
-60.206192 -0.061558
-60.222149 -0.083085
-60.228771 -0.101206
-60.230442 -0.110386
-60.225143 -0.119546
-60.227383 -0.128720
-60.220440 -0.135382
-60.224331 -0.142880
-60.232662 -0.146492
-60.249889 -0.167039
-60.249336 -0.175096
-60.258221 -0.173430
-60.265999 -0.178423
-60.264332 -0.189536
-60.275997 -0.202596
-60.285721 -0.210655
-60.293499 -0.205654
-60.299332 -0.211765
-60.291546 -0.229271
-60.299332 -0.256217
-60.304886 -0.264827
-60.289883 -0.293162
-60.292240 -0.295753
-60.302940 -0.303997
-60.302113 -0.328158
-60.318497 -0.330658
-60.321548 -0.337605
-60.317108 -0.358712
-60.322109 -0.368706
-60.322105 -0.377594
-60.335999 -0.385371
-60.343216 -0.401760
-60.349915 -0.407308
-60.344357 -0.413138
-60.345749 -0.420645
-60.341858 -0.430363
-60.344635 -0.440635
-60.382416 -0.470353
-60.382969 -0.479242
-60.391026 -0.494243
-60.390999 -0.503161
-60.399891 -0.510108
-60.397942 -0.545936
-60.394886 -0.553434
-60.382385 -0.557603
-60.379337 -0.576497
-60.387947 -0.581493
-60.383224 -0.590099
-60.365719 -0.588162
-60.365162 -0.597052
-60.357941 -0.605383
-60.350998 -0.622326
-60.340717 -0.625656
-60.327663 -0.640377
-60.319885 -0.637051
-60.313499 -0.641491
-60.314610 -0.660107
-60.303776 -0.673992
-60.308773 -0.689825
-60.302109 -0.693437
-60.303566 -0.711292
-60.309608 -0.724828
-60.317108 -0.722886
-60.341278 -0.738995
-60.345997 -0.745937
-60.353493 -0.742598
-60.377392 -0.742878
-60.383221 -0.759821
-60.400997 -0.757604
-60.419052 -0.764273
-60.421555 -0.773154
-60.427109 -0.778433
-60.434608 -0.772605
-60.457943 -0.774269
-60.467106 -0.768990
-60.479057 -0.770939
-60.494053 -0.782599
-60.497944 -0.789548
-60.492107 -0.796773
-60.495724 -0.804271
-60.493774 -0.812324
-60.498779 -0.822327
-60.506557 -0.821490
-60.519890 -0.833713
-60.503220 -0.841487
-60.504608 -0.849266
-60.531002 -0.875102
-60.541004 -0.875381
-60.547668 -0.868988
-60.557667 -0.869824
-60.557945 -0.860101
-60.591278 -0.853432
-60.594337 -0.872320
-60.609612 -0.864272
-60.620449 -0.863436
-60.624058 -0.871488
-60.633778 -0.868434
-60.636002 -0.876210
-60.654613 -0.883157
-60.667946 -0.894541
-60.672668 -0.887877
-60.669884 -0.878432
-60.675728 -0.873436
-60.707668 -0.865655
-60.717110 -0.870102
-60.732391 -0.858435
-60.752663 -0.861209
-60.751862 -0.850025
-60.754566 -0.842308
-60.759335 -0.828713
-60.753220 -0.819824
-60.759052 -0.809826
-60.756557 -0.795656
-60.773781 -0.791210
-60.773220 -0.782328
-60.766556 -0.778155
-60.761005 -0.761494
-60.768784 -0.754550
-60.777111 -0.756214
-60.781002 -0.748720
-60.788773 -0.744827
-60.797112 -0.744825
-60.799614 -0.735938
-60.793224 -0.728438
-60.797668 -0.700933
-60.812107 -0.692049
-60.843227 -0.690659
-60.851837 -0.674823
-60.847393 -0.663991
-60.849342 -0.654272
-60.854610 -0.647882
-60.861000 -0.642323
-60.882671 -0.649270
-60.908222 -0.623996
-60.908779 -0.615933
-60.916279 -0.610385
-60.916000 -0.589825
-60.912392 -0.581217
-60.920723 -0.555388
-60.930176 -0.554827
-60.935722 -0.560110
-60.946556 -0.559549
-60.953224 -0.554549
-60.958229 -0.560379
-60.975452 -0.562603
-61.000450 -0.559827
-61.025169 -0.543990
-61.033783 -0.548997
-61.046005 -0.545941
-61.055168 -0.538713
-61.063786 -0.513160
-61.087395 -0.500109
-61.096558 -0.499551
-61.112392 -0.507323
-61.119617 -0.499822
-61.129059 -0.497605
-61.148777 -0.499271
-61.155174 -0.505386
-61.157520 -0.515352
-61.173504 -0.508164
-61.198498 -0.505939
-61.208778 -0.498715
-61.216835 -0.500100
-61.222954 -0.505659
-61.223228 -0.519272
-61.216282 -0.533159
-61.224060 -0.539270
-61.224056 -0.559547
-61.231007 -0.563996
-61.275444 -0.576214
-61.285728 -0.573994
-61.298229 -0.576214
-61.326008 -0.597884
-61.348412 -0.595548
-61.356842 -0.598436
-61.366562 -0.607051
-61.390450 -0.617601
-61.407116 -0.631490
-61.428787 -0.634266
-61.430733 -0.643159
-61.426559 -0.653158
-61.435173 -0.658436
-61.456841 -0.657051
-61.464611 -0.664823
-61.472950 -0.683712
-61.474895 -0.702604
-61.483166 -0.717534
-61.516563 -0.745657
-61.538788 -0.756218
-61.548134 -0.789368
-61.552956 -0.810938
-61.549892 -0.839233
-61.543503 -0.843441
-61.543510 -0.852322
-61.558231 -0.863996
-61.558788 -0.893160
-61.578506 -0.910099
-61.580173 -0.930376
-61.585178 -0.937045
-61.579617 -0.955937
-61.583504 -0.982598
-61.576008 -0.988157
-61.560673 -0.988075
-61.562958 -1.000380
-61.560177 -1.010105
-61.547951 -1.023162
-61.543507 -1.035385
-61.544064 -1.062324
-61.546566 -1.071213
-61.567677 -1.074550
-61.576569 -1.079270
-61.578232 -1.088439
-61.566288 -1.099828
-61.574619 -1.104828
-61.577957 -1.113156
-61.571011 -1.120383
-61.566566 -1.132604
-61.569061 -1.140658
-61.578781 -1.150935
-61.582115 -1.164544
-61.573788 -1.184816
-61.582676 -1.189546
-61.588234 -1.197320
-61.595726 -1.223434
-61.606884 -1.246216
-61.607677 -1.278154
-61.626846 -1.293992
-61.628792 -1.301492
-61.611565 -1.308159
-61.585449 -1.338711
-61.582115 -1.353429
-61.587677 -1.361493
-61.599899 -1.367603
-61.619064 -1.394821
-61.614624 -1.402599
-61.608440 -1.405102
-61.581848 -1.409546
-61.573784 -1.428714
-61.547955 -1.429541
-61.538235 -1.433429
-61.539341 -1.443988
-61.532955 -1.465098
-61.516422 -1.502453
-61.481285 -1.517871
-61.473232 -1.527874
-61.469898 -1.538151
-61.470448 -1.545934
-61.475452 -1.553152
-61.474617 -1.578988
-61.482677 -1.580657
-61.491001 -1.574824
-61.544624 -1.525650
-61.559620 -1.495096
-61.572117 -1.478155
-61.604897 -1.448155
-61.635456 -1.433988
-61.657951 -1.430102
-61.717957 -1.409817
-61.740730 -1.392042
-61.769627 -1.382878
-61.790154 -1.378990
-61.797951 -1.380653
-61.817127 -1.399541
-61.826847 -1.401767
-61.839252 -1.401767
-61.869343 -1.401770
-61.896568 -1.395379
-61.905453 -1.379548
-61.909073 -1.348709
-61.920475 -1.331256
-61.949898 -1.297046
-61.956848 -1.265931
-61.966850 -1.242882
-61.987957 -1.216763
-61.989342 -1.201764
-62.012119 -1.151493
-62.017403 -1.141768
-62.039623 -1.118432
-62.062122 -1.099823
-62.071568 -1.097605
-62.087955 -1.100103
-62.099625 -1.096767
-62.105457 -1.086492
-62.114620 -1.083429
-62.118233 -1.076491
-62.111290 -1.060385
-62.125465 -1.037327
-62.142956 -1.037327
-62.145458 -1.028438
-62.154903 -1.026214
-62.168236 -1.014271
-62.171852 -1.005936
-62.199909 -1.000380
-62.203796 -0.982878
-62.213512 -0.983712
-62.227398 -0.973465
-62.259068 -0.975941
-62.272129 -0.952046
-62.286018 -0.943994
-62.293793 -0.948153
-62.298241 -0.940940
-62.312687 -0.930381
-62.317123 -0.914269
-62.328522 -0.915657
-62.340183 -0.904266
-62.356575 -0.875100
-62.364906 -0.877329
-62.366573 -0.869268
-62.376293 -0.866218
-62.369911 -0.859269
-62.373516 -0.848712
-62.380455 -0.843714
-62.376015 -0.836492
-62.394073 -0.828991
-62.395744 -0.820378
-62.428242 -0.812324
-62.433239 -0.803991
-62.442684 -0.802052
-62.448246 -0.810099
-62.453247 -0.803996
-62.461578 -0.801769
-62.465462 -0.788997
-62.480743 -0.795103
-62.501022 -0.781492
-62.504349 -0.765661
-62.510185 -0.758992
-62.494904 -0.750659
-62.498798 -0.733997
-62.506016 -0.730943
-62.508240 -0.714273
-62.495464 -0.703992
-62.492962 -0.687607
-62.486576 -0.681492
-62.469627 -0.693991
-62.463795 -0.688161
-62.455742 -0.692047
-62.428524 -0.692883
-62.425465 -0.700101
-62.416855 -0.703436
-62.410461 -0.710380
-62.406853 -0.727323
-62.392681 -0.719547
-62.390461 -0.709548
-62.382126 -0.706216
-62.367130 -0.710100
-62.358799 -0.707046
-62.361301 -0.699552
-62.369350 -0.695386
-62.372684 -0.686495
-62.370739 -0.676772
-62.353794 -0.677050
-62.348801 -0.670659
-62.341297 -0.675936
-62.333321 -0.670849
-62.331928 -0.662243
-62.326656 -0.656408
-62.318043 -0.661682
-62.309155 -0.660857
-62.304157 -0.654190
-62.296375 -0.652242
-62.290821 -0.646683
-62.287483 -0.638357
-62.293594 -0.622802
-62.301659 -0.619181
-62.300270 -0.610853
-62.291931 -0.610577
-62.290825 -0.602240
-62.302490 -0.587241
-62.309715 -0.583353
-62.308327 -0.567515
-62.318321 -0.552520
-62.309437 -0.546410
-62.311653 -0.537519
-62.303879 -0.534739
-62.309151 -0.514185
-62.302765 -0.508627
-62.294708 -0.507795
-62.286377 -0.493630
-62.290264 -0.484181
-62.284435 -0.477521
-62.274990 -0.478635
-62.270821 -0.470574
-62.278046 -0.465296
-62.273880 -0.454183
-62.248600 -0.439737
-62.243320 -0.432244
-62.227207 -0.425851
-62.221657 -0.409457
-62.212761 -0.408345
-62.217209 -0.399465
-62.202209 -0.393070
-62.206379 -0.376959
-62.203873 -0.368353
-62.195263 -0.364464
-62.193878 -0.338628
-62.188316 -0.330845
-62.219707 -0.311128
-62.226379 -0.317236
-62.235821 -0.317238
-62.239433 -0.308069
-62.248322 -0.301957
-62.245438 -0.294440
-62.254154 -0.279738
-62.253597 -0.271405
-62.241657 -0.260850
-62.238327 -0.252796
-62.246933 -0.252235
-62.253036 -0.236685
-62.253315 -0.219742
-62.245262 -0.211680
-62.246933 -0.190019
-62.241932 -0.181687
-62.244984 -0.174740
-62.258598 -0.165300
-62.268040 -0.163910
-62.280540 -0.151411
-62.290543 -0.139475
-62.293880 -0.128369
-62.319683 -0.102551
-62.317879 -0.084546
-62.322155 -0.070351
-62.330212 -0.068961
-62.332150 -0.060642
-62.323265 -0.062028
-62.321854 -0.038151
-62.326298 -0.031494
-62.322689 -0.024271
-62.346561 0.029582
-62.361588 0.040716
-62.370747 0.054058
-62.390743 0.059612
-62.414898 0.074351
-62.424355 0.091561
-62.428795 0.118498
-62.423252 0.144649
-62.428520 0.173505
-62.438534 0.194874
-62.452686 0.207389
-62.454361 0.243529
-62.468235 0.275729
-62.458534 0.313501
-62.466843 0.332935
-62.461002 0.352659
-62.451855 0.365164
-62.452957 0.373508
-62.446289 0.379056
-62.456001 0.392364
-62.458519 0.417664
-62.467690 0.426008
-62.485195 0.454055
-62.509178 0.439856
-62.518608 0.443676
-62.522911 0.485539
-62.532959 0.508796
-62.527691 0.546522
-62.518250 0.583784
-62.538239 0.675172
-62.535461 0.693807
-62.528519 0.710180
-62.500443 0.747918
-62.462959 0.776845
-62.457684 0.785170
-62.462688 0.820442
-62.466019 0.829051
-62.480999 0.842643
-62.486012 0.866508
-62.470787 0.917342
-62.453522 0.934606
-62.442921 0.960023
-62.445736 0.976825
-62.461575 0.994883
-62.474644 1.016275
-62.477676 1.027921
-62.474373 1.040194
-62.479073 1.047941
-62.478233 1.056579
-62.470459 1.077390
-62.471569 1.086256
-62.480190 1.088788
-62.489895 1.084610
-62.521034 1.083787
-62.529617 1.088792
-62.546150 1.124474
-62.554623 1.174839
-62.586857 1.255452
-62.610764 1.352641
-62.620464 1.362662
-62.626297 1.385171
-62.620468 1.394331
-62.620186 1.403739
-62.637325 1.433696
-62.644455 1.441012
-62.650185 1.444549
-62.676853 1.454603
-62.698513 1.475416
-62.720760 1.488509
-62.730751 1.499606
-62.736301 1.529600
-62.749737 1.535945
-62.756744 1.547601
-62.781731 1.572486
-62.803555 1.589334
-62.805233 1.591317
-62.806648 1.604077
-62.796299 1.630641
-62.773449 1.656279
-62.765835 1.671280
-62.756123 1.675738
-62.733440 1.695074
-62.728542 1.699958
-62.723694 1.712357
-62.731018 1.818205
-62.704128 1.873918
-62.698677 1.911927
-62.705978 1.939694
-62.720871 1.954697
-62.725296 1.957665
-62.742432 1.966642
-62.813198 1.991649
-62.828861 2.013276
-62.838783 2.016442
-62.919777 2.024952
-62.948437 2.031012
-62.980747 2.017757
-63.023735 2.014641
-63.070854 2.039955
-63.085499 2.061409
-63.107216 2.079318
-63.119785 2.096425
-63.129665 2.119495
-63.138252 2.141828
-63.137550 2.161048
-63.141460 2.172419
-63.158585 2.174237
-63.165417 2.180284
-63.194092 2.181184
-63.262596 2.157021
-63.282742 2.153851
-63.310749 2.164975
-63.359768 2.197068
-63.372276 2.211709
-63.378925 2.219485
-63.401199 2.245552
-63.402676 2.253027
-63.397800 2.274253
-63.401413 2.296643
-63.418690 2.345088
-63.425518 2.364233
-63.422291 2.378516
-63.394829 2.407051
-63.395874 2.425745
-63.395893 2.426109
-63.406807 2.435910
-63.445942 2.442394
-63.499943 2.435955
-63.590790 2.414875
-63.655926 2.393882
-63.688686 2.387977
-63.727898 2.386238
-63.780819 2.391248
-63.834011 2.408056
-63.867775 2.424457
-63.893917 2.431798
-63.961193 2.454640
-63.978024 2.467508
-63.988281 2.464925
-64.000534 2.478156
-64.005592 2.477973
-64.012474 2.469711
-64.020775 2.466537
-64.024940 2.471824
-64.032028 2.472180
-64.030228 2.481825
-64.037994 2.486814
-64.038834 2.494044
-64.056053 2.497651
-64.058830 2.502376
-64.057167 2.512928
-64.045380 2.532531
-64.048889 2.548624
-64.044388 2.558760
-64.044388 2.573207
-64.039108 2.578483
-64.033669 2.574850
-64.029114 2.575988
-64.024391 2.590706
-64.009102 2.608203
-64.009941 2.620150
-63.991623 2.636246
-63.984940 2.648482
-63.984386 2.659598
-63.991413 2.670095
-63.987167 2.674316
-63.985497 2.685985
-64.001823 2.699594
-64.003555 2.707097
-63.989662 2.716540
-63.982719 2.717369
-63.986607 2.730709
-63.999664 2.740151
-63.999111 2.759870
-63.994381 2.764319
-63.993824 2.769874
-64.004501 2.772903
-64.009384 2.778208
-64.009384 2.787097
-64.014107 2.795430
-64.014603 2.804831
-64.014694 2.806595
-64.010490 2.811263
-64.013275 2.819044
-64.047165 2.836263
-64.057724 2.850425
-64.066887 2.879593
-64.071602 2.937645
-64.102440 2.951539
-64.111328 2.960425
-64.124947 2.980432
-64.130501 3.004315
-64.160774 3.032651
-64.178001 3.063198
-64.220505 3.095701
-64.235229 3.114319
-64.233559 3.129868
-64.219109 3.152645
-64.210785 3.172089
-64.208282 3.188761
-64.213837 3.223203
-64.213837 3.246261
-64.220490 3.262855
-64.241341 3.314851
-64.234390 3.384035
-64.249115 3.399031
-64.255226 3.410976
-64.251900 3.427922
-64.239944 3.442925
-64.202721 3.477089
-64.189941 3.494869
-64.184395 3.489310
-64.186890 3.499587
-64.183838 3.537922
-64.185776 3.559587
-64.206062 3.590419
-64.244392 3.624864
-64.257729 3.647646
-64.275787 3.661257
-64.281059 3.669314
-64.289124 3.699590
-64.328003 3.720424
-64.342728 3.734866
-64.389954 3.759584
-64.409119 3.765703
-64.428566 3.779868
-64.447456 3.784039
-64.472458 3.781534
-64.485512 3.787366
-64.505493 3.809843
-64.524460 3.841874
-64.552963 3.863635
-64.568352 3.881723
-64.580238 3.928263
-64.597382 3.938626
-64.619850 3.951266
-64.634018 3.975003
-64.650719 3.991869
-64.673859 4.004589
-64.675217 4.012342
-64.680801 4.016255
-64.683853 4.040145
-64.708572 4.066524
-64.716942 4.088721
-64.723030 4.104880
-64.732185 4.120143
-64.753304 4.136810
-64.783585 4.152641
-64.810524 4.174582
-64.821915 4.211812
-64.824974 4.244025
-64.817749 4.265139
-64.796913 4.285699
-64.780525 4.286531
-64.691360 4.244588
-64.658577 4.211532
-64.638618 4.164675
-64.627457 4.138476
-64.593018 4.114030
-64.582008 4.109800
-64.560493 4.101534
-64.544403 4.113748
-64.521072 4.116252
-64.500519 4.110418
-64.500237 4.112642
-64.457741 4.121253
-64.431618 4.134590
-64.403847 4.132086
-64.386345 4.137088
-64.335495 4.129034
-64.306343 4.131247
-64.289673 4.143753
-64.274391 4.142640
-64.269112 4.127926
-64.264122 4.125424
-64.250786 4.129590
-64.232178 4.123755
-64.218834 4.115421
-64.190788 4.116533
-64.171890 4.128758
-64.164391 4.126251
-64.147453 4.110142
-64.133286 4.105974
-64.112724 4.091253
-64.096329 4.053483
-64.094666 4.042648
-64.099953 4.034584
-64.097168 4.025142
-64.075775 3.999581
-64.065468 3.979199
-64.050774 3.950140
-64.036057 3.944030
-64.035667 3.934229
-64.001884 3.932923
-63.997162 3.903479
-63.986332 3.896815
-63.978828 3.900421
-63.964108 3.867922
-63.961330 3.869862
-63.959385 3.887363
-63.956612 3.889588
-63.949940 3.886529
-63.946331 3.900418
-63.937996 3.901255
-63.935219 3.917646
-63.926052 3.925977
-63.914379 3.925974
-63.908360 3.930350
-63.901325 3.933755
-63.891048 3.930425
-63.866787 3.940695
-63.859470 3.947581
-63.854385 3.944588
-63.850216 3.949869
-63.845505 3.947745
-63.839378 3.945976
-63.835213 3.939866
-63.815498 3.939588
-63.796604 3.932641
-63.772434 3.938751
-63.767433 3.935421
-63.755215 3.940146
-63.737995 3.928479
-63.743824 3.920978
-63.738819 3.915139
-63.723267 3.914036
-63.712990 3.903194
-63.709660 3.906255
-63.710217 3.913195
-63.696880 3.913197
-63.682713 3.907365
-63.663269 3.921256
-63.675209 3.922644
-63.673546 3.926813
-63.678543 3.928199
-63.682438 3.935697
-63.693264 3.935975
-63.700497 3.944308
-63.700771 3.949429
-63.694939 3.956535
-63.696320 3.966256
-63.693390 3.977209
-63.691044 3.985977
-63.686047 3.992090
-63.689377 3.999034
-63.685490 4.009031
-63.689384 4.015424
-63.676884 4.019029
-63.675766 4.015159
-63.660770 4.009872
-63.652714 4.001815
-63.643539 3.978476
-63.627605 3.969207
-63.612503 3.950445
-63.608589 3.946165
-63.592159 3.928194
-63.588268 3.919034
-63.593266 3.905423
-63.584652 3.895698
-63.591869 3.890709
-63.590485 3.884590
-63.581043 3.886258
-63.571598 3.883197
-63.554649 3.890978
-63.555210 3.874320
-63.551876 3.864864
-63.548260 3.862649
-63.539375 3.865144
-63.532986 3.857090
-63.523540 3.855982
-63.515766 3.849956
-63.512432 3.847371
-63.503544 3.849591
-63.497429 3.839864
-63.494926 3.850421
-63.502983 3.867922
-63.499100 3.869867
-63.493820 3.867088
-63.491322 3.873477
-63.482483 3.873629
-63.470482 3.867366
-63.469093 3.861812
-63.461601 3.862366
-63.452713 3.858202
-63.434654 3.864866
-63.433811 3.875975
-63.438541 3.883197
-63.417984 3.900977
-63.411877 3.911807
-63.413788 3.914462
-63.420486 3.923757
-63.416321 3.929872
-63.417709 3.934861
-63.432983 3.934307
-63.439651 3.937090
-63.442707 3.939590
-63.439377 3.948478
-63.448036 3.952312
-63.452152 3.955418
-63.428818 3.977088
-63.413540 3.975144
-63.393257 3.980418
-63.366951 3.967081
-63.365444 3.966317
-63.353371 3.960198
-63.346485 3.960939
-63.333191 3.961166
-63.332733 3.960706
-63.331104 3.960524
-63.324646 3.963756
-63.312702 3.960428
-63.314926 3.968478
-63.311035 3.981813
-63.298260 3.976539
-63.292427 3.970415
-63.286591 3.972642
-63.280758 3.955147
-63.254093 3.961533
-63.247543 3.954546
-63.221439 3.951997
-63.204929 3.951252
-63.215988 3.917359
-63.222145 3.898477
-63.233536 3.881531
-63.232151 3.850697
-63.227150 3.844591
-63.226589 3.835417
-63.218193 3.826390
-63.204372 3.811532
-63.195770 3.815140
-63.179646 3.812925
-63.164639 3.804868
-63.151310 3.805976
-63.135731 3.802370
-63.123257 3.804590
-63.114212 3.799439
-63.103260 3.793199
-63.086861 3.778480
-63.082420 3.767089
-63.069641 3.752924
-63.060753 3.751810
-63.059086 3.747368
-63.059086 3.740418
-63.063530 3.733757
-63.063526 3.712998
-63.063526 3.704869
-63.070480 3.696258
-63.081310 3.693199
-63.072979 3.685425
-63.032421 3.665699
-63.026863 3.650149
-63.015469 3.645141
-63.003246 3.624591
-62.990757 3.612089
-62.984917 3.609592
-62.967464 3.610483
-62.965584 3.610578
-62.960197 3.607647
-62.952484 3.611782
-62.929085 3.639314
-62.922142 3.652640
-62.919083 3.672366
-62.908806 3.670975
-62.886856 3.683479
-62.872417 3.699032
-62.852966 3.711815
-62.852539 3.712481
-62.835754 3.738477
-62.819363 3.731537
-62.810188 3.732644
-62.804363 3.729593
-62.797970 3.720702
-62.789917 3.717643
-62.784912 3.699590
-62.776020 3.697094
-62.770748 3.688199
-62.753059 3.675819
-62.748524 3.672644
-62.743805 3.673200
-62.743561 3.676728
-62.744076 3.683755
-62.736855 3.689035
-62.736729 3.693721
-62.736584 3.699036
-62.731026 3.707644
-62.734913 3.719311
-62.734650 3.727963
-62.734356 3.737645
-62.739918 3.756254
-62.735744 3.779029
-62.740997 3.784472
-62.743523 3.787088
-62.738289 3.791200
-62.735615 3.797853
-62.735382 3.800155
-62.738586 3.804533
-62.742531 3.808013
-62.743252 3.808198
-62.744171 3.809460
-62.749920 3.817367
-62.760845 3.825888
-62.771297 3.834036
-62.771580 3.839586
-62.766285 3.842569
-62.753807 3.849600
-62.758526 3.854309
-62.757420 3.859592
-62.769089 3.867093
-62.776028 3.875145
-62.776314 3.881255
-62.787239 3.891707
-62.788803 3.893205
-62.788475 3.898237
-62.787415 3.914592
-62.783245 3.916808
-62.782696 3.921810
-62.784786 3.925847
-62.786583 3.929313
-62.782970 3.934311
-62.777386 3.936221
-62.761860 3.941532
-62.752258 3.959874
-62.743248 3.974312
-62.760010 3.982814
-62.762417 3.984035
-62.763733 3.988616
-62.767338 4.001161
-62.768803 4.006250
-62.766582 4.012367
-62.759609 4.015795
-62.749634 4.020697
-62.751308 4.025237
-62.753532 4.031259
-62.748528 4.034869
-62.736027 4.039867
-62.732174 4.035824
-62.720303 4.035646
-62.715675 4.035578
-62.709255 4.034422
-62.704674 4.032807
-62.694817 4.032567
-62.689289 4.032408
-62.686569 4.032330
-62.676483 4.034160
-62.670753 4.036895
-62.666851 4.038757
-62.662762 4.039466
-62.645046 4.049433
-62.641396 4.051623
-62.637497 4.052542
-62.626038 4.054372
-62.618931 4.053672
-62.606789 4.050205
-62.597855 4.044211
-62.588234 4.037987
-62.585712 4.037982
-62.578152 4.034753
-62.563488 4.030593
-62.561508 4.030217
-62.556152 4.029203
-62.544003 4.030340
-62.535290 4.034245
-62.527248 4.056106
-62.524677 4.059110
-62.524494 4.059324
-62.520443 4.075116
-62.520123 4.076359
-62.514614 4.083948
-62.509796 4.087166
-62.505455 4.087684
-62.496727 4.090375
-62.474255 4.099786
-62.470818 4.100244
-62.458893 4.105985
-62.450130 4.108715
-62.437561 4.112633
-62.422428 4.118140
-62.417419 4.119049
-62.414864 4.119512
-62.401794 4.122258
-62.387802 4.128687
-62.379314 4.134891
-62.372204 4.139716
-62.361877 4.147531
-62.358849 4.148830
-62.355457 4.150285
-62.350418 4.147976
-62.345375 4.145797
-62.339191 4.143126
-62.337742 4.142700
-62.334892 4.141865
-62.332088 4.141045
-62.323833 4.140803
-62.304348 4.141697
-62.292404 4.141134
-62.291981 4.141113
-62.289219 4.140983
-62.277580 4.141517
-62.269733 4.141877
-62.261181 4.141150
-62.258732 4.140940
-62.248878 4.138622
-62.233070 4.131924
-62.229332 4.129820
-62.225281 4.127539
-62.206955 4.117611
-62.203751 4.115765
-62.199070 4.112508
-62.193546 4.108663
-62.191154 4.106997
-62.186111 4.105607
-62.175011 4.099339
-62.167870 4.095788
-62.166428 4.095077
-62.163437 4.093600
-62.154045 4.090131
-62.141899 4.089420
-62.134560 4.091253
-62.132870 4.092424
-62.122627 4.099519
-62.119389 4.103284
-62.117661 4.105294
-62.116890 4.106188
-62.107208 4.115509
-62.104954 4.117679
-62.099148 4.121551
-62.094627 4.124569
-62.090134 4.126431
-62.085224 4.128466
-62.083157 4.130306
-62.076103 4.134495
-62.075813 4.134668
-62.073055 4.139497
-62.067078 4.151458
-62.060947 4.156502
-62.060654 4.156741
-62.048248 4.157644
-62.035892 4.158542
-62.033421 4.158836
-62.024429 4.159903
-62.020069 4.162198
-62.011723 4.163141
-62.007111 4.163661
-62.004017 4.164012
-61.989346 4.162833
-61.985916 4.157993
-61.985004 4.154307
-61.985935 4.146253
-61.987320 4.139347
-61.987568 4.128298
-61.983227 4.120692
-61.976357 4.117458
-61.965588 4.114906
-61.956417 4.114659
-61.946869 4.115364
-61.944267 4.115557
-61.934406 4.118071
-61.927982 4.121973
-61.925243 4.128387
-61.919926 4.140835
-61.911652 4.153482
-61.909515 4.156372
-61.903149 4.164978
-61.894890 4.170715
-61.889153 4.172317
-61.878838 4.172529
-61.870121 4.176887
-61.835243 4.194083
-61.813210 4.208083
-61.808086 4.211757
-61.801044 4.216808
-61.790474 4.222843
-61.786129 4.225325
-61.781761 4.227818
-61.776024 4.231260
-61.771664 4.234246
-61.767632 4.238442
-61.766148 4.239987
-61.759628 4.250642
-61.756721 4.255394
-61.751671 4.258145
-61.747543 4.259289
-61.741898 4.258521
-61.738136 4.258177
-61.737457 4.258115
-61.729210 4.256027
-61.727325 4.256458
-61.726227 4.256711
-61.723248 4.255323
-61.714970 4.256137
-61.700317 4.257577
-61.684956 4.258694
-61.675655 4.259113
-61.670280 4.259353
-61.661572 4.258414
-61.655956 4.257440
-61.650799 4.256549
-61.641636 4.253764
-61.630405 4.251667
-61.628403 4.250886
-61.623302 4.248891
-61.616199 4.248183
-61.609550 4.248169
-61.600838 4.248609
-61.599602 4.248828
-61.590515 4.250427
-61.579269 4.257078
-61.572628 4.261390
-61.565491 4.266026
-61.551262 4.272670
-61.544147 4.275874
-61.538269 4.277164
-61.528549 4.279293
-61.523296 4.282258
-61.521023 4.288813
-61.520500 4.290324
-61.520950 4.294237
-61.522324 4.299545
-61.523453 4.303912
-61.529976 4.322915
-61.534843 4.337092
-61.538494 4.344467
-61.539631 4.349766
-61.544193 4.359903
-61.543957 4.363126
-61.542614 4.372865
-61.542561 4.373255
-61.537949 4.383834
-61.528992 4.390487
-61.514328 4.404169
-61.512863 4.405536
-61.511761 4.406562
-61.504635 4.414833
-61.493145 4.424936
-61.485096 4.434816
-61.482113 4.436419
-61.474998 4.438244
-61.467434 4.437996
-61.462162 4.437752
-61.455776 4.437524
-61.455280 4.437506
-61.448845 4.436220
-61.445980 4.435651
-61.443756 4.435208
-61.443592 4.435174
-61.438274 4.434568
-61.437401 4.434468
-61.431442 4.433533
-61.423687 4.432897
-61.416824 4.432334
-61.390862 4.430208
-61.386044 4.430835
-61.369987 4.432918
-61.366650 4.434397
-61.363152 4.436291
-61.361031 4.437499
-61.352768 4.441392
-61.334839 4.457920
-61.329323 4.463661
-61.324909 4.471005
-61.321609 4.479430
-61.321026 4.480907
-61.321701 4.484823
-61.324898 4.491277
-61.327641 4.494274
-61.345737 4.502612
-61.353523 4.508387
-61.356289 4.515309
-61.354450 4.520697
-61.354412 4.520810
-61.353947 4.522201
-61.350266 4.527023
-61.344749 4.531844
-61.330288 4.537564
-61.318127 4.540525
-61.309864 4.542804
-61.304134 4.542098
-61.300159 4.541391
-61.289692 4.539529
-61.278461 4.536277
-61.271816 4.534417
-61.270493 4.534214
-61.267231 4.533715
-61.260807 4.533236
-61.255768 4.531381
-61.248569 4.530959
-61.247513 4.530898
-61.239582 4.529708
-61.237431 4.529385
-61.222527 4.527146
-61.219437 4.526105
-61.215652 4.524824
-61.204292 4.519942
-61.199738 4.517984
-61.197327 4.516947
-61.186562 4.510472
-61.180386 4.505392
-61.160240 4.491521
-61.154743 4.488285
-61.149712 4.484356
-61.147717 4.484100
-61.145004 4.483752
-61.144207 4.483649
-61.140537 4.484561
-61.124462 4.491651
-61.117336 4.496927
-61.114124 4.497837
-61.103790 4.503332
-61.082432 4.513631
-61.068199 4.518885
-61.061230 4.519881
-61.053978 4.520915
-61.046406 4.521813
-61.035172 4.520858
-61.026688 4.519912
-61.021889 4.519461
-61.016602 4.518962
-61.013153 4.517394
-61.012020 4.516877
-60.997116 4.515220
-60.991333 4.516063
-60.977829 4.523910
-60.968632 4.531481
-60.963341 4.537220
-60.957081 4.545915
-60.956894 4.546177
-60.954594 4.554063
-60.954346 4.554918
-60.944885 4.575147
-60.941372 4.580054
-60.940281 4.581579
-60.937981 4.582953
-60.934521 4.589387
-60.933975 4.590427
-60.931976 4.594210
-60.931156 4.596414
-60.930599 4.597893
-60.928967 4.607326
-60.932358 4.623451
-60.935772 4.632212
-60.940781 4.645117
-60.940536 4.647875
-60.938328 4.653759
-60.937771 4.655236
-60.936131 4.656934
-60.931561 4.661666
-60.925896 4.666135
-60.920521 4.670379
-60.914349 4.679612
-60.914070 4.680026
-60.910679 4.693295
-60.909904 4.696322
-60.906059 4.702923
-60.897320 4.710261
-60.889515 4.712080
-60.875080 4.707428
-60.868431 4.705569
-60.863155 4.706011
-60.856960 4.706220
-60.851223 4.706893
-60.844795 4.708026
-60.834461 4.712597
-60.825260 4.720855
-60.812149 4.732554
-60.804794 4.737135
-60.792854 4.740777
-60.780918 4.743733
-60.763008 4.748508
-60.748764 4.755365
-60.742332 4.758107
-60.731525 4.765439
-60.728073 4.769571
-60.724148 4.777156
-60.723545 4.778608
-60.723248 4.779326
-60.716808 4.794883
-60.716202 4.796331
-60.713047 4.799362
-60.709755 4.802523
-60.701248 4.808251
-60.698700 4.810176
-60.690212 4.816588
-60.686989 4.819022
-60.677784 4.827967
-60.664825 4.845428
-60.661423 4.850013
-60.658363 4.853061
-60.657280 4.854141
-60.652023 4.861272
-60.649658 4.868130
-60.648914 4.870284
-60.647621 4.874029
-60.647526 4.874314
-60.644226 4.880469
-60.644409 4.880563
-60.643421 4.882407
-60.640026 4.886771
-60.636280 4.891589
-60.630531 4.895943
-60.626442 4.900426
-60.623623 4.903516
-60.618793 4.906953
-60.609005 4.917248
-60.601406 4.925239
-60.593925 4.933108
-60.590008 4.941721
-60.589535 4.942761
-60.587196 4.955182
-60.587612 4.961889
-60.587852 4.965773
-60.595303 4.982481
-60.602654 4.998971
-60.604126 5.001462
-60.604538 5.002157
-60.611622 5.014145
-60.612335 5.015356
-60.613224 5.016862
-60.630581 5.046242
-60.631409 5.047640
-60.632801 5.050488
-60.641438 5.068159
-60.642075 5.072562
-60.643234 5.080596
-60.642998 5.088814
-60.642715 5.098549
-60.643623 5.100892
-60.645218 5.105001
-60.647499 5.109153
-60.651360 5.115865
-60.657314 5.126217
-60.657433 5.126545
-60.661861 5.138892
-60.665257 5.153635
-60.668217 5.161011
-60.674156 5.170006
-60.689720 5.182719
-60.701633 5.189894
-60.709885 5.193144
-60.721634 5.194471
-60.723095 5.194060
-60.727093 5.194812
-60.730518 5.197121
-60.724178 5.202099
-60.722565 5.203475
-60.716412 5.207851
-60.711292 5.211493
-60.707844 5.214014
-60.702328 5.215607
-60.689922 5.219477
-60.689125 5.219475
-60.679821 5.219443
-60.679417 5.219511
-60.670406 5.221022
-60.661682 5.221683
-60.655487 5.220512
-60.643097 5.219780
-60.630249 5.217433
-60.621078 5.214639
-60.608009 5.210222
-60.597706 5.203279
-60.571815 5.189377
-60.569130 5.188937
-60.560345 5.187494
-60.552769 5.187699
-60.542892 5.189735
-60.532551 5.193842
-60.516468 5.198849
-60.504990 5.199270
-60.497875 5.199243
-60.487549 5.198053
-60.481358 5.196419
-60.468967 5.195455
-60.459335 5.193347
-60.449940 5.188479
-60.445145 5.181557
-60.438046 5.176926
-60.431152 5.179435
-60.427464 5.184483
-60.406963 5.204663
-60.396610 5.211760
-60.392479 5.211284
-60.381248 5.206869
-60.371628 5.201308
-60.361538 5.198509
-60.355801 5.198947
-60.343410 5.197057
-60.335606 5.197488
-60.329174 5.199077
-60.318356 5.207092
-60.310982 5.215580
-60.308666 5.220405
-60.303368 5.225909
-60.294628 5.231169
-60.282223 5.233193
-60.267506 5.240730
-60.253941 5.246663
-60.239456 5.253281
-60.231403 5.257623
-60.221066 5.260344
-60.212326 5.264454
-60.203144 5.264878
-60.197647 5.262093
-60.191029 5.251248
-60.182621 5.229809
-60.176434 5.226561
-60.168861 5.226301
