-93.369026 36.496861
-93.365303 36.496849
-93.315231 36.497051
-93.301498 36.497139
-93.298332 36.497139
-93.285461 36.496799
-93.094856 36.496990
-93.076889 36.496952
-93.026749 36.497070
-93.022430 36.497059
-93.021317 36.497051
-93.010979 36.497009
-93.000420 36.496979
-92.990936 36.496960
-92.983246 36.496960
-92.981903 36.496971
-92.974091 36.497040
-92.970337 36.497070
-92.965187 36.497108
-92.954056 36.497200
-92.937141 36.497330
-92.932861 36.497181
-92.921806 36.496811
-92.915382 36.496830
-92.906548 36.496761
-92.889946 36.496620
-92.876732 36.496510
-92.871307 36.496529
-92.854126 36.496590
-92.853500 36.496590
-92.851837 36.496601
-92.847023 36.496620
-92.834099 36.496651
-92.795502 36.496792
-92.788887 36.496799
-92.774323 36.496952
-92.751678 36.496819
-92.739090 36.496899
-92.735397 36.496922
-92.733368 36.496941
-92.715950 36.496952
-92.640968 36.497021
-92.637779 36.496990
-92.619789 36.496769
-92.614311 36.496700
-92.562790 36.496502
-92.528450 36.496490
-92.294350 36.496552
-92.266876 36.496571
-92.262627 36.496571
-92.255997 36.496502
-92.244888 36.496662
-92.154686 36.496830
-92.122971 36.496830
-92.031059 36.496910
-91.758026 36.498482
-91.672493 36.498211
-91.490158 36.497639
-91.447807 36.497620
-91.410599 36.497601
-91.219719 36.497520
-91.166481 36.497391
-91.126991 36.497292
-90.951553 36.496861
-90.780403 36.496632
-90.684486 36.496510
-90.576866 36.496471
-90.415421 36.496662
-90.219612 36.496380
-90.153572 36.496300
-90.154427 36.494110
-90.155624 36.492779
-90.156807 36.490982
-90.157471 36.488281
-90.158142 36.485111
-90.159363 36.482872
-90.158867 36.480141
-90.156082 36.477810
-90.152893 36.477230
-90.148140 36.475391
-90.145378 36.472160
-90.143791 36.468052
-90.142746 36.464851
-90.141693 36.462109
-90.140671 36.458000
-90.138489 36.454781
-90.136932 36.451591
-90.137581 36.448421
-90.137070 36.446140
-90.135422 36.443401
-90.134918 36.440670
-90.135551 36.437962
-90.136757 36.435711
-90.137932 36.434361
-90.137962 36.433010
-90.139153 36.431210
-90.141533 36.430801
-90.143898 36.428131
-90.144547 36.425419
-90.144051 36.423141
-90.140640 36.422619
-90.138908 36.423038
-90.136650 36.422081
-90.136017 36.419369
-90.136642 36.417110
-90.136696 36.414841
-90.135567 36.414371
-90.134018 36.414780
-90.131721 36.415180
-90.130623 36.413799
-90.129326 36.412460
-90.127083 36.410610
-90.125381 36.410130
-90.123672 36.409649
-90.120216 36.410500
-90.117958 36.409561
-90.115158 36.407249
-90.112602 36.404819
-90.108383 36.403961
-90.099243 36.403370
-90.091248 36.402779
-90.086693 36.402260
-90.082153 36.400829
-90.078789 36.398052
-90.077133 36.395760
-90.075203 36.394089
-90.072037 36.393410
-90.070381 36.391560
-90.068497 36.388969
-90.066879 36.386211
-90.066010 36.383781
-90.066101 36.380150
-90.066063 36.376209
-90.065071 36.371201
-90.065773 36.367592
-90.067146 36.361568
-90.068382 36.357201
-90.070740 36.354980
-90.073647 36.353230
-90.076561 36.350830
-90.076668 36.348301
-90.075577 36.346462
-90.074516 36.344170
-90.075729 36.341930
-90.077507 36.340149
-90.077591 36.337429
-90.076393 36.335411
-90.075882 36.332680
-90.077667 36.329540
-90.079643 36.327042
-90.081467 36.323441
-90.080757 36.320511
-90.078537 36.318211
-90.075409 36.316521
-90.071800 36.313560
-90.067627 36.309559
-90.066643 36.305000
-90.066986 36.300789
-90.068016 36.297771
-90.071533 36.295120
-90.073868 36.293350
-90.076958 36.290512
-90.077469 36.287979
-90.077637 36.285980
-90.078323 36.281910
-90.080063 36.278500
-90.081306 36.276520
-90.084778 36.273609
-90.086540 36.272972
-90.089401 36.272560
-90.092857 36.271259
-90.096329 36.269501
-90.100906 36.268940
-90.106682 36.267239
-90.110153 36.265949
-90.113556 36.265240
-90.117058 36.262569
-90.118820 36.260330
-90.119476 36.256710
-90.120132 36.253540
-90.121353 36.250389
-90.122543 36.248589
-90.124847 36.247269
-90.127327 36.245880
-90.128937 36.243702
-90.130127 36.241451
-90.129036 36.239620
-90.126816 36.237320
-90.125732 36.235031
-90.126373 36.232319
-90.128380 36.230469
-90.132156 36.228779
-90.136177 36.227482
-90.141922 36.226212
-90.145958 36.224461
-90.148903 36.220871
-90.152168 36.217781
-90.156799 36.215599
-90.161957 36.214802
-90.168259 36.214012
-90.173439 36.212299
-90.179787 36.209702
-90.186737 36.206200
-90.191917 36.202579
-90.192680 36.202019
-90.198410 36.197811
-90.201439 36.194000
-90.204933 36.189770
-90.207893 36.186390
-90.211937 36.184181
-90.217117 36.181992
-90.221687 36.181149
-90.224030 36.178921
-90.227562 36.173981
-90.230537 36.168579
-90.232941 36.163620
-90.233772 36.159470
-90.233131 36.155460
-90.232666 36.150921
-90.233017 36.146290
-90.235443 36.141800
-90.238403 36.138229
-90.243866 36.134300
-90.252548 36.128979
-90.259453 36.125900
-90.263313 36.124180
-90.267967 36.121090
-90.270866 36.118881
-90.275497 36.116699
-90.281776 36.116360
-90.286926 36.115551
-90.290459 36.115009
-90.294403 36.112961
-90.297928 36.109402
-90.300346 36.105629
-90.301567 36.102020
-90.302773 36.099312
-90.305092 36.097530
-90.307983 36.096420
-90.312019 36.094681
-90.314919 36.092922
-90.317261 36.090691
-90.319046 36.088009
-90.320213 36.083679
-90.319359 36.077122
-90.320427 36.073250
-90.322769 36.070560
-90.326797 36.068802
-90.331398 36.066601
-90.334549 36.063789
-90.336067 36.060760
-90.336723 36.057140
-90.336510 36.054749
-90.337196 36.050671
-90.337471 36.048981
-90.339813 36.046299
-90.342148 36.043610
-90.344467 36.041370
-90.345680 36.038212
-90.346863 36.036411
-90.349182 36.034180
-90.351501 36.031940
-90.353172 36.029190
-90.353889 36.026981
-90.355103 36.023369
-90.356903 36.019310
-90.360970 36.015282
-90.367386 36.009480
-90.372681 36.003220
-90.375656 35.998280
-90.377327 35.995090
-90.331337 35.996571
-90.288567 35.997089
-90.257393 35.997471
-90.125900 35.997921
-90.106003 35.997982
-90.079338 35.998070
-90.000771 35.998440
-89.958687 35.999432
-89.843697 36.002129
-89.729523 36.001572
-89.716942 36.001522
-89.718887 35.995510
-89.721390 35.987759
-89.721626 35.980259
-89.721832 35.973671
-89.720390 35.967361
-89.716171 35.962502
-89.708870 35.958622
-89.698860 35.953300
-89.692703 35.950031
-89.688721 35.947922
-89.683327 35.944172
-89.679779 35.941700
-89.667290 35.933022
-89.666222 35.932270
-89.658714 35.927052
-89.655991 35.922901
-89.646446 35.908360
-89.644409 35.904659
-89.650391 35.890850
-89.665581 35.883381
-89.676323 35.885712
-89.688583 35.897160
-89.713173 35.906109
-89.732391 35.905029
-89.753143 35.897362
-89.767731 35.889580
-89.772270 35.868450
-89.770607 35.861870
-89.762398 35.856892
-89.707420 35.838581
-89.700966 35.833462
-89.698456 35.827579
-89.706543 35.817162
-89.709991 35.815361
-89.715080 35.812710
-89.717293 35.811710
-89.720978 35.810249
-89.727982 35.807480
-89.733452 35.805321
-89.736946 35.805389
-89.741966 35.805500
-89.748222 35.807041
-89.754410 35.808559
-89.758987 35.809689
-89.763237 35.810730
-89.767937 35.810112
-89.770813 35.809731
-89.772263 35.809540
-89.777557 35.807590
-89.781738 35.806061
-89.785667 35.803429
-89.788879 35.801289
-89.791290 35.798019
-89.793663 35.794781
-89.798286 35.779732
-89.798546 35.778900
-89.800011 35.774139
-89.802612 35.769520
-89.806290 35.767509
-89.818626 35.756821
-89.844559 35.755482
-89.849106 35.754631
-89.856750 35.752060
-89.863243 35.748661
-89.873436 35.741570
-89.874573 35.741951
-89.875160 35.741600
-89.888893 35.750870
-89.890877 35.753429
-89.905983 35.759819
-89.952713 35.737961
-89.956833 35.731880
-89.958336 35.725201
-89.957710 35.715000
-89.957367 35.709541
-89.956856 35.701332
-89.956459 35.695011
-89.953857 35.688740
-89.946121 35.679310
-89.945778 35.678890
-89.939346 35.671051
-89.933426 35.665779
-89.928062 35.660980
-89.917320 35.656521
-89.911850 35.654259
-89.905640 35.654530
-89.902222 35.654682
-89.896027 35.654949
-89.895500 35.654980
-89.889923 35.657249
-89.886627 35.659531
-89.872360 35.669472
-89.871628 35.669659
-89.868896 35.669960
-89.866112 35.670269
-89.863571 35.668499
-89.860229 35.666180
-89.857407 35.664219
-89.852257 35.652119
-89.855530 35.638390
-89.862167 35.632160
-89.862633 35.631912
-89.886848 35.621761
-89.895836 35.618000
-89.907738 35.613930
-89.926086 35.607651
-89.934692 35.604721
-89.941406 35.602322
-89.945999 35.599251
-89.951302 35.595722
-89.954300 35.591480
-89.955940 35.586929
-89.953217 35.577942
-89.948067 35.569309
-89.946747 35.567120
-89.943916 35.562359
-89.939697 35.558800
-89.935631 35.555359
-89.925316 35.552639
-89.912689 35.549309
-89.910271 35.546680
-89.907486 35.538212
-89.906593 35.535759
-89.906036 35.533150
-89.907158 35.528130
-89.908226 35.523479
-89.910103 35.519630
-89.914963 35.516811
-89.918953 35.513901
-89.920723 35.514080
-89.934113 35.517952
-89.954857 35.524010
-89.956390 35.530041
-89.958611 35.533951
-89.961487 35.539001
-89.961777 35.539532
-89.964920 35.543301
-89.968018 35.547009
-89.969223 35.547749
-89.987961 35.559380
-89.988876 35.559559
-89.999260 35.560020
-90.004883 35.558899
-90.010040 35.557850
-90.025879 35.554672
-90.027077 35.554432
-90.031731 35.553490
-90.036148 35.551521
-90.041779 35.540520
-90.042297 35.539501
-90.043739 35.533131
-90.045120 35.526958
-90.049133 35.511330
-90.044693 35.492409
-90.027946 35.474998
-90.019089 35.468960
-90.019043 35.462540
-90.025856 35.447422
-90.030861 35.427929
-90.042290 35.421391
-90.047890 35.410309
-90.031357 35.394630
-90.054146 35.389320
-90.063263 35.399940
-90.071640 35.410851
-90.067421 35.413620
-90.065086 35.415169
-90.065788 35.416710
-90.066566 35.418430
-90.068047 35.421692
-90.070068 35.426140
-90.072617 35.431740
-90.072479 35.437321
-90.072807 35.443520
-90.070717 35.453701
-90.069679 35.458721
-90.070686 35.467220
-90.072563 35.469749
-90.074951 35.472969
-90.080170 35.476139
-90.084877 35.478989
-90.086426 35.479149
-90.099060 35.480419
-90.104652 35.478821
-90.108551 35.477711
-90.112526 35.474461
-90.116676 35.471069
-90.122681 35.458061
-90.124771 35.453529
-90.128143 35.448689
-90.131577 35.443748
-90.135727 35.441269
-90.140968 35.437790
-90.142563 35.436729
-90.143257 35.436260
-90.147301 35.434349
-90.153282 35.430771
-90.160103 35.426701
-90.163857 35.424450
-90.167572 35.421440
-90.170898 35.418739
-90.171608 35.416161
-90.172462 35.413052
-90.177780 35.393700
-90.178787 35.390030
-90.179848 35.386169
-90.178886 35.384300
-90.176849 35.380260
-90.169678 35.375629
-90.160347 35.375080
-90.150421 35.374489
-90.145744 35.375301
-90.142838 35.375801
-90.140572 35.376221
-90.140121 35.376572
-90.138283 35.379459
-90.139320 35.381199
-90.141068 35.384090
-90.146332 35.392811
-90.147293 35.400040
-90.145790 35.404812
-90.144402 35.409229
-90.137291 35.413940
-90.136787 35.414101
-90.126122 35.415779
-90.111778 35.410400
-90.108971 35.407322
-90.106598 35.404720
-90.103493 35.401310
-90.099701 35.397160
-90.095039 35.394051
-90.090683 35.391129
-90.075111 35.384670
-90.078590 35.378021
-90.087860 35.363911
-90.107918 35.342751
-90.104843 35.331200
-90.108337 35.309021
-90.112267 35.306808
-90.116280 35.305649
-90.119568 35.304699
-90.123726 35.304302
-90.126518 35.304031
-90.130478 35.303650
-90.134483 35.303261
-90.141281 35.302601
-90.142899 35.302452
-90.156387 35.301151
-90.164177 35.295410
-90.165009 35.292130
-90.166031 35.288071
-90.165886 35.287498
-90.167427 35.275589
-90.151817 35.255772
-90.141792 35.254040
-90.103867 35.255360
-90.087326 35.242691
-90.079796 35.228981
-90.074127 35.218880
-90.076187 35.210300
-90.084503 35.207291
-90.091728 35.201881
-90.095177 35.196869
-90.106216 35.197929
-90.115112 35.197651
-90.114609 35.180031
-90.098930 35.160961
-90.087219 35.157921
-90.075607 35.154121
-90.066841 35.150520
-90.067520 35.142139
-90.069893 35.137180
-90.072968 35.134239
-90.076569 35.130810
-90.078651 35.128811
-90.084358 35.123459
-90.089966 35.120350
-90.097809 35.119621
-90.110382 35.123272
-90.122208 35.129311
-90.126846 35.131680
-90.131210 35.133900
-90.136856 35.135502
-90.142639 35.137142
-90.149353 35.136440
-90.160370 35.131969
-90.165123 35.128700
-90.170128 35.125259
-90.177818 35.118069
-90.179230 35.116760
-90.181358 35.111740
-90.182678 35.108639
-90.184288 35.103130
-90.186470 35.094681
-90.185677 35.089989
-90.184799 35.084751
-90.184448 35.083561
-90.193237 35.061981
-90.200722 35.030319
-90.215736 35.026958
-90.237022 35.031792
-90.246017 35.033840
-90.247231 35.033882
-90.252121 35.034931
-90.256332 35.035820
-90.261650 35.037151
-90.267250 35.038540
-90.271156 35.039310
-90.271729 35.039421
-90.275650 35.039669
-90.279556 35.039242
-90.280151 35.039169
-90.286827 35.038452
-90.287437 35.038292
-90.293678 35.037109
-90.297653 35.034901
-90.301651 35.030380
-90.305252 35.026310
-90.306999 35.020512
-90.308479 35.015259
-90.308746 35.014160
-90.310379 35.007492
-90.310753 35.001480
-90.309769 34.996609
-90.309280 34.991470
-90.305496 34.985062
-90.298576 34.978329
-90.289017 34.972450
-90.275093 34.964630
-90.262596 34.957981
-90.252373 34.952042
-90.248550 34.949379
-90.246361 34.945129
-90.244591 34.938042
-90.242249 34.928719
-90.242287 34.920330
-90.242836 34.914879
-90.244499 34.908981
-90.247849 34.904282
-90.252480 34.897991
-90.258461 34.893509
-90.265556 34.889561
-90.270073 34.888260
-90.274689 34.887569
-90.280853 34.885731
-90.286453 34.884361
-90.292076 34.881321
-90.297203 34.878212
-90.300606 34.875999
-90.303459 34.873760
-90.306007 34.870689
-90.306931 34.868820
-90.307663 34.865692
-90.306526 34.862511
-90.305473 34.858810
-90.305939 34.853889
-90.307602 34.849800
-90.310951 34.846611
-90.313042 34.845749
-90.315849 34.845329
-90.319336 34.845680
-90.322548 34.846329
-90.326080 34.847931
-90.330017 34.851551
-90.335251 34.854691
-90.338440 34.857430
-90.340126 34.858791
-90.342369 34.859692
-90.344040 34.859692
-90.344673 34.859821
-90.348030 34.859871
-90.352547 34.858120
-90.362518 34.854630
-90.367546 34.852352
-90.371201 34.850201
-90.374603 34.848881
-90.378532 34.848030
-90.383202 34.846851
-90.385437 34.845940
-90.389351 34.844559
-90.392700 34.841820
-90.396683 34.837379
-90.401253 34.832901
-90.405518 34.830429
-90.406937 34.830040
-90.408867 34.829510
-90.413353 34.828579
-90.416473 34.828571
-90.418137 34.829041
-90.420647 34.833099
-90.428047 34.853500
-90.431488 34.867119
-90.433769 34.874821
-90.436043 34.879810
-90.438301 34.882980
-90.441597 34.887032
-90.445480 34.889351
-90.451042 34.891251
-90.458527 34.892441
-90.464691 34.892872
-90.470772 34.891171
-90.477547 34.888279
-90.482002 34.884842
-90.485237 34.881100
-90.486443 34.875980
-90.486748 34.871281
-90.485748 34.865360
-90.483543 34.860550
-90.479782 34.855289
-90.473740 34.849300
-90.469917 34.844261
-90.467216 34.839230
-90.464897 34.834290
-90.460953 34.828861
-90.459801 34.824322
-90.460266 34.822342
-90.463127 34.819191
-90.465363 34.817490
-90.468811 34.815182
-90.471481 34.811562
-90.472878 34.807972
-90.473526 34.803429
-90.473038 34.799789
-90.472557 34.795250
-90.469887 34.788849
-90.462883 34.777531
-90.456680 34.770290
-90.453026 34.764561
-90.449341 34.759418
-90.446510 34.754929
-90.446030 34.750839
-90.446686 34.746300
-90.449013 34.742241
-90.452423 34.739109
-90.456963 34.735989
-90.463737 34.732899
-90.471542 34.730259
-90.481163 34.728592
-90.487877 34.727760
-90.497383 34.728340
-90.505096 34.729671
-90.511261 34.731461
-90.517433 34.733700
-90.521851 34.735920
-90.524040 34.738670
-90.524200 34.741390
-90.522537 34.744129
-90.519402 34.747250
-90.515297 34.750069
-90.510857 34.754410
-90.506279 34.759800
-90.503967 34.763859
-90.503113 34.767380
-90.503296 34.771042
-90.503723 34.776001
-90.504883 34.781898
-90.507721 34.788250
-90.511116 34.795502
-90.513962 34.800030
-90.517326 34.802280
-90.522377 34.803169
-90.530212 34.802681
-90.537407 34.800610
-90.542480 34.796261
-90.546356 34.791252
-90.547997 34.785339
-90.548523 34.780342
-90.547371 34.775810
-90.545662 34.770821
-90.543388 34.766289
-90.541679 34.762211
-90.539970 34.757221
-90.540001 34.752670
-90.541039 34.750401
-90.547760 34.750820
-90.550301 34.750809
-90.551216 34.750820
-90.553467 34.749939
-90.555763 34.747700
-90.559738 34.744110
-90.563728 34.740082
-90.566109 34.735752
-90.568268 34.731739
-90.569397 34.727562
-90.569382 34.724380
-90.568802 34.721661
-90.567482 34.718769
-90.565956 34.716221
-90.563148 34.713959
-90.559776 34.711712
-90.552010 34.708591
-90.545563 34.705872
-90.540359 34.703899
-90.534561 34.703201
-90.520256 34.702290
-90.506027 34.701511
-90.498466 34.701561
-90.487846 34.700970
-90.476952 34.699810
-90.472237 34.698490
-90.467247 34.696609
-90.464607 34.693951
-90.464027 34.690319
-90.463997 34.685780
-90.465103 34.682140
-90.467308 34.677139
-90.471741 34.670769
-90.480186 34.664070
-90.488693 34.657829
-90.494537 34.652500
-90.501747 34.646111
-90.509720 34.639919
-90.515953 34.635010
-90.522339 34.631939
-90.527908 34.630100
-90.532822 34.629772
-90.537956 34.630051
-90.544121 34.631390
-90.547836 34.633141
-90.553093 34.636799
-90.556480 34.641319
-90.558197 34.646889
-90.557503 34.654152
-90.553833 34.661320
-90.549133 34.667030
-90.544952 34.670898
-90.543159 34.673962
-90.542519 34.678490
-90.542236 34.682270
-90.544037 34.686691
-90.546936 34.690750
-90.547310 34.691269
-90.551170 34.694050
-90.556313 34.696281
-90.558327 34.696980
-90.587784 34.678490
-90.589729 34.662579
-90.584641 34.647491
-90.584991 34.644360
-90.585197 34.641319
-90.585487 34.637089
-90.585320 34.630409
-90.584732 34.627239
-90.584282 34.624832
-90.582756 34.617661
-90.580139 34.608089
-90.578011 34.602619
-90.575546 34.598690
-90.574020 34.596272
-90.570053 34.589020
-90.566673 34.583130
-90.561569 34.579121
-90.561096 34.578869
-90.556473 34.576439
-90.551460 34.570549
-90.540100 34.550720
-90.542137 34.539600
-90.542908 34.539181
-90.546806 34.537350
-90.552917 34.534592
-90.561478 34.530632
-90.567917 34.526329
-90.568817 34.525730
-90.574577 34.521309
-90.579010 34.517200
-90.582878 34.512180
-90.588173 34.505062
-90.590927 34.498211
-90.591637 34.492149
-90.592163 34.486240
-90.591553 34.480339
-90.590401 34.474190
-90.589577 34.472260
-90.589600 34.468109
-90.578613 34.454540
-90.568253 34.441029
-90.567703 34.430000
-90.575760 34.415581
-90.605911 34.395870
-90.638916 34.383739
-90.649017 34.383629
-90.660378 34.378391
-90.666420 34.359589
-90.659470 34.328091
-90.663452 34.315910
-90.684837 34.316299
-90.692886 34.328022
-90.679169 34.368202
-90.679169 34.368450
-90.680222 34.372101
-90.682472 34.373150
-90.684647 34.373508
-90.687988 34.373550
-90.692001 34.371571
-90.692467 34.371319
-90.695503 34.370140
-90.699783 34.367779
-90.706551 34.365799
-90.712013 34.364719
-90.719307 34.364471
-90.719849 34.364449
-90.727638 34.365871
-90.728180 34.365952
-90.736511 34.368179
-90.744247 34.371441
-90.748283 34.372669
-90.752167 34.373100
-90.756630 34.373070
-90.759399 34.372139
-90.763283 34.369389
-90.766579 34.366192
-90.768326 34.362610
-90.769501 34.358990
-90.769562 34.355362
-90.767387 34.351700
-90.765213 34.348499
-90.761360 34.345730
-90.757362 34.343212
-90.752968 34.340382
-90.749603 34.337669
-90.747910 34.334499
-90.746033 34.330109
-90.745567 34.324650
-90.745087 34.319649
-90.746033 34.313160
-90.747650 34.307690
-90.748680 34.303780
-90.750343 34.297680
-90.753036 34.290852
-90.756866 34.284470
-90.760727 34.280350
-90.764664 34.278511
-90.768570 34.277191
-90.772926 34.277542
-90.776283 34.277969
-90.780190 34.280220
-90.780701 34.280571
-90.801361 34.281990
-90.819298 34.279079
-90.830986 34.272572
-90.834503 34.253632
-90.834633 34.247879
-90.834740 34.240311
-90.835846 34.234390
-90.838020 34.228920
-90.840721 34.222080
-90.843773 34.218220
-90.847900 34.214828
-90.852371 34.212601
-90.856163 34.211060
-90.861847 34.210880
-90.867401 34.210930
-90.874496 34.212292
-90.881203 34.214970
-90.886238 34.218109
-90.892776 34.223450
-90.899338 34.230782
-90.905907 34.237499
-90.911400 34.242710
-90.914886 34.245152
-90.918800 34.246941
-90.922691 34.246910
-90.926552 34.246521
-90.929337 34.245491
-90.931946 34.243351
-90.934807 34.237469
-90.936417 34.233170
-90.936363 34.228619
-90.935196 34.223629
-90.932846 34.218361
-90.928947 34.212322
-90.921928 34.204632
-90.913208 34.196541
-90.905441 34.192211
-90.896049 34.188480
-90.889771 34.187180
-90.883858 34.186550
-90.877182 34.187389
-90.868126 34.188251
-90.850380 34.190651
-90.842049 34.190720
-90.835938 34.190762
-90.830368 34.188980
-90.822769 34.186401
-90.817802 34.184532
-90.812302 34.180840
-90.808578 34.176861
-90.807419 34.173519
-90.807480 34.169430
-90.809547 34.163681
-90.812828 34.158199
-90.816589 34.154522
-90.819962 34.150429
-90.822800 34.147770
-90.826706 34.145988
-90.829506 34.144650
-90.833763 34.142601
-90.837891 34.141102
-90.842278 34.140018
-90.870377 34.145618
-90.893677 34.160229
-90.910286 34.165298
-90.954506 34.138611
-90.959892 34.129250
-90.959999 34.128300
-90.955269 34.118862
-90.940727 34.101021
-90.915398 34.092060
-90.902588 34.095181
-90.881798 34.097580
-90.870102 34.091042
-90.871933 34.075352
-90.883797 34.055080
-90.887810 34.026779
-90.915512 34.021332
-90.958527 34.022739
-90.986740 34.019150
-90.976921 33.996319
-90.965790 33.984970
-90.963242 33.968880
-90.977959 33.961658
-90.995987 33.963871
-91.017982 34.001789
-91.085716 33.978500
-91.089371 33.968212
-91.086517 33.958450
-91.024071 33.941971
-91.007347 33.928291
-91.059776 33.877270
-91.070503 33.866989
-91.071907 33.854599
-91.066360 33.839649
-91.046227 33.814350
-91.024147 33.806351
-91.007782 33.802742
-91.004066 33.801430
-90.997513 33.797169
-90.992813 33.793411
-90.990196 33.787231
-90.989067 33.783379
-90.989677 33.778839
-90.993607 33.773869
-90.998817 33.769421
-91.003197 33.767109
-91.011421 33.763790
-91.011986 33.763710
-91.017509 33.762890
-91.023590 33.763382
-91.024170 33.763401
-91.030739 33.764629
-91.035782 33.765919
-91.044670 33.769920
-91.049690 33.773521
-91.054146 33.776661
-91.055069 33.777740
-91.086967 33.775860
-91.105118 33.770550
-91.118103 33.779030
-91.129059 33.782570
-91.143036 33.773010
-91.144188 33.744190
-91.145760 33.730080
-91.137390 33.720341
-91.135658 33.717720
-91.131142 33.713181
-91.124466 33.709599
-91.118103 33.707581
-91.115036 33.707420
-91.106758 33.707050
-91.102692 33.707249
-91.079399 33.711731
-91.065353 33.716171
-91.048706 33.709740
-91.044258 33.700481
-91.035217 33.690472
-91.031296 33.680199
-91.037781 33.671562
-91.049751 33.667931
-91.051796 33.667492
-91.058716 33.665661
-91.062866 33.664402
-91.067307 33.662621
-91.071190 33.660370
-91.075729 33.658680
-91.079582 33.657730
-91.083427 33.656792
-91.087227 33.656860
-91.092812 33.657150
-91.097237 33.658470
-91.102089 33.660160
-91.106667 33.662022
-91.112511 33.665249
-91.116127 33.667839
-91.120583 33.670532
-91.127243 33.673199
-91.130600 33.675392
-91.134438 33.678150
-91.138260 33.681820
-91.143997 33.686672
-91.151283 33.694332
-91.156273 33.700142
-91.160103 33.703800
-91.161530 33.704861
-91.178566 33.703072
-91.208458 33.700710
-91.226250 33.685249
-91.227982 33.673351
-91.218826 33.660511
-91.199753 33.657082
-91.183899 33.654991
-91.162216 33.640701
-91.136299 33.622841
-91.131058 33.605370
-91.135887 33.592331
-91.152237 33.582069
-91.177086 33.582829
-91.200752 33.571430
-91.224388 33.567810
-91.230827 33.561230
-91.230667 33.548420
-91.223953 33.541210
-91.215889 33.533649
-91.208191 33.528389
-91.207092 33.527752
-91.197220 33.521942
-91.190163 33.518459
-91.186882 33.516609
-91.184708 33.513420
-91.183273 33.509800
-91.183731 33.504341
-91.184013 33.502850
-91.183876 33.501442
-91.199966 33.474270
-91.232857 33.456032
-91.234863 33.437740
-91.211197 33.433922
-91.182961 33.438499
-91.168877 33.452209
-91.175453 33.468609
-91.176567 33.496410
-91.168457 33.498779
-91.126106 33.474400
-91.117157 33.456032
-91.131653 33.429169
-91.162437 33.423340
-91.170273 33.420971
-91.179161 33.419769
-91.186287 33.418789
-91.194496 33.417950
-91.198357 33.417068
-91.202217 33.415279
-91.206108 33.412121
-91.207596 33.409012
-91.208649 33.406269
-91.207481 33.401730
-91.205788 33.398560
-91.202446 33.395870
-91.199677 33.394531
-91.196892 33.392281
-91.193138 33.389740
-91.189873 33.387440
-91.183838 33.385120
-91.177498 33.382481
-91.169220 33.380291
-91.158058 33.379471
-91.149261 33.379871
-91.139000 33.381500
-91.128860 33.385170
-91.120567 33.389210
-91.111717 33.393681
-91.107887 33.396820
-91.105057 33.400009
-91.102936 33.403919
-91.101440 33.407799
-91.100388 33.410999
-91.099380 33.415432
-91.099426 33.421009
-91.099007 33.430111
-91.096893 33.440880
-91.095963 33.448799
-91.093819 33.452911
-91.091927 33.455769
-91.088448 33.457199
-91.084038 33.458069
-91.078003 33.457111
-91.069649 33.455410
-91.065216 33.453182
-91.061882 33.450481
-91.059959 33.447411
-91.058502 33.444599
-91.057289 33.440571
-91.057297 33.437332
-91.056839 33.432369
-91.057167 33.427319
-91.059692 33.423752
-91.063026 33.420601
-91.066368 33.417439
-91.070732 33.413551
-91.074516 33.408958
-91.079697 33.405262
-91.086487 33.400661
-91.091927 33.396061
-91.095238 33.393559
-91.097359 33.390999
-91.100052 33.386879
-91.102737 33.382771
-91.107071 33.378181
-91.110863 33.373211
-91.115707 33.367172
-91.118973 33.363960
-91.123642 33.360569
-91.129173 33.357430
-91.135307 33.353790
-91.138588 33.350670
-91.140823 33.347500
-91.142853 33.343700
-91.143661 33.338879
-91.144371 33.335041
-91.144302 33.330040
-91.144356 33.324780
-91.144150 33.319569
-91.143929 33.313862
-91.143433 33.309299
-91.142456 33.304649
-91.141136 33.300949
-91.139168 33.297440
-91.137192 33.294159
-91.132713 33.288292
-91.129463 33.281898
-91.128166 33.277870
-91.128120 33.274231
-91.126961 33.270149
-91.125267 33.266521
-91.122803 33.263729
-91.116753 33.259171
-91.112473 33.245892
-91.098763 33.238232
-91.090981 33.260120
-91.084892 33.276882
-91.084503 33.277451
-91.081551 33.280590
-91.076660 33.284729
-91.072861 33.286461
-91.066261 33.287319
-91.061317 33.287270
-91.055298 33.285862
-91.050926 33.284000
-91.048058 33.280449
-91.046623 33.276691
-91.045197 33.271370
-91.045670 33.265911
-91.046700 33.260891
-91.048286 33.256779
-91.051506 33.250839
-91.053650 33.247181
-91.059052 33.240761
-91.064667 33.235882
-91.071518 33.229259
-91.078049 33.225559
-91.081322 33.224171
-91.085121 33.223301
-91.087868 33.222870
-91.090630 33.221531
-91.091751 33.219261
-91.092476 33.217091
-91.083473 33.182690
-91.086853 33.152031
-91.092331 33.137032
-91.103027 33.130241
-91.136848 33.128700
-91.151100 33.131241
-91.163643 33.140789
-91.169533 33.142300
-91.176117 33.143139
-91.181038 33.142632
-91.185410 33.141670
-91.192413 33.139011
-91.196266 33.136311
-91.199600 33.132240
-91.202713 33.126469
-91.203743 33.121910
-91.203682 33.117821
-91.203056 33.113270
-91.201347 33.109192
-91.199112 33.105579
-91.193581 33.101990
-91.183533 33.097080
-91.174263 33.092182
-91.165436 33.088169
-91.159363 33.084591
-91.151939 33.080460
-91.140053 33.073860
-91.133438 33.069851
-91.128006 33.064800
-91.124527 33.060810
-91.122833 33.056740
-91.122208 33.051739
-91.123207 33.044899
-91.125877 33.040321
-91.129089 33.035282
-91.133316 33.031158
-91.136070 33.029362
-91.141006 33.027580
-91.147026 33.027359
-91.151413 33.027199
-91.155762 33.025452
-91.159538 33.021770
-91.161362 33.017719
-91.161957 33.012711
-91.162308 33.010319
-91.163147 33.004532
-91.260513 33.004959
-91.436119 33.005749
-91.437752 33.005760
-91.460732 33.005890
-91.665878 33.007420
-91.666969 33.007431
-91.683380 33.007469
-91.907127 33.008011
-92.017097 33.008659
-92.064682 33.008949
-92.119408 33.009201
-92.145653 33.009331
-92.386429 33.012310
-92.625481 33.013630
-92.724609 33.014740
-92.861946 33.016289
-92.988808 33.016880
-93.096603 33.017372
-93.239571 33.018230
-93.333153 33.018799
-93.490616 33.019321
-93.521431 33.019421
-93.574516 33.019680
-93.814590 33.020500
-94.045616 33.020599
-94.045036 33.107212
-94.044609 33.259701
-94.044617 33.269512
-94.044777 33.413971
-94.044479 33.550461
-94.049957 33.549461
-94.057137 33.549789
-94.064507 33.549500
-94.067612 33.550049
-94.070969 33.551659
-94.073616 33.553169
-94.074547 33.555489
-94.074959 33.557339
-94.073883 33.558132
-94.070587 33.558640
-94.066727 33.558262
-94.063309 33.558102
-94.061226 33.558811
-94.057961 33.560230
-94.056923 33.562531
-94.057518 33.564339
-94.058662 33.566139
-94.064133 33.569080
-94.067596 33.570518
-94.070488 33.572601
-94.073738 33.573601
-94.077538 33.574329
-94.081352 33.574982
-94.086273 33.575691
-94.092903 33.575581
-94.096893 33.573959
-94.099617 33.572670
-94.102661 33.570610
-94.106697 33.569359
-94.110603 33.567829
-94.112709 33.567429
-94.115067 33.567139
-94.117302 33.566799
-94.119789 33.564571
-94.120972 33.561981
-94.121727 33.559280
-94.121956 33.556099
-94.122719 33.553410
-94.124420 33.552200
-94.126122 33.552219
-94.128281 33.552589
-94.130539 33.554359
-94.131157 33.557079
-94.131783 33.559799
-94.131363 33.563419
-94.132797 33.566231
-94.134209 33.567940
-94.136436 33.569149
-94.139191 33.569290
-94.140953 33.568012
-94.143311 33.565849
-94.145142 33.564560
-94.146790 33.564529
-94.149017 33.565399
-94.150162 33.566742
-94.150757 33.568550
-94.150146 33.570301
-94.147789 33.572460
-94.144852 33.574120
-94.142708 33.576431
-94.141670 33.578720
-94.143936 33.580959
-94.147232 33.580441
-94.149483 33.579380
-94.153702 33.575310
-94.156937 33.575661
-94.159027 33.577129
-94.158798 33.580311
-94.158592 33.583031
-94.159477 33.585220
-94.163437 33.588329
-94.167343 33.590069
-94.170647 33.590012
-94.175621 33.590370
-94.181129 33.590271
-94.186607 33.589249
-94.192093 33.585640
-94.193832 33.584362
-94.196342 33.582249
-94.199623 33.581272
-94.202896 33.581169
-94.205711 33.582069
-94.209602 33.583359
-94.212669 33.583488
-94.216042 33.582741
-94.217789 33.580471
-94.218033 33.578289
-94.217613 33.576450
-94.214989 33.574490
-94.212067 33.573299
-94.209869 33.573341
-94.207291 33.574100
-94.205017 33.574902
-94.203522 33.574829
-94.202187 33.574852
-94.199417 33.574001
-94.196358 33.572639
-94.194366 33.570911
-94.192078 33.567760
-94.190849 33.565071
-94.190056 33.560932
-94.190712 33.558239
-94.192856 33.556381
-94.195396 33.555729
-94.198372 33.556271
-94.200638 33.558502
-94.201767 33.559849
-94.203247 33.561600
-94.204643 33.563889
-94.207977 33.564732
-94.210258 33.564369
-94.211273 33.564220
-94.214798 33.562180
-94.216660 33.560020
-94.219833 33.555401
-94.223717 33.553509
-94.228767 33.552399
-94.234612 33.551929
-94.242386 33.554062
-94.246811 33.554672
-94.250702 33.555721
-94.253532 33.558392
-94.255249 33.560631
-94.254997 33.563282
-94.252571 33.566349
-94.249588 33.569389
-94.245667 33.572651
-94.241943 33.575840
-94.238960 33.578880
-94.236977 33.583340
-94.237259 33.587002
-94.238220 33.588871
-94.242317 33.590000
-94.243172 33.589901
-94.247017 33.589310
-94.254868 33.585659
-94.259186 33.582851
-94.261856 33.579609
-94.266113 33.574070
-94.268173 33.569019
-94.270790 33.564419
-94.274521 33.560612
-94.275063 33.559792
-94.280487 33.556950
-94.285423 33.555939
-94.290413 33.556751
-94.293213 33.558510
-94.294930 33.560749
-94.294472 33.563950
-94.293396 33.566559
-94.291298 33.568562
-94.288612 33.570889
-94.285789 33.572559
-94.282677 33.575100
-94.281540 33.577820
-94.282272 33.580109
-94.287308 33.582741
-94.291153 33.582211
-94.295158 33.580311
-94.300407 33.576481
-94.304626 33.571930
-94.306473 33.569031
-94.307770 33.566410
-94.307678 33.563229
-94.308113 33.559120
-94.309128 33.556370
-94.310310 33.554180
-94.312119 33.551991
-94.314972 33.550770
-94.318863 33.549809
-94.322159 33.549740
-94.325493 33.550381
-94.328651 33.552361
-94.330536 33.553669
-94.332840 33.556801
-94.333656 33.559441
-94.335243 33.563580
-94.338661 33.566521
-94.343086 33.567970
-94.345840 33.568241
-94.346962 33.568352
-94.350182 33.565552
-94.352737 33.562660
-94.353897 33.560932
-94.354393 33.558640
-94.353813 33.557739
-94.352081 33.555500
-94.351997 33.552780
-94.351387 33.550510
-94.352966 33.548210
-94.354576 33.546810
-94.356201 33.545872
-94.358421 33.546280
-94.361717 33.546211
-94.365036 33.546589
-94.368866 33.545601
-94.373940 33.544102
-94.379257 33.543121
-94.384972 33.544189
-94.388138 33.546162
-94.390747 33.548111
-94.394928 33.550980
-94.398682 33.553051
-94.401848 33.555031
-94.403381 33.557171
-94.403763 33.559231
-94.403076 33.561020
-94.400787 33.562691
-94.397896 33.563950
-94.395348 33.564621
-94.392822 33.565529
-94.388779 33.566120
-94.384926 33.567879
-94.382629 33.569130
-94.380653 33.570839
-94.379097 33.574059
-94.378120 33.578171
-94.378197 33.580902
-94.378807 33.583981
-94.380943 33.584999
-94.383141 33.585102
-94.385956 33.584332
-94.389236 33.581131
-94.396019 33.574791
-94.400719 33.570919
-94.405800 33.569351
-94.409233 33.567970
-94.412437 33.569221
-94.415390 33.571030
-94.418282 33.575520
-94.418640 33.576012
-94.419830 33.579659
-94.425789 33.586380
-94.428329 33.590252
-94.431732 33.591709
-94.437157 33.593601
-94.438713 33.594189
-94.442108 33.594349
-94.444412 33.593090
-94.447426 33.591282
-94.450592 33.591560
-94.454117 33.593410
-94.456383 33.595181
-94.457939 33.596931
-94.461136 33.598450
-94.463959 33.597679
-94.468048 33.598122
-94.470436 33.599812
-94.471916 33.602161
-94.472801 33.605389
-94.471657 33.607601
-94.469727 33.609802
-94.466843 33.612251
-94.463333 33.614502
-94.459236 33.616051
-94.455879 33.618240
-94.454407 33.620251
-94.455589 33.622330
-94.458237 33.623829
-94.459511 33.624691
-94.461227 33.626930
-94.462936 33.628712
-94.462166 33.630852
-94.460907 33.633060
-94.458710 33.634262
-94.455238 33.635071
-94.452667 33.635300
-94.450493 33.636250
-94.448410 33.637932
-94.447868 33.640400
-94.449158 33.642979
-94.452431 33.645309
-94.455231 33.646622
-94.457497 33.646572
-94.458839 33.646629
-94.462273 33.644970
-94.463936 33.642792
-94.467178 33.640450
-94.470947 33.639469
-94.474831 33.639191
-94.478676 33.639381
-94.486298 33.641109
-94.484459 33.721012
-94.483261 33.767921
-94.479317 33.910381
-94.478493 33.940620
-94.478416 33.943130
-94.475616 34.047741
-94.471786 34.189720
-94.464523 34.476200
-94.463753 34.506470
-94.463287 34.520100
-94.463150 34.524181
-94.462242 34.550789
-94.460510 34.590931
-94.460022 34.602730
-94.459869 34.606369
-94.459312 34.619919
-94.457893 34.671772
-94.457237 34.695389
-94.457176 34.697201
-94.457130 34.699020
-94.457153 34.708118
-94.457100 34.709930
-94.453789 34.728741
-94.447380 34.933659
-94.432030 35.366180
-94.431648 35.372169
-94.433228 35.374859
-94.433159 35.380852
-94.430702 35.400040
-94.434807 35.414509
-94.452400 35.510689
-94.452637 35.512001
-94.465157 35.586212
-94.470772 35.619690
-94.473953 35.638660
-94.477348 35.658100
-94.487808 35.720058
-94.494682 35.759361
-94.495537 35.764839
-94.519867 35.920479
-94.530128 35.986050
-94.533768 36.009312
-94.549812 36.102730
-94.553741 36.125820
-94.559952 36.162331
-94.561913 36.174011
-94.565956 36.198151
-94.578110 36.270031
-94.591408 36.341431
-94.618156 36.498371
-94.435547 36.499660
-94.381569 36.499649
-94.165123 36.499599
-94.076012 36.499149
-93.907127 36.498280
-93.897720 36.498260
-93.869667 36.498169
-93.786339 36.497921
-93.771767 36.497890
-93.629486 36.497681
-93.584267 36.497540
-93.369026 36.496861
