-104.139908 41.001900
-104.052841 41.001701
-103.574760 41.003029
-103.384949 41.003002
-102.999817 41.002941
-102.985306 41.002922
-102.653793 41.003201
-102.620483 41.003139
-102.050423 41.001869
-102.050201 40.749241
-102.050133 40.698330
-102.049446 40.440090
-102.049263 40.349499
-102.048546 40.003910
-102.047562 39.573742
-102.047546 39.568859
-102.046349 39.133900
-102.046097 39.045631
-102.045456 38.695332
-102.045380 38.613750
-102.044312 38.267620
-102.044296 38.262699
-102.043243 37.738411
-102.043037 37.642891
-102.042526 37.388241
-102.042267 37.256248
-102.042252 37.243999
-102.042191 37.212688
-102.042168 37.199989
-102.042107 37.170509
-102.042076 37.156002
-102.041977 37.110168
-102.042267 36.992229
-102.324738 36.994839
-102.351013 36.995060
-102.393112 36.995461
-102.457733 36.996059
-102.477516 36.996250
-102.503410 36.996281
-102.537163 36.996319
-102.562683 36.996189
-102.675659 36.995621
-102.694298 36.995739
-102.701569 36.995781
-102.780769 36.998619
-102.785927 36.998802
-102.797340 36.998810
-103.000870 36.998989
-103.086166 36.998791
-104.006790 36.996632
-104.184891 36.995850
-104.331337 36.992970
-105.032600 36.993370
-105.065987 36.995449
-105.101143 36.995682
-105.143196 36.995831
-105.219833 36.996090
-105.718819 36.996922
-105.757423 36.996990
-105.855377 36.997150
-105.874390 36.997181
-106.000000 36.996719
-106.006798 36.996670
-106.015556 36.996601
-106.072029 36.996029
-106.108902 36.995659
-106.127327 36.995472
-106.142891 36.995312
-106.160759 36.995152
-106.202240 36.994801
-106.475922 36.993591
-106.492630 36.993519
-106.600937 36.993382
-106.617653 36.993320
-106.814133 36.992672
-106.819313 36.992649
-106.837753 36.992519
-106.871742 36.992279
-106.875237 36.995430
-106.878738 36.999039
-106.946732 36.998940
-106.965736 36.999050
-106.980728 36.999130
-107.000320 36.999001
-107.034317 36.999012
-107.190483 36.999081
-107.371437 36.999420
-107.399086 36.999081
-107.408318 36.999241
-107.414658 36.999352
-107.418686 36.999329
-107.478043 36.999081
-107.522987 36.998940
-107.686081 36.998619
-107.703941 36.998371
-107.859528 36.997890
-107.877388 36.997612
-107.947128 36.997410
-107.964981 36.997120
-108.000710 36.997261
-108.037613 36.997410
-108.090622 36.997620
-108.126373 36.997761
-108.159233 36.997890
-108.250877 36.998001
-108.379990 36.998310
-108.536217 36.998379
-109.044876 36.998631
-109.044708 37.237339
-109.044693 37.266830
-109.044662 37.295860
-109.044640 37.323532
-109.044617 37.338501
-109.044609 37.359959
-109.044540 37.387611
-109.044502 37.401691
-109.044350 37.464272
-109.044327 37.470490
-109.044350 37.477280
-109.044403 37.507351
-109.044296 37.527760
-109.043968 37.592602
-109.043907 37.603832
-109.043930 37.606209
-109.043892 37.619362
-109.043846 37.631050
-109.043488 37.676041
-109.043449 37.680481
-109.043503 37.692272
-109.043747 37.753590
-109.043663 37.769459
-109.043053 37.880020
-109.042633 37.945389
-109.042526 37.951702
-109.042480 37.960350
-109.042381 37.980721
-109.042023 38.024731
-109.041908 38.039230
-109.040993 38.153111
-109.040947 38.160290
-109.060677 38.276840
-109.060768 38.330360
-109.060806 38.352119
-109.060738 38.377960
-109.060661 38.405182
-109.060600 38.419670
-109.060440 38.455490
-109.060402 38.463661
-109.060249 38.498119
-109.060242 38.499050
-109.060387 38.536209
-109.060356 38.546669
-109.060196 38.561180
-109.059723 38.604721
-109.059662 38.609650
-109.059570 38.672741
-109.055023 38.928310
-109.054787 38.941010
-109.054710 38.945389
-109.054588 38.954609
-109.054283 38.960831
-109.054367 38.969109
-109.053818 39.000751
-109.053757 39.013531
-109.053711 39.028042
-109.053413 39.101051
-109.053360 39.115108
-109.053101 39.181252
-109.053093 39.188099
-109.053093 39.202610
-109.053040 39.275169
-109.053032 39.289680
-109.052986 39.362652
-109.052979 39.366669
-109.052856 39.450222
-109.052818 39.475601
-109.052780 39.497551
-109.052750 39.516418
-109.052643 39.581261
-109.052612 39.595772
-109.052452 39.669262
-109.052338 39.721870
-109.052353 39.728222
-109.052231 39.779011
-109.052162 39.808491
-109.052116 39.823460
-109.051781 39.968639
-109.051750 39.981289
-109.051697 40.039810
-109.051659 40.087952
-109.051628 40.117432
-109.051620 40.128269
-109.051659 40.131950
-109.051033 40.222771
-109.051422 40.260792
-109.051399 40.275299
-109.051376 40.284382
-109.051338 40.292030
-109.051163 40.320599
-109.050926 40.358349
-109.050903 40.387390
-109.050880 40.404072
-109.050819 40.419041
-109.050682 40.449100
-109.050751 40.463619
-109.050789 40.471329
-109.050819 40.476669
-109.050491 40.493111
-109.050316 40.531689
-109.050133 40.577381
-109.050110 40.579342
-109.050110 40.593262
-109.050110 40.609600
-109.050102 40.651489
-109.050117 40.654522
-109.049927 40.666012
-109.050087 40.694901
-109.049911 40.751629
-109.049858 40.769321
-109.049812 40.783390
-109.049683 40.823959
-109.049316 40.843292
-109.049278 40.845299
-109.049187 40.858719
-109.048813 40.886600
-109.048897 40.903641
-109.048729 40.910660
-109.049011 40.926792
-109.048828 40.947880
-109.049011 41.000031
-108.972908 41.000179
-108.931511 41.000130
-108.912033 41.000099
-108.765526 41.000191
-108.746017 41.000160
-108.651627 41.000519
-108.632141 41.000481
-108.569878 41.000290
-108.378098 40.999710
-108.374496 40.999729
-108.311798 41.000042
-108.292297 41.000141
-108.263031 41.000290
-108.218597 41.000660
-108.180847 41.000980
-108.000687 41.002491
-107.965981 41.002769
-107.915398 41.002949
-107.888046 41.002941
-107.880089 41.002880
-107.852112 41.002861
-107.839142 41.002850
-107.832626 41.002842
-107.820602 41.002831
-107.813141 41.002831
-107.784500 41.002831
-107.707787 41.002819
-107.676743 41.002811
-107.604889 41.002800
-107.528778 41.002560
-107.513580 41.002621
-107.509277 41.002621
-107.494713 41.002640
-107.457527 41.002659
-107.413696 41.002911
-107.394829 41.003029
-107.367447 41.003189
-107.343712 41.003319
-107.318123 41.003460
-107.305962 41.003410
-107.229851 41.003521
-107.135483 41.003651
-107.025856 41.004280
-107.002113 41.004421
-106.863907 41.004101
-106.591141 41.003460
-106.582008 41.003750
-106.572258 41.003769
-106.543648 41.003811
-106.486420 41.003281
-106.455971 41.003471
-106.448051 41.003521
-106.379257 41.002640
-106.351860 41.002460
-106.331779 41.002510
-106.326302 41.002529
-106.325737 41.002350
-106.321480 41.000980
-106.317139 40.999382
-106.203293 40.998890
-106.196686 40.998859
-106.195976 40.998859
-106.087013 40.997982
-106.068138 40.997829
-106.060318 40.997772
-106.028557 40.997662
-106.023788 40.997650
-105.996353 40.998451
-105.971962 40.999161
-105.938477 40.999939
-105.926292 41.000031
-105.900101 40.999859
-105.880630 40.999722
-105.697960 40.999802
-105.690033 40.999802
-105.671196 40.999802
-105.520729 40.999660
-105.476997 40.999531
-105.355087 40.999290
-105.289490 40.999199
-105.276306 40.999802
-105.110863 40.999321
-104.942459 40.999481
-104.938477 40.999481
-104.834091 40.999561
-104.830032 40.999569
-104.701347 41.003521
-104.683662 41.004070
-104.664757 41.004650
-104.633659 41.005611
-104.613419 41.004761
-104.608688 41.004559
-104.567947 41.002850
-104.560646 41.002842
-104.487549 41.002712
-104.472496 41.002682
-104.139908 41.001900
