>
-93.4964294434	43.5039520264
-93.2843933105	43.5031700134
-93.0502471924	43.5034294128
-93.0237503052	43.5034599304
-92.8804931641	43.5032615662
-92.5529632568	43.5027389526
-92.4841766357	43.502620697
-92.4507217407	43.5025901794
-92.0827865601	43.5021018982
-92.0802688599	43.5021286011
-91.7306213379	43.5023117065
-91.6876831055	43.50233078
-91.6081466675	43.5025787354
-91.2925415039	43.5026702881
-91.2761459351	43.5023994446
-91.2730178833	43.5023498535
-91.2704467773	43.5023498535
-91.2515182495	43.50233078
-91.2199630737	43.5022888184
-91.2208175659	43.4922218323
-91.2211914062	43.4832420349
-91.221321106	43.4826812744
-91.2226867676	43.4769020081
-91.2247161865	43.4728393555
-91.2260665894	43.4701309204
-91.2268600464	43.4691886902
-91.2287063599	43.4669914246
-91.2314376831	43.4629516602
-91.2319564819	43.4583892822
-91.2316131592	43.4552116394
-91.2304916382	43.4510917664
-91.2285232544	43.4470596313
-91.2246627808	43.4439201355
-91.2207870483	43.4407806396
-91.2130432129	43.4331512451
-91.2071914673	43.426399231
-91.2065811157	43.4250221252
-91.2044067383	43.4201393127
-91.2009277344	43.4109802246
-91.1990127563	43.4014701843
-91.19947052	43.3946418762
-91.2006072998	43.3896217346
-91.2023925781	43.3855018616
-91.2047729492	43.3795509338
-91.2071685791	43.3751296997
-91.2104110718	43.3724594116
-91.2127075195	43.3694419861
-91.2138977051	43.3666915894
-91.2125473022	43.3635292053
-91.2111968994	43.3599014282
-91.2084274292	43.3560409546
-91.2034683228	43.352722168
-91.1985015869	43.3517608643
-91.1927108765	43.3512420654
-91.1878433228	43.3506698608
-91.1825866699	43.3488922119
-91.1762084961	43.3453292847
-91.16796875	43.3421287537
-91.1635284424	43.3429603577
-91.1547927856	43.3409805298
-91.1451721191	43.3375320435
-91.1330490112	43.3319396973
-91.1213302612	43.3249015808
-91.1088027954	43.3170509338
-91.1003875732	43.3117790222
-91.0936965942	43.3048286438
-91.0882873535	43.2970085144
-91.0875396729	43.2959289551
-91.0793914795	43.2822608948
-91.0782928467	43.2769203186
-91.0778427124	43.2726821899
-91.0748901367	43.2671699524
-91.0712280273	43.2639122009
-91.0656204224	43.2624397278
-91.0645980835	43.2612686157
-91.0632019043	43.2596702576
-91.0620727539	43.2560005188
-91.0631408691	43.2510986328
-91.0648498535	43.2487792969
-91.0684204102	43.2455101013
-91.0739059448	43.2416687012
-91.0862121582	43.2314300537
-91.0965270996	43.2225608826
-91.1094818115	43.2119407654
-91.1200790405	43.2028694153
-91.1204833984	43.202419281
-91.1248626709	43.1976509094
-91.1285018921	43.1921386719
-91.1330490112	43.1858596802
-91.1363830566	43.1797599792
-91.1391677856	43.172328949
-91.1445159912	43.1628608704
-91.1464996338	43.1586799622
-91.1485824585	43.1542892456
-91.1525878906	43.1486206055
-91.157623291	43.1452713013
-91.158203125	43.1450996399
-91.1646575928	43.1431999207
-91.1688079834	43.1417884827
-91.1697387695	43.1414794922
-91.1730880737	43.1397209167
-91.1755371094	43.1374092102
-91.1775283813	43.1338806152
-91.1782989502	43.1297988892
-91.178527832	43.1229820251
-91.1775817871	43.1178207397
-91.1769561768	43.1083488464
-91.1765670776	43.1023712158
-91.1764526367	43.0915489197
-91.1780471802	43.0811195374
-91.1780014038	43.079750061
-91.1777496338	43.0732498169
-91.1781768799	43.0655097961
-91.1775665283	43.0583610535
-91.1765670776	43.0506095886
-91.1756286621	43.0415000916
-91.1716461182	43.0291404724
-91.1676635742	43.0192489624
-91.1623687744	43.0071411133
-91.1588897705	42.9988899231
-91.157913208	42.9965515137
-91.1565704346	42.9933891296
-91.156288147	42.9893722534
-91.1567764282	42.9839096069
-91.158531189	42.9784317017
-91.156578064	42.9747390747
-91.1558761597	42.9739112854
-91.1519927979	42.9694595337
-91.1505508423	42.9678115845
-91.1464004517	42.9609107971
-91.1454620361	42.9518013
-91.1457061768	42.944519043
-91.1454467773	42.939491272
-91.1453323364	42.9372406006
-91.1438140869	42.9267501831
-91.14453125	42.916759491
-91.1443862915	42.9104003906
-91.14112854	42.9049797058
-91.1371917725	42.9007110596
-91.1310806274	42.8965110779
-91.1218261719	42.8927001953
-91.1132125854	42.8884506226
-91.1046600342	42.8823814392
-91.0999069214	42.8750190735
-91.0995330811	42.8740119934
-91.0970916748	42.8677787781
-91.0944061279	42.8596305847
-91.0923995972	42.8541908264
-91.0907821655	42.8498306274
-91.0890274048	42.8461608887
-91.0859832764	42.844291687
-91.0847473145	42.8436584473
-91.0822906494	42.8423995972
-91.0795669556	42.8398017883
-91.0774688721	42.837310791
-91.0775604248	42.8339195251
-91.0780792236	42.8293609619
-91.0780258179	42.8213996887
-91.0776367188	42.8102722168
-91.0762710571	42.7999916077
-91.0734558105	42.7913017273
-91.0712585449	42.7826194763
-91.0695800781	42.777130127
-91.0687789917	42.7735595703
-91.0667114258	42.7698097229
-91.0649414062	42.7670402527
-91.0628662109	42.7645301819
-91.06199646	42.7619895935
-91.0621185303	42.7590789795
-91.0634460449	42.7560997009
-91.0639419556	42.7545318604
-91.0637588501	42.7539710999
-91.0632095337	42.7522506714
-91.0612869263	42.75
-91.0587158203	42.7487411499
-91.0581893921	42.7485389709
-91.0562515259	42.7477798462
-91.0549468994	42.7459793091
-91.0549163818	42.7446212769
-91.0542602539	42.7428092957
-91.0516967773	42.7396621704
-91.049156189	42.738319397
-91.046661377	42.7378921509
-91.0447463989	42.7375602722
-91.0416564941	42.7374992371
-91.0391616821	42.7375297546
-91.03540802	42.737121582
-91.0322570801	42.7357902527
-91.0305175781	42.7341117859
-91.0299911499	42.7313690186
-91.0300674438	42.7290992737
-91.0282974243	42.7263412476
-91.0264358521	42.7249107361
-91.0258560181	42.7244720459
-91.022605896	42.7227287292
-91.0181884766	42.720500946
-91.0074768066	42.7160797119
-90.9980392456	42.7121009827
-90.9902801514	42.7074203491
-90.9841308594	42.7036209106
-90.9799575806	42.6994895935
-90.9733581543	42.6955604553
-90.9676895142	42.6928901672
-90.9601364136	42.6898002625
-90.954208374	42.687171936
-90.9481964111	42.6858406067
-90.9413223267	42.6850090027
-90.9382095337	42.6850395203
-90.9332275391	42.6855506897
-90.9276199341	42.6856117249
-90.9225997925	42.684299469
-90.9169464111	42.6820907593
-90.9108123779	42.6799507141
-90.9064865112	42.6785087585
-90.8984832764	42.676071167
-90.8959732056	42.6752510071
-90.8899459839	42.6732902527
-90.8768157959	42.6715393066
-90.8669204712	42.6695289612
-90.8404998779	42.6633605957
-90.8205032349	42.6604003906
-90.8068466187	42.658290863
-90.7924118042	42.6553421021
-90.7754669189	42.6530990601
-90.7628860474	42.6505584717
-90.7560806274	42.6490516663
-90.7460784912	42.6479301453
-90.7368621826	42.6463699341
-90.7300567627	42.644859314
-90.7216567993	42.642250061
-90.7134170532	42.6399612427
-90.7059707642	42.6355819702
-90.7019119263	42.6310997009
-90.7002487183	42.6292686462
-90.6954193115	42.6227493286
-90.6925811768	42.6179695129
-90.6900024414	42.6129989624
-90.6885528564	42.6076011658
-90.6874923706	42.6030311584
-90.6858062744	42.598449707
-90.6825332642	42.5937309265
-90.6776885986	42.5849304199
-90.6717758179	42.5758705139
-90.6693496704	42.5704689026
-90.6666564941	42.5639305115
-90.6635360718	42.5587005615
-90.6589584351	42.5542106628
-90.6517028809	42.5490608215
-90.6465301514	42.546131134
-90.642036438	42.5415687561
-90.6395263672	42.5371017456
-90.6375808716	42.5316619873
-90.6346664429	42.5241317749
-90.6342468262	42.5191192627
-90.6363067627	42.514629364
-90.6415100098	42.5092811584
-90.6467132568	42.5039405823
-90.6513366699	42.4981117249
-90.6527328491	42.4936218262
-90.6536331177	42.4868202209
-90.6534423828	42.4831008911
-90.6532897949	42.4799919128
-90.6485366821	42.4744300842
-90.6402664185	42.4682121277
-90.62915802	42.461730957
-90.615737915	42.4555206299
-90.6059494019	42.4516716003
-90.5983200073	42.4494895935
-90.5964431763	42.448589325
-90.5869216919	42.4457893372
-90.5802078247	42.4437294006
-90.5715560913	42.4413604736
-90.5654678345	42.4384918213
-90.5618591309	42.4356803894
-90.5595169067	42.431640625
-90.558807373	42.4261894226
-90.5568771362	42.421661377
-90.5520706177	42.4172706604
-90.5502471924	42.4163208008
-90.5440063477	42.4126815796
-90.54296875	42.412071228
-90.5330734253	42.4082221985
-90.5218429565	42.4046707153
-90.5130004883	42.401309967
-90.5124664307	42.4011001587
-90.5050430298	42.3980102539
-90.4977874756	42.3932991028
-90.489906311	42.3876495361
-90.4856872559	42.3857498169
-90.4805603027	42.3845405579
-90.4761810303	42.38230896
-90.474571228	42.381149292
-90.4724197388	42.379611969
-90.4661178589	42.373298645
-90.4560470581	42.3638305664
-90.4472732544	42.3566207886
-90.4424667358	42.3515586853
-90.4378128052	42.3453407288
-90.4318618774	42.3385810852
-90.4265213013	42.3330001831
-90.4227218628	42.3309020996
-90.4216461182	42.3306503296
-90.4208374023	42.3305015564
-90.4185791016	42.3300819397
-90.4161758423	42.3282089233
-90.4152069092	42.3259620667
-90.4145431519	42.3231697083
-90.4145126343	42.32006073
-90.4150466919	42.3141403198
-90.4162368774	42.309589386
-90.4186630249	42.3054885864
-90.4217529297	42.3006095886
-90.4244689941	42.2952194214
-90.4265060425	42.2895393372
-90.4266204834	42.2877197266
-90.4268112183	42.2843704224
-90.4264373779	42.2825088501
-90.4257507324	42.2790908813
-90.4241714478	42.2738609314
-90.4215621948	42.2669715881
-90.4197158813	42.2638320923
-90.4156188965	42.2568397522
-90.4104766846	42.2487602234
-90.4062271118	42.2447891235
-90.4003219604	42.2382888794
-90.3922729492	42.2302589417
-90.3849105835	42.2224693298
-90.3796463013	42.2185096741
-90.3784790039	42.2176399231
-90.3704833984	42.2125816345
-90.3641281128	42.20911026
-90.3577270508	42.2068099976
-90.3485870361	42.2046699524
-90.3411407471	42.2033500671
-90.3336868286	42.2015800476
-90.3295211792	42.2002220154
-90.3225479126	42.1974411011
-90.3210220337	42.1967887878
-90.3112869263	42.1926422119
-90.3021469116	42.1890907288
-90.2906570435	42.1828994751
-90.2807922363	42.1787490845
-90.2708511353	42.1756210327
-90.2633972168	42.1743087769
-90.2546386719	42.172328949
-90.2516174316	42.1716499329
-90.2441177368	42.1695899963
-90.243637085	42.1693687439
-90.233291626	42.1646499634
-90.2228393555	42.1606292725
-90.2162017822	42.1586799622
-90.2114105225	42.1559104919
-90.2080917358	42.1528205872
-90.2055664062	42.1482887268
-90.2039031982	42.1443595886
-90.2028808594	42.1397895813
-90.202331543	42.133769989
-90.198387146	42.1301307678
-90.1942367554	42.1283721924
-90.1892318726	42.1275787354
-90.188659668	42.1274795532
-90.1806259155	42.1260414124
-90.1756668091	42.1263694763
-90.1707763672	42.1248817444
-90.1671829224	42.1225204468
-90.1638259888	42.1185302734
-90.1629562378	42.1154212952
-90.1626281738	42.1142196655
-90.1628417969	42.1096801758
-90.1618728638	42.1076393127
-90.1620407104	42.1005706787
-90.1636886597	42.0919799805
-90.1653442383	42.0821914673
-90.1667785645	42.0743904114
-90.167098999	42.0726394653
-90.1668167114	42.0652389526
-90.1658096313	42.0575218201
-90.1657104492	42.0567588806
-90.1644210815	42.0508613586
-90.1606292725	42.0417900085
-90.1552658081	42.0354118347
-90.1542663574	42.0334892273
-90.1524887085	42.0300292969
-90.1502075195	42.0248298645
-90.1468429565	42.0205192566
-90.1436920166	42.014629364
-90.14037323	42.0109405518
-90.1393127441	42.0083007813
-90.1394729614	42.0041007996
-90.1410980225	42.0005722046
-90.1435317993	41.9969215393
-90.1461257935	41.9938201904
-90.1481628418	41.9902420044
-90.1489562988	41.9866294861
-90.1495666504	41.9823608398
-90.1501464844	41.9787216187
-90.1532669067	41.9740104675
-90.156539917	41.9700088501
-90.162361145	41.9636688232
-90.1660232544	41.9595718384
-90.1665802002	41.9536590576
-90.1656417847	41.9475212097
-90.1627731323	41.9414215088
-90.1593933105	41.9364509583
-90.1567687988	41.9308815002
-90.153968811	41.9242095947
-90.1526794434	41.9187698364
-90.1524963379	41.912651062
-90.1544265747	41.907409668
-90.154800415	41.9067993164
-90.1572875977	41.9027786255
-90.159072876	41.8995285034
-90.1604919434	41.8969306946
-90.1653060913	41.8898086548
-90.1701965332	41.8809890747
-90.1725921631	41.8727989197
-90.1743621826	41.8641700745
-90.1761627197	41.8587112427
-90.1774673462	41.8546905518
-90.1797790527	41.8509712219
-90.1814422607	41.8488807678
-90.1834259033	41.846408844
-90.1846160889	41.8418693542
-90.185043335	41.8380699158
-90.186630249	41.8303909302
-90.1857299805	41.8280105591
-90.1844482422	41.8246116638
-90.1835403442	41.8175888062
-90.1843261719	41.8123512268
-90.1870880127	41.8076896667
-90.1904067993	41.804599762
-90.195930481	41.8018493652
-90.2021560669	41.8001403809
-90.2026901245	41.8000297546
-90.2109527588	41.7983016968
-90.2184066772	41.7966690063
-90.2241668701	41.7944297791
-90.2297592163	41.791809082
-90.2303161621	41.791469574
-90.2384872437	41.7865715027
-90.2406997681	41.7852516174
-90.2411499023	41.7850189209
-90.2443313599	41.78332901
-90.2494506836	41.7808685303
-90.2596893311	41.7760620117
-90.2713317871	41.7714500427
-90.2770614624	41.7692909241
-90.2786865234	41.7686805725
-90.286026001	41.7650108337
-90.2903213501	41.7622795105
-90.2946472168	41.7595291138
-90.3016891479	41.7537994385
-90.3094329834	41.7462692261
-90.314666748	41.7403106689
-90.3178863525	41.7360305786
-90.3194961548	41.7321090698
-90.3194732666	41.7302398682
-90.3194274902	41.7262001038
-90.318649292	41.7192420959
-90.3165130615	41.7123718262
-90.3162765503	41.7037391663
-90.3172607422	41.6985206604
-90.3184432983	41.6944313049
-90.3236312866	41.6907501221
-90.330619812	41.6859207153
-90.3345108032	41.6814689636
-90.3366775513	41.6770591736
-90.3374862671	41.6743392944
-90.3384628296	41.6711502075
-90.3389129639	41.6656799316
-90.3401565552	41.6597900391
-90.3424530029	41.6553192139
-90.3443527222	41.6502304077
-90.3436660767	41.6452407837
-90.3444671631	41.6376609802
-90.3432159424	41.6244621277
-90.3430023193	41.6158294678
-90.3422012329	41.6062698364
-90.3418731689	41.599899292
-90.342666626	41.5947990417
-90.344871521	41.59167099
-90.3497619629	41.5882911682
-90.35521698	41.5847892761
-90.361076355	41.582660675
-90.3673095703	41.5805397034
-90.374786377	41.5787506104
-90.3827896118	41.5777397156
-90.3931732178	41.5759010315
-90.4041671753	41.5717391968
-90.4114608765	41.5679893494
-90.4163360596	41.5639419556
-90.4205703735	41.5589103699
-90.424369812	41.5537605286
-90.4284515381	41.5516014099
-90.4339294434	41.5483818054
-90.4376373291	41.5449905396
-90.4430160522	41.5401420593
-90.4478607178	41.5351104736
-90.4523773193	41.5308189392
-90.4580764771	41.5264091492
-90.4642562866	41.5231895447
-90.4706192017	41.5203514099
-90.4764709473	41.5190086365
-90.4838180542	41.5180511475
-90.4934158325	41.5181617737
-90.5074768066	41.5193901062
-90.5169830322	41.5205116272
-90.5255889893	41.5222587585
-90.5305175781	41.5235786438
-90.5360565186	41.5248985291
-90.5415802002	41.5256309509
-90.5457000732	41.5257301331
-90.5464859009	41.5257492065
-90.547088623	41.5256996155
-90.5526428223	41.525428772
-90.5607376099	41.522441864
-90.566368103	41.5198402405
-90.5726089478	41.5172615051
-90.5776367188	41.5163803101
-90.5837173462	41.5157012939
-90.5886764526	41.5144500732
-90.5935211182	41.5126190186
-90.5986785889	41.5101394653
-90.6037368774	41.5061607361
-90.6056518555	41.5038909912
-90.6064605713	41.4998703003
-90.6077270508	41.4958190918
-90.6097564697	41.4925117493
-90.6117706299	41.4899902344
-90.6158218384	41.4879188538
-90.6237182617	41.4833106995
-90.6343765259	41.4768791199
-90.6406860352	41.4724807739
-90.647026062	41.4676208496
-90.6528167725	41.4635314941
-90.657081604	41.4614906311
-90.6613311768	41.4598197937
-90.666847229	41.4597702026
-90.6749191284	41.4601211548
-90.6754379272	41.4601402283
-90.6830062866	41.458770752
-90.6888580322	41.4568405151
-90.6947174072	41.4555091858
-90.7033615112	41.4538803101
-90.7120819092	41.452999115
-90.719367981	41.4524116516
-90.7249069214	41.4516220093
-90.7310714722	41.4508514404
-90.7389984131	41.4500198364
-90.7458267212	41.4499511719
-90.7463531494	41.4499206543
-90.7537994385	41.4495201111
-90.7611312866	41.4501304626
-90.7703018188	41.4507789612
-90.7782363892	41.4514503479
-90.7874069214	41.452709198
-90.7905197144	41.4531288147
-90.7910461426	41.4531593323
-90.7991104126	41.4535217285
-90.799621582	41.4535293579
-90.8081893921	41.4538497925
-90.8161315918	41.4544715881
-90.8234786987	41.4546203613
-90.8296203613	41.4542999268
-90.8389511108	41.454460144
-90.8394622803	41.4544296265
-90.849357605	41.4538993835
-90.8560409546	41.4525794983
-90.8616104126	41.4503517151
-90.8621368408	41.4500999451
-90.8678817749	41.4473686218
-90.8729019165	41.4443016052
-90.879776001	41.4407997131
-90.8864212036	41.4376106262
-90.8928833008	41.434261322
-90.903427124	41.4306221008
-90.912727356	41.4278488159
-90.917678833	41.4265899658
-90.9263458252	41.424041748
-90.9306564331	41.4232215881
-90.9343414307	41.4232902527
-90.9468002319	41.4246902466
-90.9538574219	41.4254989624
-90.9603271484	41.4272613525
-90.9678192139	41.4294090271
-90.97265625	41.4308586121
-90.9781417847	41.4318809509
-90.9842681885	41.4319992065
-90.9897918701	41.4316596985
-90.9947128296	41.4305000305
-90.9995727539	41.4290809631
-91.0062789917	41.4276390076
-91.0126571655	41.4262008667
-91.0258178711	41.4242286682
-91.0325164795	41.4227905273
-91.0373458862	41.4212303162
-91.0422363281	41.4190406799
-91.0454788208	41.4163894653
-91.0480499268	41.4128112793
-91.0494232178	41.4087409973
-91.0507659912	41.4051399231
-91.0509109497	41.4010505676
-91.0511016846	41.3956108093
-91.0514297485	41.3912391663
-91.051940918	41.3866996765
-91.0539474487	41.3838615417
-91.0573120117	41.380279541
-91.0609664917	41.3758201599
-91.0642166138	41.3704414368
-91.0673522949	41.3638114929
-91.0690231323	41.3565292358
-91.0706558228	41.3478889465
-91.0714569092	41.337890625
-91.0711364746	41.3343009949
-91.0712966919	41.3329200745
-91.0715103149	41.3310813904
-91.0707778931	41.3256492615
-91.0724868774	41.3201789856
-91.0728759766	41.3143119812
-91.0742263794	41.310710907
-91.0768127441	41.3066711426
-91.0800094604	41.3026390076
-91.0832061768	41.2986221313
-91.0859909058	41.2950515747
-91.0913467407	41.2886314392
-91.094909668	41.2840385437
-91.0972671509	41.2799301147
-91.099571228	41.2740020752
-91.1006622314	41.2708015442
-91.1036376953	41.2644195557
-91.1071395874	41.2600288391
-91.1109466553	41.2560195923
-91.1131515503	41.252948761
-91.1142807007	41.2488594055
-91.1141662598	41.2443199158
-91.1122589111	41.2407112122
-91.1097564697	41.2380218506
-91.1041259766	41.2326393127
-91.0990600586	41.228099823
-91.0953674316	41.2232208252
-91.0928268433	41.2187194824
-91.0903625488	41.2143211365
-91.0893478394	41.2084007263
-91.0882492065	41.2051620483
-91.0863113403	41.2006416321
-91.0813064575	41.1952590942
-91.0769500732	41.192150116
-91.0764160156	41.1919593811
-91.0720367432	41.1903800964
-91.0683517456	41.1890716553
-91.0646362305	41.1873016357
-91.0609207153	41.1846199036
-91.0591430664	41.1810493469
-91.0579986572	41.1787605286
-91.056892395	41.1755599976
-91.0551528931	41.1719818115
-91.0514068604	41.1683998108
-91.047416687	41.166759491
-91.0413894653	41.1648292542
-91.0336074829	41.1636199951
-91.0274963379	41.1637001038
-91.0225067139	41.164100647
-91.0220031738	41.1641387939
-91.0165557861	41.1656417847
-91.0128173828	41.1662406921
-91.0104827881	41.1666221619
-91.0049591064	41.1653289795
-90.9981307983	41.1626205444
-90.9919891357	41.1577606201
-90.9886779785	41.1538085938
-90.9851913452	41.1487503052
-90.9794158936	41.1406593323
-90.9731369019	41.1316604614
-90.9689178467	41.1261901855
-90.9654693604	41.1202201843
-90.9593429565	41.1132202148
-90.9543304443	41.1077384949
-90.9505767822	41.1024208069
-90.9485626221	41.0985488892
-90.9473724365	41.0947494507
-90.9472808838	41.0902099609
-90.9478530884	41.0844688416
-90.9482574463	41.0788497925
-90.9487762451	41.0754089355
-90.9489059448	41.0717811584
-90.9484558105	41.0676803589
-90.9480361938	41.0622291565
-90.9458694458	41.0549201965
-90.9448928833	41.0480995178
-90.9451828003	41.0403900146
-90.945526123	41.0304107666
-90.9458618164	41.0213394165
-90.9467163086	41.0145492554
-90.9474258423	41.0085411072
-90.9485397339	41.0030784607
-90.9502182007	40.9958000183
-90.9519271851	40.9903297424
-90.9538116455	40.9865493774
-90.9548568726	40.9844017029
-90.9566268921	40.9816589355
-90.9571609497	40.9780197144
-90.9564666748	40.9743995667
-90.9557723999	40.969871521
-90.9538879395	40.9667205811
-90.9525909424	40.9631004333
-90.9525299072	40.9599304199
-90.9530715942	40.9567489624
-90.9540863037	40.9535217285
-90.9557876587	40.9484710693
-90.9582061768	40.9403495789
-90.9610824585	40.9321517944
-90.9645385742	40.9250488281
-90.9674072266	40.9222488403
-90.9717559814	40.9193305969
-90.975982666	40.9174613953
-90.9808197021	40.9151802063
-90.981300354	40.9149017334
-90.9856109619	40.912361145
-90.9898223877	40.9104995728
-90.9942932129	40.9093017578
-90.9982910156	40.9081306458
-91.0012969971	40.9067306519
-91.0043029785	40.9048805237
-91.0073165894	40.9022903442
-91.0162277222	40.8938522339
-91.0217971802	40.8880500793
-91.0281524658	40.8832702637
-91.0358963013	40.875919342
-91.0431213379	40.8694114685
-91.0459671021	40.8640022278
-91.050239563	40.856842041
-91.0547027588	40.8510284424
-91.0584793091	40.8470191956
-91.0637359619	40.8433685303
-91.067199707	40.8408317566
-91.0715408325	40.8387413025
-91.0757217407	40.8355102539
-91.0777816772	40.8333206177
-91.0802230835	40.8303108215
-91.0840911865	40.8266296387
-91.0894165039	40.8235397339
-91.0922470093	40.8186187744
-91.0942459106	40.813659668
-91.0945663452	40.8094100952
-91.0927505493	40.8041114807
-91.0900192261	40.7949790955
-91.0892486572	40.788608551
-91.0896759033	40.7804412842
-91.0912628174	40.7764015198
-91.0926361084	40.7714309692
-91.0946578979	40.7655792236
-91.0966186523	40.7615318298
-91.0994796753	40.7576408386
-91.1018218994	40.7539787292
-91.1053695679	40.7498512268
-91.1074371338	40.746761322
-91.1094665527	40.7434501648
-91.1107330322	40.7391090393
-91.1122970581	40.7343406677
-91.1134719849	40.7296295166
-91.1141967773	40.726020813
-91.1137771606	40.7193489075
-91.112197876	40.7132797241
-91.1111068726	40.7084999084
-91.1115493774	40.7012290955
-91.1121902466	40.6955795288
-91.1130371094	40.6883392334
-91.1147689819	40.6825904846
-91.1170959473	40.6784820557
-91.1195678711	40.6743888855
-91.123336792	40.6703796387
-91.1277008057	40.6668319702
-91.1319198608	40.6642303467
-91.137298584	40.6609802246
-91.1425170898	40.6584892273
-91.1534957886	40.653968811
-91.1594696045	40.6502609253
-91.1672592163	40.6465301514
-91.1770019531	40.6418800354
-91.1834030151	40.6389694214
-91.1856231689	40.6379585266
-91.1906661987	40.6371498108
-91.1979293823	40.6370506287
-91.2032165527	40.636920929
-91.2100524902	40.6373405457
-91.2171020508	40.6385307312
-91.2197265625	40.6387786865
-91.2231369019	40.6390914917
-91.2297973633	40.6392097473
-91.2364807129	40.6388702393
-91.2431564331	40.638092041
-91.2506408691	40.6372413635
-91.2590866089	40.635761261
-91.269317627	40.632900238
-91.2816162109	40.6292419434
-91.2913970947	40.6262321472
-91.3125915527	40.6195907593
-91.3282089233	40.6143722534
-91.3384170532	40.6110496521
-91.3446426392	40.6085510254
-91.3509597778	40.6045188904
-91.3576126099	40.600151062
-91.3634719849	40.5966186523
-91.3693771362	40.5912704468
-91.3777160645	40.5859794617
-91.3860397339	40.5799598694
-91.3943710327	40.5748405457
-91.4021072388	40.5695915222
-91.4056625366	40.5669593811
-91.4091567993	40.561920166
-91.4121704102	40.5565986633
-91.4131164551	40.5514297485
-91.4130630493	40.547088623
-91.4101486206	40.5429611206
-91.4054031372	40.5396995544
-91.4018478394	40.5373802185
-91.396987915	40.5367012024
-91.3910369873	40.5344696045
-91.3865661621	40.5314102173
-91.3809661865	40.5275001526
-91.3766784668	40.5233917236
-91.3735580444	40.5198097229
-91.3704528809	40.5150794983
-91.3681793213	40.5100517273
-91.3659133911	40.5050201416
-91.3642501831	40.5
-91.3638763428	40.4922904968
-91.3646316528	40.4873085022
-91.3660507202	40.4800796509
-91.3687286377	40.4715003967
-91.3726882935	40.4635810852
-91.3749694824	40.4585494995
-91.3771972656	40.4517097473
-91.3794784546	40.4462394714
-91.3793029785	40.441280365
-91.3800888062	40.4349517822
-91.3784561157	40.4290313721
-91.3750076294	40.4230690002
-91.3696060181	40.4150886536
-91.3669204712	40.4106903076
-91.3652877808	40.4047584534
-91.365447998	40.3993186951
-91.3674087524	40.3943710327
-91.3711395264	40.3908004761
-91.376663208	40.3877220154
-91.3808059692	40.3856391907
-91.3827896118	40.3846511841
-91.3911132812	40.3834686279
-91.4013290405	40.3819618225
-91.4097518921	40.3809318542
-91.4143295288	40.3797302246
-91.4204101562	40.3780097961
-91.4246902466	40.3810806274
-91.4335403442	40.3832206726
-91.4383392334	40.3842086792
-91.441947937	40.3847198486
-91.4443893433	40.3838500977
-91.4464111328	40.3817100525
-91.4476470947	40.3790092468
-91.450630188	40.3766899109
-91.4539413452	40.3751106262
-91.4579391479	40.3745422363
-91.4609375	40.3750495911
-91.4633026123	40.3768997192
-91.4638366699	40.3791694641
-91.4637985229	40.380531311
-91.463760376	40.3818893433
-91.4650802612	40.3841400146
-91.4672775269	40.3855285645
-91.4696960449	40.3856201172
-91.4727096558	40.3856697083
-91.4757461548	40.3848114014
-91.4793930054	40.3844108582
-91.4829864502	40.3849220276
-91.4855804443	40.3856620789
-91.4879684448	40.3874893188
-91.4894866943	40.3900108337
-91.4890975952	40.3934020996
-91.4905014038	40.3968315125
-91.4938430786	40.3993301392
-91.4992370605	40.4016418457
-91.5034408569	40.4034919739
-91.5119628906	40.4071502686
-91.5191268921	40.4099807739
-91.5239028931	40.4123306274
-91.5262527466	40.4146308899
-91.5261993408	40.4172706604
-91.524887085	40.4200515747
-91.5229873657	40.4231987
-91.5204620361	40.4272384644
-91.5191497803	40.4308509827
-91.5208969116	40.4331512451
-91.5233078003	40.4336395264
-91.5265808105	40.4340591431
-91.5298995972	40.4355506897
-91.5316467285	40.4374008179
-91.5327758789	40.4405899048
-91.5308914185	40.4432792664
-91.528427124	40.44506073
-91.5259628296	40.4468307495
-91.5234832764	40.4490585327
-91.5221862793	40.4522209167
-91.5227279663	40.4544906616
-91.5244598389	40.4572410583
-91.5280380249	40.45911026
-91.5316772461	40.4587211609
-91.5377120972	40.4588088989
-91.547996521	40.4582519531
-91.5576324463	40.4595718384
-91.5660705566	40.462020874
-91.5719833374	40.4656906128
-91.577293396	40.4702987671
-91.5803985596	40.475730896
-91.5859222412	40.4863090515
-91.5888214111	40.4908905029
-91.5922470093	40.4944114685
-91.5965270996	40.4964485168
-91.6012573242	40.498550415
-91.6066665649	40.5008621216
-91.6114807129	40.5031585693
-91.6150665283	40.5063591003
-91.6174468994	40.509552002
-91.6192169189	40.5131988525
-91.6203765869	40.5163803101
-91.6200866699	40.5203895569
-91.6184768677	40.5240707397
-91.6184158325	40.5286102295
-91.6183929443	40.5313301086
-91.618347168	40.5340499878
-91.6189193726	40.5372200012
-91.6219100952	40.5399703979
-91.6255722046	40.5417900085
-91.629737854	40.5432014465
-91.6369857788	40.5446815491
-91.6526565552	40.5478897095
-91.6677627563	40.5507087708
-91.6780090332	40.5530395508
-91.6832962036	40.5553321838
-91.6868362427	40.559009552
-91.6885604858	40.5626602173
-91.6884765625	40.5658416748
-91.6868972778	40.5694313049
-91.6858901978	40.5726013184
-91.6864013672	40.5762405396
-91.686340332	40.5785102844
-91.6874771118	40.5812492371
-91.6904067993	40.5853691101
-91.6945724487	40.5881500244
-91.6981582642	40.5903701782
-91.7089996338	40.5958709717
-91.7178573608	40.6011810303
-91.7186203003	40.6018295288
-91.7258071899	40.6091308594
-91.7284393311	40.6140289307
-91.7428283691	40.6136016846
-91.7905731201	40.6117706299
-91.8999633789	40.6076889038
-91.9431915283	40.6064987183
-92.0611190796	40.6032600403
-92.1792297363	40.6006813049
-92.3331069946	40.5973205566
-92.355506897	40.5968704224
-92.6037368774	40.5919189453
-92.6394729614	40.5914497375
-92.715057373	40.5902290344
-92.8743667603	40.5876502991
-93.0977325439	40.5838699341
-93.1453704834	40.5830688477
-93.2895965576	40.5803909302
-93.3825759888	40.5798301697
-93.4166870117	40.5796318054
-93.5565032959	40.5789108276
-93.6866073608	40.578250885
-93.7783584595	40.5769119263
-93.9589233398	40.5742797852
-94.0182266235	40.5734786987
-94.2285079956	40.570640564
-94.2339630127	40.570640564
-94.47265625	40.5703086853
-94.4962463379	40.5702819824
-94.6328430176	40.5714416504
-94.767250061	40.5725898743
-94.9169464111	40.5748405457
-95.0380172729	40.5766716003
-95.2027359009	40.5790100098
-95.3045120239	40.5804519653
-95.3734664917	40.5811805725
-95.5728759766	40.5833091736
-95.7650680542	40.585559845
-95.7530975342	40.5922393799
-95.7482299805	40.6035194397
-95.7508621216	40.6090393066
-95.768447876	40.6212997437
-95.7712402344	40.6398086548
-95.7754669189	40.6471214294
-95.7951507568	40.6623916626
-95.8219528198	40.667098999
-95.8423995972	40.6770896912
-95.8517913818	40.702129364
-95.8586959839	40.7078018188
-95.8825073242	40.717250824
-95.886177063	40.7244300842
-95.8883132935	40.7359809875
-95.8813858032	40.7506484985
-95.870262146	40.7595405579
-95.8428268433	40.7708396912
-95.837059021	40.7762413025
-95.8329620361	40.7849388123
-95.8330230713	40.7868614197
-95.8338470459	40.7904205322
-95.8363113403	40.7945098877
-95.8395080566	40.7994384766
-95.8408432007	40.8030509949
-95.8431777954	40.8075218201
-95.8441009521	40.8125495911
-95.8436965942	40.8161506653
-95.842628479	40.8202590942
-95.8390808105	40.8255500793
-95.8374786377	40.8298797607
-95.8389587402	40.8380203247
-95.8384933472	40.8421096802
-95.8420562744	40.8474388123
-95.8454284668	40.8520889282
-95.8468170166	40.8551216125
-95.8480682373	40.8589897156
-95.8466110229	40.86302948
-95.8452072144	40.8661613464
-95.8430404663	40.8697090149
-95.8400268555	40.8714408875
-95.8352432251	40.8725814819
-95.8298110962	40.8740386963
-95.8234329224	40.8745307922
-95.8189468384	40.8765106201
-95.8159866333	40.8788299561
-95.8120193481	40.8823318481
-95.8098526001	40.8881607056
-95.8096084595	40.8922386169
-95.8093185425	40.8972206116
-95.8106079102	40.9002494812
-95.8149871826	40.904258728
-95.8202133179	40.9084815979
-95.8256072998	40.912689209
-95.8306121826	40.9179000854
-95.8355789185	40.9266891479
-95.8372116089	40.9324417114
-95.837890625	40.9390296936
-95.8370361328	40.9430885315
-95.8361206055	40.9485092163
-95.8342285156	40.9529190063
-95.8319320679	40.9570388794
-95.8293228149	40.9605522156
-95.8278274536	40.9650421143
-95.8275985718	40.9691200256
-95.8276062012	40.9734611511
-95.8295669556	40.9779586792
-95.8311309814	40.9814987183
-95.8346862793	40.9851303101
-95.8375015259	40.9871520996
-95.8433380127	40.9890594482
-95.850112915	40.9911994934
-95.8550262451	40.9929199219
-95.8589706421	40.9951210022
-95.862487793	40.9973220825
-95.8629608154	40.9981422424
-95.8655319214	41.0002098083
-95.8683929443	41.0043106079
-95.8693313599	41.0086593628
-95.8637771606	41.0191192627
-95.8588562012	41.0257987976
-95.8583602905	41.03358078
-95.8611068726	41.0393218994
-95.8733673096	41.0487213135
-95.8736877441	41.0489311218
-95.879486084	41.0537605286
-95.8822784424	41.0604896545
-95.8818283081	41.0630722046
-95.880027771	41.0659790039
-95.8752593994	41.0692520142
-95.8721694946	41.0718421936
-95.8681259155	41.0748291016
-95.8644180298	41.0793113708
-95.8617858887	41.082408905
-95.8603057861	41.0868988037
-95.860710144	41.0905418396
-95.8621292114	41.0958099365
-95.8634796143	41.0998687744
-95.8642730713	41.1053009033
-95.8650970459	41.1116409302
-95.8640289307	41.1161994934
-95.8641662598	41.1202888489
-95.8648910522	41.1233787537
-95.8668365479	41.1274986267
-95.8712768555	41.1324119568
-95.8738861084	41.136390686
-95.8764266968	41.1404800415
-95.8796691895	41.1458702087
-95.8804473877	41.1508407593
-95.8800964355	41.1556587219
-95.8787689209	41.1590003967
-95.8779525757	41.1610412598
-95.8766326904	41.1645393372
-95.873046875	41.1668701172
-95.8706512451	41.1682815552
-95.868812561	41.167640686
-95.8681716919	41.1675605774
-95.862953186	41.1669197083
-95.8583374023	41.1653289795
-95.8545761108	41.1639213562
-95.8497619629	41.1641197205
-95.8453216553	41.1654396057
-95.8421401978	41.1675987244
-95.8401260376	41.1707191467
-95.8411026001	41.1748390198
-95.842880249	41.1774101257
-95.8456268311	41.1808891296
-95.8515472412	41.184261322
-95.8593673706	41.1863288879
-95.865486145	41.1860694885
-95.87525177	41.1863899231
-95.8771286011	41.1863098145
-95.8813705444	41.1861305237
-95.8883514404	41.1861000061
-95.8974761963	41.1854820251
-95.9046173096	41.1855201721
-95.9113311768	41.1857299805
-95.9158630371	41.1874504089
-95.9201889038	41.1890907288
-95.9209976196	41.1890907288
-95.925239563	41.1935806274
-95.9278030396	41.1971588135
-95.9273757935	41.2026100159
-95.9269104004	41.2067108154
-95.9245758057	41.210231781
-95.9199981689	41.2155303955
-95.9141159058	41.2221603394
-95.9105072021	41.2269897461
-95.9093399048	41.2306289673
-95.9096069336	41.2365493774
-95.9103469849	41.24061203
-95.9129562378	41.2451019287
-95.9155883789	41.2494506836
-95.9184570312	41.2527313232
-95.9200973511	41.2559585571
-95.9219894409	41.2590103149
-95.9227905273	41.2624015808
-95.9262771606	41.2747917175
-95.9293899536	41.2857704163
-95.9294967651	41.2944107056
-95.9267730713	41.2993202209
-95.9186782837	41.3017807007
-95.9095230103	41.3014907837
-95.9053192139	41.2999992371
-95.9031066895	41.297039032
-95.9035873413	41.2929420471
-95.907913208	41.2868995667
-95.9099273682	41.2819290161
-95.909286499	41.2737808228
-95.9075088501	41.272819519
-95.9053497314	41.2729415894
-95.8860321045	41.2801017761
-95.8782196045	41.2843284607
-95.8746871948	41.2884902954
-95.8724822998	41.2953300476
-95.8727874756	41.3044090271
-95.8742370605	41.3080787659
-95.8770599365	41.3122596741
-95.8823165894	41.3165206909
-95.8861999512	41.3185005188
-95.8870773315	41.3189506531
-95.892288208	41.3203887939
-95.8984298706	41.321182251
-95.9045333862	41.3206100464
-95.9106369019	41.3204994202
-95.9169387817	41.3212585449
-95.9266433716	41.3233718872
-95.9347229004	41.3268508911
-95.9426269531	41.332069397
-95.9447631836	41.3339195251
-95.9503631592	41.3369903564
-95.9526062012	41.3396492004
-95.954208374	41.3437919617
-95.9546127319	41.3474388123
-95.9532699585	41.3501091003
-95.9513168335	41.3514289856
-95.9472503662	41.3529396057
-95.9424972534	41.3556900024
-95.9382324219	41.3576507568
-95.9336776733	41.3599510193
-95.9291915894	41.3634414673
-95.9274902344	41.3655815125
-95.9257659912	41.3692398071
-95.92552948	41.3737716675
-95.9285202026	41.3778190613
-95.9311065674	41.3818511963
-95.9345779419	41.3867797852
-95.9369125366	41.3903694153
-95.9366378784	41.393661499
-95.9353027344	41.3967514038
-95.9335861206	41.4004211426
-95.9311676025	41.4034805298
-95.9284973145	41.4070320129
-95.9277420044	41.4097290039
-95.9285964966	41.4154891968
-95.9300231934	41.42137146
-95.9313659668	41.4249801636
-95.9302597046	41.4298019409
-95.927986145	41.4336700439
-95.9250411987	41.4369010925
-95.9211120605	41.4394989014
-95.9178466797	41.441570282
-95.9161224365	41.4447898865
-95.9150466919	41.4488487244
-95.917640686	41.4533805847
-95.9214630127	41.4574012756
-95.924156189	41.4609489441
-95.9283981323	41.4631690979
-95.9319381714	41.4643707275
-95.9362030029	41.4649620056
-95.9429321289	41.4651794434
-95.9480819702	41.4650688171
-95.9517059326	41.4636306763
-95.9565658569	41.4621810913
-95.9627075195	41.4625205994
-95.9680862427	41.4650688171
-95.9720458984	41.4668807983
-95.9770431519	41.4694290161
-95.9820022583	41.4707717896
-95.986946106	41.4720420837
-95.992767334	41.473110199
-95.9994812012	41.4737701416
-96.0060882568	41.4757499695
-96.0104522705	41.4779396057
-96.0138473511	41.4801216125
-96.0155258179	41.4828987122
-96.0171127319	41.4874916077
-96.0163421631	41.4901885986
-96.0140686035	41.4933013916
-96.0117492676	41.4954986572
-96.008682251	41.4970397949
-96.0041427612	41.4998092651
-95.9996490479	41.501750946
-95.9946670532	41.5045089722
-95.9930877686	41.5055809021
-95.9908370972	41.5071105957
-95.9887924194	41.5106887817
-95.9872970581	41.5151786804
-95.9888305664	41.5206794739
-95.9906768799	41.5255393982
-95.9937515259	41.5312805176
-95.9966201782	41.5372314453
-96.000541687	41.5414886475
-96.0067367554	41.5456619263
-96.0116882324	41.5469207764
-96.0196533203	41.5463104248
-96.025680542	41.5434684753
-96.0276565552	41.5396003723
-96.0296630859	41.5347709656
-96.0301132202	41.5302200317
-96.030632019	41.5274810791
-96.0335464478	41.5233421326
-96.0367279053	41.5203514099
-96.0401229858	41.5182113647
-96.0486831665	41.517539978
-96.0528564453	41.5172195435
-96.0571289062	41.5177993774
-96.0627670288	41.5193710327
-96.0634765625	41.519569397
-96.066192627	41.5203514099
-96.0717086792	41.5205192566
-96.0764465332	41.5220298767
-96.0814666748	41.5251121521
-96.0852813721	41.5286598206
-96.0910568237	41.5358085632
-96.0933532715	41.5397987366
-96.0955200195	41.5448684692
-96.0953216553	41.548500061
-96.0941467285	41.5530090332
-96.0930633545	41.5566596985
-96.0909881592	41.5601806641
-96.0877609253	41.5626716614
-96.0842132568	41.5663719177
-96.0813369751	41.5680618286
-96.077583313	41.5696792603
-96.0757904053	41.5710792542
-96.0740432739	41.5733909607
-96.0747680664	41.5755805969
-96.0769729614	41.5801887512
-96.0805511475	41.5837020874
-96.0898971558	41.587600708
-96.1002578735	41.5922584534
-96.1048965454	41.5945587158
-96.1103363037	41.5989303589
-96.1131973267	41.6026496887
-96.1148376465	41.6063308716
-96.1152572632	41.6099815369
-96.1123962402	41.6143913269
-96.1092071533	41.6193389893
-96.1041717529	41.6245498657
-96.1005859375	41.6273498535
-96.0980911255	41.6312599182
-96.0960006714	41.6357498169
-96.0936889648	41.6402015686
-96.092956543	41.6460990906
-96.0939102173	41.6511306763
-96.0961074829	41.6555900574
-96.1001358032	41.6608505249
-96.1056671143	41.664932251
-96.110710144	41.6698112488
-96.1152267456	41.6738204956
-96.1184463501	41.6778488159
-96.1192703247	41.6818809509
-96.1198959351	41.683719635
-96.1189193726	41.6905517578
-96.1177978516	41.6933021545
-96.1172866821	41.6954498291
-96.1136627197	41.6979217529
-96.1092758179	41.6998519897
-96.1059265137	41.7005615234
-96.1010360718	41.6999588013
-96.0958862305	41.6996498108
-96.0897598267	41.7002220154
-96.0844268799	41.6999092102
-96.0788497925	41.7006492615
-96.0750427246	41.7014312744
-96.0726470947	41.703289032
-96.0715179443	41.7060394287
-96.0716705322	41.7101287842
-96.0731430054	41.7145614624
-96.0768661499	41.7177391052
-96.0802230835	41.7202301025
-96.0850296021	41.7221221924
-96.092300415	41.72423172
-96.0956192017	41.7255401611
-96.1000900269	41.728099823
-96.1029815674	41.7313690186
-96.1033477783	41.7359199524
-96.102935791	41.7403793335
-96.1012420654	41.7444992065
-96.0976715088	41.749382019
-96.0930023193	41.7546615601
-96.0876998901	41.7611198425
-96.0806274414	41.7698898315
-96.0712966919	41.7803916931
-96.0679168701	41.7857398987
-96.0663833618	41.7911491394
-96.066078186	41.7965888977
-96.0675964355	41.8005905151
-96.0723876953	41.8049621582
-96.0752182007	41.8067893982
-96.0790023804	41.8078918457
-96.0832901001	41.8084487915
-96.0876464844	41.8097190857
-96.0911865234	41.8105316162
-96.0938873291	41.811870575
-96.0983428955	41.8148422241
-96.102722168	41.8176002502
-96.1052932739	41.8202705383
-96.1072387695	41.8229598999
-96.1094284058	41.8260803223
-96.1099700928	41.8301696777
-96.1089401245	41.8356399536
-96.1078796387	41.8401985168
-96.1078262329	41.84375
-96.1094207764	41.8483505249
-96.1110916138	41.8515815735
-96.1133117676	41.8537216187
-96.1183395386	41.856338501
-96.1236419678	41.8587684631
-96.1296386719	41.8615608215
-96.1350402832	41.8645706177
-96.1364593506	41.865650177
-96.1397476196	41.8681716919
-96.1430358887	41.873550415
-96.145072937	41.8780593872
-96.1451873779	41.8821411133
-96.1461868286	41.8862609863
-96.1479721069	41.8898010254
-96.1531066895	41.8950996399
-96.1563262939	41.8987197876
-96.1595458984	41.9022903442
-96.1596679688	41.9054603577
-96.1598129272	41.9080314636
-96.1578521729	41.9097900391
-96.1555633545	41.9109992981
-96.1515731812	41.9118690491
-96.147605896	41.912979126
-96.1439971924	41.9153289795
-96.1407699585	41.9174613953
-96.138130188	41.9205589294
-96.1366729736	41.9246101379
-96.1364364624	41.928691864
-96.1381072998	41.9319190979
-96.1398391724	41.9358520508
-96.1412658691	41.9408187866
-96.1426315308	41.9444313049
-96.1421432495	41.9476203918
-96.1413803101	41.9510993958
-96.1399459839	41.95470047
-96.1369781494	41.9581718445
-96.1346359253	41.9613990784
-96.1329727173	41.9664306641
-96.1335372925	41.969959259
-96.1382064819	41.9744987488
-96.1430358887	41.9770622253
-96.1475906372	41.9774894714
-96.1528320312	41.9787216187
-96.1577606201	41.9788703918
-96.1627197266	41.9785614014
-96.1670913696	41.9777793884
-96.1714096069	41.9779090881
-96.1747894287	41.9782905579
-96.1780700684	41.980381012
-96.1810531616	41.9822807312
-96.18309021	41.9853897095
-96.184967041	41.9896697998
-96.1847991943	41.9928512573
-96.1847457886	41.9962615967
-96.1850204468	42.0001296997
-96.1850585937	42.0044288635
-96.1856689453	42.0054702759
-96.1877059937	42.0062713623
-96.1920166016	42.0086593628
-96.2056884766	42.0093688965
-96.2149810791	42.0068817139
-96.2246398926	41.9945411682
-96.2366867065	41.9961090088
-96.2413024902	42.0009002686
-96.2415771484	42.0036506653
-96.2380218506	42.012802124
-96.2282714844	42.0174407959
-96.2225494385	42.0233001709
-96.2216873169	42.0250205994
-96.2211990356	42.0282096863
-96.22315979	42.0308914185
-96.2239761353	42.0340003967
-96.2311859131	42.0378417969
-96.2331924438	42.0383987427
-96.2382965088	42.0410804749
-96.2577972412	42.0384292603
-96.2697906494	42.0429000854
-96.272026062	42.046131134
-96.2728118896	42.0473709106
-96.2741699219	42.050151825
-96.2777481079	42.0586013794
-96.2790298462	42.0684814453
-96.277130127	42.0803985596
-96.2692871094	42.091999054
-96.2660827637	42.1031112671
-96.2686080933	42.1149291992
-96.2752761841	42.1199493408
-96.2765960693	42.1220817566
-96.286315918	42.1259994507
-96.3054733276	42.1297912598
-96.3125762939	42.1362113953
-96.3151931763	42.1410903931
-96.3178787231	42.1472396851
-96.3258666992	42.1531791687
-96.3403015137	42.1594619751
-96.3473510742	42.1668815613
-96.3482131958	42.1701698303
-96.3487701416	42.1708717346
-96.3502120972	42.1739807129
-96.3512573242	42.1776504517
-96.3511428833	42.1799201965
-96.3511734009	42.1839904785
-96.3506393433	42.1862792969
-96.3507461548	42.188999176
-96.3508224487	42.1908187866
-96.3504562378	42.1930809021
-96.3509292603	42.1958198547
-96.353767395	42.2021102905
-96.3564071655	42.2061500549
-96.3577804565	42.2093009949
-96.3585128784	42.2120094299
-96.358001709	42.2147407532
-96.3576126099	42.2153587341
-96.3367996216	42.217830658
-96.3224029541	42.2323913574
-96.3287200928	42.2400398254
-96.3280487061	42.2477798462
-96.3306808472	42.2587013245
-96.3388671875	42.2678604126
-96.3533859253	42.2743301392
-96.3573532104	42.2770385742
-96.3673629761	42.2898712158
-96.3703460693	42.3065185547
-96.3714904785	42.3142204285
-96.3735198975	42.3171310425
-96.3737258911	42.3184890747
-96.3829269409	42.3255805969
-96.408493042	42.3374099731
-96.418586731	42.3519706726
-96.4162063599	42.3628921509
-96.4076919556	42.3739318848
-96.4158172607	42.3922996521
-96.4148712158	42.4087715149
-96.3987121582	42.4227218628
-96.396446228	42.4243392944
-96.3909072876	42.4288101196
-96.3868560791	42.4327392578
-96.3833618164	42.4382705688
-96.382019043	42.444480896
-96.3809661865	42.4526290894
-96.3807067871	42.4642410278
-96.3830566406	42.472240448
-96.3862762451	42.4786605835
-96.3914794922	42.4840011597
-96.3996658325	42.4877090454
-96.4078903198	42.4895515442
-96.4191665649	42.491569519
-96.4328231812	42.4908103943
-96.4483184814	42.4892692566
-96.4499511719	42.4894790649
-96.458946228	42.4906692505
-96.468711853	42.493019104
-96.4729766846	42.4945106506
-96.4753570557	42.4962120056
-96.4763183594	42.5014419556
-96.474937439	42.5036697388
-96.4745864868	42.5071411133
-96.4764404297	42.5100898743
-96.4837875366	42.5121307373
-96.4887619019	42.5122909546
-96.4917907715	42.5137405396
-96.4925918579	42.5214996338
-96.4797592163	42.5261116028
-96.4774093628	42.5293502808
-96.4769592285	42.5334510803
-96.477645874	42.5493507385
-96.4792175293	42.5570487976
-96.4861984253	42.5600700378
-96.4954071045	42.5588798523
-96.4981613159	42.5620193481
-96.49949646	42.5635604858
-96.4992370605	42.5680999756
-96.4978866577	42.5711593628
-96.4948577881	42.5730514526
-96.4910812378	42.5722312927
-96.4867477417	42.5727806091
-96.4856185913	42.5755386353
-96.4850311279	42.5767593384
-96.4880905151	42.5777587891
-96.4919586182	42.5781211853
-96.4945678711	42.5807914734
-96.4960098267	42.5853004456
-96.4925231934	42.5874519348
-96.4993362427	42.5902290344
-96.5014572144	42.5960922241
-96.5027999878	42.5983314514
-96.5028991699	42.6006088257
-96.5043411255	42.6051216125
-96.5090560913	42.6131896973
-96.5128707886	42.6149291992
-96.5165863037	42.6143798828
-96.5184402466	42.6137199402
-96.51902771	42.6129608154
-96.5232620239	42.6101417542
-96.5251159668	42.6096420288
-96.5291976929	42.6108703613
-96.5315628052	42.6132087708
-96.5315093994	42.6141204834
-96.5314025879	42.615940094
-96.5304260254	42.6172409058
-96.5286331177	42.6186485291
-96.5268630981	42.6189804077
-96.5255279541	42.619178772
-96.519859314	42.6215019226
-96.515953064	42.6245689392
-96.515663147	42.6295585632
-96.5167007446	42.6312103271
-96.5186462402	42.6329803467
-96.5209732056	42.6347312927
-96.5238800049	42.6384506226
-96.5258560181	42.6409988403
-96.5274581909	42.6412887573
-96.5309371948	42.6431503296
-96.5341262817	42.6449012756
-96.5373916626	42.6480102539
-96.5378265381	42.6561584473
-96.5391311646	42.6593284607
-96.5448608398	42.6619300842
-96.5504074097	42.6604309082
-96.5545196533	42.6589508057
-96.5576324463	42.6590385437
-96.5575790405	42.6675415039
-96.5630874634	42.6728515625
-96.5655288696	42.6738395691
-96.5730285645	42.6736106873
-96.5755233765	42.6736793518
-96.5759658813	42.6768798828
-96.5746231079	42.6786613464
-96.5743865967	42.6807899475
-96.5859909058	42.6891593933
-96.5891113281	42.6890792847
-96.5954666138	42.6961212158
-96.5988616943	42.6979484558
-96.6020202637	42.6987800598
-96.6053695679	42.6977806091
-96.6090316772	42.6992492676
-96.612197876	42.6984405518
-96.6153869629	42.6971702576
-96.617729187	42.6999702454
-96.6229782104	42.706489563
-96.6254272461	42.7059593201
-96.6280059814	42.7077102661
-96.628326416	42.7112007141
-96.625617981	42.7152099609
-96.6248626709	42.7174720764
-96.6253890991	42.7192993164
-96.6314697266	42.7222099304
-96.6331100464	42.726360321
-96.6315231323	42.7299118042
-96.6354370117	42.7339096069
-96.6356658936	42.7364387512
-96.6323165894	42.7404403687
-96.6320571899	42.7421798706
-96.6292419434	42.7508087158
-96.6244506836	42.7532806396
-96.6203079224	42.7541809082
-96.6170730591	42.7557296753
-96.6209564209	42.7588195801
-96.6222000122	42.7587890625
-96.6275100708	42.7593994141
-96.6329498291	42.7627487183
-96.633392334	42.7659492493
-96.6326065063	42.7680892944
-96.6293716431	42.7708320618
-96.622177124	42.7765312195
-96.6168060303	42.7831993103
-96.6053314209	42.78647995
-96.6022720337	42.7879219055
-96.6019058228	42.7923088074
-96.589630127	42.7986793518
-96.5936584473	42.8057098389
-96.591583252	42.8092803955
-96.5878372192	42.8146400452
-96.584197998	42.8181610107
-96.5831069946	42.8206710815
-96.5782470703	42.8239593506
-96.5791931152	42.8307609558
-96.5774307251	42.8335418701
-96.5780792236	42.8339805603
-96.5769271851	42.8362808228
-96.5731430054	42.8354606628
-96.5688858032	42.8345413208
-96.5646591187	42.8274688721
-96.5621414185	42.8270721436
-96.559677124	42.8280410767
-96.5594558716	42.8351707458
-96.5575408936	42.8360214233
-96.556892395	42.8364486694
-96.5550231934	42.8358802795
-96.5519561768	42.8373222351
-96.5534896851	42.8436508179
-96.5531463623	42.8472595215
-96.5480422974	42.8489303589
-96.5454406738	42.8506698608
-96.5403671265	42.8518791199
-96.5402374268	42.8541488647
-96.5456008911	42.8588600159
-96.5479431152	42.8616714478
-96.5478363037	42.8634796143
-96.5464630127	42.8657188416
-96.5475463867	42.8684806824
-96.54662323	42.8720092773
-96.5421066284	42.8760490417
-96.5367965698	42.8763389587
-96.5356826782	42.8790397644
-96.5401382446	42.8812599182
-96.5409011841	42.8844299316
-96.5366668701	42.8877105713
-96.5273666382	42.8897514343
-96.5267791748	42.8924217224
-96.5291366577	42.8947715759
-96.5313796997	42.8955688477
-96.5333404541	42.8973388672
-96.5377731323	42.8973007202
-96.5389099121	42.8991584778
-96.5370864868	42.9091186523
-96.5370864868	42.9104499817
-96.5371627808	42.9186820984
-96.5302429199	42.9265289307
-96.5242996216	42.9339408875
-96.5178833008	42.9304504395
-96.5174026489	42.9336509705
-96.5171966553	42.938999176
-96.5146713257	42.9428100586
-96.50756073	42.9432601929
-96.505355835	42.9448394775
-96.5071868896	42.9496192932
-96.5051574707	42.9543991089
-96.4984817505	42.9595603943
-96.5002212524	42.9616889954
-96.503326416	42.969909668
-96.5071258545	42.9723701477
-96.5109863281	42.9733695984
-96.5155563354	42.9773597717
-96.5151672363	42.9849090576
-96.5105133057	42.9897689819
-96.5109481812	42.9929695129
-96.4976959229	42.9991607666
-96.4923400879	43.0056495667
-96.4922866821	43.01197052
-96.4962463379	43.0193786621
-96.5127563477	43.0267105103
-96.5128860474	43.0311088562
-96.5074768066	43.0367012024
-96.5095214844	43.0393600464
-96.5132369995	43.0392990112
-96.517036438	43.0395812988
-96.5201873779	43.0405006409
-96.517829895	43.0437393188
-96.5166778564	43.0460395813
-96.508026123	43.0489692688
-96.4987258911	43.0514602661
-96.4918670654	43.052520752
-96.4741973877	43.0647621155
-96.4679489136	43.0635719299
-96.4616928101	43.0654907227
-96.4545593262	43.074760437
-96.4552993774	43.075920105
-96.4512176514	43.0812606812
-96.4510269165	43.0844421387
-96.4519729614	43.0875587463
-96.4545822144	43.0897712708
-96.4584197998	43.0914993286
-96.4579315186	43.0946998596
-96.4572296143	43.0964698792
-96.4524383545	43.0984687805
-96.4473495483	43.1043586731
-96.442276001	43.1105194092
-96.4377975464	43.1172599792
-96.4365768433	43.1272392273
-96.4421768188	43.1373786926
-96.4544677734	43.145740509
-96.4640884399	43.1508598328
-96.4619598389	43.173789978
-96.4641265869	43.18227005
-96.4692764282	43.1910820007
-96.4701080322	43.1983909607
-96.468536377	43.2100486755
-96.4740066528	43.2199401855
-96.4829788208	43.2256507874
-96.4837493896	43.2256088257
-96.494972229	43.2249298096
-96.5027770996	43.2203292847
-96.5142211914	43.2194786072
-96.5302886963	43.2272987366
-96.5388870239	43.226890564
-96.5457458496	43.228012085
-96.5528182983	43.2254905701
-96.5547027588	43.2244606018
-96.5584716797	43.2256622314
-96.5608215332	43.2284622192
-96.5631866455	43.2315406799
-96.5651931763	43.2342300415
-96.56590271	43.2386322021
-96.5638427734	43.2417602539
-96.563079834	43.2433815002
-96.5562667847	43.2458190918
-96.5489959717	43.2481422424
-96.5516662598	43.2564201355
-96.5543060303	43.2581520081
-96.5564880371	43.2602005005
-96.5578384399	43.2614593506
-96.5583114624	43.2619094849
-96.565246582	43.2638092041
-96.5666503906	43.266960144
-96.5730819702	43.2700004578
-96.5813293457	43.2716293335
-96.5834197998	43.2761306763
-96.5766830444	43.2812995911
-96.5790100098	43.2845497131
-96.5772399902	43.2926597595
-96.5816574097	43.2932891846
-96.5853271484	43.2952194214
-96.5788269043	43.2986602783
-96.5681991577	43.2974395752
-96.5566864014	43.2976989746
-96.5434494019	43.297088623
-96.5314788818	43.3008804321
-96.5264205933	43.3121185303
-96.5286560059	43.3188285828
-96.5306091309	43.3377494812
-96.5257263184	43.345790863
-96.5252075195	43.354888916
-96.526222229	43.3699417114
-96.5203704834	43.3736419678
-96.5213470459	43.3779907227
-96.5199279785	43.3916091919
-96.5259017944	43.3972587585
-96.5346603394	43.397441864
-96.5396499634	43.3994903564
-96.5451583862	43.4023895264
-96.551399231	43.4052505493
-96.5547103882	43.408821106
-96.557510376	43.4151306152
-96.5663299561	43.4180603027
-96.5686187744	43.4222297668
-96.570930481	43.4259414673
-96.5694885254	43.4290809631
-96.5705871582	43.4318504333
-96.5848464966	43.4340705872
-96.5916671753	43.4384002686
-96.596496582	43.4421806335
-96.5966262817	43.4508399963
-96.5940933228	43.457069397
-96.5899200439	43.4626312256
-96.5832519531	43.468711853
-96.5818710327	43.4772796631
-96.5847702026	43.4928512573
-96.5934371948	43.49584198
-96.596572876	43.4979896545
-96.5966873169	43.5007209778
-96.5973815918	43.5020713806
-96.4540863037	43.5026321411
-96.0841217041	43.502658844
-96.0525588989	43.5027618408
-95.859413147	43.5033607483
-95.6883468628	43.5038986206
-95.4547958374	43.5036506653
-95.3859863281	43.5036506653
-95.2824783325	43.5036392212
-94.9138870239	43.5040092468
-94.881072998	43.5038490295
-94.8577194214	43.503818512
-94.4802932739	43.5033416748
-94.4411697388	43.5034599304
-94.2486877441	43.5040397644
-94.0782928467	43.5043487549
-93.9691162109	43.5044288635
-93.6781768799	43.504650116
-93.6485214233	43.5045204163
-93.4964294434	43.5039520264
