>
-89.4779815674	36.517780304
-89.4872970581	36.4998893738
-89.5127868652	36.5000991821
-89.5417480469	36.5003395081
-89.5455780029	36.5044898987
-89.5528411865	36.5123786926
-89.5624389648	36.5227890015
-89.5674362183	36.5339393616
-89.5702819824	36.5402603149
-89.5729522705	36.5462112427
-89.573677063	36.5522193909
-89.5732269287	36.5538787842
-89.570892334	36.5624504089
-89.5627975464	36.5718002319
-89.5486984253	36.5786209106
-89.5482330322	36.5788497925
-89.5411376953	36.580329895
-89.5352096558	36.5813598633
-89.5286178589	36.5807495117
-89.5217666626	36.5801315308
-89.5160522461	36.5796089172
-89.5068969727	36.5787696838
-89.4989013672	36.5780296326
-89.4919128418	36.5760002136
-89.4858474731	36.5728111267
-89.4812088013	36.56690979
-89.4755706787	36.5597496033
-89.4694824219	36.5410995483
-89.4705657959	36.5345497131
-89.4711761475	36.5308418274
-89.4737472534	36.5259017944
-89.4779815674	36.517780304
>
-84.6236877441	39.073551178
-84.6159362793	39.0725021362
-84.5996932983	39.0736312866
-84.5953369141	39.0749588013
-84.5794830322	39.0794792175
-84.5705032349	39.0828094482
-84.5640029907	39.0852394104
-84.5552368164	39.0932502747
-84.5531921387	39.0951309204
-84.5448532104	39.0982398987
-84.5329589844	39.0950317383
-84.5196762085	39.0914497375
-84.5185470581	39.0912895203
-84.5051727295	39.0937995911
-84.4980163574	39.0974121094
-84.4962081909	39.0984992981
-84.4951782227	39.099319458
-84.4870223999	39.1071891785
-84.4775924683	39.1162796021
-84.4738464355	39.1183815002
-84.470123291	39.1202201843
-84.4665603638	39.1209602356
-84.4626922607	39.1216201782
-84.4621658325	39.121509552
-84.4552764893	39.1199989319
-84.4535369873	39.1191291809
-84.4403305054	39.1096305847
-84.4368591309	39.1036987305
-84.4344100952	39.09375
-84.4343719482	39.0922203064
-84.4341583252	39.0858802795
-84.4343566895	39.0718193054
-84.434387207	39.0695495605
-84.4324264526	39.0636901855
-84.4315795898	39.062210083
-84.425163269	39.0532913208
-84.4076461792	39.0459518433
-84.397567749	39.0451889038
-84.3815460205	39.0445289612
-84.378288269	39.0441398621
-84.3542709351	39.0395088196
-84.3371582031	39.0331001282
-84.3284072876	39.0285491943
-84.3193664551	39.0223312378
-84.3126831055	39.015171051
-84.3037261963	39.0010604858
-84.3028717041	38.9995498657
-84.2986373901	38.9845504761
-84.2977676392	38.9814109802
-84.2967681885	38.9700698853
-84.2910461426	38.9577789307
-84.2624511719	38.9248390198
-84.2534332275	38.9144592285
-84.2408905029	38.8980903625
-84.2382965088	38.8946990967
-84.2326583862	38.8792304993
-84.2326965332	38.873790741
-84.2328033447	38.8708114624
-84.2339324951	38.8393592834
-84.2311859131	38.8292503357
-84.2305984497	38.8270797729
-84.2294769287	38.8234519958
-84.2256622314	38.8160400391
-84.224357605	38.8147392273
-84.2185134888	38.8097305298
-84.2059707642	38.8032722473
-84.2046508789	38.8027114868
-84.1798858643	38.7973899841
-84.1762161255	38.7966003418
-84.1532363892	38.7936286926
-84.119720459	38.7844314575
-84.0774765015	38.7728385925
-84.0528182983	38.7725486755
-84.0486907959	38.7726211548
-84.0460586548	38.7730102539
-84.0187072754	38.7785301208
-83.9939727783	38.7814102173
-83.9786529541	38.7852706909
-83.9692764282	38.7862701416
-83.9684371948	38.7863616943
-83.9597091675	38.7872619629
-83.9426879883	38.783000946
-83.9392776489	38.7810821533
-83.9247131348	38.772769928
-83.9046478271	38.7675094604
-83.8968658447	38.7662010193
-83.8782272339	38.7630615234
-83.876739502	38.7628097534
-83.8702163696	38.7615814209
-83.8685760498	38.761100769
-83.8599014282	38.7574501038
-83.8577194214	38.7562789917
-83.8569030762	38.7555389404
-83.8483657837	38.7447319031
-83.8480529785	38.744140625
-83.8465957642	38.7396888733
-83.8456420898	38.7364387512
-83.8421020508	38.7244186401
-83.8411560059	38.7220115662
-83.8369369507	38.7175102234
-83.8233413696	38.7098007202
-83.8084259033	38.7060813904
-83.7945861816	38.7026786804
-83.7888031006	38.698928833
-83.783416748	38.689868927
-83.7827606201	38.6881790161
-83.781791687	38.685760498
-83.7777862549	38.6719017029
-83.7752609253	38.6637802124
-83.7743759155	38.6624603271
-83.7683486938	38.6548690796
-83.7674331665	38.6538887024
-83.7596969604	38.6503410339
-83.7546615601	38.6493797302
-83.7323532104	38.6466293335
-83.7181472778	38.6449394226
-83.7052764893	38.6387214661
-83.6948623657	38.6336708069
-83.6678085327	38.6262893677
-83.6650161743	38.6258888245
-83.657333374	38.6263198853
-83.6487960815	38.6304512024
-83.6429672241	38.6356315613
-83.6422119141	38.6360816956
-83.6394195557	38.6411514282
-83.6381988525	38.6433601379
-83.6375808716	38.6484718323
-83.6371459961	38.6519813538
-83.6361160278	38.6610603333
-83.6333694458	38.6683692932
-83.6311416626	38.6715393066
-83.6277770996	38.6761894226
-83.6216888428	38.6811294556
-83.611656189	38.6845588684
-83.5976028442	38.6871490479
-83.5820388794	38.6900215149
-83.5811080933	38.6902389526
-83.5547103882	38.697101593
-83.539276123	38.7011108398
-83.5226211548	38.7024993896
-83.5205917358	38.7024116516
-83.5191268921	38.7021903992
-83.5027923584	38.698261261
-83.4969787598	38.6949996948
-83.4795761108	38.6847419739
-83.4680633545	38.6745796204
-83.4633178711	38.6725120544
-83.4604873657	38.6712799072
-83.4448318481	38.6695098877
-83.4440994263	38.6694297791
-83.3984527588	38.6642608643
-83.3903808594	38.6630821228
-83.3797531128	38.6608886719
-83.3700714111	38.6588096619
-83.3607406616	38.655090332
-83.3309860229	38.6392211914
-83.330039978	38.6385993958
-83.3255081177	38.6309013367
-83.3211364746	38.6156997681
-83.3191375732	38.6085586548
-83.3142471313	38.6033401489
-83.3071899414	38.5992012024
-83.2959060669	38.596370697
-83.2869567871	38.5998420715
-83.2775192261	38.6078987122
-83.273727417	38.611289978
-83.2678985596	38.6163101196
-83.2649765015	38.6190490723
-83.2561798096	38.6231803894
-83.2468032837	38.6277694702
-83.239730835	38.6278114319
-83.2336578369	38.6269989014
-83.2331161499	38.6269302368
-83.2184829712	38.6206893921
-83.2101593018	38.617149353
-83.2034072876	38.6159896851
-83.1981124878	38.6155204773
-83.1969528198	38.6154708862
-83.195640564	38.6155700684
-83.1666183472	38.6187705994
-83.153793335	38.6201896667
-83.1519012451	38.6206016541
-83.1491775513	38.6217803955
-83.1388397217	38.627948761
-83.1325759888	38.6343002319
-83.1313781738	38.6357116699
-83.1244430542	38.650188446
-83.1213760376	38.6566009521
-83.1116104126	38.6701622009
-83.1109466553	38.6707687378
-83.1006774902	38.6766090393
-83.0982284546	38.6775093079
-83.0822906494	38.6834220886
-83.0810775757	38.6838722229
-83.0576934814	38.6925392151
-83.0485687256	38.6996192932
-83.0477371216	38.7004699707
-83.0359573364	38.7190093994
-83.029510498	38.7237205505
-83.013671875	38.7296295166
-83.0121765137	38.7295799255
-82.994140625	38.7271995544
-82.9769515991	38.7249221802
-82.9683990479	38.7272796631
-82.9664611816	38.7279510498
-82.9623031616	38.7301521301
-82.9462966919	38.7393913269
-82.9429473877	38.7411804199
-82.9409484863	38.7420692444
-82.9254074097	38.7474403381
-82.893447876	38.7544403076
-82.8869018555	38.7530784607
-82.8840103149	38.7522621155
-82.8813858032	38.7505493164
-82.8784561157	38.7483215332
-82.8757171631	38.7459411621
-82.8745803833	38.7444915771
-82.8698501587	38.7350311279
-82.8694000244	38.7294807434
-82.872833252	38.7184410095
-82.8731460571	38.7173805237
-82.8753967285	38.7101097107
-82.8782424927	38.6924095154
-82.8784484863	38.6911392212
-82.8759994507	38.6861114502
-82.8749160767	38.6842498779
-82.8709716797	38.6788711548
-82.8613739014	38.6657485962
-82.8599472046	38.6607704163
-82.8587493896	38.6557922363
-82.8581161499	38.6476402283
-82.8580932617	38.6390304565
-82.8574371338	38.6295089722
-82.8568115234	38.6199989319
-82.8560562134	38.6154594421
-82.8555984497	38.6127510071
-82.8553771973	38.6119308472
-82.8474731445	38.5940589905
-82.8471374512	38.5935020447
-82.8377532959	38.5838317871
-82.8306732178	38.5793495178
-82.8230361938	38.5743103027
-82.8153686523	38.5707092285
-82.8146133423	38.570980072
-82.7927932739	38.5618209839
-82.7894287109	38.560798645
-82.7805862427	38.559009552
-82.766456604	38.5590591431
-82.7460861206	38.5592803955
-82.7400970459	38.5593490601
-82.7242584229	38.55809021
-82.7201690674	38.5558815002
-82.7187576294	38.5551109314
-82.7117233276	38.55052948
-82.7034683228	38.5464706421
-82.6958084106	38.5424003601
-82.6936569214	38.5403785706
-82.6852874756	38.5304603577
-82.6837997437	38.528049469
-82.6747589111	38.5134391785
-82.6656494141	38.5055198669
-82.6593933105	38.4988899231
-82.6581115723	38.4975318909
-82.6520767212	38.4911804199
-82.6427459717	38.4858207703
-82.6327362061	38.4817504883
-82.6233291626	38.4781417847
-82.6168365479	38.4753684998
-82.6115264893	38.4718208313
-82.6045532227	38.4602012634
-82.6026611328	38.4505195618
-82.5991210937	38.4323310852
-82.5937805176	38.4210395813
-82.5927886963	38.4185905457
-82.5930786133	38.415851593
-82.5932998657	38.4145202637
-82.5941467285	38.4095420837
-82.5924377441	38.4012298584
-82.5926971436	38.4000091553
-82.5935287476	38.3978996277
-82.5943527222	38.3966598511
-82.5963592529	38.3935813904
-82.594833374	38.3881797791
-82.5918273926	38.3791122437
-82.5933761597	38.3687210083
-82.5958328247	38.3524513245
-82.5943069458	38.3460693359
-82.5900878906	38.3424911499
-82.5828018188	38.3363189697
-82.5785903931	38.3327522278
-82.5756225586	38.3301506042
-82.5724258423	38.3230705261
-82.5715332031	38.3156089783
-82.5734481812	38.3106002808
-82.5791473389	38.2974014282
-82.5784759521	38.2888908386
-82.5781860352	38.2878799438
-82.5768661499	38.2833709717
-82.5731964111	38.2721099854
-82.5736999512	38.2594184875
-82.5780105591	38.2507591248
-82.5790710449	38.249710083
-82.5823898315	38.2470016479
-82.5830383301	38.2465286255
-82.5877990723	38.2447891235
-82.5889587402	38.2443695068
-82.6042175293	38.2438201904
-82.6091461182	38.2375907898
-82.6096420288	38.2336997986
-82.6095962524	38.2309913635
-82.6082992554	38.2273902893
-82.6066894531	38.2259712219
-82.6039428711	38.2240791321
-82.5981216431	38.2201004028
-82.5953369141	38.2164001465
-82.5956268311	38.2091598511
-82.595916748	38.2082901001
-82.5988464355	38.1995811462
-82.6022872925	38.1893997192
-82.6049575806	38.1825790405
-82.6065292358	38.1775588989
-82.6069488525	38.1768608093
-82.6105270386	38.1727790833
-82.6170730591	38.1702194214
-82.6182861328	38.1702384949
-82.6338119507	38.170589447
-82.6393661499	38.1689186096
-82.6407775879	38.1630592346
-82.6380691528	38.1570205688
-82.63646698	38.1534385681
-82.636680603	38.1480102539
-82.6369628906	38.1407394409
-82.6368179321	38.1401786804
-82.6352233887	38.139251709
-82.6281204224	38.1368598938
-82.6225509644	38.134979248
-82.6192092896	38.1286315918
-82.6160125732	38.1225814819
-82.6098327637	38.1212692261
-82.600227356	38.1192321777
-82.5991821289	38.1190109253
-82.5899429321	38.1110496521
-82.587097168	38.1081390381
-82.5862579346	38.1069107056
-82.5853729248	38.1043586731
-82.5851516724	38.1037101746
-82.5850830078	38.1000289917
-82.5849533081	38.0945587158
-82.5829925537	38.0909996033
-82.5806503296	38.0891609192
-82.575012207	38.0853309631
-82.573638916	38.0843887329
-82.5649414062	38.0823707581
-82.564453125	38.0817985535
-82.5637969971	38.0810317993
-82.5584259033	38.0747184753
-82.5573577881	38.0743103027
-82.5513687134	38.0725593567
-82.5495223999	38.071762085
-82.5489273071	38.0676689148
-82.5481872559	38.0654296875
-82.5477523804	38.0645103455
-82.5425796509	38.0577888489
-82.5422439575	38.0539398193
-82.542137146	38.0527992249
-82.5377960205	38.0467605591
-82.5371627808	38.045879364
-82.5362472534	38.0416908264
-82.5346984863	38.034488678
-82.5340270996	38.0338401794
-82.5300369263	38.0299491882
-82.5253829956	38.0254096985
-82.5244064331	38.020149231
-82.5238265991	38.0160293579
-82.517906189	38.0093917847
-82.5167160034	38.0081214905
-82.5163726807	38.0071487427
-82.5168304443	38.0059700012
-82.5190658569	38.0028305054
-82.517906189	38.0014305115
-82.5096664429	38.0020217896
-82.5085372925	38.0021095276
-82.5004501343	37.9992294312
-82.4997024536	37.9989585876
-82.4976272583	37.9981307983
-82.4900665283	37.9975700378
-82.4857559204	37.9944915771
-82.4854507446	37.9914588928
-82.4853897095	37.9896507263
-82.4853591919	37.9887390137
-82.4834671021	37.9860687256
-82.47631073	37.9863815308
-82.4724731445	37.9865493774
-82.4700927734	37.9863319397
-82.4686813354	37.9858207703
-82.4639282227	37.9828605652
-82.4635314941	37.9823799133
-82.4634780884	37.9806518555
-82.4637298584	37.9791793823
-82.4638824463	37.9782791138
-82.4654159546	37.9770889282
-82.4663391113	37.9765815735
-82.4766387939	37.9739608765
-82.4793167114	37.9732704163
-82.4829711914	37.9697303772
-82.4820632935	37.9646606445
-82.473991394	37.960899353
-82.4714508057	37.9570617676
-82.4720611572	37.9561500549
-82.4800109863	37.9503593445
-82.4838790894	37.9475402832
-82.4904174805	37.9455909729
-82.4953765869	37.944278717
-82.4955062866	37.943359375
-82.4954910278	37.9427185059
-82.4912872314	37.9407691956
-82.4907684326	37.9405288696
-82.4895706177	37.9377784729
-82.4908065796	37.9364204407
-82.4947967529	37.9361495972
-82.5000228882	37.9358100891
-82.501083374	37.9353713989
-82.5014572144	37.931640625
-82.49559021	37.9291801453
-82.4934005737	37.9283294678
-82.4845428467	37.9274101257
-82.4815368652	37.9271011353
-82.4811706543	37.9265708923
-82.4808273315	37.9226303101
-82.487449646	37.9181785583
-82.4858703613	37.9168701172
-82.4846801758	37.9166717529
-82.4817504883	37.9161987305
-82.4787368774	37.9161186218
-82.4747467041	37.9133415222
-82.4741897583	37.9062309265
-82.474067688	37.9046401978
-82.4737472534	37.9037208557
-82.4716186523	37.9033317566
-82.4710083008	37.903339386
-82.4702072144	37.904209137
-82.4696121216	37.905632019
-82.4686813354	37.9092788696
-82.4682159424	37.9111213684
-82.4676971436	37.9131507874
-82.4636611938	37.9139404297
-82.4623260498	37.9121589661
-82.4605484009	37.9103507996
-82.4587860107	37.9099388123
-82.4564361572	37.9095306396
-82.4535064697	37.9091300964
-82.4510803223	37.9081497192
-82.4368133545	37.9001197815
-82.4360733032	37.8990707397
-82.4357070923	37.8985595703
-82.4344711304	37.8967895508
-82.4319915771	37.8932495117
-82.4307785034	37.8923606873
-82.4303359985	37.8917121887
-82.4285736084	37.8906822205
-82.4226226807	37.8872184753
-82.4200515747	37.8853187561
-82.4197616577	37.8848991394
-82.4188232422	37.8835296631
-82.4181671143	37.8812789917
-82.4180831909	37.8785591125
-82.418006897	37.8762893677
-82.4173126221	37.8731307983
-82.4164123535	37.8722991943
-82.4118881226	37.8699417114
-82.4089279175	37.8684005737
-82.4134674072	37.8659706116
-82.4226303101	37.862121582
-82.4176330566	37.8576202393
-82.4158859253	37.856048584
-82.4169387817	37.8517913818
-82.4173812866	37.8499717712
-82.4178314209	37.8481292725
-82.4164581299	37.8468513489
-82.4149703979	37.8457489014
-82.4105911255	37.8432197571
-82.4099960327	37.8424720764
-82.4039382935	37.8347396851
-82.3991317749	37.82862854
-82.4018783569	37.8133888245
-82.4007263184	37.811340332
-82.4001312256	37.811050415
-82.3967971802	37.8101806641
-82.3883285522	37.8163719177
-82.3845977783	37.8171005249
-82.3832015991	37.8157310486
-82.3828582764	37.8152694702
-82.3791732788	37.8103904724
-82.373916626	37.803440094
-82.3680114746	37.802230835
-82.3637084961	37.7977485657
-82.3582229614	37.7954711914
-82.3537521362	37.7937889099
-82.3476104736	37.78855896
-82.3399505615	37.787071228
-82.3392410278	37.7860794067
-82.3373794556	37.7799606323
-82.3365631104	37.7772789001
-82.3302764893	37.7764511108
-82.3277359009	37.7762489319
-82.3232498169	37.7738990784
-82.3238830566	37.7711601257
-82.3275985718	37.7697296143
-82.3306808472	37.7685317993
-82.3312072754	37.7683296204
-82.3314666748	37.7676315308
-82.3311233521	37.7659988403
-82.319152832	37.7659301758
-82.313621521	37.7658996582
-82.3123703003	37.7653694153
-82.3118667603	37.7649993896
-82.3112106323	37.7640419006
-82.3109741211	37.7623596191
-82.3111801147	37.7618408203
-82.3128967285	37.7608795166
-82.3198013306	37.7580490112
-82.3216629028	37.7542800903
-82.322052002	37.7535095215
-82.3229827881	37.7516403198
-82.3235473633	37.7512207031
-82.3259124756	37.7495002747
-82.3305358887	37.746131897
-82.3310165405	37.7448005676
-82.33152771	37.7423286438
-82.327507019	37.7400894165
-82.3268280029	37.7397193909
-82.318572998	37.7351112366
-82.3178405762	37.7345199585
-82.3159103394	37.7250099182
-82.3152008057	37.7227706909
-82.3148880005	37.7223091125
-82.313873291	37.7213401794
-82.3134460449	37.7209396362
-82.3115615845	37.7191390991
-82.3073272705	37.7094993591
-82.3033218384	37.7080688477
-82.3001327515	37.7067604065
-82.2971725464	37.7039299011
-82.2965927124	37.7032089233
-82.2990722656	37.6979789734
-82.3009338379	37.6940689087
-82.2984466553	37.6904716492
-82.2954864502	37.6865196228
-82.2958297729	37.6861114502
-82.3021316528	37.6782608032
-82.2964096069	37.6792793274
-82.2948074341	37.6771507263
-82.2900619507	37.6708488464
-82.287322998	37.6713104248
-82.2863082886	37.6729888916
-82.2857818604	37.6748085022
-82.2823791504	37.6775588989
-82.2807769775	37.6775093079
-82.2770690918	37.6731109619
-82.2740707397	37.6696891785
-82.2680358887	37.6651687622
-82.267036438	37.6645088196
-82.2553863525	37.6590614319
-82.2521514893	37.6591186523
-82.2475204468	37.6596603394
-82.2446517944	37.6610717773
-82.2412109375	37.6624908447
-82.2393264771	37.6625289917
-82.234916687	37.661781311
-82.2316360474	37.6586914063
-82.2311172485	37.6582107544
-82.2305908203	37.6577110291
-82.2275619507	37.6562919617
-82.2230529785	37.654209137
-82.2224960327	37.6522102356
-82.2215423584	37.6487197876
-82.2176208496	37.6440620422
-82.2150421143	37.6409912109
-82.2159423828	37.6361885071
-82.2164077759	37.634059906
-82.2159194946	37.6325721741
-82.2152862549	37.6308898926
-82.2136917114	37.6290092468
-82.2127380371	37.6282196045
-82.2110824585	37.6272201538
-82.208946228	37.6263198853
-82.2068634033	37.6256484985
-82.2033691406	37.6255493164
-82.201210022	37.6265792847
-82.1997375488	37.627281189
-82.1957168579	37.6276092529
-82.1912231445	37.6271400452
-82.1875686646	37.6278495789
-82.185508728	37.6289710999
-82.183921814	37.6313819885
-82.1843566895	37.6345596313
-82.1859130859	37.6378211975
-82.1864700317	37.6385002136
-82.1883010864	37.6407318115
-82.1892623901	37.6419487
-82.1890029907	37.6464691162
-82.1873168945	37.648979187
-82.1844024658	37.6507492065
-82.1809768677	37.6513404846
-82.1774673462	37.6509513855
-82.1745529175	37.650100708
-82.1732788086	37.6483192444
-82.1727981567	37.6460418701
-82.1743087769	37.6437187195
-82.1753768921	37.6420707703
-82.1759490967	37.6397705078
-82.173789978	37.6370010376
-82.1721572876	37.6351013184
-82.1711959839	37.6331100464
-82.1711425781	37.6311187744
-82.1749725342	37.6272315979
-82.1760177612	37.6261711121
-82.1770095825	37.6247520447
-82.1769104004	37.6231918335
-82.1766967773	37.6225814819
-82.1739273071	37.620639801
-82.1707763672	37.6206893921
-82.1667404175	37.6217002869
-82.1638259888	37.621761322
-82.1621704102	37.6212806702
-82.1620330811	37.6194915771
-82.1623916626	37.6185493469
-82.1634979248	37.6169815063
-82.1652069092	37.6142311096
-82.1661911011	37.6118392944
-82.1662597656	37.6104888916
-82.1657180786	37.6095619202
-82.1652832031	37.6091918945
-82.1642608643	37.6086921692
-82.1599807739	37.6095199585
-82.1592407227	37.6096611023
-82.1565170288	37.6100692749
-82.1541213989	37.6087989807
-82.1540603638	37.6055793762
-82.154006958	37.6037712097
-82.1550521851	37.601108551
-82.1558761597	37.5953712463
-82.1543197632	37.5939102173
-82.1537094116	37.5933494568
-82.1507797241	37.5924911499
-82.1497497559	37.5925102234
-82.1478729248	37.5927505493
-82.1409988403	37.5958213806
-82.1378173828	37.5965499878
-82.1360015869	37.5965003967
-82.1352081299	37.5964813232
-82.1339797974	37.5956916809
-82.1321182251	37.5941314697
-82.1300125122	37.5926589966
-82.1292572021	37.591960907
-82.1274490356	37.5892715454
-82.1250076294	37.584400177
-82.1236572266	37.5789108276
-82.1238937378	37.577671051
-82.1241989136	37.5766716003
-82.1254730225	37.5744400024
-82.1318511963	37.5725593567
-82.1325531006	37.5724411011
-82.1354293823	37.5723609924
-82.1419067383	37.5703620911
-82.1431121826	37.5685920715
-82.1418991089	37.5677604675
-82.1403427124	37.5666809082
-82.137512207	37.5656089783
-82.1348419189	37.5637512207
-82.1335830688	37.5619621277
-82.133102417	37.5596809387
-82.1329574585	37.5586090088
-82.1326675415	37.5564994812
-82.1298522949	37.5529289246
-82.1293029785	37.5525093079
-82.1276473999	37.552028656
-82.1259002686	37.551738739
-82.1205596924	37.5526390076
-82.1167373657	37.557472229
-82.1155319214	37.5586509705
-82.113243103	37.559551239
-82.1097564697	37.5596504211
-82.1051712036	37.5607185364
-82.1034469604	37.560218811
-82.101776123	37.5588111877
-82.1009216309	37.555229187
-82.1007995605	37.5546989441
-82.0993881226	37.5541000366
-82.0985565186	37.5539588928
-82.097328186	37.5542221069
-82.0962524414	37.5544509888
-82.0939559937	37.5553894043
-82.0905075073	37.5568084717
-82.0823974609	37.5573616028
-82.0812530518	37.55727005
-82.0763092041	37.5566520691
-82.0737915039	37.5553016663
-82.0730133057	37.5548820496
-82.0700302124	37.5517311096
-82.0682983398	37.5499000549
-82.0645980835	37.5459709167
-82.0640106201	37.5436592102
-82.0639724731	37.5423088074
-82.0636367798	37.5411491394
-82.0631332397	37.5400390625
-82.0627212524	37.539150238
-82.0609970093	37.5386505127
-82.0574417114	37.5376091003
-82.0522232056	37.5374603271
-82.0499572754	37.5360298157
-82.0488128662	37.5342292786
-82.0474472046	37.5326004028
-82.0460662842	37.531829834
-82.0438308716	37.5308685303
-82.0420532227	37.53125
-82.0413360596	37.531791687
-82.0410461426	37.5322608948
-82.0410232544	37.5345306396
-82.0411987305	37.5371513367
-82.0425720215	37.5426521301
-82.0431365967	37.544921875
-82.043182373	37.5462799072
-82.0418701172	37.5476608276
-82.0389328003	37.547580719
-82.0366668701	37.5461120605
-82.0356140137	37.5438117981
-82.033706665	37.5414810181
-82.0319061279	37.5392608643
-82.0254669189	37.5380592346
-82.0222930908	37.5391921997
-82.0207519531	37.5397415161
-82.0166931152	37.5396308899
-82.0153579712	37.5387802124
-82.0145111084	37.5381507874
-82.0139389038	37.5363693237
-82.0121078491	37.5350189209
-82.0115127563	37.5345306396
-82.0107727051	37.5346794128
-82.0072860718	37.5353889465
-82.0057525635	37.5360298157
-82.0048522949	37.5367507935
-82.0028686523	37.538898468
-81.9997177124	37.5423088074
-81.9956512451	37.5425720215
-81.9936828613	37.5417098999
-81.9907684326	37.5403518677
-81.9896774292	37.5409507751
-81.9885559082	37.5418891907
-81.9873733521	37.5429000854
-81.9867858887	37.5431404114
-81.9850463867	37.5436401367
-81.982170105	37.5441703796
-81.9804458618	37.5444793701
-81.975692749	37.5470619202
-81.9724807739	37.5477294922
-81.9715805054	37.5479202271
-81.9686813354	37.5477714539
-81.9667739868	37.5473403931
-81.9652633667	37.5462989807
-81.9647827148	37.5457687378
-81.9642028809	37.5440101624
-81.9642868042	37.5421905518
-81.9649429321	37.5408592224
-81.9673461914	37.5371589661
-82.0929718018	37.4495811462
-82.2896194458	37.312171936
-82.297706604	37.3065490723
-82.3100509644	37.2979812622
-82.3135070801	37.2955818176
-82.3159561157	37.2924690247
-82.3167877197	37.2906684875
-82.3196182251	37.288028717
-82.323677063	37.2858009338
-82.3267288208	37.2841300964
-82.3302383423	37.2833213806
-82.3321228027	37.2833709717
-82.3331222534	37.2833900452
-82.3366317749	37.2825813293
-82.3389663696	37.281452179
-82.3401794434	37.2808609009
-82.3412322998	37.279209137
-82.3414001465	37.2769699097
-82.3416213989	37.2740898132
-82.3438491821	37.2718887329
-82.3478469849	37.2700500488
-82.3522872925	37.2680206299
-82.3725128174	37.2625617981
-82.3844833374	37.2593307495
-82.3967666626	37.2560119629
-82.4050979614	37.2550201416
-82.4108505249	37.2536697388
-82.4165267944	37.25233078
-82.426322937	37.2500305176
-82.4335784912	37.2485389709
-82.4365692139	37.2476997375
-82.4417114258	37.2462692261
-82.4462966919	37.2448005676
-82.4515228271	37.2431411743
-82.4522171021	37.2428207397
-82.4571304321	37.2405319214
-82.4640731812	37.2373008728
-82.4720230103	37.2353591919
-82.4792480469	37.2336006165
-82.4817733765	37.2319488525
-82.484413147	37.2302322388
-82.4872360229	37.2283706665
-82.4899368286	37.2266120911
-82.491897583	37.226348877
-82.4928512573	37.2262611389
-82.494758606	37.226108551
-82.4974899292	37.2258911133
-82.5005187988	37.225479126
-82.5033416748	37.2242202759
-82.5057067871	37.2229194641
-82.5072631836	37.2207794189
-82.511177063	37.2174987793
-82.5135498047	37.2163085938
-82.5170211792	37.2145805359
-82.5208816528	37.2141685486
-82.5239868164	37.2138404846
-82.5263595581	37.2125396729
-82.5286331177	37.2108688354
-82.5299301147	37.2098999023
-82.5321731567	37.2087287903
-82.534072876	37.2077407837
-82.5373764038	37.2078208923
-82.5409927368	37.2079086304
-82.5456771851	37.2062110901
-82.5500030518	37.2051887512
-82.5522994995	37.2043113708
-82.5550460815	37.2032585144
-82.5630569458	37.198600769
-82.5663528442	37.196849823
-82.5703659058	37.1947021484
-82.5754394531	37.1913909912
-82.5792770386	37.1897888184
-82.5839309692	37.1870994568
-82.5881271362	37.1850090027
-82.5901489258	37.1837615967
-82.592956543	37.1818695068
-82.5952606201	37.18019104
-82.5976715088	37.177532196
-82.6019287109	37.1756896973
-82.6048431396	37.1744308472
-82.6106033325	37.1719398499
-82.6171112061	37.1680107117
-82.6228866577	37.1639404297
-82.6268386841	37.161151886
-82.6301727295	37.1588020325
-82.6331329346	37.1570587158
-82.6375198364	37.1557807922
-82.6401596069	37.154499054
-82.6449432373	37.1529922485
-82.6495132446	37.151550293
-82.6547927856	37.1493988037
-82.6573867798	37.1475486755
-82.659576416	37.1449813843
-82.6647186279	37.1432685852
-82.6674728394	37.1416893005
-82.6707458496	37.1398010254
-82.6732025146	37.1389694214
-82.6783370972	37.1374702454
-82.6812210083	37.1374511719
-82.6852874756	37.1374206543
-82.6888275146	37.1352310181
-82.6981964111	37.1308898926
-82.7112960815	37.1248321533
-82.7168884277	37.1222419739
-82.7205657959	37.1205406189
-82.7224273682	37.1180686951
-82.7236022949	37.1165313721
-82.7237014771	37.1138114929
-82.7226791382	37.1101608276
-82.7205963135	37.1042098999
-82.7204666138	37.0991592407
-82.7203674316	37.0946807861
-82.7210693359	37.0915222168
-82.7200164795	37.0887794495
-82.7183685303	37.0864715576
-82.7167205811	37.0841712952
-82.7152023315	37.0816116333
-82.7156829834	37.0793304443
-82.718132019	37.0774002075
-82.7207565308	37.0764694214
-82.7222671509	37.0747718811
-82.7235412598	37.0716209412
-82.722946167	37.0691108704
-82.7220458984	37.0652389526
-82.721282959	37.0596618652
-82.7202301025	37.0520401001
-82.7197875977	37.0484008789
-82.7222061157	37.0452804565
-82.724571228	37.0446090698
-82.727432251	37.0444984436
-82.7302932739	37.0450210571
-82.7343597412	37.0442008972
-82.7377929687	37.0433502197
-82.7402267456	37.0416107178
-82.7414932251	37.0389289856
-82.7421722412	37.0354194641
-82.7428970337	37.0317001343
-82.7446517944	37.0286521912
-82.7463531494	37.0276985168
-82.748260498	37.0272903442
-82.7509460449	37.0275802612
-82.7601318359	37.0264205933
-82.7668533325	37.0217018127
-82.7722625732	37.0173988342
-82.7752532959	37.0160217285
-82.7769470215	37.0152320862
-82.7786865234	37.0133094788
-82.7803497314	37.0114593506
-82.7817611694	37.0098991394
-82.7853775024	37.0087509155
-82.7887573242	37.0076713562
-82.7910919189	37.0069313049
-82.7939529419	37.0074501038
-82.7962417603	37.0082015991
-82.7980041504	37.009059906
-82.8008880615	37.0089797974
-82.8037033081	37.0090293884
-82.8083724976	37.0073204041
-82.8123168945	37.0068511963
-82.8180770874	37.006729126
-82.8205032349	37.0066795349
-82.8234024048	37.0062904358
-82.8257675171	37.0045318604
-82.8277130127	37.0027999878
-82.8281860352	37.0005187988
-82.8291168213	36.9986915588
-82.8295898438	36.9959220886
-82.8322525024	36.992099762
-82.8346710205	36.9902114868
-82.8393859863	36.9862709045
-82.8489379883	36.9836006165
-82.8519058228	36.9837684631
-82.8532867432	36.9833106995
-82.85521698	36.9812889099
-82.8589172363	36.979839325
-82.8618774414	36.9799613953
-82.864112854	36.9790992737
-82.8653030396	36.97864151
-82.8672103882	36.9761009216
-82.8683166504	36.9746208191
-82.8683776855	36.9732589722
-82.8684158325	36.9721794128
-82.8685073853	36.9691886902
-82.8669967651	36.9663200378
-82.8664093018	36.9636993408
-82.8645782471	36.9608688354
-82.8631286621	36.9586296082
-82.8602294922	36.9565315247
-82.8572692871	36.9547996521
-82.8556289673	36.952960968
-82.8594970703	36.9481620789
-82.8619308472	36.9399490356
-82.8592376709	36.9344291687
-82.8597869873	36.9277915955
-82.861656189	36.924282074
-82.864402771	36.9210319519
-82.867149353	36.9182319641
-82.8692779541	36.9147720337
-82.8715133667	36.9126586914
-82.8725509644	36.910369873
-82.8724060059	36.9071922302
-82.871131897	36.904510498
-82.8699264526	36.9031791687
-82.8697967529	36.9004592896
-82.871421814	36.8981513977
-82.873626709	36.8958206177
-82.875289917	36.8944091797
-82.877532959	36.8927307129
-82.8798980713	36.8909606934
-82.8836669922	36.8887290955
-82.8850402832	36.8881721497
-82.8934402466	36.8814888
-82.9048919678	36.8793792725
-82.9049758911	36.8793106079
-82.9073104858	36.8775787354
-82.9091873169	36.8761711121
-82.9124069214	36.8752098083
-82.9152374268	36.8745803833
-82.9192581177	36.8736915588
-82.924369812	36.8725509644
-82.9323959351	36.8707695007
-82.9511032104	36.8654899597
-82.9615020752	36.86095047
-82.96925354	36.8595199585
-82.973815918	36.8589401245
-82.9805603027	36.8586387634
-82.9852828979	36.8590393066
-82.998916626	36.8558502197
-83.0034103394	36.850818634
-83.0040206909	36.8505592346
-83.0042037964	36.8504905701
-83.0067367554	36.8470420837
-83.012802124	36.8473510742
-83.0202560425	36.8495101929
-83.0245666504	36.8509101868
-83.0261306763	36.85338974
-83.0262374878	36.8544387817
-83.02784729	36.8550796509
-83.0324401855	36.8556289673
-83.0382080078	36.8552894592
-83.0439987183	36.8540496826
-83.0483627319	36.8534011841
-83.0520858765	36.8528518677
-83.0598907471	36.8532485962
-83.064743042	36.8535614014
-83.0675888062	36.8540687561
-83.0699386597	36.8527603149
-83.0724487305	36.85105896
-83.0728912354	36.8483314514
-83.0727767944	36.8460617065
-83.0732498169	36.8437805176
-83.0748901367	36.8419113159
-83.0772018433	36.8415603638
-83.0800933838	36.8411712646
-83.083442688	36.8403015137
-83.0876464844	36.8386001587
-83.0941162109	36.8341903687
-83.0957870483	36.8327293396
-83.0976715088	36.8310890198
-83.0978164673	36.8280715942
-83.0975265503	36.8244514465
-83.097366333	36.8224601746
-83.0968475342	36.8199310303
-83.0972900391	36.817199707
-83.0977325439	36.8144607544
-83.098236084	36.8134117126
-83.0994873047	36.8102607727
-83.1014862061	36.8088989258
-83.1031799316	36.8070907593
-83.106010437	36.8040390015
-83.1080169678	36.8009986877
-83.1101989746	36.7986602783
-83.1120071411	36.7959899902
-83.1161727905	36.7919921875
-83.1223373413	36.7882919312
-83.1249465942	36.7867202759
-83.1330718994	36.7845420837
-83.1332015991	36.7838020325
-83.1330566406	36.7821998596
-83.1309661865	36.7786521912
-83.1309127808	36.7784614563
-83.1305923462	36.772151947
-83.1293029785	36.7638092041
-83.1280899048	36.7576217651
-83.1282958984	36.7568206787
-83.130065918	36.7523498535
-83.1326828003	36.7490997314
-83.1354370117	36.7456588745
-83.1374359131	36.7438392639
-83.1412963867	36.7421417236
-83.144821167	36.741809845
-83.1493606567	36.7413902283
-83.1585617065	36.7411193848
-83.1694869995	36.7411308289
-83.1815719604	36.7411384583
-83.1901321411	36.7399711609
-83.1958465576	36.7393417358
-83.201751709	36.7378692627
-83.2104263306	36.7357711792
-83.2307128906	36.7303009033
-83.231590271	36.7300605774
-83.2474899292	36.7255821228
-83.2654342651	36.7209396362
-83.2718658447	36.7193717957
-83.2949295044	36.713760376
-83.317527771	36.708480835
-83.3183898926	36.7082710266
-83.3354110718	36.7041091919
-83.3506393433	36.6990089417
-83.3638076782	36.6945915222
-83.3707275391	36.6933517456
-83.37840271	36.6909294128
-83.3840560913	36.6890487671
-83.3887481689	36.685508728
-83.3934631348	36.68227005
-83.3969573975	36.6788520813
-83.4034423828	36.6756019592
-83.4080200195	36.6735992432
-83.4147186279	36.6716003418
-83.4220962524	36.6700019836
-83.4249572754	36.6698989868
-83.4283828735	36.669342041
-83.4323883057	36.6692810059
-83.4333724976	36.6692619324
-83.4396896362	36.6696090698
-83.4483184814	36.6688499451
-83.455291748	36.6676597595
-83.4604187012	36.6667785645
-83.4649887085	36.6667709351
-83.470161438	36.6674003601
-83.4776916504	36.6682319641
-83.4787521362	36.6683502197
-83.4840774536	36.6692810059
-83.4892730713	36.6700897217
-83.4939117432	36.6708106995
-83.4979476929	36.6711196899
-83.4993896484	36.6709899902
-83.529586792	36.6648292542
-83.5372390747	36.658618927
-83.5532989502	36.6525001526
-83.5660171509	36.6483306885
-83.5798339844	36.6423797607
-83.592086792	36.6431007385
-83.5991210938	36.6400299072
-83.6010971069	36.6400604248
-83.606880188	36.6383399963
-83.6103515625	36.636920929
-83.6138839722	36.6339111328
-83.6175003052	36.6312294006
-83.6214370728	36.6294898987
-83.6266479492	36.6277618408
-83.6293487549	36.6272697449
-83.6358566284	36.6260910034
-83.6416168213	36.6252708435
-83.6480331421	36.62292099
-83.651512146	36.6195297241
-83.65625	36.6158294678
-83.6631622314	36.6119995117
-83.6690063477	36.6071014404
-83.6748199463	36.6012001038
-83.6842575073	36.5932693481
-83.6902160645	36.5838317871
-83.6924972534	36.5838508606
-83.737991333	36.5844192505
-83.8296585083	36.585521698
-83.9308166504	36.5894012451
-84.010017395	36.5924301147
-84.0300674438	36.5930595398
-84.1336288452	36.5937385559
-84.2287597656	36.5943717957
-84.2610473633	36.5948791504
-84.2822418213	36.5952110291
-84.5069961548	36.5987586975
-84.5135574341	36.5988693237
-84.5160293579	36.5989189148
-84.5297927856	36.5992622375
-84.6019668579	36.6010704041
-84.7284164429	36.6046905518
-84.7777099609	36.6061019897
-84.7841720581	36.6062889099
-84.8300170898	36.6071395874
-84.87915802	36.6105613708
-84.9776763916	36.6180915833
-84.9886169434	36.6181716919
-85.0012817383	36.6190490723
-85.0888977051	36.6226387024
-85.1725769043	36.6255722046
-85.1743011475	36.625579834
-85.1909332275	36.6260795593
-85.1943664551	36.6260795593
-85.2121810913	36.6265716553
-85.2247772217	36.6271018982
-85.2316360474	36.62707901
-85.2379760742	36.6271896362
-85.250579834	36.6277198792
-85.2626190186	36.6282501221
-85.2758102417	36.6277694702
-85.2797927856	36.6276092529
-85.2901229858	36.6271705627
-85.2952728271	36.6269607544
-85.302192688	36.6266708374
-85.3171081543	36.6263999939
-85.3205032349	36.6263389587
-85.3388519287	36.6259117126
-85.3457260132	36.6254615784
-85.3520889282	36.6251296997
-85.3549575806	36.6246910095
-85.3681259155	36.6235313416
-85.3715362549	36.6232299805
-85.3744659424	36.6234397888
-85.3968276978	36.6220703125
-85.4363174438	36.6195907593
-85.5074157715	36.6151313782
-85.7878417969	36.6227493286
-85.8526306152	36.6245117188
-85.9735870361	36.6291503906
-85.999961853	36.6305198669
-86.2070007324	36.6412010193
-86.2076568604	36.6412391663
-86.3401031494	36.6499595642
-86.4119262695	36.6516494751
-86.5094680786	36.6539497375
-86.5200424194	36.6503105164
-86.5431365967	36.6423301697
-86.5452728271	36.6452293396
-86.549407959	36.6464614868
-86.5545120239	36.6391792297
-86.563659668	36.6350593567
-86.5913314819	36.6544303894
-86.7629470825	36.6505699158
-87.0231170654	36.645198822
-87.060508728	36.6444320679
-87.1148681641	36.6440200806
-87.3357772827	36.642539978
-87.4348602295	36.6417007446
-87.436706543	36.6416893005
-87.4847412109	36.6409492493
-87.6424179077	36.6385192871
-87.694152832	36.6377105713
-87.7817382812	36.6364593506
-87.7979431152	36.6361312866
-87.8052368164	36.6360206604
-87.8534011841	36.6352500916
-87.8504562378	36.6651496887
-87.9022216797	36.6686706543
-87.9183197021	36.6697006226
-88.050163269	36.6783218384
-88.0707321167	36.6792488098
-88.0693130493	36.6652908325
-88.0649490356	36.652671814
-88.0565261841	36.6383018494
-88.0538864136	36.6256408691
-88.0419998169	36.589099884
-88.0326309204	36.5367088318
-88.0365829468	36.5238494873
-88.0371398926	36.5220413208
-88.0403518677	36.5115814209
-88.0420379639	36.5060997009
-88.0516967773	36.4995498657
-88.0545730591	36.4980316162
-88.0570526123	36.4967193604
-88.0627670288	36.4967803955
-88.0859069824	36.4970207214
-88.1792831421	36.5000495911
-88.4890365601	36.5025215149
-88.5171966553	36.5027503967
-88.8167266846	36.5041694641
-88.8316268921	36.5043106079
-88.8361968994	36.5042800903
-88.9547424316	36.5037193298
-89.1012573242	36.5054588318
-89.2992172241	36.5078201294
-89.3020782471	36.5077285767
-89.3482971191	36.5039787292
-89.4196014404	36.4980392456
-89.4141998291	36.5149612427
-89.4136123657	36.5167999268
-89.4075393677	36.5358009338
-89.4033432007	36.5489501953
-89.4002685547	36.5555610657
-89.3965072632	36.5636405945
-89.3917770386	36.5738220215
-89.3868331909	36.5844421387
-89.3837966919	36.595500946
-89.3813171387	36.6045608521
-89.3804626465	36.6076698303
-89.3776626587	36.6178703308
-89.3769607544	36.6185798645
-89.3689422607	36.6267700195
-89.3618469238	36.6298904419
-89.3561859131	36.6323814392
-89.3452529907	36.6329994202
-89.3378219604	36.6323509216
-89.3327178955	36.6308517456
-89.3304672241	36.6298904419
-89.3247528076	36.6268196106
-89.3193130493	36.6223297119
-89.313583374	36.6151390076
-89.3085174561	36.6087989807
-89.3016815186	36.6002311707
-89.2936325073	36.5901412964
-89.2749328613	36.5716705322
-89.2653961182	36.567489624
-89.2585067749	36.5644721985
-89.2498779297	36.5638313293
-89.2437820435	36.5649490356
-89.2357559204	36.5664100647
-89.2288589478	36.5676689148
-89.2267532349	36.5691604614
-89.2161178589	36.5766792297
-89.211807251	36.5820198059
-89.2074661255	36.5873908997
-89.20728302	36.589302063
-89.2059631348	36.6020698547
-89.2049713135	36.611530304
-89.2043609619	36.61743927
-89.2039489746	36.6184921265
-89.2001724243	36.6281394958
-89.1982498169	36.6330490112
-89.1971206665	36.6341018677
-89.1890487671	36.6416015625
-89.1829071045	36.6473007202
-89.1790390015	36.6508903503
-89.1781616211	36.6517410278
-89.1730270386	36.6567420959
-89.1680831909	36.6615600586
-89.1660385132	36.6635513306
-89.1660461426	36.6671600342
-89.1709060669	36.6724586487
-89.1714172363	36.6772689819
-89.1719665527	36.6824188232
-89.1758117676	36.6904602051
-89.1865081787	36.7009811401
-89.1944732666	36.7088012695
-89.1998672485	36.7166595459
-89.2016372681	36.7250709534
-89.2008132935	36.7307319641
-89.1999206543	36.7369194031
-89.1968460083	36.7414016724
-89.193572998	36.746181488
-89.1913528442	36.7494392395
-89.1802978516	36.7565002441
-89.174446106	36.7586097717
-89.1641082764	36.7583389282
-89.1580657959	36.7582092285
-89.1572265625	36.7581291199
-89.147605896	36.75548172
-89.1407699585	36.7536010742
-89.1351470947	36.7520484924
-89.1271362305	36.7527503967
-89.1210327148	36.7580299377
-89.1196289062	36.7636909485
-89.1207733154	36.7756309509
-89.1242370605	36.7806510925
-89.1259078979	36.7830505371
-89.1267471313	36.7840614319
-89.1300811768	36.7868690491
-89.1357574463	36.7883415222
-89.14087677	36.7889099121
-89.1611862183	36.7911987305
-89.1668395996	36.7950897217
-89.171913147	36.7985801697
-89.1800384521	36.8119506836
-89.1797790527	36.8331604004
-89.1784820557	36.838760376
-89.1718292236	36.8439598083
-89.1666488647	36.8443107605
-89.1614532471	36.8446807861
-89.1545028687	36.845161438
-89.1466827393	36.8474502563
-89.1394424438	36.8513793945
-89.1389389038	36.8517112732
-89.1311187744	36.8587989807
-89.1288070679	36.8652992249
-89.1265563965	36.8716506958
-89.1243362427	36.8892402649
-89.1234207153	36.8964691162
-89.1207427979	36.9050216675
-89.1164016724	36.9168205261
-89.1126403809	36.9231910706
-89.1092300415	36.9300994873
-89.106086731	36.9359092712
-89.1018600464	36.9440193176
-89.1016693115	36.9444999695
-89.1015014648	36.9480285645
-89.1005859375	36.9541015625
-89.1016082764	36.9631385803
-89.1026992798	36.9649505615
-89.10912323	36.9756202698
-89.1174468994	36.9808197021
-89.1262359619	36.9837303162
-89.1338882446	36.98387146
-89.1451187134	36.9906196594
-89.1545333862	36.9964904785
-89.170211792	37.0105285645
-89.1798629761	37.0273513794
-89.1807327271	37.0296211243
-89.1810073853	37.0306396484
-89.1815261841	37.0410308838
-89.1797866821	37.0508499146
-89.1788864136	37.0536499023
-89.1770858765	37.0590400696
-89.1707000732	37.0680809021
-89.1684265137	37.0712890625
-89.164932251	37.076259613
-89.1645965576	37.0766487122
-89.1359176636	37.1015090942
-89.1344833374	37.1027603149
-89.1170959473	37.1178207397
-89.1139602661	37.1210098267
-89.1124191284	37.1228904724
-89.099609375	37.1431694031
-89.0875320435	37.1622810364
-89.0796661377	37.171749115
-89.0342178345	37.2078590393
-89.0071105957	37.2231788635
-89.0052261353	37.2237014771
-88.987197876	37.2287216187
-88.9595031738	37.2299690247
-88.9339370728	37.2275390625
-88.9272994995	37.226360321
-88.9151763916	37.2235794067
-88.9081192017	37.2213287354
-88.9036560059	37.2199020386
-88.8903961182	37.2153015137
-88.8621673584	37.2047195435
-88.8460388184	37.1996498108
-88.8235473633	37.1918907166
-88.7954177856	37.181930542
-88.7603530884	37.1609802246
-88.7598114014	37.16065979
-88.7339477539	37.1429710388
-88.7327880859	37.1423492432
-88.7259979248	37.1402511597
-88.7105331421	37.1405906677
-88.7058105469	37.1406898499
-88.7021713257	37.1403503418
-88.6965103149	37.1396713257
-88.6809158325	37.1356010437
-88.6734466553	37.1315422058
-88.6527633667	37.1245689392
-88.6362228394	37.12084198
-88.623336792	37.1166419983
-88.6178512573	37.1142921448
-88.6130828857	37.1120300293
-88.6021270752	37.1049385071
-88.60105896	37.1042289734
-88.5664215088	37.0804519653
-88.5651168823	37.0795707703
-88.552772522	37.071269989
-88.5477371216	37.0691108704
-88.5426559448	37.0670585632
-88.5397262573	37.0663299561
-88.5293960571	37.0641403198
-88.5189590454	37.0629806519
-88.5160675049	37.0626792908
-88.4955368042	37.0635604858
-88.4925308228	37.0639305115
-88.4890365601	37.0647506714
-88.4827728271	37.0666694641
-88.4746170044	37.0706520081
-88.4658660889	37.0770606995
-88.4546585083	37.0890808105
-88.452331543	37.0921592712
-88.4485473633	37.0971717834
-88.4393463135	37.1110801697
-88.4390106201	37.1117210388
-88.4276504517	37.1328697205
-88.4246520996	37.1447410583
-88.4250411987	37.1542892456
-88.4346008301	37.1762695313
-88.4417266846	37.1926803589
-88.4501876831	37.2062492371
-88.4590759277	37.2156906128
-88.4609832764	37.2173614502
-88.4667205811	37.2210197449
-88.4674072266	37.2214202881
-88.4717025757	37.2238693237
-88.4764633179	37.2305412292
-88.488861084	37.2479400635
-88.499168396	37.2558021545
-88.5049819946	37.2602386475
-88.5107803345	37.2671813965
-88.5118331909	37.2690010071
-88.5128097534	37.2749214172
-88.5133361816	37.2789993286
-88.5130004883	37.2815704346
-88.5113372803	37.2886619568
-88.5081863403	37.2972793579
-88.5066833496	37.3007087708
-88.5025558472	37.3079414368
-88.4952468872	37.320350647
-88.4822921753	37.3460388184
-88.481880188	37.3475608826
-88.4778366089	37.3595809937
-88.4766921997	37.362991333
-88.4755859375	37.3734817505
-88.4741668701	37.3870887756
-88.468711853	37.3953895569
-88.4598464966	37.404750824
-88.4572525024	37.4064292908
-88.4440460205	37.4155502319
-88.4279785156	37.4205513
-88.4210128784	37.4232902527
-88.4169311523	37.4246101379
-88.4145965576	37.4250411987
-88.4116973877	37.4259185791
-88.4064712524	37.4263420105
-88.4045715332	37.4258804321
-88.3979492187	37.4238510132
-88.3861999512	37.4163589478
-88.3801193237	37.4124908447
-88.3731231689	37.4083709717
-88.3714370728	37.4073791504
-88.3662567139	37.4068222046
-88.3627471924	37.4065284729
-88.3596115112	37.4070205688
-88.349899292	37.4104804993
-88.339881897	37.4208602905
-88.3339767456	37.4269599915
-88.3219070435	37.4365196228
-88.3064193726	37.4451293945
-88.302986145	37.4466590881
-88.2960205078	37.4492988586
-88.2928466797	37.4503517151
-88.2593078613	37.4574699402
-88.2410202026	37.4582710266
-88.2395858765	37.4583396912
-88.206413269	37.4598007202
-88.197227478	37.4605293274
-88.1931686401	37.4609794617
-88.1874084473	37.4621315002
-88.1622924805	37.4671592712
-88.1590270996	37.4678115845
-88.1503372192	37.4695510864
-88.1485595703	37.4699020386
-88.1442871094	37.4704704285
-88.1361312866	37.4715690613
-88.1328277588	37.4720115662
-88.1285858154	37.4724693298
-88.1239776611	37.4727020264
-88.1109390259	37.4729499817
-88.1022567749	37.4731292725
-88.0850143433	37.4776191711
-88.0771331787	37.4841308594
-88.0732269287	37.4892120361
-88.0699768066	37.4956207275
-88.0674362183	37.506111145
-88.0676727295	37.5119819641
-88.0679779053	37.5202598572
-88.0685501099	37.5214309692
-88.0735626221	37.5316619873
-88.0769195557	37.5340385437
-88.0803833008	37.5363121033
-88.0895996094	37.5423698425
-88.0901260376	37.5427589417
-88.0929870605	37.5455093384
-88.0958328247	37.5487098694
-88.0980911255	37.5519104004
-88.1009216309	37.5555686951
-88.1027908325	37.5573806763
-88.1196670532	37.5695304871
-88.1232681274	37.5716896057
-88.1300964355	37.5790290833
-88.1334533691	37.5835990906
-88.1371307373	37.5961494446
-88.1413803101	37.6106300354
-88.1425170898	37.6131591797
-88.1527404785	37.6357803345
-88.1534423828	37.6379890442
-88.1567230225	37.6483917236
-88.1566009521	37.6541099548
-88.1565704346	37.6563796997
-88.1564712524	37.6590805054
-88.1551513672	37.6645202637
-88.1540527344	37.6672286987
-88.1528091431	37.6700019836
-88.1478424072	37.6776008606
-88.131690979	37.6978988647
-88.1181793213	37.7104606628
-88.1036224365	37.7182693481
-88.0953216553	37.7227210999
-88.0854263306	37.7271308899
-88.0835571289	37.7279701233
-88.0643692017	37.7365188599
-88.0531158447	37.7444992065
-88.0416564941	37.7606391907
-88.0407867432	37.7618789673
-88.0352401733	37.7697792053
-88.0331115723	37.7805099487
-88.0326385498	37.7829017639
-88.0316009521	37.7881393433
-88.0308532715	37.7919311523
-88.0299911499	37.7950019836
-88.0269927979	37.799030304
-88.0202789307	37.8016891479
-88.0193481445	37.8019294739
-88.0124893188	37.8028907776
-88.0042724609	37.8012504578
-87.9965209961	37.7959709167
-87.9945678711	37.7950592041
-87.9914093018	37.7935905457
-87.978767395	37.7877120972
-87.9739761353	37.7836608887
-87.9639282227	37.775138855
-87.9626693726	37.7743415833
-87.9603500366	37.773601532
-87.9571762085	37.7730522156
-87.955657959	37.7730712891
-87.9546508789	37.7732810974
-87.9471588135	37.7775115967
-87.9464416504	37.7781600952
-87.9418869019	37.7841110229
-87.9367980957	37.7914199829
-87.9316635132	37.7969207764
-87.9085769653	37.8089599609
-87.9080429077	37.8103218079
-87.9053497314	37.8199005127
-87.9054870605	37.8209609985
-87.9093933105	37.8360214233
-87.9119186401	37.8457298279
-87.9149780273	37.8502006531
-87.9366378784	37.8706321716
-87.9398727417	37.8775596619
-87.9408569336	37.8802185059
-87.9407196045	37.8814506531
-87.9395294189	37.8867988586
-87.9386901855	37.8888587952
-87.936416626	37.8920097351
-87.9321899414	37.8966293335
-87.9285430908	37.9006195068
-87.9271774292	37.9020996094
-87.9222106934	37.907699585
-87.9181671143	37.9122505188
-87.910736084	37.9191207886
-87.9051361084	37.9243011475
-87.9003295898	37.9269294739
-87.8980331421	37.92786026
-87.8933563232	37.9283714294
-87.8920516968	37.9282608032
-87.8824386597	37.9261016846
-87.8713760376	37.919052124
-87.8698196411	37.9177513123
-87.8652572632	37.9109115601
-87.8622589111	37.9058799744
-87.8608169556	37.904258728
-87.8592910767	37.9028701782
-87.8543014526	37.8993606567
-87.8495559692	37.8960189819
-87.8487472534	37.8955307007
-87.8461074829	37.8916091919
-87.8432769775	37.8874092102
-87.8361358643	37.8810005188
-87.8347167969	37.8800697327
-87.8323974609	37.879322052
-87.8187866211	37.8763198853
-87.8177261353	37.8761787415
-87.799659729	37.8758201599
-87.7926559448	37.8759803772
-87.7909088135	37.8762512207
-87.7814102173	37.8792304993
-87.7793197632	37.8801994324
-87.7711868286	37.8852005005
-87.7702713013	37.8858184814
-87.7654724121	37.8885116577
-87.7608261108	37.890789032
-87.759727478	37.8912200928
-87.7544708252	37.8931503296
-87.7364730835	37.892539978
-87.735786438	37.8925209045
-87.7203674316	37.8920097351
-87.7197494507	37.8920402527
-87.7178421021	37.8924598694
-87.7023620605	37.8963012695
-87.7002716064	37.8972892761
-87.6904373169	37.901512146
-87.6846466064	37.9029998779
-87.6793670654	37.9020614624
-87.6723098755	37.8984985352
-87.6701431274	37.8962516785
-87.6678695679	37.893371582
-87.666519165	37.8870506287
-87.6669006348	37.8822402954
-87.6742630005	37.8722190857
-87.6792984009	37.8655090332
-87.681968689	37.8572998047
-87.6828231812	37.846408844
-87.6783676147	37.8338088989
-87.6652297974	37.8269004822
-87.6641769409	37.826499939
-87.6524963379	37.8252601624
-87.6379013062	37.8254394531
-87.6205596924	37.8302688599
-87.6102294922	37.8354721069
-87.6091384888	37.8364105225
-87.6045303345	37.8405303955
-87.5917129517	37.8581619263
-87.5906677246	37.8598213196
-87.5877838135	37.8666496277
-87.5878067017	37.8673400879
-87.5881958008	37.8811607361
-87.5887908936	37.8822402954
-87.5910491943	37.8856506348
-87.5934371948	37.890171051
-87.5960769653	37.8924598694
-87.6040725708	37.89868927
-87.617477417	37.9060401917
-87.6234512329	37.9127922058
-87.6238098145	37.9134597778
-87.6279067993	37.9235420227
-87.6260528564	37.9308204651
-87.6255722046	37.9315795898
-87.6242675781	37.933139801
-87.6126098633	37.9437217712
-87.6077041626	37.9481697083
-87.6065826416	37.9494285583
-87.606262207	37.9501304626
-87.6032180786	37.9625892639
-87.601348877	37.9702301025
-87.60105896	37.9707717896
-87.5943069458	37.9735412598
-87.5902099609	37.9731712341
-87.580657959	37.9660797119
-87.57447052	37.9539909363
-87.5670776367	37.939540863
-87.561920166	37.9335708618
-87.5539169312	37.9279785156
-87.5302658081	37.9170417786
-87.5220718384	37.9124603271
-87.5122070312	37.9069709778
-87.5114364624	37.9067420959
-87.5103225708	37.9067497253
-87.5002288818	37.9095497131
-87.4992294312	37.9100112915
-87.4917068481	37.9150619507
-87.4830474854	37.9210205078
-87.4732208252	37.9279022217
-87.4716567993	37.9288101196
-87.4645309448	37.9329490662
-87.4535064697	37.9384803772
-87.4511871338	37.9393997192
-87.4459533691	37.9416389465
-87.4323730469	37.9445304871
-87.4192733765	37.9443092346
-87.4166183472	37.944229126
-87.3942871094	37.9391708374
-87.3899002075	37.9375495911
-87.3840332031	37.934928894
-87.3759002686	37.9309005737
-87.3668289185	37.9258308411
-87.3434371948	37.9127502441
-87.3374404907	37.9110794067
-87.3312301636	37.9094390869
-87.3204727173	37.9045906067
-87.3057785034	37.8979301453
-87.3027496338	37.8966789246
-87.300163269	37.8956108093
-87.2884063721	37.8888893127
-87.2766723633	37.8812599182
-87.268447876	37.8754196167
-87.2649230957	37.8731803894
-87.2561264038	37.867061615
-87.2472000122	37.8611221313
-87.2414474487	37.857460022
-87.2341690063	37.8536300659
-87.2320480347	37.8525695801
-87.2250366211	37.8493995667
-87.2232818604	37.8486709595
-87.2028198242	37.8432693481
-87.1819458008	37.8415985107
-87.1771774292	37.8410606384
-87.1748886108	37.8406295776
-87.1673202515	37.8386688232
-87.1510467529	37.8246994019
-87.1457061768	37.8156509399
-87.1442871094	37.8126792908
-87.1425018311	37.8072509766
-87.140663147	37.8018302917
-87.1389923096	37.7964401245
-87.1335830688	37.7879600525
-87.1330108643	37.787361145
-87.1288223267	37.7853507996
-87.1283187866	37.7851486206
-87.1241378784	37.7835197449
-87.1069869995	37.783290863
-87.1061859131	37.7834205627
-87.0974273682	37.7852897644
-87.0893707275	37.7889785767
-87.0835494995	37.7917289734
-87.0709533691	37.801410675
-87.0658416748	37.8082809448
-87.0570373535	37.8252487183
-87.0551986694	37.8288116455
-87.0461959839	37.8596611023
-87.0437774658	37.8679389954
-87.0428314209	37.8743095398
-87.0442581177	37.881439209
-87.0459976196	37.8901290894
-87.0443496704	37.8946800232
-87.0422668457	37.897769928
-87.0406570435	37.8997612
-87.0343017578	37.9048309326
-87.0262908936	37.9109420776
-87.0168533325	37.916179657
-87.0063781738	37.92029953
-86.9959182739	37.924911499
-86.9860076904	37.9289703369
-86.9791488647	37.9303894043
-86.9671630859	37.9328804016
-86.9627075195	37.9336204529
-86.9561691284	37.9340705872
-86.9446487427	37.9346008301
-86.936050415	37.9349899292
-86.9131622314	37.9406700134
-86.9125595093	37.9408798218
-86.9012985229	37.9485397339
-86.8912963867	37.9584312439
-86.8818130493	37.9678001404
-86.8599472046	37.9848518372
-86.8495635986	37.9887809753
-86.8445205688	37.9902191162
-86.8369369507	37.9929618835
-86.8311233521	37.9956893921
-86.8252792358	37.9975204468
-86.8206100464	37.9984397888
-86.8075485229	37.9939994812
-86.7963104248	37.987361908
-86.7835769653	37.9609718323
-86.7780990601	37.9496192932
-86.774269104	37.9423599243
-86.7686309814	37.9327507019
-86.7577209473	37.9151992798
-86.7461166382	37.9043388367
-86.7448425293	37.9032211304
-86.7311477661	37.8927307129
-86.7291564941	37.8924407959
-86.7256698608	37.8921394348
-86.7198562622	37.8931503296
-86.7157516479	37.8939819336
-86.6896133423	37.9090499878
-86.6843109131	37.9117012024
-86.6816101074	37.9125404358
-86.678352356	37.913269043
-86.6672668457	37.9133796692
-86.6546630859	37.9086303711
-86.6533279419	37.9072608948
-86.6519775391	37.9058189392
-86.6512832642	37.8981208801
-86.6573562622	37.8821105957
-86.6662979126	37.8585700989
-86.6672668457	37.8555221558
-86.6661071777	37.8497009277
-86.6625823975	37.8451004028
-86.6617431641	37.8444519043
-86.6563568115	37.8414916992
-86.6439666748	37.8401603699
-86.6346817017	37.8429718018
-86.6176757812	37.850528717
-86.6168670654	37.8511199951
-86.604598999	37.8601417542
-86.6031570435	37.8614807129
-86.6015014648	37.863861084
-86.6000595093	37.8664093018
-86.597869873	37.8759422302
-86.5979385376	37.8768501282
-86.5989990234	37.8905601501
-86.6000366211	37.9040298462
-86.5984420776	37.9102897644
-86.5973968506	37.9127120972
-86.5932312012	37.9167900085
-86.5816192627	37.9209709167
-86.5517730713	37.9183807373
-86.5483169556	37.9180793762
-86.5284805298	37.9178009033
-86.5162811279	37.9219818115
-86.5082092285	37.9288520813
-86.5059890747	37.9370193481
-86.5065765381	37.9393997192
-86.50756073	37.9422111511
-86.5105361938	37.9471588135
-86.5109024048	37.9477005005
-86.5197372437	37.961391449
-86.5245895386	37.9740409851
-86.524887085	37.9963607788
-86.5249328613	37.9989700317
-86.5247802734	38.0004501343
-86.5233459473	38.0143890381
-86.522857666	38.0191192627
-86.5221786499	38.025718689
-86.5218505859	38.0289115906
-86.5178909302	38.0375709534
-86.5141983032	38.0407905579
-86.5122528076	38.0419311523
-86.5104827881	38.0426902771
-86.503288269	38.0445098877
-86.5017318726	38.0446510315
-86.4987716675	38.0448608398
-86.4893264771	38.0445899963
-86.4864959717	38.044719696
-86.4665603638	38.0456809998
-86.452583313	38.0494194031
-86.4391860962	38.060508728
-86.4337158203	38.0678520203
-86.4321670532	38.0704689026
-86.4315261841	38.0728988647
-86.4309768677	38.0778999329
-86.4309768677	38.0799789429
-86.4312133789	38.0808601379
-86.4343032837	38.0871887207
-86.4350662231	38.0881500244
-86.4368667603	38.0900115967
-86.4420928955	38.094039917
-86.4479293823	38.0958595276
-86.4531860352	38.0972213745
-86.4541931152	38.0978012085
-86.4610671997	38.1033592224
-86.4625473022	38.1049308777
-86.464302063	38.1094589233
-86.4630966187	38.1137008667
-86.4619216919	38.1166801453
-86.4535064697	38.1236915588
-86.4514160156	38.1248703003
-86.449836731	38.1250686646
-86.4367980957	38.1247787476
-86.4297485352	38.1217498779
-86.417930603	38.1133918762
-86.4174880981	38.113079071
-86.4113922119	38.1087608337
-86.4059829712	38.1058921814
-86.3997116089	38.104888916
-86.3987960815	38.104888916
-86.3961791992	38.1065406799
-86.3935165405	38.1094207764
-86.3911132812	38.1129989624
-86.3871688843	38.1203994751
-86.3865280151	38.1212501526
-86.3859710693	38.1216011047
-86.3765029907	38.1274909973
-86.3693618774	38.1288986206
-86.3560714722	38.1289901733
-86.3389358521	38.1291122437
-86.32787323	38.1337203979
-86.3232498169	38.1382789612
-86.3198165894	38.1464691162
-86.3238372803	38.1546707153
-86.3258972168	38.1557998657
-86.3351898193	38.1595001221
-86.3495483398	38.1619911194
-86.3513031006	38.1622886658
-86.3629989624	38.1643104553
-86.3636627197	38.1645202637
-86.37159729	38.1701316833
-86.3739929199	38.1741905212
-86.3751983643	38.1835289001
-86.3734970093	38.1887207031
-86.3729476929	38.1898612976
-86.3680496216	38.1952705383
-86.3673171997	38.1956710815
-86.359046936	38.1978721619
-86.3501358032	38.195350647
-86.3496932983	38.1951293945
-86.3395767212	38.1867713928
-86.3330917358	38.181388855
-86.3313598633	38.1800308228
-86.3218765259	38.1741218567
-86.3077468872	38.168258667
-86.3005371094	38.165271759
-86.2962875366	38.163230896
-86.2922973633	38.1601409912
-86.282371521	38.1514091492
-86.2804794312	38.1496391296
-86.2758178711	38.1431617737
-86.2728805542	38.1340789795
-86.2788162231	38.1090393066
-86.2811965942	38.098400116
-86.2812576294	38.0886917114
-86.2776031494	38.0724105835
-86.2766723633	38.0693817139
-86.2731933594	38.0630302429
-86.2727661133	38.0624504089
-86.2602615356	38.0513801575
-86.258605957	38.0503120422
-86.254776001	38.0480690002
-86.2350616455	38.0386810303
-86.2067260742	38.0213699341
-86.2055358887	38.020740509
-86.1781158447	38.0108985901
-86.1702270508	38.0095100403
-86.1682128906	38.0093002319
-86.1629486084	38.0102500916
-86.1570892334	38.0114898682
-86.1480331421	38.0133705139
-86.1319198608	38.0151405334
-86.126701355	38.0155296326
-86.123550415	38.0153617859
-86.1109771729	38.0139808655
-86.0933303833	38.007900238
-86.0928115845	38.0077209473
-86.0810623169	37.9987106323
-86.0639266968	37.9725112915
-86.0569610596	37.9649391174
-86.0464401245	37.9586105347
-86.0399627686	37.9604415894
-86.0369873047	37.9631118774
-86.0352630615	37.9664993286
-86.0353164673	37.9732818604
-86.0353927612	37.9845504761
-86.0351715088	37.9853096008
-86.0343475342	37.9864120483
-86.0296325684	37.9912910461
-86.0144577026	37.99584198
-85.9981307983	37.9982299805
-85.9966964722	37.9983787537
-85.9673080444	38.0026817322
-85.9658813477	38.0028915405
-85.956703186	38.0042304993
-85.9485321045	38.0065193176
-85.9442520142	38.007648468
-85.9398193359	38.0089302063
-85.9382171631	38.0103302002
-85.9223632812	38.0256500244
-85.9194717407	38.0320091248
-85.9144363403	38.0557289124
-85.9135513306	38.059928894
-85.9125061035	38.0641021729
-85.9100265503	38.0717697144
-85.9063186646	38.0824699402
-85.90284729	38.092590332
-85.9023513794	38.1063995361
-85.9032058716	38.114818573
-85.9060440063	38.142829895
-85.9044418335	38.1675796509
-85.8995513916	38.1769790649
-85.8987197876	38.1785812378
-85.8980331421	38.1798095703
-85.8910598755	38.1882209778
-85.8828964233	38.1979789734
-85.8824081421	38.1983985901
-85.861946106	38.2131118774
-85.8519668579	38.2202796936
-85.8455963135	38.2266807556
-85.8390884399	38.2386894226
-85.8360824585	38.2521018982
-85.8328475952	38.2662086487
-85.8282318115	38.2743186951
-85.8216705322	38.2802810669
-85.8167190552	38.2821311951
-85.8116760254	38.2834014893
-85.8057861328	38.2847290039
-85.7993392944	38.2855987549
-85.7928771973	38.2869186401
-85.7922897339	38.2873687744
-85.7887573242	38.2882499695
-85.7828903198	38.2886695862
-85.7776260376	38.2877388
-85.7735366821	38.2863502502
-85.7677078247	38.2826919556
-85.763671875	38.2776985168
-85.7561187744	38.2713088989
-85.7448196411	38.2689590454
-85.7432327271	38.2689399719
-85.7412872314	38.2692604065
-85.7327728271	38.2721099854
-85.7308731079	38.2729492188
-85.7259063721	38.2750015259
-85.706741333	38.2836990356
-85.6978912354	38.2877197266
-85.6920013428	38.2903900146
-85.6913299561	38.2907295227
-85.6735458374	38.3036384583
-85.6536331177	38.3251800537
-85.6516876221	38.3277206421
-85.6498184204	38.3307495117
-85.638458252	38.3539886475
-85.6370773315	38.3743095398
-85.6367416382	38.3793792725
-85.6365203857	38.3801689148
-85.6326522827	38.3938789368
-85.6192626953	38.4224891663
-85.6098175049	38.4342422485
-85.5980758667	38.4442214966
-85.5820388794	38.4510688782
-85.5809173584	38.4514007568
-85.5742263794	38.4527397156
-85.5687179565	38.4537620544
-85.5334701538	38.4565620422
-85.532371521	38.4567909241
-85.5052719116	38.4642601013
-85.5047073364	38.4645195007
-85.499961853	38.4673690796
-85.490852356	38.4747886658
-85.4894866943	38.4760704041
-85.4889297485	38.4767608643
-85.4758911133	38.4991722107
-85.4740905762	38.5022697449
-85.4689483643	38.5086097717
-85.4678573608	38.5094299316
-85.4663391113	38.5101890564
-85.450340271	38.5159416199
-85.443572998	38.518371582
-85.4418411255	38.5191802979
-85.4392089844	38.520450592
-85.4329071045	38.5240097046
-85.4234771729	38.5312614441
-85.4169921875	38.5413208008
-85.415145874	38.5511894226
-85.414855957	38.5538520813
-85.4153366089	38.5620002747
-85.4175567627	38.5688705444
-85.4227371216	38.5774993896
-85.4262466431	38.5833702087
-85.4279174805	38.586139679
-85.4286575317	38.5871620178
-85.4346084595	38.5969810486
-85.4375610352	38.6114807129
-85.4374084473	38.6215705872
-85.4370880127	38.6458816528
-85.4369506836	38.6563491821
-85.4420928955	38.6673812866
-85.442489624	38.6680793762
-85.450668335	38.6797409058
-85.4510269165	38.6802597046
-85.4535903931	38.6847190857
-85.4543762207	38.6885910034
-85.4551467896	38.6967010498
-85.453918457	38.7030105591
-85.4533081055	38.7040290833
-85.4397583008	38.724281311
-85.4382171631	38.7255592346
-85.4338989258	38.7288703918
-85.4167861938	38.735660553
-85.4160308838	38.7356796265
-85.4043960571	38.7360992432
-85.3952407837	38.7344207764
-85.3810501099	38.7318115234
-85.3796157837	38.7315597534
-85.360748291	38.7305908203
-85.3358459473	38.7346611023
-85.3330230713	38.735118866
-85.320602417	38.7382087708
-85.3200759888	38.7383308411
-85.2987823486	38.7405090332
-85.2852325439	38.7402915955
-85.2818832397	38.740070343
-85.2628097534	38.7377204895
-85.2511367798	38.7325706482
-85.2504577637	38.7322387695
-85.2453308105	38.7276496887
-85.2394714355	38.7208595276
-85.2316970825	38.7113113403
-85.2149810791	38.6963386536
-85.2139892578	38.6954994202
-85.2023468018	38.6911087036
-85.2023468018	38.6900405884
-85.1958694458	38.688659668
-85.1776733398	38.687789917
-85.1746673584	38.6879386902
-85.1717071533	38.6883201599
-85.1642379761	38.6897315979
-85.1610565186	38.6905097961
-85.1533508301	38.6931304932
-85.1462020874	38.6957511902
-85.1326065063	38.702960968
-85.1293258667	38.705280304
-85.1151580811	38.7153320313
-85.1002502441	38.7258987427
-85.0988693237	38.7268791199
-85.0728302002	38.7408409119
-85.0718383789	38.7411804199
-85.0619659424	38.7445793152
-85.0559463501	38.7466621399
-85.0532073975	38.7477607727
-85.0514907837	38.7485313416
-85.024307251	38.7628707886
-85.0239028931	38.7623291016
-85.0192260742	38.764591217
-85.0103530884	38.7699394226
-85.0065383911	38.7718696594
-84.9923324585	38.7776985168
-84.9758529663	38.7790222168
-84.9663162231	38.7779502869
-84.9504394531	38.7761611938
-84.9383010864	38.7772293091
-84.9357299805	38.7776107788
-84.9337768555	38.7781486511
-84.9172515869	38.784198761
-84.9074630737	38.7877807617
-84.9024124146	38.7894287109
-84.8976516724	38.791179657
-84.8963470459	38.7914886475
-84.8830108643	38.7930717468
-84.865776062	38.79114151
-84.8576431274	38.7902107239
-84.8454284668	38.7872314453
-84.8440170288	38.7868804932
-84.8340682983	38.784450531
-84.8311004639	38.7839508057
-84.8287582397	38.7837295532
-84.8234863281	38.7836990356
-84.8222427368	38.7838401794
-84.8207015991	38.7844009399
-84.8152008057	38.7868804932
-84.8126907349	38.7914085388
-84.8132705688	38.8004112244
-84.8279418945	38.8212013245
-84.8299407959	38.8275108337
-84.8300476074	38.8283500671
-84.8296966553	38.8291320801
-84.8276062012	38.8333206177
-84.8256530762	38.8357315063
-84.8151473999	38.8465919495
-84.8134460449	38.8476104736
-84.8064727783	38.8514709473
-84.7933578491	38.8587303162
-84.7929992676	38.8591308594
-84.7883987427	38.8668899536
-84.7876663208	38.8823013306
-84.7892303467	38.8853492737
-84.7895889282	38.886051178
-84.7914428711	38.8890304565
-84.7961120605	38.8918190002
-84.7981491089	38.8925704956
-84.8212127686	38.8997116089
-84.8556060791	38.9012794495
-84.8603363037	38.9017486572
-84.865020752	38.9031791687
-84.8738021851	38.9100494385
-84.8766860962	38.9146308899
-84.8777160645	38.9187393188
-84.8775482178	38.9196090698
-84.8748474121	38.9256896973
-84.8739624023	38.9268608093
-84.8709411621	38.92993927
-84.8624801636	38.9371185303
-84.8576965332	38.9411811829
-84.8571090698	38.9416694641
-84.8401794434	38.9560394287
-84.8346710205	38.9607391357
-84.8322906494	38.964389801
-84.8319473267	38.9664306641
-84.8323516846	38.9741096497
-84.8359985352	38.9860496521
-84.8365020752	38.9871101379
-84.8374099731	38.9886817932
-84.8456726074	38.9999389648
-84.8520431519	39.0086021423
-84.8574295044	39.0159301758
-84.8751831055	39.0333595276
-84.8759231567	39.0340919495
-84.8825378418	39.0405807495
-84.8880233765	39.0459709167
-84.893119812	39.0539894104
-84.8930206299	39.0555686951
-84.8922271729	39.0603713989
-84.8917007446	39.0617218018
-84.8902816772	39.0633888245
-84.8884124756	39.0650405884
-84.8674697876	39.0754699707
-84.8568572998	39.0807495117
-84.8341827393	39.0983009338
-84.8204574585	39.1061592102
-84.8195343018	39.1066894531
-84.8190689087	39.1068687439
-84.802986145	39.1100120544
-84.784828186	39.1166114807
-84.7838058472	39.1171188354
-84.7809524536	39.118888855
-84.7764282227	39.1220092773
-84.7722396851	39.1268386841
-84.7670669556	39.1328086853
-84.7596282959	39.1413993835
-84.7520523071	39.1457519531
-84.7506103516	39.1461410522
-84.7453231812	39.1472320557
-84.7445831299	39.1470909119
-84.7390289307	39.1460418701
-84.7338867188	39.1440505981
-84.7295684814	39.1421089172
-84.7239761353	39.1390609741
-84.7185058594	39.1346206665
-84.7130203247	39.1297302246
-84.7044296265	39.1203689575
-84.6946182251	39.1096611023
-84.693107605	39.1081504822
-84.6878890991	39.1029701233
-84.6847763062	39.1012191772
-84.6806335449	39.0992393494
-84.6776733398	39.0981712341
-84.6705093384	39.0969314575
-84.666343689	39.0960998535
-84.6603469849	39.0943908691
-84.655166626	39.0923118591
-84.6440658569	39.0842094421
-84.6381225586	39.0799217224
-84.6236877441	39.073551178
