-91.685890 40.572601
-91.686897 40.569431
-91.688477 40.565842
-91.688560 40.562660
-91.686836 40.559010
-91.683296 40.555332
-91.678009 40.553040
-91.667763 40.550709
-91.652657 40.547890
-91.636986 40.544682
-91.629738 40.543201
-91.625572 40.541790
-91.621910 40.539970
-91.618919 40.537220
-91.618347 40.534050
-91.618393 40.531330
-91.618416 40.528610
-91.618477 40.524071
-91.620087 40.520390
-91.620377 40.516380
-91.619217 40.513199
-91.617447 40.509552
-91.615067 40.506359
-91.611481 40.503159
-91.606667 40.500862
-91.601257 40.498550
-91.596527 40.496449
-91.592247 40.494411
-91.588821 40.490891
-91.585922 40.486309
-91.580399 40.475731
-91.577293 40.470299
-91.571983 40.465691
-91.566071 40.462021
-91.557632 40.459572
-91.547997 40.458252
-91.537712 40.458809
-91.531677 40.458721
-91.528038 40.459110
-91.524460 40.457241
-91.522728 40.454491
-91.522186 40.452221
-91.523483 40.449059
-91.525963 40.446831
-91.528427 40.445061
-91.530891 40.443279
-91.532776 40.440590
-91.531647 40.437401
-91.529900 40.435551
-91.526581 40.434059
-91.523308 40.433640
-91.520897 40.433151
-91.519150 40.430851
-91.520462 40.427238
-91.522987 40.423199
-91.524887 40.420052
-91.526199 40.417271
-91.526253 40.414631
-91.523903 40.412331
-91.519127 40.409981
-91.511963 40.407150
-91.503441 40.403492
-91.499237 40.401642
-91.493843 40.399330
-91.490501 40.396832
-91.489098 40.393402
-91.489487 40.390011
-91.487968 40.387489
-91.485580 40.385662
-91.482986 40.384922
-91.479393 40.384411
-91.475746 40.384811
-91.472710 40.385670
-91.469696 40.385620
-91.467278 40.385529
-91.465080 40.384140
-91.463760 40.381889
-91.463799 40.380531
-91.463837 40.379169
-91.463303 40.376900
-91.460938 40.375050
-91.457939 40.374542
-91.453941 40.375111
-91.450630 40.376690
-91.447647 40.379009
-91.446411 40.381710
-91.444389 40.383850
-91.441948 40.384720
-91.438339 40.384209
-91.433540 40.383221
-91.424690 40.381081
-91.420410 40.378010
-91.427223 40.373840
-91.434181 40.369221
-91.439529 40.365959
-91.444244 40.361809
-91.448380 40.358570
-91.452263 40.353649
-91.454788 40.350300
-91.459007 40.345539
-91.462936 40.339291
-91.465820 40.333351
-91.467697 40.327919
-91.468971 40.323849
-91.470886 40.316612
-91.472763 40.312550
-91.475838 40.307579
-91.478249 40.304131
-91.480148 40.301270
-91.482292 40.297710
-91.483963 40.292702
-91.486198 40.286312
-91.488663 40.281380
-91.488861 40.280922
-91.490753 40.276722
-91.492607 40.272350
-91.492332 40.268532
-91.490898 40.265980
-91.489738 40.262802
-91.489777 40.260082
-91.490417 40.257359
-91.492867 40.253750
-91.495346 40.249241
-91.496567 40.247890
-91.500092 40.244370
-91.503029 40.241600
-91.504860 40.237549
-91.504631 40.234310
-91.504646 40.229809
-91.504723 40.225281
-91.505379 40.221199
-91.506027 40.217129
-91.506706 40.212139
-91.506737 40.209419
-91.506790 40.206249
-91.506233 40.203072
-91.506271 40.200352
-91.506012 40.197559
-91.506348 40.194912
-91.507591 40.191750
-91.509453 40.188591
-91.510109 40.184059
-91.512131 40.179771
-91.512627 40.175911
-91.511887 40.171162
-91.510361 40.165920
-91.509209 40.161831
-91.509087 40.157139
-91.509941 40.152771
-91.511253 40.148041
-91.511856 40.144619
-91.511330 40.139179
-91.511383 40.135090
-91.511467 40.129200
-91.509773 40.121479
-91.507782 40.110451
-91.504036 40.101028
-91.502457 40.091942
-91.500107 40.081501
-91.496452 40.070721
-91.493446 40.064350
-91.491989 40.060120
-91.491463 40.055130
-91.491516 40.051052
-91.492180 40.046749
-91.492653 40.041759
-91.493500 40.038372
-91.493553 40.034290
-91.492943 40.030869
-91.491829 40.028839
-91.489799 40.025928
-91.483566 40.018341
-91.475296 40.009209
-91.471786 40.002369
-91.468887 39.995552
-91.466042 39.987000
-91.462502 39.980530
-91.457176 39.975201
-91.452812 39.968922
-91.449646 39.963070
-91.445450 39.956360
-91.438362 39.949051
-91.436966 39.947948
-91.432060 39.943489
-91.427109 39.938980
-91.422997 39.933502
-91.420540 39.929050
-91.419212 39.924541
-91.419121 39.920910
-91.419632 39.917732
-91.422516 39.913609
-91.425438 39.910389
-91.428780 39.907711
-91.431816 39.904560
-91.436142 39.901051
-91.436539 39.900669
-91.440933 39.896469
-91.444618 39.890610
-91.445877 39.885639
-91.446556 39.880650
-91.447250 39.874310
-91.446121 39.869770
-91.444992 39.865219
-91.441498 39.857941
-91.437630 39.851250
-91.433907 39.844730
-91.429199 39.839241
-91.425049 39.836491
-91.419563 39.834019
-91.411316 39.830799
-91.402451 39.825871
-91.396736 39.822849
-91.390060 39.819332
-91.382866 39.813911
-91.373421 39.805660
-91.368622 39.801510
-91.365173 39.796520
-91.363007 39.792530
-91.361687 39.788010
-91.361557 39.783020
-91.362457 39.778809
-91.364326 39.774372
-91.364983 39.770679
-91.365349 39.767551
-91.365242 39.763470
-91.365173 39.760300
-91.365387 39.758980
-91.365799 39.756630
-91.367378 39.753460
-91.369080 39.749809
-91.370163 39.745262
-91.369629 39.741249
-91.369087 39.737160
-91.367508 39.732792
-91.366241 39.728519
-91.361847 39.724979
-91.356323 39.719170
-91.350319 39.714779
-91.345009 39.710190
-91.339256 39.706730
-91.335533 39.704212
-91.328911 39.699619
-91.320419 39.694759
-91.312447 39.689941
-91.308868 39.687241
-91.307663 39.686329
-91.305183 39.683189
-91.301857 39.680321
-91.297493 39.677971
-91.291847 39.675671
-91.284576 39.671700
-91.275192 39.666462
-91.271187 39.662369
-91.267273 39.658089
-91.263206 39.653412
-91.259537 39.650291
-91.255257 39.646271
-91.252296 39.642662
-91.249107 39.638649
-91.245857 39.634892
-91.242363 39.631031
-91.237053 39.626640
-91.231743 39.622959
-91.226250 39.620071
-91.219902 39.616379
-91.214577 39.614170
-91.209663 39.612442
-91.204239 39.610699
-91.197960 39.608559
-91.191437 39.605770
-91.187302 39.603462
-91.183250 39.601242
-91.181473 39.600109
-91.180092 39.599239
-91.177887 39.596111
-91.175568 39.592449
-91.173859 39.587990
-91.173149 39.583462
-91.172470 39.579849
-91.172287 39.575191
-91.171707 39.573059
-91.170593 39.570641
-91.168320 39.564270
-91.163589 39.557289
-91.158981 39.552841
-91.153099 39.548241
-91.146622 39.545731
-91.136452 39.544491
-91.135872 39.544449
-91.120911 39.543350
-91.112633 39.543259
-91.105522 39.540470
-91.099617 39.536770
-91.094421 39.532349
-91.092552 39.528751
-91.086891 39.517132
-91.081093 39.508911
-91.075272 39.502220
-91.070587 39.497002
-91.066711 39.492352
-91.064789 39.488770
-91.063690 39.484230
-91.063187 39.479240
-91.062172 39.475639
-91.060303 39.471581
-91.057838 39.467979
-91.054779 39.464390
-91.048683 39.459572
-91.042252 39.453609
-91.034752 39.447411
-91.022873 39.439781
-91.014061 39.433781
-91.007683 39.431320
-91.002266 39.427750
-90.996147 39.424759
-90.991646 39.423080
-90.986557 39.421700
-90.982376 39.420849
-90.979370 39.419521
-90.975082 39.417900
-90.969757 39.416019
-90.965630 39.414150
-90.961960 39.412930
-90.954971 39.410851
-90.949638 39.409870
-90.945183 39.407681
-90.941986 39.405701
-90.940247 39.402962
-90.939102 39.400490
-90.938553 39.399311
-90.936241 39.396111
-90.933586 39.393761
-90.929947 39.390629
-90.924522 39.386612
-90.915138 39.380878
-90.908669 39.377171
-90.902626 39.374771
-90.895027 39.370171
-90.889008 39.366161
-90.883400 39.362789
-90.876343 39.359070
-90.871620 39.357201
-90.866806 39.355911
-90.866302 39.355770
-90.862007 39.354671
-90.857437 39.352482
-90.854599 39.350510
-90.848663 39.346470
-90.844551 39.343529
-90.840973 39.341251
-90.840500 39.340870
-90.835503 39.336819
-90.830673 39.333252
-90.826447 39.329670
-90.820412 39.324749
-90.814743 39.321079
-90.810799 39.319401
-90.807198 39.317631
-90.803566 39.315491
-90.797119 39.311779
-90.795769 39.310501
-90.792137 39.307362
-90.786079 39.300739
-90.777931 39.293381
-90.772179 39.287621
-90.769371 39.284512
-90.767319 39.282230
-90.761101 39.275921
-90.755226 39.270569
-90.751747 39.268570
-90.749817 39.267452
-90.745903 39.265282
-90.739449 39.262020
-90.735352 39.259239
-90.732430 39.257381
-90.730141 39.253719
-90.726700 39.248692
-90.725029 39.244129
-90.724518 39.240501
-90.722527 39.234631
-90.721527 39.229599
-90.721176 39.228230
-90.720596 39.226040
-90.719933 39.221512
-90.718086 39.217449
-90.716827 39.213379
-90.715790 39.209091
-90.716507 39.204109
-90.716591 39.199329
-90.716507 39.194340
-90.715263 39.190281
-90.712807 39.185772
-90.710953 39.181709
-90.709526 39.177059
-90.708420 39.172211
-90.709137 39.165932
-90.708687 39.160030
-90.708252 39.153679
-90.706596 39.148209
-90.704971 39.142292
-90.703110 39.138271
-90.698860 39.132420
-90.695236 39.128101
-90.691780 39.123970
-90.688347 39.118931
-90.685509 39.113899
-90.682472 39.109459
-90.681557 39.105690
-90.681183 39.103119
-90.681107 39.098591
-90.683029 39.094379
-90.685120 39.089939
-90.688026 39.086281
-90.691521 39.082619
-90.694656 39.079582
-90.698532 39.076660
-90.700279 39.074379
-90.701996 39.071190
-90.704887 39.067081
-90.708359 39.061611
-90.710617 39.057602
-90.712463 39.054909
-90.713142 39.051289
-90.711441 39.048092
-90.708076 39.044842
-90.705673 39.042122
-90.703247 39.038990
-90.701416 39.035839
-90.697136 39.027721
-90.694878 39.023369
-90.694397 39.018829
-90.694489 39.015209
-90.693970 39.012032
-90.691490 39.008289
-90.687630 39.005131
-90.684288 39.002460
-90.682472 39.000210
-90.678947 38.996849
-90.675812 38.990761
-90.674553 38.985779
-90.674629 38.980469
-90.674789 38.974121
-90.675423 38.966740
-90.674492 38.962330
-90.674576 38.958702
-90.670593 38.952751
-90.667778 38.946819
-90.665543 38.941441
-90.663696 38.936932
-90.662231 38.932232
-90.661148 38.928131
-90.658157 38.923840
-90.656006 38.920799
-90.652763 38.918449
-90.650803 38.916191
-90.646767 38.913521
-90.643173 38.910831
-90.639267 38.908222
-90.637177 38.905899
-90.634560 38.903709
-90.632881 38.900059
-90.631180 38.897312
-90.626923 38.892399
-90.622520 38.889019
-90.615593 38.885700
-90.608513 38.882011
-90.598312 38.876789
-90.590393 38.874020
-90.584648 38.872379
-90.578117 38.870171
-90.572792 38.869221
-90.566269 38.870022
-90.559219 38.871239
-90.553177 38.872990
-90.546577 38.876511
-90.542191 38.879089
-90.537506 38.882751
-90.532112 38.887169
-90.527260 38.891621
-90.521156 38.896481
-90.516479 38.900600
-90.510376 38.903141
-90.506180 38.905331
-90.503571 38.907959
-90.497726 38.913441
-90.494583 38.918301
-90.488487 38.924999
-90.483780 38.931690
-90.482071 38.936230
-90.481529 38.939869
-90.480408 38.944401
-90.478943 38.949322
-90.476952 38.952129
-90.476639 38.952572
-90.473396 38.956940
-90.469727 38.961411
-90.465279 38.964020
-90.459976 38.966320
-90.454758 38.967510
-90.449333 38.968460
-90.447617 38.968761
-90.444771 38.968472
-90.442307 38.968220
-90.436928 38.967861
-90.432182 38.966991
-90.426376 38.966141
-90.418106 38.965549
-90.407303 38.964901
-90.399231 38.963409
-90.391586 38.961472
-90.382767 38.959511
-90.374641 38.956070
-90.365227 38.952400
-90.357391 38.948040
-90.344803 38.942532
-90.336571 38.938210
-90.329659 38.934559
-90.323479 38.931499
-90.315033 38.929310
-90.307907 38.927200
-90.300941 38.926201
-90.294998 38.926239
-90.290268 38.926270
-90.289703 38.926250
-90.282608 38.925869
-90.277283 38.925468
-90.276688 38.925430
-90.269012 38.924870
-90.260696 38.923740
-90.255356 38.922409
-90.248817 38.919731
-90.243782 38.918060
-90.237953 38.915241
-90.225662 38.909901
-90.218521 38.905411
-90.211372 38.900459
-90.205406 38.896511
-90.200211 38.892780
-90.195587 38.889069
-90.188766 38.886089
-90.183922 38.884319
-90.179253 38.882420
-90.173347 38.880280
-90.168152 38.878132
-90.162331 38.875301
-90.155540 38.872219
-90.143707 38.865879
-90.133583 38.860550
-90.123367 38.855511
-90.118149 38.853371
-90.114059 38.850800
-90.111816 38.847130
-90.109596 38.842560
-90.108566 38.838001
-90.109123 38.833469
-90.110069 38.828510
-90.112061 38.821751
-90.114632 38.815449
-90.115967 38.810490
-90.118477 38.806000
-90.118858 38.805420
-90.121407 38.801800
-90.121849 38.801170
-90.126526 38.797131
-90.137077 38.789371
-90.145721 38.785671
-90.152367 38.782040
-90.157120 38.779991
-90.160736 38.777340
-90.164108 38.774719
-90.166710 38.772362
-90.166924 38.772160
-90.167610 38.771519
-90.167999 38.771099
-90.170540 38.768341
-90.171013 38.767834
-90.174149 38.764446
-90.174812 38.763184
-90.176033 38.760849
-90.177917 38.757263
-90.179787 38.754120
-90.183441 38.750565
-90.186867 38.747860
-90.186943 38.747810
-90.189812 38.746025
-90.192230 38.744404
-90.193909 38.743282
-90.195564 38.742252
-90.196846 38.741455
-90.200935 38.738651
-90.203018 38.736820
-90.203972 38.735985
-90.206413 38.733311
-90.206467 38.733238
-90.209511 38.728836
-90.210091 38.727592
-90.212044 38.723442
-90.212814 38.717564
-90.212547 38.712856
-90.212509 38.712151
-90.212440 38.711601
-90.211945 38.707573
-90.210297 38.704643
-90.208595 38.701618
-90.207497 38.700191
-90.205757 38.697941
-90.202339 38.694252
-90.198730 38.691132
-90.193962 38.686630
-90.191368 38.683155
-90.190338 38.681782
-90.186188 38.674885
-90.183777 38.669132
-90.183128 38.667591
-90.181351 38.661770
-90.181129 38.660442
-90.181053 38.659988
-90.180023 38.653934
-90.178261 38.645924
-90.178772 38.637760
-90.178947 38.632153
-90.179688 38.628983
-90.180313 38.626286
-90.182167 38.621880
-90.182350 38.621403
-90.184456 38.615971
-90.187172 38.611732
-90.187950 38.610516
-90.192261 38.602478
-90.198402 38.595047
-90.202362 38.591671
-90.204826 38.589569
-90.217667 38.581192
-90.225296 38.576309
-90.229721 38.572350
-90.233459 38.568100
-90.234955 38.566544
-90.236816 38.564606
-90.240036 38.560825
-90.242767 38.557621
-90.247414 38.551250
-90.249519 38.548290
-90.250519 38.546886
-90.251274 38.545574
-90.253616 38.541500
-90.259491 38.532982
-90.259712 38.532513
-90.262459 38.526680
-90.264816 38.521759
-90.265190 38.520729
-90.266747 38.516350
-90.270477 38.506691
-90.273926 38.499420
-90.275627 38.493519
-90.277336 38.488522
-90.279030 38.481262
-90.280128 38.473999
-90.281227 38.467640
-90.283302 38.455452
-90.286507 38.446442
-90.289658 38.439701
-90.294373 38.432209
-90.298409 38.425381
-90.304810 38.419449
-90.309761 38.416031
-90.314720 38.413040
-90.319366 38.408932
-90.326637 38.401371
-90.333908 38.396141
-90.339142 38.391571
-90.343506 38.387161
-90.346680 38.382912
-90.350731 38.377441
-90.353600 38.371979
-90.356476 38.366982
-90.356583 38.362000
-90.357903 38.357029
-90.359818 38.351631
-90.361710 38.347130
-90.364792 38.342190
-90.367279 38.337250
-90.369781 38.331852
-90.371269 38.327442
-90.372383 38.322449
-90.372330 38.317921
-90.372841 38.311569
-90.372856 38.306969
-90.372719 38.301140
-90.373146 38.287991
-90.373032 38.278019
-90.370003 38.268982
-90.368156 38.262199
-90.366310 38.254959
-90.364479 38.248619
-90.362411 38.242420
-90.360268 38.235580
-90.356430 38.226440
-90.352417 38.219700
-90.349762 38.214081
-90.345253 38.207962
-90.341301 38.203060
-90.337318 38.198910
-90.333397 38.194901
-90.329247 38.190399
-90.322151 38.184551
-90.318481 38.182251
-90.313316 38.180531
-90.309196 38.178749
-90.302826 38.176991
-90.297028 38.175072
-90.290413 38.172520
-90.283928 38.168941
-90.279167 38.165230
-90.274483 38.160389
-90.270912 38.155880
-90.267342 38.150051
-90.263420 38.144089
-90.256042 38.133301
-90.250412 38.125462
-90.249321 38.123940
-90.248863 38.123432
-90.239777 38.113281
-90.230598 38.104900
-90.223801 38.100292
-90.214607 38.094681
-90.205650 38.089100
-90.204826 38.088631
-90.192368 38.081562
-90.182396 38.077301
-90.174889 38.074440
-90.165642 38.071079
-90.158676 38.069141
-90.145462 38.066860
-90.138351 38.065121
-90.131996 38.062729
-90.126701 38.060612
-90.122566 38.056099
-90.120071 38.051620
-90.118477 38.046600
-90.116859 38.042492
-90.113647 38.037102
-90.108917 38.030781
-90.101868 38.025829
-90.091293 38.020229
-90.079590 38.015511
-90.070221 38.013290
-90.059479 38.010071
-90.052658 38.007931
-90.047379 38.004330
-90.043419 38.001141
-90.038559 37.996662
-90.035622 37.994411
-90.030327 37.990452
-90.026367 37.986740
-90.023270 37.982231
-90.018570 37.977711
-90.010933 37.971401
-90.005127 37.968071
-89.999107 37.963959
-89.995018 37.961929
-89.982674 37.960659
-89.954399 37.966019
-89.940033 37.970310
-89.934868 37.958790
-89.924667 37.959442
-89.924690 37.953400
-89.933296 37.945980
-89.946510 37.939571
-89.960106 37.940022
-89.962402 37.933159
-89.974709 37.926842
-89.973579 37.917019
-89.961639 37.899780
-89.959953 37.896969
-89.954956 37.890030
-89.949371 37.882240
-89.943230 37.877392
-89.937202 37.874161
-89.928139 37.872269
-89.917709 37.870239
-89.909950 37.869801
-89.900047 37.871189
-89.894234 37.873020
-89.886566 37.876831
-89.881180 37.880791
-89.876350 37.885220
-89.871529 37.889652
-89.866707 37.894089
-89.861107 37.897141
-89.857162 37.899769
-89.852386 37.902840
-89.849358 37.903999
-89.845909 37.904522
-89.845398 37.904510
-89.841827 37.904430
-89.837242 37.902061
-89.833130 37.899490
-89.820847 37.892269
-89.813248 37.888210
-89.812500 37.887642
-89.802002 37.882172
-89.798309 37.880890
-89.797867 37.877171
-89.797737 37.873409
-89.797997 37.872971
-89.800186 37.868931
-89.796059 37.858879
-89.786453 37.851269
-89.781830 37.854992
-89.764931 37.851799
-89.756020 37.846642
-89.739723 37.846661
-89.723198 37.829952
-89.710220 37.820660
-89.673813 37.802700
-89.671333 37.800110
-89.666656 37.794670
-89.662567 37.789242
-89.660851 37.785179
-89.661026 37.780651
-89.661781 37.776131
-89.664307 37.770752
-89.667427 37.765381
-89.669502 37.761131
-89.670662 37.757500
-89.668907 37.753880
-89.666229 37.751289
-89.661659 37.748920
-89.657127 37.746861
-89.656639 37.746769
-89.652458 37.745991
-89.647926 37.745750
-89.639687 37.744469
-89.632210 37.743500
-89.625237 37.742172
-89.619507 37.739769
-89.615326 37.737629
-89.611542 37.735050
-89.608772 37.731350
-89.605423 37.727200
-89.603668 37.723129
-89.602501 37.720860
-89.599007 37.718140
-89.595352 37.715710
-89.594887 37.715492
-89.590279 37.713230
-89.582123 37.710449
-89.572243 37.708641
-89.562340 37.706379
-89.549896 37.704090
-89.540237 37.701859
-89.531998 37.699718
-89.531532 37.699532
-89.524529 37.696419
-89.520073 37.693390
-89.515221 37.689171
-89.513382 37.685970
-89.512886 37.682369
-89.512886 37.678749
-89.514053 37.676029
-89.514633 37.672859
-89.515213 37.669231
-89.515976 37.664719
-89.515602 37.659721
-89.515747 37.656101
-89.515404 37.650188
-89.515549 37.646572
-89.516243 37.643860
-89.516327 37.641602
-89.515862 37.638870
-89.513649 37.636089
-89.511719 37.634331
-89.509979 37.632511
-89.508820 37.630699
-89.505318 37.626362
-89.499519 37.620731
-89.491257 37.614681
-89.485130 37.608181
-89.480713 37.602631
-89.477989 37.598019
-89.476288 37.593529
-89.476288 37.589451
-89.476463 37.588982
-89.479027 37.584202
-89.484093 37.581741
-89.487801 37.579941
-89.493141 37.579792
-89.499817 37.581291
-89.500183 37.581299
-89.506790 37.583271
-89.511726 37.584259
-89.515297 37.584431
-89.518021 37.583519
-89.520416 37.581539
-89.521210 37.576782
-89.520874 37.572781
-89.520996 37.572220
-89.521538 37.565979
-89.521568 37.565430
-89.522011 37.558289
-89.519836 37.553181
-89.517952 37.543682
-89.513153 37.533131
-89.507637 37.524632
-89.504417 37.519310
-89.500069 37.511951
-89.497429 37.505531
-89.494881 37.499241
-89.492561 37.493351
-89.487762 37.486240
-89.482437 37.480919
-89.478363 37.474670
-89.474579 37.469330
-89.468781 37.464790
-89.462990 37.459351
-89.453712 37.453449
-89.448502 37.448921
-89.444206 37.444340
-89.440971 37.439400
-89.435547 37.429611
-89.432976 37.421379
-89.429337 37.411312
-89.426842 37.401722
-89.424210 37.394051
-89.423637 37.389519
-89.423058 37.383179
-89.423782 37.377609
-89.424812 37.371841
-89.425972 37.365501
-89.427719 37.360062
-89.430618 37.351452
-89.433136 37.347450
-89.437897 37.344398
-89.442619 37.342251
-89.450890 37.340580
-89.460106 37.339520
-89.469406 37.338390
-89.476387 37.337650
-89.480499 37.335972
-89.481529 37.335972
-89.484627 37.334679
-89.488518 37.331970
-89.493576 37.328102
-89.497200 37.324718
-89.500671 37.321999
-89.504143 37.318371
-89.509811 37.313080
-89.511154 37.308578
-89.512817 37.303410
-89.514557 37.297070
-89.516472 37.291481
-89.518600 37.285728
-89.518600 37.281200
-89.518021 37.276661
-89.515709 37.272129
-89.512230 37.267330
-89.509483 37.263641
-89.503937 37.257610
-89.498932 37.253551
-89.494888 37.252190
-89.489113 37.251282
-89.483963 37.251209
-89.479286 37.251999
-89.473503 37.252190
-89.471756 37.252281
-89.465401 37.252640
-89.464737 37.252289
-89.461937 37.250820
-89.460358 37.248360
-89.459633 37.244019
-89.460197 37.239491
-89.462029 37.235699
-89.463928 37.231659
-89.465797 37.228081
-89.467728 37.223629
-89.468307 37.220451
-89.468307 37.216820
-89.466003 37.210022
-89.462532 37.200951
-89.459648 37.193249
-89.457916 37.186901
-89.453842 37.181061
-89.450623 37.175079
-89.445221 37.168762
-89.440613 37.162411
-89.436409 37.155220
-89.433769 37.149261
-89.429443 37.142349
-89.425598 37.137260
-89.421211 37.131699
-89.415817 37.127491
-89.411697 37.124199
-89.406593 37.121132
-89.402657 37.119431
-89.399849 37.117550
-89.396523 37.114292
-89.393326 37.111149
-89.389290 37.107059
-89.386566 37.103600
-89.382156 37.098499
-89.378563 37.094162
-89.377197 37.091190
-89.376053 37.087559
-89.375862 37.083359
-89.376060 37.078941
-89.376587 37.075260
-89.377510 37.071609
-89.380623 37.066250
-89.383591 37.060822
-89.385323 37.054920
-89.386490 37.050072
-89.384773 37.045399
-89.380493 37.041752
-89.376701 37.039501
-89.370369 37.035419
-89.363602 37.031792
-89.353996 37.027000
-89.344322 37.024029
-89.338120 37.020870
-89.330742 37.017780
-89.321686 37.013912
-89.314926 37.010101
-89.310463 37.006809
-89.306458 37.003590
-89.302437 36.999500
-89.298233 36.996052
-89.294968 36.993149
-89.290939 36.989510
-89.288063 36.988602
-89.284607 36.988140
-89.279564 36.987839
-89.275391 36.989029
-89.271896 36.991722
-89.267296 36.995819
-89.262306 37.000080
-89.259789 37.003052
-89.258598 37.005878
-89.257462 37.009850
-89.257668 37.014019
-89.258606 37.019039
-89.260750 37.022720
-89.264900 37.026642
-89.269081 37.030201
-89.273018 37.032581
-89.275841 37.034012
-89.279861 37.034832
-89.286186 37.037560
-89.290016 37.039379
-89.296257 37.041809
-89.300758 37.044659
-89.304123 37.047009
-89.307663 37.050529
-89.309616 37.053509
-89.309959 37.058960
-89.309189 37.062531
-89.306297 37.064339
-89.250366 37.063339
-89.246918 37.059700
-89.242813 37.050819
-89.238327 37.040642
-89.232529 37.035122
-89.226257 37.031551
-89.219353 37.028351
-89.215576 37.026951
-89.210724 37.024250
-89.208252 37.023121
-89.203903 37.019642
-89.202019 37.017509
-89.201729 37.016972
-89.199821 37.013351
-89.198860 37.010670
-89.198799 37.010151
-89.197548 37.004730
-89.196426 36.997471
-89.196457 36.989681
-89.195320 36.982960
-89.192970 36.977341
-89.188522 36.973591
-89.183998 36.971649
-89.179771 36.971119
-89.171913 36.971310
-89.164833 36.972912
-89.159637 36.975060
-89.152718 36.977859
-89.142067 36.981380
-89.133888 36.983871
-89.126236 36.983730
-89.117447 36.980820
-89.109123 36.975620
-89.102699 36.964951
-89.101608 36.963139
-89.100586 36.954102
-89.101501 36.948029
-89.101669 36.944500
-89.101860 36.944019
-89.106087 36.935909
-89.109230 36.930099
-89.112640 36.923191
-89.116402 36.916821
-89.120743 36.905022
-89.123421 36.896469
-89.124336 36.889240
-89.126556 36.871651
-89.128807 36.865299
-89.131119 36.858799
-89.138939 36.851711
-89.139442 36.851379
-89.146683 36.847450
-89.154503 36.845161
-89.161453 36.844681
-89.166649 36.844311
-89.171829 36.843960
-89.178482 36.838760
-89.179779 36.833160
-89.180038 36.811951
-89.171913 36.798580
-89.166840 36.795090
-89.161186 36.791199
-89.140877 36.788910
-89.135757 36.788342
-89.130081 36.786869
-89.126747 36.784061
-89.125908 36.783051
-89.124237 36.780651
-89.120773 36.775631
-89.119629 36.763691
-89.121033 36.758030
-89.127136 36.752750
-89.135147 36.752048
-89.140770 36.753601
-89.147606 36.755482
-89.157227 36.758129
-89.158066 36.758209
-89.164108 36.758339
-89.174446 36.758610
-89.180298 36.756500
-89.191353 36.749439
-89.193573 36.746181
-89.196846 36.741402
-89.199921 36.736919
-89.200813 36.730732
-89.201637 36.725071
-89.199867 36.716660
-89.194473 36.708801
-89.186508 36.700981
-89.175812 36.690460
-89.171967 36.682419
-89.171417 36.677269
-89.170906 36.672459
-89.166046 36.667160
-89.166039 36.663551
-89.168083 36.661560
-89.173027 36.656742
-89.178162 36.651741
-89.179039 36.650890
-89.182907 36.647301
-89.189049 36.641602
-89.197121 36.634102
-89.198250 36.633049
-89.200172 36.628139
-89.203949 36.618492
-89.204361 36.617439
-89.204971 36.611530
-89.205963 36.602070
-89.207283 36.589302
-89.207466 36.587391
-89.211807 36.582020
-89.216118 36.576679
-89.226753 36.569160
-89.228859 36.567669
-89.235756 36.566410
-89.243782 36.564949
-89.249878 36.563831
-89.258507 36.564472
-89.265396 36.567490
-89.274933 36.571671
-89.293633 36.590141
-89.301682 36.600231
-89.308517 36.608799
-89.313583 36.615139
-89.319313 36.622330
-89.324753 36.626820
-89.330467 36.629890
-89.332718 36.630852
-89.337822 36.632351
-89.345253 36.632999
-89.356186 36.632381
-89.361847 36.629890
-89.368942 36.626770
-89.376961 36.618580
-89.377663 36.617870
-89.380463 36.607670
-89.381317 36.604561
-89.383797 36.595501
-89.386833 36.584442
-89.391777 36.573822
-89.396507 36.563641
-89.400269 36.555561
-89.403343 36.548950
-89.407539 36.535801
-89.413612 36.516800
-89.414200 36.514961
-89.419601 36.498039
-89.423798 36.490490
-89.429680 36.484390
-89.436417 36.477390
-89.444023 36.469501
-89.464638 36.457100
-89.469429 36.456749
-89.474907 36.456352
-89.480782 36.458599
-89.484810 36.460152
-89.486259 36.461609
-89.494423 36.469849
-89.494293 36.473492
-89.494133 36.477562
-89.493912 36.483479
-89.491570 36.489300
-89.487297 36.499889
-89.477982 36.517780
-89.473747 36.525902
-89.471176 36.530842
-89.470566 36.534550
-89.469482 36.541100
-89.475571 36.559750
-89.481209 36.566910
-89.485847 36.572811
-89.491913 36.576000
-89.498901 36.578030
-89.506897 36.578770
-89.516052 36.579609
-89.521767 36.580132
-89.528618 36.580750
-89.535210 36.581360
-89.541138 36.580330
-89.548233 36.578850
-89.548698 36.578621
-89.562798 36.571800
-89.570892 36.562450
-89.573227 36.553879
-89.573677 36.552219
-89.572952 36.546211
-89.570282 36.540260
-89.567436 36.533939
-89.562439 36.522789
-89.552841 36.512379
-89.545578 36.504490
-89.541748 36.500340
-89.535713 36.494629
-89.529266 36.488552
-89.524872 36.484390
-89.520943 36.476440
-89.520447 36.475441
-89.520378 36.470901
-89.522331 36.466980
-89.524963 36.461700
-89.529846 36.456100
-89.539627 36.450581
-89.540581 36.450050
-89.548927 36.445332
-89.549271 36.444809
-89.551483 36.441399
-89.550758 36.438240
-89.546547 36.427479
-89.546196 36.426579
-89.537170 36.415421
-89.530411 36.407070
-89.524651 36.397411
-89.519241 36.388340
-89.516296 36.374359
-89.517929 36.360241
-89.526413 36.345921
-89.536209 36.339851
-89.551872 36.338379
-89.560997 36.340019
-89.567238 36.341129
-89.580017 36.343422
-89.588806 36.343849
-89.604202 36.344612
-89.614197 36.341030
-89.617599 36.338120
-89.619888 36.328609
-89.616661 36.318630
-89.601562 36.303749
-89.574089 36.291660
-89.558189 36.284660
-89.553627 36.282650
-89.545563 36.279091
-89.541206 36.275002
-89.540947 36.266289
-89.541153 36.265690
-89.543587 36.258270
-89.550583 36.252171
-89.560478 36.250820
-89.567810 36.249809
-89.576103 36.248680
-89.585640 36.245220
-89.595558 36.243332
-89.608269 36.240910
-89.629417 36.241631
-89.639412 36.244011
-89.641808 36.244579
-89.665497 36.250229
-89.673317 36.252090
-89.674843 36.251999
-89.688843 36.251339
-89.694588 36.250111
-89.699303 36.246140
-89.702347 36.238480
-89.699448 36.232681
-89.698547 36.230881
-89.692337 36.226410
-89.684761 36.220959
-89.670746 36.210861
-89.657997 36.203140
-89.652649 36.199890
-89.647217 36.196602
-89.642899 36.191849
-89.638649 36.187172
-89.636627 36.184490
-89.634117 36.181789
-89.628548 36.175838
-89.622177 36.172211
-89.609253 36.164829
-89.599823 36.159462
-89.589561 36.147511
-89.588600 36.141842
-89.590736 36.136059
-89.592751 36.130619
-89.606987 36.118389
-89.614220 36.116039
-89.656357 36.102360
-89.661942 36.099922
-89.665779 36.096611
-89.668793 36.094028
-89.672882 36.090500
-89.679070 36.077148
-89.680603 36.054649
-89.681007 36.048759
-89.681396 36.043030
-89.683426 36.037971
-89.686096 36.034260
-89.689621 36.031300
-89.693542 36.028000
-89.699371 36.023109
-89.707420 36.016350
-89.716942 36.001522
-89.729523 36.001572
-89.843697 36.002129
-89.958687 35.999432
-90.000771 35.998440
-90.079338 35.998070
-90.106003 35.997982
-90.125900 35.997921
-90.257393 35.997471
-90.288567 35.997089
-90.331337 35.996571
-90.377327 35.995090
-90.375656 35.998280
-90.372681 36.003220
-90.367386 36.009480
-90.360970 36.015282
-90.356903 36.019310
-90.355103 36.023369
-90.353889 36.026981
-90.353172 36.029190
-90.351501 36.031940
-90.349182 36.034180
-90.346863 36.036411
-90.345680 36.038212
-90.344467 36.041370
-90.342148 36.043610
-90.339813 36.046299
-90.337471 36.048981
-90.337196 36.050671
-90.336510 36.054749
-90.336723 36.057140
-90.336067 36.060760
-90.334549 36.063789
-90.331398 36.066601
-90.326797 36.068802
-90.322769 36.070560
-90.320427 36.073250
-90.319359 36.077122
-90.320213 36.083679
-90.319046 36.088009
-90.317261 36.090691
-90.314919 36.092922
-90.312019 36.094681
-90.307983 36.096420
-90.305092 36.097530
-90.302773 36.099312
-90.301567 36.102020
-90.300346 36.105629
-90.297928 36.109402
-90.294403 36.112961
-90.290459 36.115009
-90.286926 36.115551
-90.281776 36.116360
-90.275497 36.116699
-90.270866 36.118881
-90.267967 36.121090
-90.263313 36.124180
-90.259453 36.125900
-90.252548 36.128979
-90.243866 36.134300
-90.238403 36.138229
-90.235443 36.141800
-90.233017 36.146290
-90.232666 36.150921
-90.233131 36.155460
-90.233772 36.159470
-90.232941 36.163620
-90.230537 36.168579
-90.227562 36.173981
-90.224030 36.178921
-90.221687 36.181149
-90.217117 36.181992
-90.211937 36.184181
-90.207893 36.186390
-90.204933 36.189770
-90.201439 36.194000
-90.198410 36.197811
-90.192680 36.202019
-90.191917 36.202579
-90.186737 36.206200
-90.179787 36.209702
-90.173439 36.212299
-90.168259 36.214012
-90.161957 36.214802
-90.156799 36.215599
-90.152168 36.217781
-90.148903 36.220871
-90.145958 36.224461
-90.141922 36.226212
-90.136177 36.227482
-90.132156 36.228779
-90.128380 36.230469
-90.126373 36.232319
-90.125732 36.235031
-90.126816 36.237320
-90.129036 36.239620
-90.130127 36.241451
-90.128937 36.243702
-90.127327 36.245880
-90.124847 36.247269
-90.122543 36.248589
-90.121353 36.250389
-90.120132 36.253540
-90.119476 36.256710
-90.118820 36.260330
-90.117058 36.262569
-90.113556 36.265240
-90.110153 36.265949
-90.106682 36.267239
-90.100906 36.268940
-90.096329 36.269501
-90.092857 36.271259
-90.089401 36.272560
-90.086540 36.272972
-90.084778 36.273609
-90.081306 36.276520
-90.080063 36.278500
-90.078323 36.281910
-90.077637 36.285980
-90.077469 36.287979
-90.076958 36.290512
-90.073868 36.293350
-90.071533 36.295120
-90.068016 36.297771
-90.066986 36.300789
-90.066643 36.305000
-90.067627 36.309559
-90.071800 36.313560
-90.075409 36.316521
-90.078537 36.318211
-90.080757 36.320511
-90.081467 36.323441
-90.079643 36.327042
-90.077667 36.329540
-90.075882 36.332680
-90.076393 36.335411
-90.077591 36.337429
-90.077507 36.340149
-90.075729 36.341930
-90.074516 36.344170
-90.075577 36.346462
-90.076668 36.348301
-90.076561 36.350830
-90.073647 36.353230
-90.070740 36.354980
-90.068382 36.357201
-90.067146 36.361568
-90.065773 36.367592
-90.065071 36.371201
-90.066063 36.376209
-90.066101 36.380150
-90.066010 36.383781
-90.066879 36.386211
-90.068497 36.388969
-90.070381 36.391560
-90.072037 36.393410
-90.075203 36.394089
-90.077133 36.395760
-90.078789 36.398052
-90.082153 36.400829
-90.086693 36.402260
-90.091248 36.402779
-90.099243 36.403370
-90.108383 36.403961
-90.112602 36.404819
-90.115158 36.407249
-90.117958 36.409561
-90.120216 36.410500
-90.123672 36.409649
-90.125381 36.410130
-90.127083 36.410610
-90.129326 36.412460
-90.130623 36.413799
-90.131721 36.415180
-90.134018 36.414780
-90.135567 36.414371
-90.136696 36.414841
-90.136642 36.417110
-90.136017 36.419369
-90.136650 36.422081
-90.138908 36.423038
-90.140640 36.422619
-90.144051 36.423141
-90.144547 36.425419
-90.143898 36.428131
-90.141533 36.430801
-90.139153 36.431210
-90.137962 36.433010
-90.137932 36.434361
-90.136757 36.435711
-90.135551 36.437962
-90.134918 36.440670
-90.135422 36.443401
-90.137070 36.446140
-90.137581 36.448421
-90.136932 36.451591
-90.138489 36.454781
-90.140671 36.458000
-90.141693 36.462109
-90.142746 36.464851
-90.143791 36.468052
-90.145378 36.472160
-90.148140 36.475391
-90.152893 36.477230
-90.156082 36.477810
-90.158867 36.480141
-90.159363 36.482872
-90.158142 36.485111
-90.157471 36.488281
-90.156807 36.490982
-90.155624 36.492779
-90.154427 36.494110
-90.153572 36.496300
-90.219612 36.496380
-90.415421 36.496662
-90.576866 36.496471
-90.684486 36.496510
-90.780403 36.496632
-90.951553 36.496861
-91.126991 36.497292
-91.166481 36.497391
-91.219719 36.497520
-91.410599 36.497601
-91.447807 36.497620
-91.490158 36.497639
-91.672493 36.498211
-91.758026 36.498482
-92.031059 36.496910
-92.122971 36.496830
-92.154686 36.496830
-92.244888 36.496662
-92.255997 36.496502
-92.262627 36.496571
-92.266876 36.496571
-92.294350 36.496552
-92.528450 36.496490
-92.562790 36.496502
-92.614311 36.496700
-92.619789 36.496769
-92.637779 36.496990
-92.640968 36.497021
-92.715950 36.496952
-92.733368 36.496941
-92.735397 36.496922
-92.739090 36.496899
-92.751678 36.496819
-92.774323 36.496952
-92.788887 36.496799
-92.795502 36.496792
-92.834099 36.496651
-92.847023 36.496620
-92.851837 36.496601
-92.853500 36.496590
-92.854126 36.496590
-92.871307 36.496529
-92.876732 36.496510
-92.889946 36.496620
-92.906548 36.496761
-92.915382 36.496830
-92.921806 36.496811
-92.932861 36.497181
-92.937141 36.497330
-92.954056 36.497200
-92.965187 36.497108
-92.970337 36.497070
-92.974091 36.497040
-92.981903 36.496971
-92.983246 36.496960
-92.990936 36.496960
-93.000420 36.496979
-93.010979 36.497009
-93.021317 36.497051
-93.022430 36.497059
-93.026749 36.497070
-93.076889 36.496952
-93.094856 36.496990
-93.285461 36.496799
-93.298332 36.497139
-93.301498 36.497139
-93.315231 36.497051
-93.365303 36.496849
-93.369026 36.496861
-93.584267 36.497540
-93.629486 36.497681
-93.771767 36.497890
-93.786339 36.497921
-93.869667 36.498169
-93.897720 36.498260
-93.907127 36.498280
-94.076012 36.499149
-94.165123 36.499599
-94.381569 36.499649
-94.435547 36.499660
-94.618156 36.498371
-94.618469 36.600410
-94.618683 36.669411
-94.618690 36.670269
-94.619621 36.766399
-94.618973 36.999962
-94.618713 37.058479
-94.617477 37.338390
-94.617386 37.364120
-94.617279 37.382381
-94.616417 37.636410
-94.616356 37.653862
-94.616226 37.673611
-94.614807 38.036461
-94.614723 38.059639
-94.614830 38.114021
-94.613449 38.389240
-94.612442 38.467300
-94.612343 38.475842
-94.610153 38.737579
-94.608383 38.834141
-94.608162 38.846279
-94.607529 39.039879
-94.607506 39.043690
-94.608246 39.114670
-94.608292 39.120369
-94.605080 39.124809
-94.602898 39.127449
-94.601257 39.129681
-94.597488 39.133640
-94.594231 39.138981
-94.593796 39.141209
-94.592743 39.145309
-94.593102 39.148930
-94.594162 39.151230
-94.595978 39.154770
-94.598442 39.157909
-94.602028 39.159641
-94.604446 39.159950
-94.606743 39.159950
-94.612686 39.159981
-94.618080 39.159241
-94.622772 39.157940
-94.627693 39.157269
-94.631607 39.155979
-94.639122 39.154449
-94.645638 39.154652
-94.650597 39.155659
-94.654213 39.157410
-94.658440 39.159580
-94.661263 39.162392
-94.662903 39.165169
-94.662781 39.167431
-94.661476 39.169659
-94.660713 39.172810
-94.661163 39.175541
-94.662819 39.177860
-94.669151 39.180721
-94.673958 39.182449
-94.677330 39.182392
-94.681580 39.182529
-94.689926 39.181870
-94.694183 39.180191
-94.699318 39.177021
-94.702789 39.174549
-94.708649 39.171410
-94.716072 39.170422
-94.725006 39.169792
-94.733543 39.170059
-94.740677 39.170841
-94.748642 39.172321
-94.755066 39.175110
-94.760223 39.178112
-94.765373 39.182178
-94.769913 39.186111
-94.773949 39.190639
-94.776482 39.195580
-94.779907 39.199570
-94.782120 39.202812
-94.785103 39.205391
-94.787216 39.207500
-94.791122 39.208000
-94.797089 39.208809
-94.802422 39.208252
-94.809540 39.208122
-94.816696 39.209351
-94.825012 39.212250
-94.830582 39.215889
-94.836487 39.220299
-94.837387 39.224380
-94.834160 39.231110
-94.830406 39.234631
-94.828339 39.240459
-94.828056 39.248581
-94.832329 39.255550
-94.836769 39.260651
-94.842308 39.266449
-94.850800 39.271729
-94.863991 39.276440
-94.875000 39.282200
-94.887657 39.290730
-94.896599 39.302330
-94.902641 39.312489
-94.906036 39.323719
-94.907036 39.330318
-94.907547 39.333672
-94.908348 39.339550
-94.908531 39.344990
-94.907333 39.349819
-94.905968 39.353409
-94.903999 39.356979
-94.902443 39.358711
-94.898430 39.361351
-94.893692 39.364319
-94.889832 39.366550
-94.886131 39.369160
-94.883827 39.372211
-94.882172 39.376759
-94.883186 39.380421
-94.886040 39.384861
-94.889320 39.388760
-94.893402 39.391529
-94.898193 39.392342
-94.901749 39.391819
-94.907692 39.390659
-94.913536 39.388420
-94.918007 39.386871
-94.924149 39.385040
-94.930687 39.384911
-94.934013 39.386620
-94.934937 39.387100
-94.938751 39.388821
-94.943443 39.391922
-94.945969 39.396400
-94.946671 39.399559
-94.946198 39.403191
-94.946190 39.407181
-94.949432 39.410839
-94.954163 39.414661
-94.958549 39.416100
-94.962959 39.417629
-94.968246 39.419140
-94.971237 39.421299
-94.974586 39.423401
-94.977386 39.427109
-94.980537 39.431992
-94.981880 39.436501
-94.983177 39.439651
-94.984947 39.443199
-94.987556 39.445450
-94.991280 39.447910
-94.998337 39.449932
-95.006561 39.452431
-95.024757 39.458382
-95.034607 39.461739
-95.039932 39.465149
-95.043327 39.468872
-95.046371 39.474201
-95.048363 39.480049
-95.049088 39.483669
-95.049286 39.489559
-95.051033 39.494942
-95.053223 39.499451
-95.056580 39.503712
-95.061852 39.507439
-95.069168 39.511822
-95.077057 39.515739
-95.086212 39.521450
-95.094833 39.527439
-95.101051 39.532810
-95.104576 39.535870
-95.110329 39.544979
-95.114876 39.555321
-95.115669 39.560741
-95.115288 39.566639
-95.113716 39.570141
-95.111717 39.574619
-95.107956 39.578590
-95.103653 39.581200
-95.100319 39.581921
-95.094963 39.582489
-95.090179 39.582130
-95.085167 39.580250
-95.081123 39.579140
-95.074516 39.578369
-95.069077 39.579811
-95.062088 39.581352
-95.057549 39.583569
-95.053909 39.586510
-95.050461 39.590199
-95.048218 39.594330
-95.046738 39.597340
-95.046059 39.600719
-95.047379 39.604321
-95.048622 39.607819
-95.050812 39.611969
-95.052391 39.616539
-95.055168 39.621849
-95.055046 39.623871
-95.054916 39.626141
-95.053116 39.631420
-95.049507 39.639149
-95.042366 39.648869
-95.036690 39.657139
-95.031029 39.663132
-95.023537 39.669731
-95.014290 39.675369
-95.005127 39.677731
-94.998611 39.679222
-94.992569 39.679302
-94.987877 39.680340
-94.982887 39.681751
-94.977837 39.683720
-94.973770 39.686970
-94.971733 39.689602
-94.969673 39.694981
-94.969406 39.700420
-94.969673 39.707001
-94.969978 39.716072
-94.969887 39.727200
-94.968987 39.733521
-94.967522 39.738930
-94.964890 39.742020
-94.961258 39.744640
-94.957840 39.745781
-94.951897 39.747261
-94.947670 39.745979
-94.942749 39.743671
-94.933647 39.738541
-94.922050 39.731510
-94.911217 39.727798
-94.902321 39.726181
-94.893143 39.725719
-94.887932 39.726681
-94.881287 39.729130
-94.875450 39.733322
-94.869637 39.738411
-94.866150 39.743290
-94.864113 39.748219
-94.863846 39.753201
-94.864296 39.758011
-94.865677 39.763889
-94.867302 39.767818
-94.871323 39.771481
-94.876617 39.773079
-94.881401 39.773220
-94.885696 39.771069
-94.889183 39.768429
-94.894989 39.764992
-94.900970 39.763210
-94.909500 39.762230
-94.918907 39.762871
-94.924873 39.766300
-94.928360 39.768211
-94.930511 39.769440
-94.933640 39.773460
-94.934929 39.776161
-94.935646 39.779770
-94.935173 39.783409
-94.933456 39.786049
-94.930359 39.788231
-94.927277 39.789959
-94.921257 39.790691
-94.917068 39.790569
-94.911469 39.790668
-94.905632 39.791611
-94.900162 39.792702
-94.894112 39.794449
-94.890663 39.795151
-94.888313 39.796562
-94.884293 39.799160
-94.881691 39.803169
-94.880287 39.807209
-94.878616 39.811249
-94.878662 39.815781
-94.879349 39.820789
-94.879539 39.822159
-94.880882 39.825272
-94.883392 39.828850
-94.886261 39.831429
-94.889717 39.834251
-94.892639 39.835690
-94.898613 39.836319
-94.907623 39.836552
-94.912933 39.837639
-94.917656 39.838680
-94.921188 39.840141
-94.926491 39.842110
-94.930672 39.845181
-94.935150 39.848709
-94.937363 39.852402
-94.939423 39.855892
-94.941177 39.860222
-94.939796 39.863811
-94.937843 39.866932
-94.935143 39.870941
-94.932121 39.873569
-94.930153 39.877140
-94.928810 39.879829
-94.928596 39.883900
-94.929688 39.886921
-94.933006 39.891739
-94.936447 39.895020
-94.944489 39.898880
-94.951157 39.900879
-94.958336 39.901539
-94.964302 39.902161
-94.970932 39.901440
-94.976311 39.900070
-94.982430 39.899490
-94.989037 39.899220
-94.994888 39.899700
-94.997406 39.899910
-95.003929 39.901459
-95.011139 39.901199
-95.018463 39.898682
-95.023453 39.893230
-95.026688 39.889839
-95.026802 39.886372
-95.027260 39.882271
-95.028297 39.877720
-95.029381 39.874519
-95.034027 39.870350
-95.041603 39.866661
-95.048286 39.864571
-95.059563 39.863480
-95.076332 39.863140
-95.086700 39.863811
-95.091469 39.864391
-95.097992 39.865410
-95.103889 39.867901
-95.108917 39.869270
-95.115120 39.871380
-95.119247 39.873131
-95.122780 39.874310
-95.127739 39.875679
-95.131630 39.877270
-95.136276 39.880569
-95.138817 39.883610
-95.140770 39.887650
-95.141518 39.891720
-95.141647 39.895340
-95.142349 39.898052
-95.143028 39.902981
-95.145630 39.905689
-95.151108 39.907841
-95.156487 39.907280
-95.161469 39.906189
-95.166557 39.903889
-95.171890 39.901482
-95.179573 39.899071
-95.186386 39.899139
-95.193420 39.900589
-95.198776 39.903549
-95.203209 39.905830
-95.206329 39.908932
-95.206223 39.911461
-95.204880 39.914600
-95.202911 39.918171
-95.200760 39.920391
-95.200279 39.923580
-95.199806 39.927219
-95.200577 39.929909
-95.201630 39.933109
-95.203789 39.937111
-95.206337 39.941139
-95.210007 39.942871
-95.216652 39.944092
-95.222031 39.943520
-95.229233 39.943359
-95.235939 39.943989
-95.240707 39.945381
-95.246803 39.947971
-95.252960 39.951920
-95.256409 39.955860
-95.260468 39.959919
-95.265511 39.966152
-95.271957 39.970329
-95.277802 39.973598
-95.285721 39.976601
-95.294373 39.979519
-95.300217 39.983299
-95.306007 39.987980
-95.309219 39.993771
-95.307999 39.999889
-95.309723 40.006950
-95.314690 40.012421
-95.335960 40.019192
-95.348816 40.029270
-95.363190 40.031399
-95.371483 40.029289
-95.381348 40.026592
-95.389656 40.026691
-95.395531 40.027721
-95.403000 40.030121
-95.411278 40.035679
-95.415489 40.041061
-95.418442 40.047440
-95.419800 40.052441
-95.421196 40.059132
-95.419357 40.063740
-95.417427 40.067039
-95.413498 40.069870
-95.410049 40.073109
-95.408119 40.076401
-95.407349 40.080151
-95.408310 40.083439
-95.409683 40.088181
-95.409760 40.091961
-95.408333 40.095539
-95.405716 40.098820
-95.403206 40.100662
-95.397690 40.104198
-95.393936 40.106770
-95.392357 40.110092
-95.391769 40.113579
-95.392151 40.117889
-95.393257 40.121582
-95.395592 40.124672
-95.398308 40.127129
-95.403603 40.129311
-95.408653 40.130039
-95.413200 40.129982
-95.420631 40.130871
-95.427696 40.135071
-95.432442 40.141560
-95.434029 40.157410
-95.442703 40.163860
-95.460419 40.169579
-95.478851 40.185730
-95.482048 40.192791
-95.482323 40.201252
-95.470703 40.217869
-95.469421 40.228210
-95.470886 40.234791
-95.476906 40.243031
-95.489807 40.249199
-95.522377 40.249470
-95.543556 40.258072
-95.552559 40.261719
-95.555092 40.263962
-95.556091 40.266850
-95.555946 40.270832
-95.550667 40.286091
-95.552879 40.291111
-95.561821 40.297329
-95.581657 40.299599
-95.598267 40.309910
-95.609833 40.314121
-95.617378 40.313721
-95.644928 40.305740
-95.651390 40.306759
-95.657021 40.310661
-95.657539 40.315659
-95.653389 40.322590
-95.629707 40.330891
-95.624947 40.334209
-95.622322 40.340771
-95.626778 40.352749
-95.640648 40.366192
-95.643539 40.386761
-95.658836 40.408699
-95.661209 40.415890
-95.656738 40.425030
-95.655487 40.428329
-95.655037 40.432739
-95.655457 40.436661
-95.657700 40.441559
-95.660141 40.445950
-95.664108 40.450531
-95.671188 40.457062
-95.678009 40.460552
-95.692787 40.469322
-95.695557 40.474331
-95.694893 40.482040
-95.693817 40.490520
-95.693817 40.495590
-95.695923 40.500229
-95.699013 40.505180
-95.661247 40.517319
-95.655281 40.523632
-95.651909 40.538059
-95.655472 40.546539
-95.661728 40.549870
-95.671410 40.562649
-95.686630 40.560661
-95.693848 40.556999
-95.696938 40.528492
-95.708336 40.521629
-95.709732 40.523769
-95.713913 40.527210
-95.722137 40.528130
-95.726921 40.526779
-95.737518 40.525372
-95.749077 40.525669
-95.760193 40.527962
-95.766579 40.531391
-95.769096 40.536469
-95.763336 40.548370
-95.763153 40.553661
-95.774406 40.573151
-95.773521 40.578209
-95.765068 40.585560
-95.572876 40.583309
-95.373466 40.581181
-95.304512 40.580452
-95.202736 40.579010
-95.038017 40.576672
-94.916946 40.574841
-94.767250 40.572590
-94.632843 40.571442
-94.496246 40.570282
-94.472656 40.570309
-94.233963 40.570641
-94.228508 40.570641
-94.018227 40.573479
-93.958923 40.574280
-93.778358 40.576912
-93.686607 40.578251
-93.556503 40.578911
-93.416687 40.579632
-93.382576 40.579830
-93.289597 40.580391
-93.145370 40.583069
-93.097733 40.583870
-92.874367 40.587650
-92.715057 40.590229
-92.639473 40.591450
-92.603737 40.591919
-92.355507 40.596870
-92.333107 40.597321
-92.179230 40.600681
-92.061119 40.603260
-91.943192 40.606499
-91.899963 40.607689
-91.790573 40.611771
-91.742828 40.613602
-91.728439 40.614029
-91.725807 40.609131
-91.718620 40.601830
-91.717857 40.601181
-91.709000 40.595871
-91.698158 40.590370
-91.694572 40.588150
-91.690407 40.585369
-91.687477 40.581249
-91.686340 40.578510
-91.686401 40.576241
-91.685890 40.572601
