-107.208855 49.001232
-107.208885 49.000046
-107.175781 49.000053
-107.124031 49.000065
-107.088486 49.000072
-107.088097 49.000072
-107.083626 49.000072
-107.083351 49.000072
-107.081261 49.000072
-107.078316 49.000069
-107.072655 49.000069
-107.059235 49.000057
-107.058601 49.000057
-107.031342 49.000065
-107.000000 49.000076
-106.958099 49.000065
-106.951904 49.000061
-106.940849 49.000057
-106.940628 49.000057
-106.939835 49.000057
-106.938507 49.000061
-106.925026 49.000069
-106.881508 49.000076
-106.866920 49.000080
-106.865654 49.000080
-106.863960 49.000080
-106.861984 49.000080
-106.854805 49.000076
-106.852112 49.000076
-106.830383 49.000072
-106.808571 49.000088
-106.783745 49.000038
-106.783607 49.000038
-106.778938 49.000034
-106.748833 49.000061
-106.728950 49.000076
-106.723152 49.000084
-106.721031 49.000084
-106.707886 49.000072
-106.690041 49.000057
-106.612556 49.000050
-106.544579 49.000046
-106.541779 49.000046
-106.541153 49.000046
-106.538506 49.000050
-106.513725 49.000069
-106.500000 49.000080
-106.443008 49.000080
-106.386665 49.000080
-106.366737 49.000080
-106.358124 49.000080
-106.286835 49.000042
-106.280548 49.000034
-106.272789 49.000031
-106.272148 49.000027
-106.270576 49.000027
-106.268250 49.000023
-106.257500 49.000027
-106.250038 49.000031
-106.233749 49.000019
-106.226112 49.000027
-106.221703 49.000034
-106.220406 49.000034
-106.217552 49.000038
-106.184494 49.000057
-106.153549 49.000076
-106.138466 49.000080
-106.133835 49.000080
-106.130928 49.000080
-106.119400 49.000080
-106.112335 49.000080
-106.108017 49.000080
-106.107994 49.000561
-106.107971 49.001041
-106.055122 49.000992
-106.005455 49.000946
-106.002266 49.000942
-105.612267 49.000710
-105.258446 49.000500
-105.257080 49.000504
-105.256546 49.000504
-105.211472 49.000572
-105.210686 49.000572
-105.209953 49.000572
-105.209869 49.000572
-105.187912 49.000507
-105.174965 49.000469
-105.166000 49.000446
-105.165199 49.000443
-105.112244 49.000294
-105.085655 49.000221
-105.085541 49.000221
-105.067802 49.000233
-105.066078 49.000233
-105.065353 49.000233
-105.063568 49.000233
-105.055443 49.000237
-105.051552 49.000240
-105.048332 49.000240
-105.046875 49.000240
-105.046219 49.000240
-105.046165 49.000240
-105.042374 49.000263
-105.036697 49.000294
-105.029663 49.000259
-105.026871 49.000248
-105.008080 49.000248
-105.007683 49.000248
-105.006836 49.000248
-105.005875 49.000248
-105.000511 49.000248
-105.000000 49.000248
-104.998756 49.000248
-104.952705 49.000229
-104.950867 49.000229
-104.950035 49.000229
-104.924423 49.000206
-104.896904 49.000179
-104.892990 49.000172
-104.861511 49.000187
-104.861191 49.000187
-104.860985 49.000187
-104.858597 49.000187
-104.850960 49.000145
-104.843239 49.000099
-104.831947 49.000080
-104.826500 49.000069
-104.815636 49.000065
-104.813477 49.000061
-104.811058 49.000061
-104.806519 49.000057
-104.805267 49.000053
-104.803551 49.000053
-104.788170 49.000080
-104.770752 49.000111
-104.765976 49.000118
-104.743759 49.000149
-104.743599 49.000149
-104.730904 49.000198
-104.718254 49.000244
-104.706772 49.000248
-104.680794 49.000259
-104.677895 49.000259
-104.654861 49.000267
-104.633972 49.000275
-104.613083 49.000282
-104.410088 49.000362
-104.049591 49.000500
-104.049591 49.000046
-104.047829 48.632759
-104.046753 48.409100
-104.046646 48.389210
-104.044853 48.006962
-104.044807 48.000519
-104.044701 47.997921
-104.044670 47.997280
-104.041351 47.911209
-104.041367 47.905190
-104.041611 47.807491
-104.041916 47.600361
-104.041939 47.586071
-104.042152 47.442410
-104.043083 47.399910
-104.043892 47.328281
-104.044647 47.328270
-104.045486 47.187229
-104.044838 46.640251
-104.044807 46.629570
-104.044601 46.541481
-104.044746 46.481251
-104.044777 46.467461
-104.045151 46.309952
-104.045219 46.280552
-104.044853 46.238312
-104.044716 46.224091
-104.044533 46.192120
-104.044533 46.126759
-104.044533 46.112091
-104.044533 46.097862
-104.044540 46.083179
-104.044540 46.068970
-104.044548 46.056110
-104.044388 46.046879
-104.044357 46.026730
-104.044289 45.943829
-104.044052 45.906349
-104.043907 45.879940
-104.043686 45.840500
-104.043533 45.809769
-104.043449 45.795101
-104.043327 45.773521
-104.042610 45.683460
-104.042557 45.671730
-104.042542 45.665619
-104.042519 45.657841
-104.042473 45.643650
-104.042397 45.624451
-104.042587 45.573639
-104.042503 45.557178
-104.041000 45.263939
-104.040550 45.214279
-104.040283 45.183208
-104.040283 45.177372
-104.040253 45.169041
-104.040207 45.156250
-104.039902 45.060181
-104.039711 44.998619
-104.057129 44.998661
-104.081032 44.998451
-104.100403 44.999020
-104.165596 44.998810
-104.179581 44.998760
-104.200256 44.998989
-104.223053 44.999241
-104.294632 44.999451
-104.398087 44.999172
-104.501747 44.998779
-104.577217 44.998661
-104.591698 44.998642
-104.598152 44.998699
-104.629532 44.998760
-104.650223 44.998810
-104.689651 44.998890
-104.700127 44.998909
-104.760780 44.999271
-104.793678 44.999470
-104.803596 44.999409
-104.814316 44.999340
-104.821472 44.999371
-104.855049 44.999489
-104.858269 44.999500
-104.875732 44.999439
-104.884720 44.999542
-104.896393 44.999641
-104.907967 44.999870
-105.039200 44.999821
-105.041527 44.999832
-105.087357 45.000080
-105.226768 45.000851
-105.238136 45.000912
-105.246773 45.000900
-105.267433 45.000870
-105.283379 45.000862
-105.287437 45.000862
-105.587631 45.001301
-105.676788 45.001579
-105.693977 45.001629
-105.697426 45.001678
-105.760086 45.001629
-105.897026 45.001671
-105.919640 45.001678
-105.922607 45.000710
-105.933060 44.997280
-106.000710 44.996651
-106.016792 44.996780
-106.036858 44.996941
-106.037430 44.996952
-106.041039 44.996979
-106.142082 44.997669
-106.264793 44.997471
-106.267769 44.997478
-106.682556 44.997589
-106.745186 44.997612
-106.805229 44.997551
-106.990517 44.997391
-107.000862 44.997200
-107.230507 45.000710
-107.296158 45.000820
-107.569046 45.001049
-107.645180 45.000820
-107.849083 45.000881
-107.895500 45.000790
-107.910393 45.000801
-107.964539 45.000820
-108.001160 45.000919
-108.061951 45.001072
-108.101952 45.001240
-108.104393 45.001251
-108.123932 45.001301
-108.225822 45.001160
-108.245071 45.001129
-108.249008 45.001499
-108.249603 45.001549
-108.260559 45.001740
-108.288948 45.001751
-108.355423 45.001431
-108.387749 45.001629
-108.407761 45.001572
-108.428413 45.001541
-108.474167 45.001362
-108.494820 45.001282
-108.498077 45.001301
-108.518082 45.001431
-108.538719 45.001560
-108.558716 45.001480
-108.579369 45.001442
-108.594177 45.001400
-108.615486 45.001240
-108.620659 45.001240
-108.641953 45.001202
-108.656776 45.001171
-108.689560 45.001301
-108.716156 45.001411
-108.741951 45.001511
-108.761948 45.001400
-108.839409 45.000931
-108.880653 45.000980
-108.901299 45.001011
-108.921303 45.001041
-108.941948 45.001072
-108.961952 45.001099
-108.962639 45.001091
-108.972748 45.001011
-108.985229 45.000912
-109.001350 45.000771
-109.047173 45.001129
-109.082657 45.001049
-109.089439 45.001289
-109.155579 45.003651
-109.172279 45.004112
-109.175568 45.004200
-109.186760 45.004040
-109.190987 45.004101
-109.196213 45.004070
-109.216858 45.003990
-109.218216 45.003990
-109.232941 45.004009
-109.258156 45.003979
-109.308540 45.003910
-109.326553 45.003880
-109.338127 45.003872
-109.409142 45.003769
-109.426308 45.003750
-109.469131 45.003689
-109.471680 45.003689
-109.489143 45.003712
-109.554268 45.003830
-109.694267 45.003380
-109.725899 45.003109
-109.796867 45.003040
-109.852356 45.002861
-109.998817 45.002571
-110.132462 45.002151
-110.133018 45.002079
-110.200607 44.994202
-110.371712 44.997219
-110.402061 44.992062
-110.430237 44.992130
-110.580620 44.992519
-110.707176 44.992851
-110.775597 45.001850
-110.782341 45.001820
-110.800407 45.001740
-111.041824 44.999981
-111.042030 44.999981
-111.053001 44.999889
-111.055138 44.666882
-111.048729 44.477230
-111.049873 44.477379
-111.062347 44.479469
-111.062927 44.479561
-111.069939 44.481529
-111.076950 44.483490
-111.087646 44.485352
-111.094902 44.486610
-111.103523 44.488762
-111.111946 44.490871
-111.116737 44.494011
-111.117317 44.494381
-111.121811 44.497108
-111.122543 44.497551
-111.125633 44.500340
-111.126221 44.501190
-111.129021 44.505260
-111.129547 44.506130
-111.132050 44.509830
-111.132622 44.510689
-111.134087 44.518650
-111.133881 44.522751
-111.133430 44.523842
-111.131157 44.529301
-111.131729 44.531300
-111.131920 44.531971
-111.133133 44.533859
-111.135139 44.534790
-111.137093 44.535229
-111.138870 44.535980
-111.140236 44.536060
-111.142906 44.536221
-111.143997 44.536381
-111.146896 44.536800
-111.149513 44.540001
-111.151482 44.542240
-111.152786 44.543720
-111.153091 44.544250
-111.158882 44.546959
-111.160217 44.547070
-111.164642 44.547459
-111.167831 44.548019
-111.171097 44.548599
-111.173103 44.550011
-111.175911 44.554379
-111.176872 44.557831
-111.177300 44.559341
-111.177681 44.560959
-111.178543 44.562752
-111.179428 44.564419
-111.180077 44.565639
-111.182060 44.568371
-111.187187 44.571720
-111.189407 44.572422
-111.199196 44.576389
-111.202766 44.576839
-111.206230 44.577042
-111.209816 44.577251
-111.216347 44.576370
-111.216873 44.576382
-111.219093 44.576332
-111.224693 44.577751
-111.225761 44.578209
-111.228523 44.580318
-111.230179 44.584980
-111.230621 44.586220
-111.231346 44.598141
-111.231827 44.599411
-111.233452 44.603760
-111.234833 44.606609
-111.235458 44.607929
-111.239960 44.610901
-111.240761 44.612572
-111.240089 44.614239
-111.238327 44.616161
-111.233322 44.617649
-111.232277 44.617970
-111.229843 44.618530
-111.228867 44.618752
-111.224403 44.619049
-111.221573 44.619232
-111.220657 44.619411
-111.218620 44.620541
-111.217506 44.622040
-111.220253 44.624260
-111.222237 44.625870
-111.227386 44.630039
-111.231949 44.634880
-111.234993 44.638111
-111.238091 44.641411
-111.241638 44.643360
-111.242683 44.643929
-111.246513 44.644939
-111.248299 44.645409
-111.250862 44.646091
-111.252296 44.649090
-111.254890 44.650902
-111.258667 44.650101
-111.261292 44.649490
-111.267006 44.647430
-111.273323 44.647881
-111.274010 44.648159
-111.276451 44.650570
-111.277176 44.651291
-111.277328 44.655739
-111.275948 44.657410
-111.274246 44.659912
-111.269806 44.664040
-111.267639 44.666409
-111.268021 44.667679
-111.268593 44.669529
-111.271027 44.672550
-111.271347 44.672951
-111.273613 44.674721
-111.275917 44.676529
-111.277328 44.677620
-111.279320 44.680611
-111.280357 44.682171
-111.281250 44.683361
-111.281960 44.684299
-111.283539 44.685402
-111.286247 44.687260
-111.291138 44.690620
-111.292038 44.691242
-111.293747 44.695450
-111.294960 44.698429
-111.296288 44.701691
-111.296722 44.701969
-111.303398 44.706280
-111.307106 44.708702
-111.308548 44.709629
-111.312126 44.711960
-111.314613 44.713200
-111.316406 44.714100
-111.317078 44.714500
-111.317833 44.714962
-111.321228 44.717941
-111.321518 44.719452
-111.322136 44.722672
-111.322197 44.723221
-111.324097 44.726540
-111.324417 44.727089
-111.326607 44.728680
-111.329399 44.730301
-111.331009 44.731041
-111.335480 44.732079
-111.336227 44.732002
-111.336937 44.731930
-111.342751 44.729931
-111.343880 44.729542
-111.348747 44.728279
-111.349617 44.728050
-111.354057 44.728790
-111.358231 44.729492
-111.359123 44.730652
-111.366837 44.740719
-111.367241 44.741241
-111.370346 44.745289
-111.373611 44.749180
-111.377533 44.753719
-111.382179 44.753792
-111.383942 44.753551
-111.388000 44.753010
-111.392761 44.750969
-111.394806 44.748581
-111.395477 44.746361
-111.396431 44.744690
-111.396736 44.744061
-111.397408 44.737560
-111.397743 44.734409
-111.397766 44.732239
-111.397911 44.730320
-111.398216 44.726242
-111.399872 44.723610
-111.402367 44.719540
-111.402939 44.719070
-111.406799 44.715900
-111.407799 44.715191
-111.411049 44.712879
-111.416847 44.712250
-111.417519 44.712170
-111.420776 44.713299
-111.421707 44.714062
-111.424492 44.716339
-111.424957 44.716820
-111.428589 44.719471
-111.430687 44.721012
-111.431122 44.721279
-111.432831 44.721809
-111.433800 44.722042
-111.434952 44.722301
-111.438316 44.721939
-111.439400 44.721642
-111.441986 44.720921
-111.447922 44.718842
-111.456757 44.715950
-111.459869 44.715122
-111.466347 44.713589
-111.467590 44.713249
-111.477226 44.710732
-111.478523 44.710072
-111.482857 44.707699
-111.486603 44.704102
-111.487648 44.703091
-111.487396 44.700062
-111.487076 44.698711
-111.485497 44.692162
-111.485092 44.691441
-111.483276 44.688190
-111.478546 44.684330
-111.475807 44.681210
-111.473999 44.678509
-111.473717 44.677700
-111.472786 44.675049
-111.472122 44.670929
-111.471733 44.667999
-111.473717 44.664661
-111.475647 44.662102
-111.478546 44.658260
-111.481667 44.654110
-111.485931 44.649391
-111.488457 44.647091
-111.490753 44.644169
-111.493561 44.642799
-111.496773 44.643299
-111.500671 44.643890
-111.505127 44.644581
-111.506638 44.644810
-111.510262 44.644871
-111.511848 44.644901
-111.514099 44.644619
-111.515587 44.642090
-111.514931 44.639702
-111.512062 44.637341
-111.509071 44.633862
-111.506447 44.631630
-111.505066 44.629471
-111.506828 44.626091
-111.510712 44.622219
-111.512306 44.621140
-111.518791 44.616779
-111.521172 44.614700
-111.523163 44.607738
-111.522972 44.604420
-111.522537 44.597111
-111.521362 44.591942
-111.520653 44.590450
-111.518387 44.585732
-111.515167 44.581532
-111.511810 44.578979
-111.508026 44.576118
-111.505302 44.574051
-111.505096 44.573421
-111.504997 44.572140
-111.504822 44.569920
-111.506416 44.567951
-111.508080 44.565922
-111.509216 44.564522
-111.508377 44.563011
-111.507576 44.562279
-111.501953 44.561241
-111.499420 44.561481
-111.496826 44.561729
-111.492981 44.561310
-111.491646 44.560940
-111.489891 44.560139
-111.485817 44.558300
-111.477928 44.554710
-111.475578 44.555019
-111.474083 44.555210
-111.471100 44.555542
-111.470200 44.555550
-111.468536 44.555561
-111.467812 44.555050
-111.467216 44.554630
-111.465927 44.552750
-111.465691 44.551521
-111.464958 44.547882
-111.464821 44.547112
-111.464272 44.545662
-111.463043 44.542480
-111.465439 44.540600
-111.468666 44.540169
-111.469559 44.540291
-111.475349 44.541119
-111.481697 44.542019
-111.484886 44.542549
-111.486290 44.542381
-111.488220 44.542641
-111.492073 44.542610
-111.494461 44.542110
-111.496536 44.541672
-111.500397 44.540852
-111.501007 44.540730
-111.504181 44.538879
-111.507576 44.536671
-111.511833 44.535629
-111.514359 44.536140
-111.517006 44.537270
-111.517860 44.537659
-111.520836 44.541069
-111.522293 44.542732
-111.523697 44.544430
-111.526466 44.546970
-111.527443 44.547729
-111.533417 44.551010
-111.535797 44.552280
-111.538208 44.553101
-111.542267 44.554432
-111.544693 44.555382
-111.546097 44.555859
-111.551872 44.556301
-111.554192 44.555450
-111.557480 44.555119
-111.561279 44.554741
-111.565239 44.556000
-111.567589 44.556740
-111.569763 44.557690
-111.573807 44.559551
-111.576141 44.560612
-111.578949 44.561161
-111.580879 44.561539
-111.586006 44.561501
-111.587166 44.561291
-111.594421 44.560211
-111.595291 44.559681
-111.598480 44.558140
-111.599281 44.557671
-111.608109 44.552460
-111.610237 44.551399
-111.613426 44.550259
-111.615707 44.549450
-111.616661 44.549110
-111.626778 44.551579
-111.631271 44.551991
-111.636421 44.551731
-111.638138 44.551941
-111.638947 44.552040
-111.640213 44.552189
-111.643593 44.552879
-111.647369 44.554020
-111.647957 44.554192
-111.648491 44.554180
-111.651802 44.553932
-111.656212 44.553982
-111.660149 44.553902
-111.667297 44.554680
-111.671776 44.556561
-111.679466 44.559792
-111.685211 44.559361
-111.691002 44.559231
-111.697693 44.558540
-111.699333 44.558590
-111.701248 44.558651
-111.702057 44.558361
-111.706123 44.556480
-111.709648 44.553329
-111.709900 44.552811
-111.711273 44.549881
-111.711700 44.549461
-111.714417 44.546638
-111.714966 44.546440
-111.720818 44.544239
-111.721390 44.544140
-111.731087 44.542629
-111.732368 44.542480
-111.739403 44.541451
-111.745857 44.539459
-111.749817 44.538219
-111.751282 44.537342
-111.755760 44.534641
-111.756386 44.534271
-111.758217 44.532780
-111.759750 44.531670
-111.761612 44.530300
-111.762810 44.528091
-111.764359 44.528030
-111.765419 44.528019
-111.766602 44.528011
-111.768082 44.528290
-111.770058 44.528851
-111.773140 44.529739
-111.773819 44.529442
-111.776268 44.528229
-111.782036 44.526001
-111.785851 44.525059
-111.789459 44.524891
-111.792923 44.525459
-111.795822 44.525940
-111.797722 44.525692
-111.800598 44.525311
-111.804840 44.524750
-111.808189 44.521172
-111.810242 44.515659
-111.811287 44.514320
-111.815697 44.511532
-111.816277 44.511459
-111.820198 44.511250
-111.822327 44.511139
-111.826279 44.513630
-111.826942 44.513969
-111.828300 44.515720
-111.830933 44.519112
-111.832611 44.520870
-111.834549 44.522419
-111.836578 44.523922
-111.840668 44.526379
-111.843376 44.528419
-111.844307 44.529121
-111.846222 44.531761
-111.848213 44.535389
-111.850212 44.539021
-111.851883 44.541470
-111.852737 44.542751
-111.853233 44.543221
-111.855301 44.545380
-111.858307 44.548740
-111.859329 44.549480
-111.861923 44.551769
-111.862373 44.552181
-111.864616 44.555309
-111.864861 44.555752
-111.866539 44.559410
-111.867340 44.561649
-111.867859 44.564232
-111.867989 44.564892
-111.869347 44.566189
-111.872528 44.565861
-111.873093 44.565750
-111.875557 44.564751
-111.878922 44.563389
-111.880180 44.562889
-111.881630 44.562622
-111.882210 44.562519
-111.883957 44.563061
-111.884903 44.563351
-111.889816 44.564869
-111.894112 44.562439
-111.896942 44.560669
-111.898071 44.559959
-111.901077 44.558990
-111.903137 44.558331
-111.907402 44.557892
-111.910843 44.557571
-111.920288 44.557102
-111.922997 44.556961
-111.924103 44.556999
-111.932419 44.557320
-111.937721 44.557529
-111.941307 44.557941
-111.942230 44.557850
-111.947342 44.557339
-111.948257 44.556961
-111.952499 44.551830
-111.954102 44.550480
-111.955299 44.549961
-111.956833 44.549362
-111.959221 44.548439
-111.962936 44.547009
-111.966461 44.544842
-111.969383 44.543030
-111.970802 44.542110
-111.972351 44.541111
-111.975853 44.539101
-111.976791 44.538841
-111.982910 44.537540
-111.987747 44.536991
-111.991158 44.536930
-111.999863 44.536751
-112.003937 44.537979
-112.005066 44.538319
-112.007866 44.539600
-112.010612 44.541592
-112.011887 44.542191
-112.012497 44.542339
-112.013062 44.542469
-112.016266 44.542480
-112.020752 44.542500
-112.022018 44.542511
-112.024582 44.543140
-112.027847 44.544399
-112.029701 44.544640
-112.031036 44.544571
-112.035896 44.544331
-112.036507 44.543911
-112.038589 44.542309
-112.039566 44.540741
-112.037857 44.539410
-112.034996 44.537159
-112.032059 44.534851
-112.028099 44.531742
-112.027260 44.531082
-112.029022 44.528179
-112.032600 44.527920
-112.034737 44.528431
-112.036453 44.528839
-112.037209 44.529091
-112.040977 44.530590
-112.043007 44.531601
-112.048271 44.534309
-112.053398 44.536911
-112.056290 44.537552
-112.057533 44.537670
-112.061676 44.537720
-112.064613 44.537762
-112.069733 44.536682
-112.081413 44.534000
-112.082657 44.533710
-112.084587 44.533112
-112.087059 44.532349
-112.092537 44.531090
-112.093872 44.530010
-112.095520 44.528679
-112.099678 44.525440
-112.100548 44.525089
-112.104286 44.524059
-112.104919 44.524021
-112.110046 44.524269
-112.114441 44.525391
-112.116943 44.526459
-112.119659 44.527981
-112.120872 44.528580
-112.124443 44.530369
-112.129066 44.533272
-112.135803 44.537479
-112.137283 44.537830
-112.141449 44.537739
-112.143547 44.537560
-112.147957 44.537151
-112.149437 44.537010
-112.155563 44.538219
-112.157120 44.538532
-112.157677 44.538651
-112.172218 44.541599
-112.172752 44.541630
-112.177429 44.540211
-112.179047 44.539551
-112.186203 44.536640
-112.191132 44.536762
-112.195320 44.537640
-112.198097 44.538090
-112.208046 44.540089
-112.209969 44.540539
-112.210457 44.540661
-112.214287 44.541679
-112.218216 44.542950
-112.220772 44.543812
-112.223923 44.544868
-112.224998 44.546730
-112.225777 44.548080
-112.226151 44.549229
-112.227257 44.552341
-112.227676 44.553329
-112.228127 44.556549
-112.229477 44.559269
-112.229950 44.559929
-112.231667 44.562340
-112.232300 44.562901
-112.235382 44.564671
-112.239288 44.566902
-112.246857 44.568069
-112.254539 44.568661
-112.261566 44.567551
-112.264938 44.567020
-112.268913 44.565792
-112.286232 44.569118
-112.289230 44.567509
-112.290489 44.562740
-112.303833 44.559669
-112.314163 44.551872
-112.313309 44.541512
-112.317383 44.539230
-112.330917 44.538361
-112.333397 44.538700
-112.334343 44.538830
-112.340477 44.539539
-112.341461 44.539349
-112.345558 44.538460
-112.346527 44.538139
-112.352562 44.536179
-112.355782 44.533001
-112.355949 44.532379
-112.357529 44.528061
-112.358856 44.524410
-112.358963 44.523289
-112.359596 44.517952
-112.359360 44.517029
-112.358246 44.512882
-112.357597 44.508289
-112.357399 44.502361
-112.357552 44.497719
-112.358093 44.494621
-112.358421 44.492771
-112.359688 44.490131
-112.360497 44.487610
-112.362099 44.483902
-112.362663 44.482689
-112.364143 44.478661
-112.364746 44.476189
-112.365463 44.474300
-112.367119 44.470932
-112.369942 44.464851
-112.370323 44.464039
-112.371902 44.461658
-112.372398 44.460922
-112.372986 44.460281
-112.379341 44.453472
-112.382988 44.449730
-112.383423 44.449280
-112.387299 44.449032
-112.392250 44.450020
-112.397430 44.453339
-112.399940 44.454952
-112.403580 44.456131
-112.407402 44.456650
-112.410606 44.455940
-112.411270 44.455799
-112.416908 44.455311
-112.420227 44.454819
-112.422653 44.454800
-112.427017 44.454769
-112.430809 44.455929
-112.433372 44.458191
-112.434631 44.459511
-112.436668 44.462582
-112.438530 44.464432
-112.440987 44.465351
-112.446091 44.467251
-112.446709 44.467331
-112.449333 44.467400
-112.449883 44.467419
-112.452507 44.467842
-112.453667 44.468700
-112.456268 44.470631
-112.457123 44.470932
-112.457336 44.471821
-112.458061 44.474762
-112.459457 44.476471
-112.459930 44.477032
-112.461899 44.477779
-112.463081 44.478230
-112.466888 44.478901
-112.470177 44.478550
-112.471977 44.478321
-112.472687 44.478230
-112.477089 44.477379
-112.477921 44.477070
-112.482132 44.475430
-112.486237 44.473759
-112.487717 44.472889
-112.492683 44.469959
-112.496689 44.467590
-112.497559 44.467319
-112.498787 44.466522
-112.501251 44.464931
-112.504463 44.464520
-112.506706 44.465752
-112.508148 44.466541
-112.509377 44.467491
-112.509918 44.467899
-112.511909 44.470612
-112.512260 44.471092
-112.515450 44.475441
-112.517632 44.476398
-112.518661 44.476849
-112.522018 44.477692
-112.525177 44.478489
-112.525818 44.478569
-112.526489 44.478649
-112.530960 44.480221
-112.534866 44.481941
-112.535347 44.482239
-112.538147 44.483650
-112.542267 44.485600
-112.544769 44.485939
-112.546089 44.485920
-112.547127 44.485901
-112.548019 44.485950
-112.553551 44.486259
-112.554466 44.485909
-112.558632 44.484390
-112.559631 44.484150
-112.564941 44.482750
-112.569489 44.481289
-112.569977 44.481129
-112.573883 44.482021
-112.576927 44.482460
-112.577820 44.482368
-112.580986 44.482639
-112.585213 44.483280
-112.586151 44.483421
-112.588432 44.484390
-112.590942 44.485401
-112.594681 44.487240
-112.596771 44.488262
-112.599823 44.489410
-112.602356 44.489990
-112.602966 44.489941
-112.605766 44.489681
-112.607437 44.489410
-112.613213 44.488182
-112.613800 44.488029
-112.618927 44.486752
-112.623253 44.485661
-112.624153 44.485851
-112.624741 44.485970
-112.625107 44.486389
-112.627251 44.487839
-112.629379 44.490299
-112.631981 44.491642
-112.637619 44.491779
-112.638176 44.491741
-112.645287 44.491199
-112.651581 44.489479
-112.654953 44.489010
-112.660576 44.488300
-112.664543 44.488121
-112.665070 44.488102
-112.669022 44.490261
-112.672798 44.492321
-112.673500 44.492680
-112.680687 44.494492
-112.682083 44.494839
-112.684196 44.494999
-112.688156 44.497749
-112.689926 44.498821
-112.691116 44.499531
-112.693077 44.500069
-112.696800 44.500999
-112.700050 44.501812
-112.703247 44.502769
-112.705292 44.503269
-112.710457 44.504539
-112.713997 44.505402
-112.714928 44.505581
-112.720688 44.505482
-112.724831 44.504669
-112.725693 44.504280
-112.735176 44.500050
-112.735771 44.499531
-112.736992 44.498260
-112.740097 44.495022
-112.742592 44.492569
-112.743439 44.492149
-112.747223 44.490280
-112.749100 44.489780
-112.750092 44.489521
-112.752853 44.489841
-112.757942 44.490429
-112.763733 44.489590
-112.767647 44.488251
-112.770782 44.487190
-112.771461 44.487221
-112.772522 44.486950
-112.776932 44.485809
-112.778999 44.484802
-112.782707 44.482990
-112.786797 44.479141
-112.789261 44.476822
-112.793793 44.471882
-112.794746 44.470261
-112.798149 44.466309
-112.800903 44.462322
-112.803047 44.460152
-112.804497 44.459202
-112.808640 44.456470
-112.809471 44.456192
-112.811172 44.455460
-112.817146 44.452881
-112.820236 44.450752
-112.826447 44.446480
-112.828430 44.443951
-112.828979 44.440639
-112.829407 44.437992
-112.830009 44.436260
-112.830521 44.435261
-112.832230 44.433342
-112.833427 44.431030
-112.834473 44.428989
-112.836998 44.426682
-112.837257 44.425392
-112.837761 44.423019
-112.834846 44.419971
-112.833878 44.418961
-112.833252 44.418610
-112.830383 44.416950
-112.828423 44.414631
-112.827698 44.413822
-112.821487 44.406879
-112.819260 44.403252
-112.815727 44.397549
-112.814430 44.394779
-112.813957 44.389420
-112.813942 44.386261
-112.813927 44.385349
-112.814873 44.381142
-112.816238 44.377522
-112.818626 44.372459
-112.821121 44.370590
-112.823433 44.368870
-112.824310 44.368412
-112.825737 44.367950
-112.829300 44.366802
-112.832932 44.364689
-112.835266 44.363140
-112.836746 44.362030
-112.839417 44.360382
-112.841141 44.359230
-112.845627 44.357689
-112.847618 44.357952
-112.850761 44.358101
-112.856346 44.361599
-112.860466 44.364651
-112.863472 44.366871
-112.876717 44.377682
-112.877693 44.378471
-112.880211 44.382401
-112.881058 44.383820
-112.883118 44.388199
-112.883499 44.389801
-112.883873 44.391380
-112.884666 44.395920
-112.885239 44.398949
-112.885361 44.399601
-112.887573 44.403221
-112.890083 44.404491
-112.890701 44.404331
-112.891876 44.403790
-112.896423 44.401722
-112.900093 44.400040
-112.900993 44.399689
-112.902092 44.399460
-112.904556 44.398972
-112.907196 44.400082
-112.911240 44.400940
-112.912872 44.401939
-112.914253 44.402771
-112.920578 44.409000
-112.924919 44.410500
-112.927536 44.411419
-112.928078 44.411560
-112.934593 44.411629
-112.935196 44.411629
-112.938950 44.412800
-112.942223 44.413589
-112.946220 44.415070
-112.947670 44.416069
-112.949287 44.417191
-112.951843 44.419979
-112.952477 44.420670
-112.953056 44.421841
-112.953636 44.422642
-112.958618 44.424030
-112.961823 44.424599
-112.965111 44.425179
-112.966751 44.425861
-112.970200 44.427280
-112.971779 44.428139
-112.978561 44.432220
-112.981438 44.435200
-112.984848 44.439171
-112.985611 44.440029
-112.987198 44.441479
-112.988701 44.442860
-112.989800 44.443630
-112.991913 44.445229
-112.995911 44.447289
-113.000412 44.449600
-113.001022 44.449921
-113.003326 44.452000
-113.003891 44.452511
-113.005257 44.454239
-113.007263 44.456539
-113.008591 44.459652
-113.008926 44.462910
-113.009102 44.467541
-113.009216 44.470730
-113.010078 44.474640
-113.011940 44.476559
-113.012787 44.477760
-113.020760 44.487099
-113.022720 44.490761
-113.024063 44.493259
-113.024223 44.493740
-113.024117 44.494801
-113.023460 44.501381
-113.020988 44.503239
-113.016731 44.507530
-113.015678 44.509350
-113.014427 44.514500
-113.011543 44.519039
-113.008919 44.522980
-113.008591 44.524960
-113.009201 44.526562
-113.009430 44.527020
-113.014526 44.529110
-113.025833 44.534039
-113.030121 44.536251
-113.032936 44.537922
-113.035767 44.539299
-113.040421 44.541462
-113.041489 44.542019
-113.048088 44.547260
-113.047867 44.548149
-113.046097 44.555542
-113.039223 44.560482
-113.037521 44.561741
-113.038086 44.564949
-113.043358 44.568150
-113.048973 44.571251
-113.050568 44.572132
-113.053200 44.573181
-113.054596 44.573742
-113.057083 44.574741
-113.059052 44.576080
-113.061020 44.577419
-113.062103 44.578121
-113.063591 44.579132
-113.064041 44.579800
-113.065887 44.582531
-113.064949 44.588890
-113.068596 44.590950
-113.069199 44.591381
-113.071831 44.593281
-113.076492 44.595779
-113.077606 44.596382
-113.081253 44.598190
-113.084633 44.601280
-113.085350 44.603081
-113.085777 44.604160
-113.083603 44.607769
-113.081543 44.609032
-113.073936 44.615822
-113.072037 44.617519
-113.070961 44.618370
-113.066971 44.620239
-113.063301 44.621952
-113.059639 44.623661
-113.058456 44.624199
-113.057823 44.624611
-113.055801 44.625870
-113.052521 44.629070
-113.051399 44.633381
-113.051147 44.634342
-113.051628 44.636940
-113.054008 44.640739
-113.059219 44.645302
-113.063309 44.648880
-113.066299 44.657711
-113.067757 44.662041
-113.068077 44.662991
-113.069290 44.666550
-113.070580 44.669331
-113.069397 44.672470
-113.068542 44.674881
-113.068428 44.677509
-113.068939 44.677879
-113.072197 44.680279
-113.074722 44.681961
-113.075188 44.682270
-113.079796 44.685371
-113.080353 44.688419
-113.080757 44.690651
-113.082710 44.692482
-113.084877 44.693359
-113.089951 44.695412
-113.094246 44.697140
-113.095520 44.697632
-113.100677 44.700649
-113.100357 44.707130
-113.100197 44.710281
-113.099922 44.712189
-113.100113 44.716751
-113.100273 44.720722
-113.100243 44.721741
-113.101349 44.725380
-113.102516 44.728302
-113.104103 44.730629
-113.104492 44.731041
-113.109489 44.733200
-113.112541 44.734509
-113.115036 44.735600
-113.117378 44.736599
-113.118507 44.739239
-113.120216 44.743210
-113.120880 44.744732
-113.126213 44.749889
-113.126610 44.750290
-113.130257 44.752319
-113.134682 44.755779
-113.137390 44.759430
-113.137062 44.762680
-113.132347 44.769760
-113.132149 44.772221
-113.134651 44.775402
-113.140083 44.777431
-113.158142 44.782570
-113.161583 44.783112
-113.169823 44.784660
-113.170906 44.784859
-113.173843 44.786499
-113.179016 44.789230
-113.180359 44.790180
-113.185638 44.794590
-113.191856 44.800171
-113.196953 44.804749
-113.206299 44.808041
-113.211647 44.809929
-113.214821 44.810940
-113.220703 44.812851
-113.222603 44.813362
-113.230309 44.814571
-113.236656 44.815670
-113.237900 44.816139
-113.239731 44.817410
-113.246941 44.822670
-113.247513 44.822880
-113.254387 44.821312
-113.256470 44.820740
-113.259453 44.819759
-113.262138 44.818871
-113.264313 44.818420
-113.269058 44.817501
-113.271553 44.817020
-113.274567 44.816330
-113.278503 44.815052
-113.279259 44.814800
-113.281120 44.813099
-113.284416 44.810219
-113.285446 44.809330
-113.295456 44.804352
-113.297897 44.803249
-113.318687 44.793911
-113.322487 44.791759
-113.323303 44.791370
-113.328568 44.788822
-113.329666 44.788601
-113.336212 44.787319
-113.344398 44.788002
-113.348846 44.789490
-113.349571 44.789841
-113.351501 44.791622
-113.351898 44.792030
-113.353027 44.794209
-113.353416 44.796371
-113.352737 44.798420
-113.350006 44.800579
-113.349007 44.801369
-113.346848 44.802780
-113.346359 44.803940
-113.346916 44.807442
-113.349449 44.814259
-113.349709 44.814732
-113.354088 44.818340
-113.355141 44.819199
-113.356796 44.820450
-113.360771 44.822639
-113.363441 44.824120
-113.365196 44.825142
-113.371170 44.828621
-113.372688 44.829399
-113.374390 44.830429
-113.375862 44.831612
-113.380043 44.834969
-113.381180 44.835880
-113.383331 44.837051
-113.387108 44.838680
-113.390968 44.838440
-113.396477 44.838490
-113.401947 44.839149
-113.408676 44.839962
-113.409698 44.840019
-113.414200 44.839920
-113.418709 44.839821
-113.422783 44.840462
-113.423332 44.840549
-113.424736 44.841919
-113.424561 44.844242
-113.424339 44.847019
-113.424080 44.850250
-113.424026 44.850792
-113.425217 44.852661
-113.426613 44.853439
-113.428368 44.854031
-113.430962 44.855080
-113.434120 44.855671
-113.436737 44.856632
-113.437393 44.856930
-113.440559 44.858501
-113.443497 44.860161
-113.450081 44.865162
-113.455307 44.869240
-113.456039 44.869980
-113.459702 44.878639
-113.460396 44.880280
-113.462189 44.883419
-113.463646 44.885971
-113.464958 44.888721
-113.465370 44.889019
-113.468559 44.891331
-113.471016 44.892849
-113.473038 44.894211
-113.475899 44.895950
-113.476616 44.896519
-113.477539 44.897850
-113.476463 44.900692
-113.476303 44.901222
-113.474792 44.903301
-113.473221 44.907570
-113.475136 44.912632
-113.476227 44.913769
-113.479019 44.916832
-113.479530 44.917389
-113.482193 44.918629
-113.485939 44.920712
-113.488152 44.921932
-113.491722 44.925961
-113.493576 44.931000
-113.494843 44.935471
-113.495850 44.939049
-113.496902 44.942780
-113.495903 44.945229
-113.494629 44.946980
-113.490730 44.949242
-113.487953 44.949471
-113.475746 44.950512
-113.472641 44.950779
-113.469307 44.950642
-113.464310 44.950890
-113.461357 44.951069
-113.455368 44.952450
-113.448891 44.955601
-113.446732 44.958012
-113.446198 44.958599
-113.445557 44.961609
-113.445648 44.963428
-113.445808 44.966621
-113.446960 44.974861
-113.447441 44.977249
-113.447906 44.981201
-113.448151 44.986671
-113.446602 44.991730
-113.446350 44.996391
-113.445091 44.999439
-113.442421 45.001240
-113.440010 45.003300
-113.438599 45.007839
-113.440727 45.011761
-113.443306 45.015919
-113.445503 45.019459
-113.447037 45.021950
-113.447258 45.025520
-113.447296 45.026112
-113.447746 45.033600
-113.448532 45.034489
-113.451233 45.036251
-113.453056 45.037441
-113.454422 45.038181
-113.456596 45.040279
-113.456627 45.040779
-113.456741 45.042080
-113.455856 45.045551
-113.455437 45.045959
-113.452660 45.050701
-113.451218 45.052841
-113.451393 45.055290
-113.454842 45.059902
-113.459442 45.060879
-113.463028 45.061630
-113.463852 45.061802
-113.471626 45.061520
-113.480659 45.061520
-113.481262 45.061562
-113.483772 45.062542
-113.485756 45.063389
-113.488762 45.064682
-113.488968 45.066181
-113.488930 45.068840
-113.487587 45.072029
-113.488770 45.074169
-113.489349 45.075230
-113.491806 45.077282
-113.497177 45.079369
-113.497673 45.079529
-113.509422 45.082531
-113.514496 45.083820
-113.515198 45.083981
-113.521599 45.087349
-113.521889 45.092251
-113.521439 45.093239
-113.520233 45.094669
-113.519508 45.095520
-113.517738 45.097420
-113.515152 45.100101
-113.513527 45.101780
-113.512756 45.102421
-113.509750 45.104980
-113.508072 45.106251
-113.506027 45.109600
-113.508141 45.111832
-113.516052 45.114620
-113.517296 45.114922
-113.524406 45.116131
-113.529648 45.115349
-113.530243 45.115261
-113.532280 45.114410
-113.537323 45.112331
-113.539993 45.111221
-113.543648 45.110962
-113.545219 45.110851
-113.548187 45.111279
-113.551750 45.112850
-113.554108 45.114620
-113.555023 45.115131
-113.557632 45.116982
-113.558662 45.117710
-113.561592 45.119122
-113.567627 45.121922
-113.571213 45.124939
-113.572823 45.125992
-113.574623 45.131100
-113.572998 45.134541
-113.572670 45.135239
-113.570839 45.137512
-113.567352 45.142010
-113.570007 45.144989
-113.570450 45.145470
-113.574348 45.147011
-113.579529 45.149429
-113.580223 45.149761
-113.585922 45.152721
-113.586372 45.152981
-113.590340 45.156158
-113.591988 45.158432
-113.592598 45.159271
-113.593567 45.163662
-113.593323 45.164589
-113.591919 45.169731
-113.591583 45.170979
-113.589996 45.173630
-113.589256 45.174931
-113.590309 45.179989
-113.590569 45.180580
-113.593079 45.183350
-113.594093 45.184460
-113.597519 45.187160
-113.601067 45.189629
-113.603607 45.191502
-113.604050 45.191799
-113.607483 45.194229
-113.610062 45.196049
-113.612343 45.197651
-113.620323 45.202541
-113.624329 45.205002
-113.631882 45.209641
-113.638298 45.214020
-113.647392 45.224979
-113.649040 45.227779
-113.650833 45.231991
-113.652931 45.236969
-113.656563 45.240360
-113.662483 45.245419
-113.669098 45.248470
-113.675636 45.249680
-113.678551 45.250740
-113.686798 45.257439
-113.687416 45.257942
-113.689926 45.262539
-113.690247 45.263130
-113.691696 45.267689
-113.692528 45.270260
-113.690277 45.272591
-113.689903 45.272980
-113.687767 45.272972
-113.686813 45.272961
-113.685799 45.272961
-113.684601 45.272949
-113.682587 45.272942
-113.680168 45.274750
-113.681808 45.278690
-113.682213 45.279659
-113.683189 45.280930
-113.687721 45.285450
-113.691139 45.287579
-113.697769 45.292099
-113.702621 45.295422
-113.706917 45.298351
-113.711273 45.301319
-113.711876 45.301929
-113.713921 45.309162
-113.714706 45.311962
-113.720886 45.314880
-113.726791 45.317631
-113.728928 45.318390
-113.733276 45.322220
-113.733902 45.322990
-113.736786 45.327919
-113.738487 45.330830
-113.738716 45.333649
-113.739052 45.337681
-113.737686 45.344070
-113.736572 45.345989
-113.735100 45.348530
-113.733719 45.350910
-113.733772 45.353432
-113.731987 45.356682
-113.732330 45.359280
-113.734161 45.362129
-113.734489 45.362652
-113.735283 45.364109
-113.736786 45.366009
-113.736237 45.368870
-113.736092 45.369659
-113.734436 45.371510
-113.733437 45.372620
-113.733070 45.375420
-113.732986 45.375999
-113.733322 45.377769
-113.734032 45.380051
-113.734482 45.381500
-113.734238 45.383080
-113.733803 45.385880
-113.733673 45.388649
-113.733597 45.390072
-113.735947 45.392441
-113.737221 45.393719
-113.740372 45.395771
-113.743553 45.397621
-113.745018 45.398460
-113.748909 45.400829
-113.751862 45.402641
-113.754608 45.404320
-113.755180 45.404621
-113.760986 45.405769
-113.761642 45.405762
-113.762459 45.405762
-113.763542 45.405571
-113.764236 45.405602
-113.766167 45.405689
-113.770088 45.406052
-113.773796 45.408089
-113.774597 45.408791
-113.774803 45.416119
-113.774231 45.416531
-113.769279 45.420109
-113.764473 45.422001
-113.761620 45.423111
-113.760956 45.423450
-113.759346 45.425510
-113.762413 45.429859
-113.762962 45.430019
-113.766563 45.431061
-113.772301 45.433331
-113.773796 45.434959
-113.774300 45.435669
-113.774231 45.442089
-113.774193 45.445271
-113.777893 45.449440
-113.779907 45.451710
-113.780243 45.452091
-113.780197 45.456589
-113.779938 45.457272
-113.778328 45.458672
-113.776550 45.460209
-113.775322 45.461269
-113.774803 45.463539
-113.773689 45.468369
-113.772987 45.469242
-113.772217 45.470139
-113.767448 45.472790
-113.764793 45.474472
-113.762108 45.477352
-113.760406 45.479179
-113.759911 45.479870
-113.759697 45.480541
-113.758553 45.484180
-113.759041 45.485889
-113.760757 45.489731
-113.762238 45.492180
-113.763039 45.494179
-113.765808 45.499149
-113.767433 45.503159
-113.767838 45.504169
-113.768326 45.507648
-113.769066 45.511761
-113.769791 45.515789
-113.769890 45.516361
-113.771378 45.519230
-113.773102 45.521721
-113.777916 45.523399
-113.778503 45.523521
-113.781906 45.523941
-113.785713 45.524052
-113.786926 45.524090
-113.792107 45.523499
-113.800529 45.522839
-113.802620 45.522861
-113.812370 45.522621
-113.813507 45.522591
-113.820183 45.521839
-113.825783 45.520390
-113.830856 45.517979
-113.833862 45.519619
-113.832733 45.521420
-113.832092 45.522449
-113.829216 45.527000
-113.828133 45.532780
-113.827171 45.537868
-113.823723 45.543339
-113.823372 45.543880
-113.820557 45.549271
-113.819878 45.550591
-113.819366 45.551590
-113.814713 45.560669
-113.814697 45.562752
-113.815140 45.570271
-113.813957 45.571419
-113.812187 45.573139
-113.811386 45.573891
-113.808983 45.574829
-113.806633 45.575729
-113.805717 45.576099
-113.803757 45.576950
-113.800751 45.580009
-113.798508 45.581669
-113.797401 45.583092
-113.797287 45.584888
-113.798897 45.587971
-113.800598 45.591221
-113.803108 45.594810
-113.806366 45.599480
-113.807503 45.600559
-113.809128 45.602112
-113.812172 45.605000
-113.816521 45.608410
-113.818626 45.610069
-113.821266 45.610729
-113.825783 45.611881
-113.829002 45.611301
-113.832977 45.610840
-113.833542 45.610821
-113.841423 45.610630
-113.845207 45.613911
-113.846046 45.614620
-113.853676 45.621212
-113.861313 45.622890
-113.862122 45.622879
-113.863533 45.622841
-113.864113 45.622742
-113.864738 45.622749
-113.866646 45.622379
-113.869926 45.621769
-113.874390 45.620220
-113.877853 45.619251
-113.879486 45.618629
-113.884323 45.616779
-113.888550 45.617001
-113.891197 45.617142
-113.892769 45.617222
-113.895142 45.617371
-113.899071 45.618290
-113.902527 45.619152
-113.904892 45.621540
-113.905502 45.622169
-113.906708 45.624569
-113.905983 45.626350
-113.905792 45.626930
-113.904327 45.628052
-113.902878 45.629162
-113.901001 45.630600
-113.900146 45.632290
-113.898483 45.635590
-113.896240 45.641201
-113.895279 45.643612
-113.894958 45.646130
-113.897003 45.648270
-113.898376 45.649719
-113.900009 45.650841
-113.904510 45.653782
-113.906311 45.654949
-113.908600 45.656441
-113.910477 45.657429
-113.912483 45.658810
-113.914207 45.659561
-113.917053 45.661419
-113.918922 45.662659
-113.920906 45.664192
-113.922318 45.665310
-113.924042 45.667019
-113.926369 45.669369
-113.929749 45.673481
-113.930397 45.674301
-113.931679 45.678452
-113.932518 45.681160
-113.933006 45.682789
-113.933182 45.686062
-113.933167 45.689369
-113.932938 45.690601
-113.933609 45.694191
-113.940857 45.695549
-113.944206 45.694729
-113.945229 45.694210
-113.948349 45.692619
-113.949509 45.692169
-113.953629 45.690578
-113.956787 45.689041
-113.957321 45.688942
-113.961983 45.688080
-113.964211 45.687759
-113.965828 45.687920
-113.966469 45.687981
-113.967377 45.688671
-113.969040 45.689850
-113.969727 45.692371
-113.970253 45.694241
-113.970627 45.695679
-113.971069 45.696899
-113.974777 45.702179
-113.975197 45.702782
-113.980003 45.704060
-113.982506 45.704571
-113.984581 45.704670
-113.985626 45.704720
-113.993057 45.702740
-113.996956 45.698891
-113.997810 45.698570
-114.000076 45.697212
-114.002403 45.696350
-114.006111 45.696159
-114.008759 45.696030
-114.010017 45.695999
-114.013283 45.695580
-114.014397 45.695210
-114.015976 45.694199
-114.017273 45.691860
-114.016937 45.689972
-114.016647 45.689548
-114.015770 45.688332
-114.015671 45.687679
-114.015472 45.685322
-114.016083 45.683670
-114.018913 45.682060
-114.022568 45.679989
-114.024567 45.678310
-114.025528 45.677509
-114.025253 45.674080
-114.022728 45.670700
-114.019402 45.666252
-114.018021 45.664280
-114.016823 45.662590
-114.015007 45.659370
-114.014671 45.658760
-114.015427 45.655022
-114.016319 45.653019
-114.017067 45.652081
-114.019188 45.650131
-114.023903 45.648312
-114.024780 45.648159
-114.025726 45.647972
-114.032829 45.646431
-114.041077 45.642101
-114.041687 45.641609
-114.048019 45.636520
-114.049873 45.635929
-114.055580 45.633030
-114.058136 45.632351
-114.059288 45.631741
-114.064568 45.628841
-114.065430 45.627892
-114.069717 45.623192
-114.071121 45.621571
-114.071793 45.620651
-114.074623 45.616791
-114.076591 45.614071
-114.077232 45.613621
-114.080482 45.611320
-114.082497 45.602459
-114.082581 45.601662
-114.083511 45.597061
-114.087257 45.593140
-114.089462 45.590240
-114.090477 45.589569
-114.095467 45.586941
-114.099327 45.585800
-114.100037 45.585762
-114.105148 45.585529
-114.111641 45.585232
-114.113007 45.584949
-114.114662 45.584610
-114.116089 45.584110
-114.119621 45.583099
-114.120522 45.582600
-114.124176 45.580711
-114.125443 45.579639
-114.128517 45.577419
-114.130096 45.574272
-114.130089 45.573391
-114.130211 45.570591
-114.130157 45.568821
-114.130081 45.565559
-114.132553 45.562359
-114.135597 45.558609
-114.140686 45.556652
-114.145241 45.556511
-114.147018 45.556282
-114.148666 45.556080
-114.149750 45.555832
-114.152916 45.555119
-114.156113 45.554119
-114.158829 45.553600
-114.160049 45.553379
-114.164612 45.552750
-114.168358 45.551849
-114.169861 45.551620
-114.175011 45.550831
-114.176117 45.550499
-114.179016 45.550049
-114.183777 45.548210
-114.186783 45.545120
-114.188087 45.543751
-114.189957 45.541130
-114.190987 45.539871
-114.193008 45.537380
-114.196213 45.536381
-114.201759 45.535439
-114.204498 45.536720
-114.212616 45.540199
-114.229362 45.547359
-114.237503 45.548431
-114.243347 45.548019
-114.244301 45.547680
-114.247276 45.546692
-114.247856 45.546082
-114.249420 45.544472
-114.249496 45.543549
-114.249123 45.539959
-114.248863 45.535172
-114.248657 45.531731
-114.247986 45.527431
-114.248543 45.523979
-114.248878 45.523460
-114.250298 45.521252
-114.250633 45.520691
-114.252571 45.517380
-114.254921 45.514240
-114.257812 45.510380
-114.259903 45.507912
-114.261253 45.503429
-114.261513 45.501820
-114.262138 45.499901
-114.264359 45.493172
-114.267616 45.489521
-114.270447 45.485569
-114.271538 45.484039
-114.276436 45.482010
-114.280983 45.481060
-114.285210 45.481312
-114.286797 45.481270
-114.289803 45.480881
-114.291283 45.480530
-114.292946 45.480129
-114.295776 45.479179
-114.304710 45.472672
-114.307663 45.470612
-114.312172 45.470032
-114.316422 45.469540
-114.317299 45.469299
-114.321617 45.468140
-114.322281 45.467670
-114.326172 45.464931
-114.328888 45.461590
-114.329338 45.461040
-114.334961 45.458691
-114.339783 45.459400
-114.340599 45.459492
-114.344101 45.461658
-114.344879 45.462250
-114.348480 45.466599
-114.350952 45.468479
-114.351906 45.469139
-114.357353 45.471821
-114.360489 45.477470
-114.361313 45.478951
-114.368446 45.491810
-114.372223 45.494740
-114.372856 45.495209
-114.378860 45.498112
-114.380867 45.499081
-114.385841 45.500771
-114.390106 45.502140
-114.391647 45.502689
-114.397583 45.504311
-114.403419 45.506142
-114.408669 45.507439
-114.409882 45.507740
-114.413246 45.508312
-114.417053 45.508442
-114.418518 45.508492
-114.423149 45.510769
-114.426811 45.513470
-114.428719 45.518879
-114.428902 45.519402
-114.429260 45.522461
-114.429443 45.523521
-114.430588 45.526569
-114.433563 45.530170
-114.434509 45.531330
-114.437302 45.533489
-114.440498 45.536591
-114.442528 45.538429
-114.444870 45.540142
-114.447838 45.541969
-114.448936 45.542652
-114.452599 45.544430
-114.454643 45.545361
-114.456490 45.545441
-114.457291 45.545670
-114.459953 45.546402
-114.461487 45.549179
-114.462387 45.550800
-114.460587 45.554169
-114.460030 45.557331
-114.459290 45.561481
-114.461418 45.562630
-114.462021 45.562950
-114.465317 45.564121
-114.467743 45.564690
-114.469276 45.564362
-114.473732 45.563419
-114.474258 45.563351
-114.480110 45.561951
-114.485313 45.561100
-114.486237 45.560940
-114.488388 45.559361
-114.490608 45.558529
-114.494186 45.557079
-114.495781 45.556808
-114.500053 45.556171
-114.505913 45.556400
-114.510498 45.558651
-114.512703 45.563091
-114.515198 45.566792
-114.518013 45.568409
-114.519836 45.569210
-114.526390 45.570549
-114.526962 45.570671
-114.530853 45.568802
-114.538361 45.565960
-114.539200 45.565430
-114.542236 45.563679
-114.547279 45.560799
-114.551788 45.558529
-114.552277 45.558281
-114.556801 45.558270
-114.557350 45.558270
-114.561432 45.559822
-114.564667 45.561470
-114.563713 45.564880
-114.563118 45.565639
-114.560387 45.567120
-114.557388 45.570789
-114.555809 45.575729
-114.555618 45.576260
-114.554230 45.580101
-114.554337 45.590740
-114.551689 45.595772
-114.547600 45.599529
-114.546356 45.600670
-114.543190 45.603649
-114.541031 45.605522
-114.539047 45.607239
-114.538033 45.608120
-114.538673 45.610741
-114.539047 45.612339
-114.539543 45.612690
-114.542183 45.614582
-114.543846 45.615959
-114.546089 45.617390
-114.550751 45.620590
-114.551529 45.621120
-114.554260 45.623581
-114.557991 45.627480
-114.558640 45.628429
-114.561966 45.637642
-114.562370 45.638771
-114.560287 45.640411
-114.559532 45.640919
-114.556656 45.641300
-114.553703 45.641579
-114.551468 45.641739
-114.546471 45.642300
-114.544403 45.643169
-114.542053 45.644020
-114.541077 45.644402
-114.538712 45.646080
-114.537201 45.646999
-114.534912 45.648411
-114.530487 45.650829
-114.525681 45.651562
-114.520470 45.652931
-114.515106 45.654610
-114.513443 45.655128
-114.509972 45.656479
-114.506241 45.659901
-114.504936 45.661110
-114.502060 45.665871
-114.500107 45.671501
-114.499207 45.675682
-114.498978 45.676731
-114.502228 45.683571
-114.507797 45.685379
-114.508263 45.686710
-114.506798 45.690441
-114.502373 45.693821
-114.499207 45.696232
-114.498199 45.696999
-114.495712 45.700489
-114.495056 45.701401
-114.496010 45.708141
-114.497673 45.712219
-114.500740 45.718010
-114.501122 45.718590
-114.502518 45.719982
-114.507477 45.723721
-114.512352 45.725559
-114.513931 45.726120
-114.516907 45.726372
-114.521446 45.727489
-114.526131 45.729691
-114.528297 45.730282
-114.528732 45.730850
-114.530876 45.733700
-114.531578 45.734791
-114.534416 45.736740
-114.537979 45.739182
-114.539940 45.740520
-114.540871 45.741009
-114.544548 45.744350
-114.544937 45.744720
-114.546913 45.747822
-114.547287 45.749710
-114.547417 45.750370
-114.546608 45.753819
-114.545433 45.760250
-114.547188 45.761822
-114.548012 45.762440
-114.549149 45.762920
-114.552391 45.763542
-114.554886 45.764011
-114.557617 45.764530
-114.562271 45.765419
-114.564476 45.767818
-114.567200 45.770790
-114.567711 45.772739
-114.567070 45.774090
-114.565536 45.777309
-114.564400 45.778492
-114.562027 45.780941
-114.557602 45.785511
-114.555763 45.787399
-114.552017 45.789131
-114.550301 45.789921
-114.545647 45.793449
-114.542793 45.801590
-114.542328 45.802910
-114.538017 45.807159
-114.533737 45.811882
-114.531067 45.816299
-114.529716 45.818520
-114.528023 45.820492
-114.527069 45.821590
-114.525078 45.822830
-114.522797 45.824261
-114.521393 45.825150
-114.520248 45.826050
-114.515289 45.832222
-114.514816 45.834549
-114.513153 45.842991
-114.512062 45.844002
-114.510063 45.845242
-114.507446 45.846859
-114.505241 45.848099
-114.501518 45.850189
-114.497528 45.851410
-114.494293 45.852051
-114.493477 45.851990
-114.492432 45.852020
-114.491150 45.851650
-114.488457 45.850872
-114.484436 45.849701
-114.480423 45.848541
-114.479431 45.848679
-114.476532 45.849102
-114.473473 45.850040
-114.472641 45.850380
-114.469513 45.851589
-114.468170 45.852100
-114.459846 45.855301
-114.456581 45.856552
-114.453217 45.857830
-114.449516 45.859409
-114.444038 45.861740
-114.439957 45.862389
-114.435577 45.862862
-114.429596 45.860752
-114.425690 45.859379
-114.421608 45.856899
-114.418587 45.855072
-114.414627 45.853569
-114.410439 45.851990
-114.409706 45.852180
-114.407120 45.854309
-114.406769 45.854961
-114.406540 45.858200
-114.405327 45.862789
-114.403542 45.865589
-114.401367 45.869499
-114.397987 45.873871
-114.395607 45.876949
-114.395187 45.877430
-114.391762 45.880310
-114.387939 45.883511
-114.385986 45.886280
-114.386223 45.888500
-114.386513 45.891190
-114.390091 45.893009
-114.392296 45.894131
-114.395798 45.898170
-114.400879 45.904480
-114.404778 45.906521
-114.406197 45.907280
-114.408760 45.909859
-114.411392 45.912159
-114.412323 45.913380
-114.413490 45.915279
-114.414970 45.918919
-114.416801 45.923420
-114.418846 45.925602
-114.422417 45.929039
-114.426903 45.932030
-114.430717 45.934589
-114.431656 45.938049
-114.431717 45.939751
-114.424828 45.944881
-114.419693 45.947941
-114.410927 45.952412
-114.407700 45.955410
-114.406403 45.956890
-114.405647 45.958031
-114.404541 45.962170
-114.406181 45.966270
-114.407082 45.968559
-114.412842 45.977322
-114.415466 45.979290
-114.421638 45.982651
-114.424156 45.984020
-114.426956 45.985371
-114.432297 45.987049
-114.436096 45.987789
-114.439659 45.988289
-114.441490 45.988541
-114.445923 45.989159
-114.451393 45.992809
-114.452980 45.993870
-114.453903 45.994270
-114.457199 45.995682
-114.457718 45.995930
-114.459686 45.995869
-114.462311 45.996399
-114.466812 45.995319
-114.469460 45.994678
-114.471451 45.994152
-114.473373 45.993790
-114.476067 45.993549
-114.476616 45.993500
-114.478523 45.994202
-114.480026 45.994720
-114.482079 45.996189
-114.486847 46.001221
-114.487167 46.001930
-114.487503 46.003281
-114.487320 46.004120
-114.486900 46.006031
-114.486832 46.006721
-114.485413 46.009319
-114.482292 46.012131
-114.479973 46.013432
-114.479393 46.013760
-114.473816 46.016880
-114.472656 46.018772
-114.472702 46.021320
-114.473373 46.022469
-114.475327 46.025841
-114.476776 46.027351
-114.477112 46.027721
-114.480171 46.029659
-114.491760 46.031281
-114.498466 46.030499
-114.499603 46.030590
-114.501167 46.030720
-114.503883 46.031361
-114.505653 46.032570
-114.506172 46.035862
-114.505768 46.036350
-114.503548 46.039059
-114.502136 46.041698
-114.499367 46.045101
-114.494263 46.051380
-114.493126 46.052441
-114.490608 46.053860
-114.486786 46.056210
-114.482483 46.058861
-114.481728 46.059330
-114.480057 46.060291
-114.477470 46.061169
-114.473557 46.062489
-114.472931 46.062710
-114.470337 46.064281
-114.469093 46.065231
-114.468147 46.067539
-114.468628 46.069130
-114.469040 46.070511
-114.472076 46.074760
-114.469727 46.078651
-114.466888 46.080311
-114.464348 46.081791
-114.463913 46.082130
-114.462242 46.084839
-114.460983 46.087780
-114.460693 46.089481
-114.460266 46.092060
-114.460266 46.094452
-114.465523 46.102230
-114.468033 46.106182
-114.470383 46.108719
-114.471863 46.111420
-114.473328 46.112671
-114.476662 46.115509
-114.481476 46.117382
-114.486382 46.119289
-114.492073 46.119820
-114.497940 46.119370
-114.503906 46.120010
-114.508118 46.120461
-114.509323 46.120560
-114.513268 46.123039
-114.517693 46.124599
-114.518028 46.125370
-114.519302 46.128330
-114.518837 46.133919
-114.518646 46.136131
-114.521606 46.141800
-114.524361 46.147079
-114.524193 46.148220
-114.522591 46.153061
-114.520477 46.154942
-114.518723 46.156509
-114.517670 46.157440
-114.516953 46.158310
-114.516197 46.160542
-114.515297 46.163170
-114.514511 46.165501
-114.511253 46.167259
-114.508682 46.168289
-114.507309 46.168831
-114.505447 46.169189
-114.504196 46.169430
-114.500237 46.169079
-114.495697 46.168682
-114.495033 46.168629
-114.488457 46.168232
-114.485748 46.168072
-114.483139 46.167339
-114.479080 46.166199
-114.477928 46.166012
-114.474411 46.165829
-114.470337 46.165619
-114.468590 46.166519
-114.464081 46.168022
-114.460808 46.169350
-114.460243 46.169579
-114.456306 46.169849
-114.452362 46.170132
-114.448967 46.171429
-114.446877 46.173931
-114.446243 46.177700
-114.446136 46.178310
-114.445511 46.181362
-114.444717 46.190552
-114.444290 46.195671
-114.444183 46.196972
-114.444511 46.200302
-114.445557 46.202770
-114.446297 46.205280
-114.447617 46.209709
-114.447830 46.210281
-114.449898 46.215820
-114.450027 46.217491
-114.448967 46.223362
-114.449120 46.225750
-114.449936 46.232201
-114.450607 46.234509
-114.450859 46.235851
-114.451973 46.238579
-114.452156 46.239140
-114.454796 46.241489
-114.458267 46.244560
-114.458702 46.244919
-114.461540 46.246471
-114.464989 46.248371
-114.469658 46.254372
-114.470528 46.257240
-114.470863 46.259289
-114.467697 46.267689
-114.467163 46.269222
-114.466713 46.269890
-114.465302 46.270950
-114.462379 46.272400
-114.459808 46.273399
-114.458817 46.273788
-114.455986 46.274361
-114.449463 46.275291
-114.446411 46.275730
-114.444160 46.276081
-114.439178 46.277790
-114.437347 46.278412
-114.435867 46.279320
-114.432312 46.282829
-114.430206 46.284901
-114.429062 46.287750
-114.428581 46.292721
-114.430496 46.295841
-114.432518 46.299141
-114.432587 46.300232
-114.433167 46.309219
-114.428551 46.315632
-114.423416 46.323730
-114.421310 46.327080
-114.416801 46.335770
-114.415367 46.338520
-114.415367 46.343491
-114.415359 46.346310
-114.414688 46.358681
-114.414932 46.365189
-114.415100 46.369659
-114.417816 46.374271
-114.420357 46.379429
-114.421967 46.382702
-114.422089 46.383930
-114.422203 46.385101
-114.420288 46.391399
-114.419006 46.392769
-114.418068 46.393421
-114.407387 46.400829
-114.397980 46.407379
-114.394859 46.409550
-114.394279 46.409939
-114.392471 46.411221
-114.390892 46.412510
-114.390297 46.413231
-114.387177 46.417000
-114.386726 46.417820
-114.385941 46.421429
-114.385353 46.424171
-114.385323 46.426029
-114.384888 46.426800
-114.381943 46.431980
-114.381378 46.433079
-114.380417 46.434021
-114.378021 46.435341
-114.375977 46.436470
-114.375023 46.437180
-114.373711 46.439301
-114.375206 46.441360
-114.375870 46.442280
-114.376503 46.442791
-114.377716 46.443760
-114.380432 46.445061
-114.383591 46.446640
-114.384117 46.448101
-114.384926 46.450302
-114.383507 46.454559
-114.382698 46.457012
-114.381577 46.460392
-114.381973 46.462009
-114.382607 46.462860
-114.383789 46.464432
-114.385727 46.466042
-114.387527 46.467171
-114.391243 46.468670
-114.393440 46.469570
-114.398010 46.474628
-114.398460 46.475399
-114.400093 46.478512
-114.400322 46.478970
-114.401146 46.483002
-114.403297 46.487522
-114.403297 46.492100
-114.403290 46.498909
-114.399323 46.503941
-114.391220 46.505951
-114.390083 46.506229
-114.385986 46.505970
-114.382828 46.506031
-114.379387 46.505970
-114.377129 46.505939
-114.374756 46.505901
-114.371910 46.505852
-114.369476 46.505810
-114.362839 46.506710
-114.360458 46.507519
-114.356972 46.508209
-114.349876 46.511379
-114.347382 46.513359
-114.346710 46.513821
-114.344582 46.517330
-114.345909 46.520809
-114.346931 46.523460
-114.347229 46.524231
-114.349281 46.529579
-114.349586 46.530399
-114.347321 46.535389
-114.346077 46.539680
-114.346870 46.542240
-114.347137 46.543152
-114.347763 46.545151
-114.347603 46.553322
-114.344421 46.560730
-114.341667 46.564381
-114.339417 46.567371
-114.337212 46.570309
-114.335190 46.574780
-114.334717 46.578011
-114.336121 46.581692
-114.336693 46.583191
-114.337753 46.584812
-114.338280 46.585312
-114.340553 46.587479
-114.342010 46.589741
-114.341713 46.591900
-114.339996 46.593639
-114.338120 46.595531
-114.337257 46.596390
-114.336197 46.596939
-114.335968 46.597492
-114.335281 46.599102
-114.332527 46.601181
-114.332123 46.601490
-114.330856 46.603180
-114.329857 46.604549
-114.328613 46.605740
-114.327026 46.607941
-114.325073 46.611099
-114.324966 46.612110
-114.324768 46.614090
-114.324997 46.615749
-114.325417 46.616879
-114.325821 46.618481
-114.325912 46.620010
-114.324448 46.624439
-114.324211 46.625141
-114.322639 46.633190
-114.322502 46.633892
-114.322739 46.636822
-114.322731 46.640030
-114.322723 46.644882
-114.323822 46.649170
-114.323967 46.649769
-114.325287 46.652649
-114.330460 46.658199
-114.330917 46.658611
-114.334297 46.659882
-114.339607 46.661869
-114.341042 46.662319
-114.342148 46.662682
-114.348412 46.664711
-114.352173 46.666031
-114.354492 46.666779
-114.361832 46.668571
-114.362732 46.668789
-114.365356 46.669411
-114.370506 46.669701
-114.377716 46.668579
-114.381783 46.667431
-114.383156 46.666611
-114.390823 46.665791
-114.395111 46.665321
-114.398682 46.664772
-114.405022 46.664219
-114.406410 46.663662
-114.409828 46.662281
-114.413406 46.660339
-114.420250 46.660030
-114.425591 46.660789
-114.432167 46.660141
-114.440628 46.657600
-114.447380 46.654819
-114.448799 46.653831
-114.451927 46.651482
-114.455330 46.648922
-114.456657 46.645050
-114.458328 46.640221
-114.458450 46.639721
-114.463921 46.635090
-114.467148 46.633232
-114.467941 46.633049
-114.473167 46.633259
-114.477913 46.632851
-114.478462 46.632889
-114.482430 46.634171
-114.487518 46.635399
-114.490486 46.636120
-114.496559 46.638981
-114.498299 46.639679
-114.502083 46.642300
-114.502930 46.642891
-114.503937 46.642921
-114.508888 46.642002
-114.509819 46.641769
-114.510872 46.641750
-114.513519 46.641689
-114.517097 46.641609
-114.520798 46.641251
-114.523666 46.641251
-114.524689 46.641262
-114.526978 46.641930
-114.529381 46.642891
-114.532028 46.646099
-114.533043 46.647850
-114.534683 46.650681
-114.540909 46.651859
-114.541946 46.652050
-114.546638 46.649029
-114.550476 46.646561
-114.551270 46.646271
-114.554443 46.645321
-114.556473 46.644661
-114.558327 46.644360
-114.561783 46.643799
-114.569489 46.643280
-114.574333 46.642380
-114.575317 46.642040
-114.579842 46.640480
-114.583771 46.639122
-114.588409 46.637520
-114.589546 46.636921
-114.590103 46.636761
-114.590973 46.636520
-114.592888 46.636280
-114.593658 46.636189
-114.596260 46.636841
-114.598778 46.637482
-114.606232 46.637650
-114.607956 46.637699
-114.608833 46.637711
-114.611977 46.637791
-114.612816 46.637859
-114.615326 46.639492
-114.615929 46.640629
-114.614502 46.651230
-114.618019 46.656750
-114.627762 46.659012
-114.633453 46.661400
-114.633591 46.661972
-114.637657 46.664162
-114.639130 46.664841
-114.641380 46.665890
-114.641838 46.667271
-114.641853 46.673080
-114.642548 46.675930
-114.643188 46.678589
-114.642159 46.681099
-114.641640 46.681419
-114.640099 46.682400
-114.637466 46.683281
-114.635956 46.683792
-114.633560 46.684280
-114.631279 46.684910
-114.628807 46.687321
-114.627327 46.688690
-114.625839 46.691399
-114.625313 46.692360
-114.625092 46.694420
-114.624779 46.696949
-114.624733 46.697632
-114.624786 46.700150
-114.625000 46.702190
-114.625839 46.708149
-114.626602 46.709930
-114.629387 46.713421
-114.631012 46.714752
-114.633797 46.716961
-114.641937 46.723389
-114.645180 46.725952
-114.647697 46.728092
-114.651947 46.732071
-114.652382 46.732479
-114.657417 46.735600
-114.667511 46.739399
-114.669212 46.739700
-114.670250 46.739891
-114.674202 46.739429
-114.676178 46.739201
-114.685043 46.738159
-114.690002 46.738701
-114.694069 46.739140
-114.699867 46.736919
-114.701042 46.735619
-114.702629 46.733349
-114.702896 46.732872
-114.704071 46.729649
-114.705223 46.727551
-114.705437 46.726311
-114.705627 46.725780
-114.706596 46.722672
-114.706787 46.722069
-114.708893 46.720470
-114.712791 46.717480
-114.717468 46.716930
-114.718491 46.716850
-114.722717 46.716690
-114.723770 46.716599
-114.725166 46.716480
-114.729050 46.716160
-114.729958 46.715919
-114.734009 46.714859
-114.735573 46.714451
-114.740593 46.710991
-114.741867 46.710060
-114.744247 46.707989
-114.746201 46.706280
-114.748947 46.703659
-114.753250 46.699551
-114.753853 46.699230
-114.755821 46.698471
-114.759087 46.697361
-114.759613 46.697399
-114.763947 46.697720
-114.766457 46.699310
-114.766716 46.701591
-114.767021 46.704079
-114.766357 46.706841
-114.768410 46.707489
-114.770950 46.708302
-114.774910 46.707932
-114.776962 46.707962
-114.778107 46.707981
-114.781502 46.708691
-114.784409 46.709309
-114.786469 46.712009
-114.786751 46.712780
-114.786026 46.716999
-114.785873 46.717869
-114.781670 46.725151
-114.773293 46.733101
-114.772713 46.733650
-114.772011 46.734531
-114.768486 46.738941
-114.765930 46.745831
-114.765686 46.747509
-114.765228 46.751789
-114.766823 46.757099
-114.767632 46.759449
-114.767906 46.760262
-114.771240 46.763691
-114.773453 46.764919
-114.781197 46.769192
-114.784653 46.772362
-114.786186 46.773769
-114.787178 46.774681
-114.791786 46.778030
-114.792717 46.778000
-114.794708 46.777931
-114.797363 46.777832
-114.801323 46.777679
-114.803520 46.777599
-114.805321 46.778450
-114.806793 46.779152
-114.810257 46.780800
-114.810989 46.781139
-114.811729 46.781490
-114.814873 46.781670
-114.818161 46.781849
-114.821503 46.782021
-114.824150 46.781929
-114.826309 46.781929
-114.828697 46.783031
-114.830292 46.783760
-114.833603 46.786381
-114.835747 46.788090
-114.838936 46.790619
-114.842186 46.792740
-114.845619 46.794979
-114.846176 46.795349
-114.849876 46.796761
-114.852898 46.797920
-114.855347 46.800091
-114.857559 46.802040
-114.861168 46.807289
-114.862907 46.809830
-114.865883 46.810921
-114.870186 46.811771
-114.871933 46.812111
-114.875519 46.812000
-114.877892 46.811802
-114.880157 46.811619
-114.884827 46.810890
-114.885696 46.810539
-114.889000 46.809269
-114.890579 46.806751
-114.891197 46.805771
-114.891647 46.804329
-114.892181 46.804050
-114.893593 46.802799
-114.894066 46.802460
-114.897148 46.802120
-114.899887 46.803410
-114.900681 46.806049
-114.900383 46.810741
-114.898613 46.814011
-114.898750 46.816612
-114.900696 46.819172
-114.901329 46.820011
-114.903946 46.821369
-114.906036 46.822651
-114.910759 46.824200
-114.913979 46.825249
-114.915993 46.825611
-114.922516 46.828270
-114.923843 46.829140
-114.926308 46.831532
-114.927376 46.832581
-114.928970 46.837051
-114.929146 46.837540
-114.927933 46.841221
-114.926781 46.844059
-114.925018 46.849060
-114.925293 46.850239
-114.926460 46.853081
-114.930832 46.855511
-114.936127 46.857239
-114.937393 46.857330
-114.943237 46.859451
-114.944313 46.860241
-114.944847 46.860931
-114.946289 46.862339
-114.945953 46.864899
-114.943207 46.867420
-114.936363 46.871609
-114.935127 46.872360
-114.933876 46.873150
-114.929733 46.877659
-114.929306 46.879520
-114.931213 46.885681
-114.931686 46.887032
-114.933052 46.890839
-114.933090 46.895889
-114.932442 46.898190
-114.931122 46.900032
-114.930458 46.903229
-114.929596 46.904659
-114.928497 46.906460
-114.927406 46.907650
-114.926682 46.908459
-114.924957 46.910061
-114.923233 46.911980
-114.923256 46.915199
-114.932533 46.920349
-114.937286 46.922161
-114.942566 46.924320
-114.946747 46.925671
-114.950630 46.926941
-114.952736 46.927631
-114.953293 46.927811
-114.958191 46.931000
-114.958931 46.932529
-114.959473 46.933239
-114.963188 46.937439
-114.966003 46.937950
-114.968719 46.938801
-114.969780 46.939129
-114.973030 46.941059
-114.975243 46.942570
-114.977966 46.944519
-114.979851 46.945850
-114.980942 46.946499
-114.983383 46.948242
-114.983902 46.948811
-114.985550 46.950611
-114.987427 46.953239
-114.989441 46.957130
-114.990669 46.959511
-114.996727 46.965519
-114.997818 46.966599
-115.007439 46.972569
-115.010460 46.973942
-115.014542 46.975189
-115.018677 46.975460
-115.019203 46.975368
-115.023033 46.974770
-115.024643 46.974472
-115.029976 46.972260
-115.036842 46.970352
-115.038597 46.970280
-115.043472 46.970100
-115.046791 46.969990
-115.049881 46.970749
-115.050102 46.971550
-115.051147 46.975361
-115.050812 46.977661
-115.051498 46.980782
-115.052017 46.981689
-115.053917 46.983280
-115.057381 46.985981
-115.062126 46.989700
-115.065071 46.993740
-115.065331 46.997410
-115.065613 47.001389
-115.067276 47.005249
-115.067596 47.005642
-115.068459 47.009102
-115.069527 47.013359
-115.069557 47.017029
-115.070549 47.024742
-115.072617 47.026649
-115.077477 47.030449
-115.078011 47.031120
-115.079689 47.034901
-115.080368 47.039501
-115.081993 47.041729
-115.083550 47.043930
-115.087967 47.045479
-115.091759 47.046341
-115.092880 47.046631
-115.096848 47.047729
-115.099052 47.048332
-115.099800 47.048500
-115.108452 47.053051
-115.108978 47.053329
-115.114571 47.057629
-115.116020 47.058830
-115.118507 47.060902
-115.126122 47.066620
-115.131767 47.072472
-115.133133 47.073860
-115.136871 47.078739
-115.138748 47.081192
-115.139748 47.082489
-115.140556 47.084560
-115.141747 47.089409
-115.140900 47.091331
-115.140038 47.094749
-115.139816 47.095390
-115.138176 47.098469
-115.138756 47.099621
-115.139168 47.100449
-115.140053 47.101292
-115.140556 47.101929
-115.147987 47.103519
-115.151352 47.103851
-115.155441 47.104252
-115.156166 47.104321
-115.158821 47.104549
-115.163429 47.105721
-115.166893 47.106602
-115.167686 47.107529
-115.174202 47.115131
-115.174843 47.115860
-115.177177 47.118671
-115.181557 47.124519
-115.183853 47.127579
-115.184158 47.127979
-115.188553 47.131859
-115.190826 47.133881
-115.191811 47.134472
-115.195328 47.136600
-115.197868 47.138142
-115.199409 47.138821
-115.202736 47.140301
-115.207550 47.142460
-115.208496 47.142879
-115.211449 47.144089
-115.214386 47.145542
-115.215950 47.146309
-115.218750 47.147839
-115.222847 47.150089
-115.225456 47.151520
-115.226242 47.151890
-115.228287 47.152142
-115.232300 47.152649
-115.236298 47.153149
-115.239349 47.153530
-115.248047 47.157162
-115.250496 47.158821
-115.252296 47.160030
-115.254318 47.162041
-115.255508 47.163921
-115.255997 47.165401
-115.256233 47.167030
-115.256462 47.171619
-115.256577 47.174080
-115.256653 47.174789
-115.258217 47.177410
-115.260468 47.179409
-115.261093 47.179909
-115.269691 47.183250
-115.270599 47.183361
-115.278656 47.184582
-115.285347 47.185589
-115.288353 47.186039
-115.289993 47.186440
-115.296310 47.188641
-115.299210 47.191761
-115.300491 47.194069
-115.300179 47.197990
-115.299461 47.199219
-115.298660 47.200142
-115.295441 47.203869
-115.293053 47.206772
-115.292671 47.209282
-115.291733 47.210739
-115.291512 47.211849
-115.291901 47.214809
-115.291847 47.216339
-115.293106 47.220642
-115.296371 47.224281
-115.296768 47.224770
-115.300362 47.226959
-115.301178 47.227551
-115.309517 47.230999
-115.310219 47.231289
-115.318100 47.237949
-115.318947 47.238651
-115.321442 47.243080
-115.322273 47.244560
-115.323349 47.247501
-115.322441 47.249039
-115.321846 47.250031
-115.319878 47.252800
-115.319397 47.253471
-115.318588 47.255482
-115.320137 47.258110
-115.323631 47.259251
-115.326012 47.260029
-115.326958 47.260262
-115.331032 47.260990
-115.332062 47.261181
-115.337807 47.262020
-115.342499 47.262501
-115.344719 47.262730
-115.345207 47.262630
-115.349792 47.261749
-115.352058 47.261669
-115.354462 47.261730
-115.358429 47.261822
-115.362732 47.262161
-115.368637 47.263920
-115.371536 47.264790
-115.374802 47.265759
-115.376816 47.266609
-115.378967 47.266861
-115.384979 47.267410
-115.386147 47.267281
-115.389206 47.266930
-115.390907 47.266602
-115.394211 47.265961
-115.400131 47.264801
-115.400818 47.264832
-115.404839 47.264999
-115.408150 47.265259
-115.408806 47.265339
-115.412209 47.266712
-115.413139 47.267090
-115.416389 47.269642
-115.418587 47.272339
-115.420776 47.275021
-115.421219 47.275558
-115.424683 47.279800
-115.427483 47.280128
-115.429443 47.280361
-115.431061 47.280220
-115.432228 47.280121
-115.438583 47.278130
-115.439873 47.277531
-115.443207 47.277050
-115.448387 47.276299
-115.453133 47.276859
-115.455750 47.277172
-115.458046 47.278549
-115.461601 47.280659
-115.462509 47.281200
-115.464333 47.281979
-115.467743 47.283321
-115.469269 47.283680
-115.471138 47.283642
-115.476540 47.283539
-115.477783 47.283520
-115.483116 47.283421
-115.484558 47.283401
-115.487068 47.283932
-115.491241 47.284821
-115.496689 47.285992
-115.501930 47.287109
-115.502937 47.287331
-115.509750 47.290539
-115.515060 47.294380
-115.520767 47.299240
-115.524719 47.302601
-115.526520 47.304440
-115.530350 47.309292
-115.531281 47.310482
-115.537079 47.318039
-115.537979 47.319000
-115.544701 47.327991
-115.545433 47.329319
-115.549347 47.336319
-115.550400 47.338230
-115.553833 47.345871
-115.554268 47.346840
-115.559547 47.350792
-115.561409 47.351372
-115.566101 47.352852
-115.569527 47.354172
-115.572952 47.355480
-115.573753 47.355701
-115.576576 47.356682
-115.578529 47.358959
-115.581337 47.362190
-115.585258 47.365940
-115.586098 47.366749
-115.588890 47.368950
-115.595520 47.374161
-115.597412 47.374989
-115.603020 47.377972
-115.604317 47.378662
-115.609009 47.379921
-115.613121 47.381142
-115.615997 47.382042
-115.619156 47.382900
-115.622787 47.383480
-115.631493 47.384571
-115.643433 47.383282
-115.646767 47.382919
-115.647888 47.382710
-115.648613 47.382961
-115.651939 47.384140
-115.652313 47.385639
-115.652626 47.386902
-115.652946 47.388302
-115.653748 47.392052
-115.656998 47.396629
-115.661713 47.400051
-115.667053 47.402119
-115.671059 47.403660
-115.677887 47.406292
-115.678879 47.406651
-115.679909 47.407661
-115.681686 47.409389
-115.683952 47.411339
-115.691612 47.414211
-115.694572 47.415310
-115.698448 47.416271
-115.703133 47.417801
-115.707687 47.417229
-115.708427 47.417130
-115.713097 47.416821
-115.714157 47.416752
-115.716087 47.417610
-115.718437 47.420219
-115.720200 47.422180
-115.724953 47.425812
-115.728539 47.425472
-115.730293 47.425270
-115.733177 47.424980
-115.734947 47.424660
-115.739761 47.423630
-115.740982 47.423500
-115.744423 47.422989
-115.749733 47.422192
-115.751633 47.422260
-115.753609 47.422340
-115.756897 47.423080
-115.757576 47.423340
-115.759743 47.425579
-115.757187 47.431961
-115.753891 47.434952
-115.751976 47.436680
-115.746628 47.439411
-115.741219 47.442032
-115.734032 47.445511
-115.732140 47.446400
-115.729332 47.447720
-115.720093 47.451180
-115.718567 47.451752
-115.704727 47.454491
-115.692093 47.455971
-115.691437 47.455990
-115.684067 47.456051
-115.682037 47.455780
-115.677307 47.454952
-115.668556 47.453430
-115.664543 47.453850
-115.661110 47.454220
-115.658669 47.454899
-115.651978 47.456749
-115.646118 47.458820
-115.645447 47.459061
-115.643509 47.460552
-115.641197 47.462601
-115.640488 47.463921
-115.639427 47.465881
-115.635033 47.473991
-115.634911 47.474628
-115.635452 47.477421
-115.636856 47.478519
-115.641533 47.478020
-115.647507 47.477390
-115.650909 47.477299
-115.651527 47.477322
-115.654877 47.477409
-115.656158 47.477440
-115.657471 47.477730
-115.659500 47.478970
-115.660141 47.479462
-115.663116 47.483410
-115.665802 47.486561
-115.667686 47.487930
-115.668373 47.487732
-115.673027 47.486389
-115.679008 47.485161
-115.680946 47.484760
-115.681847 47.484779
-115.684326 47.484802
-115.686539 47.485001
-115.689117 47.487019
-115.689713 47.487480
-115.690323 47.489700
-115.690880 47.493340
-115.691223 47.495510
-115.691292 47.496479
-115.693459 47.500179
-115.694946 47.501541
-115.696846 47.503410
-115.698051 47.504589
-115.700111 47.505840
-115.703407 47.508770
-115.705276 47.510441
-115.706329 47.512241
-115.708687 47.516300
-115.709389 47.517410
-115.708893 47.520950
-115.708511 47.521782
-115.704689 47.524860
-115.702042 47.527649
-115.699997 47.529819
-115.700813 47.532249
-115.705536 47.534050
-115.710892 47.534000
-115.718407 47.533501
-115.718933 47.533520
-115.721107 47.533600
-115.725639 47.533871
-115.731377 47.535961
-115.733803 47.536839
-115.736206 47.537670
-115.742989 47.539452
-115.747772 47.540710
-115.749809 47.541252
-115.753601 47.545292
-115.753838 47.548809
-115.753883 47.549412
-115.752487 47.553532
-115.752121 47.553932
-115.750107 47.556099
-115.749161 47.556969
-115.744057 47.560799
-115.737061 47.566059
-115.736206 47.566689
-115.733177 47.568329
-115.730316 47.569630
-115.729416 47.569920
-115.725380 47.570889
-115.724556 47.571461
-115.723297 47.572342
-115.722359 47.573460
-115.720467 47.575592
-115.719078 47.577160
-115.715897 47.578751
-115.715111 47.579151
-115.712723 47.579639
-115.709473 47.580471
-115.705727 47.581421
-115.705429 47.582081
-115.704323 47.584450
-115.703163 47.586960
-115.700027 47.589230
-115.696709 47.590500
-115.695236 47.591061
-115.692757 47.591560
-115.689842 47.592602
-115.689461 47.595570
-115.690720 47.598801
-115.691223 47.600780
-115.692368 47.601910
-115.693428 47.603519
-115.694473 47.605099
-115.695007 47.606510
-115.695511 47.609570
-115.695541 47.610130
-115.695618 47.611870
-115.695557 47.614262
-115.695549 47.615372
-115.695541 47.619740
-115.696449 47.623402
-115.696953 47.625969
-115.697273 47.626862
-115.701286 47.630692
-115.709419 47.634762
-115.715820 47.636879
-115.718491 47.637772
-115.722221 47.639542
-115.727859 47.642529
-115.730888 47.647049
-115.732086 47.649132
-115.733223 47.655762
-115.733597 47.658001
-115.733589 47.659740
-115.733032 47.661980
-115.731598 47.665390
-115.728851 47.670238
-115.728416 47.671009
-115.726570 47.676262
-115.726036 47.677959
-115.724716 47.682850
-115.723999 47.686642
-115.723846 47.688332
-115.723999 47.696281
-115.725410 47.699951
-115.728737 47.702782
-115.732933 47.706329
-115.742859 47.711479
-115.743721 47.711922
-115.753258 47.714890
-115.754868 47.715752
-115.756653 47.716702
-115.757362 47.716679
-115.760742 47.716579
-115.763901 47.716492
-115.766083 47.716419
-115.770111 47.716301
-115.770691 47.716290
-115.774887 47.717880
-115.778488 47.720901
-115.782097 47.724499
-115.782478 47.724880
-115.784050 47.728039
-115.784813 47.732571
-115.785019 47.733829
-115.783920 47.735779
-115.783508 47.739441
-115.783081 47.743229
-115.785393 47.746330
-115.786797 47.747761
-115.798973 47.755310
-115.805847 47.756290
-115.807861 47.756271
-115.814377 47.755402
-115.818657 47.754810
-115.822670 47.752342
-115.823303 47.752129
-115.827477 47.750751
-115.831436 47.752319
-115.832520 47.754711
-115.833427 47.756489
-115.834877 47.761539
-115.835747 47.765110
-115.836349 47.767509
-115.838173 47.771931
-115.838402 47.772499
-115.843063 47.777939
-115.843643 47.778481
-115.846237 47.782299
-115.847946 47.786381
-115.847656 47.793640
-115.847946 47.798840
-115.848106 47.801479
-115.847923 47.804359
-115.848122 47.810810
-115.848236 47.814800
-115.848297 47.815411
-115.850098 47.820881
-115.853699 47.825352
-115.863777 47.830891
-115.868156 47.833290
-115.873459 47.836201
-115.875946 47.840179
-115.877617 47.842831
-115.878746 47.844631
-115.879211 47.844921
-115.883102 47.847401
-115.889206 47.846760
-115.889923 47.846390
-115.893959 47.844311
-115.895866 47.843430
-115.897797 47.842701
-115.900307 47.842541
-115.902176 47.845032
-115.903503 47.846802
-115.904137 47.847500
-115.907646 47.849842
-115.909187 47.850960
-115.914238 47.853291
-115.919373 47.858742
-115.924469 47.864140
-115.925903 47.865662
-115.930710 47.871071
-115.936852 47.878159
-115.941681 47.883720
-115.949059 47.888180
-115.957092 47.893612
-115.961166 47.896370
-115.961380 47.896889
-115.964348 47.904522
-115.965446 47.907169
-115.965706 47.907780
-115.975616 47.914299
-115.976830 47.914829
-115.980698 47.916260
-115.982216 47.916821
-115.984230 47.918221
-115.987190 47.920830
-115.991386 47.924530
-115.994766 47.927521
-115.998253 47.932842
-116.000427 47.936161
-116.001190 47.937500
-116.004150 47.942070
-116.007736 47.947620
-116.008438 47.948711
-116.010887 47.953602
-116.017097 47.960022
-116.020813 47.963852
-116.021477 47.964512
-116.022430 47.964951
-116.026711 47.966789
-116.032509 47.967289
-116.041328 47.969631
-116.043541 47.970501
-116.045067 47.971390
-116.047096 47.973011
-116.047112 47.974579
-116.047478 48.038719
-116.047623 48.064240
-116.047813 48.086819
-116.047867 48.094090
-116.048157 48.123230
-116.048218 48.153191
-116.048370 48.215519
-116.048813 48.292179
-116.048866 48.321709
-116.050301 48.502392
-116.049561 48.611832
-116.049637 48.644619
-116.049713 48.672802
-116.049850 48.730080
-116.049881 48.743019
-116.049950 48.773499
-116.049927 48.866562
-116.050743 48.888149
-116.050720 49.000050
-116.050720 49.000374
-116.042007 49.000328
-116.027054 49.000355
-116.027046 49.000916
-116.013474 49.000946
-116.010086 49.000954
-116.000000 49.000973
-115.984314 49.001003
-115.934235 49.001080
-115.818115 49.001156
-115.816254 49.001156
-115.758392 49.001141
-115.708748 49.001099
-115.675262 49.001060
-115.648247 49.001015
-115.645462 49.001011
-115.605904 49.000935
-115.550385 49.000801
-115.519997 49.000713
-115.513870 49.000702
-115.502831 49.000793
-115.501877 49.000420
-115.469421 49.000366
-115.378899 49.000061
-115.323921 49.000069
-115.320534 49.000065
-115.318932 49.000065
-115.311676 49.000061
-115.295303 49.000046
-115.281792 49.000034
-115.273834 49.000027
-115.264351 49.000019
-115.261490 49.000015
-115.260254 49.000011
-115.259171 49.000011
-115.240341 49.000011
-115.208122 49.000046
-115.206696 49.000046
-115.199837 49.000053
-115.193985 49.000057
-115.191826 49.000057
-115.184189 49.000061
-115.181679 49.000065
-115.181549 49.000065
-115.181351 49.000065
-115.170975 49.000069
-115.170319 49.000069
-115.170120 49.000069
-115.163498 49.000072
-115.161720 49.000072
-115.128151 49.000080
-115.082611 49.000072
-115.081154 49.000072
-115.060600 49.000061
-115.057533 49.000057
-115.057381 49.000057
-115.051208 49.000107
-115.048042 49.000107
-114.735954 49.000099
-114.726662 49.000130
-114.726250 49.000130
-114.676659 49.000244
-114.673355 49.000191
-114.671944 49.000095
-114.245026 49.000084
-114.123390 49.000080
-114.106201 49.000080
-114.069771 49.000065
-114.069290 49.000065
-114.070236 49.000683
-114.069336 49.000679
-114.069031 49.000065
-114.068497 49.000065
-114.064842 49.000061
-114.058182 49.000057
-114.057930 49.000057
-114.050835 49.000053
-114.050644 49.000053
-114.049011 49.000050
-114.040573 49.000046
-114.029610 49.000034
-114.023506 49.000027
-114.020325 49.000023
-114.017075 49.000019
-114.015945 49.000019
-114.009323 49.000011
-114.003670 49.000011
-114.000000 49.000011
-113.995232 49.000008
-113.991867 49.000011
-113.959778 49.000042
-113.924797 49.000065
-113.905235 49.000076
-113.905174 49.000076
-113.904320 49.000076
-113.893257 49.000080
-113.846161 49.000076
-113.839256 49.000072
-113.838013 49.000072
-113.810722 49.000057
-113.755814 49.000057
-113.716393 49.000038
-113.716316 49.000038
-113.707260 49.000046
-113.702988 49.000050
-113.698906 49.000053
-113.684341 49.000061
-113.681595 49.000065
-113.672951 49.000069
-113.661552 49.000072
-113.653374 49.000076
-113.622841 49.000080
-113.618080 49.000080
-113.615875 49.000080
-113.614655 49.000080
-113.613243 49.000080
-113.608704 49.000080
-113.530281 49.000034
-113.529755 49.000034
-113.527992 49.000034
-113.519264 49.000023
-113.508461 49.000008
-113.501671 49.000000
-113.500984 49.000004
-113.500107 49.000008
-113.500000 49.000008
-113.499672 49.000008
-113.499565 49.000008
-113.497200 49.000015
-113.496513 49.000015
-113.491951 49.000011
-113.484802 49.000019
-113.474380 49.000031
-113.463875 49.000038
-113.454544 49.000050
-113.439072 49.000057
-113.424904 49.000069
-113.403267 49.000072
-113.382774 49.000080
-113.377556 49.000080
-113.349846 49.000076
-113.347839 49.000076
-113.341187 49.000076
-113.338486 49.000072
-113.319405 49.000057
-113.251434 49.000004
-113.251389 49.000004
-113.250000 49.000000
-113.225006 49.000061
-113.213737 49.000038
-113.170509 49.000061
-113.142731 49.000080
-113.096741 49.000076
-113.085571 49.000072
-113.084541 49.000072
-113.077736 49.000069
-113.035767 49.000034
-113.015915 49.000019
-113.015091 49.000019
-113.012085 49.000015
-113.010536 49.000011
-113.010307 49.000015
-113.010071 49.000015
-113.009361 49.000015
-113.004837 49.000019
-113.000000 49.000023
-112.997917 49.000023
-112.997864 49.000023
-112.996910 49.000023
-112.991264 49.000027
-112.985756 49.000031
-112.972839 49.000038
-112.960564 49.000042
-112.942345 49.000057
-112.901062 49.000057
-112.801025 49.000053
-112.798592 49.000042
-112.786507 49.000042
-112.765770 49.000019
-112.751358 49.000042
-112.749344 49.000046
-112.748558 49.000046
-112.748444 49.000046
-112.748169 49.000046
-112.699028 49.000053
-112.698830 49.000053
-112.698616 49.000053
-112.698341 49.000053
-112.698044 49.000053
-112.697983 49.000053
-112.690613 49.000057
-112.653656 49.000072
-112.648262 49.000076
-112.642281 49.000076
-112.631714 49.000080
-112.630630 49.000080
-112.630425 49.000080
-112.629883 49.000080
-112.627312 49.000084
-112.620094 49.000092
-112.620033 49.000088
-112.619690 49.000088
-112.619614 49.000088
-112.618370 49.000080
-112.600266 49.000076
-112.575066 49.000069
-112.571892 49.000065
-112.565750 49.000061
-112.559097 49.000057
-112.557579 49.000065
-112.557182 49.000065
-112.557037 49.000065
-112.556381 49.000061
-112.556335 49.000061
-112.555389 49.000057
-112.554512 49.000053
-112.553993 49.000053
-112.547829 49.000050
-112.547729 49.000050
-112.541580 49.000046
-112.534454 49.000038
-112.528625 49.000034
-112.525803 49.000031
-112.502899 49.000004
-112.501282 49.000000
-112.500854 49.000000
-112.500473 49.000000
-112.500000 49.000000
-112.457924 49.000046
-112.456154 49.000046
-112.409584 49.000076
-112.409584 49.000603
-112.368088 49.000671
-112.191147 49.000599
-112.191170 49.000202
-112.191177 49.000057
-112.180756 49.000065
-112.172470 49.000069
-112.165062 49.000072
-112.147079 49.000080
-112.142746 49.000080
-112.134628 49.000080
-112.127281 49.000080
-112.117432 49.000080
-112.113014 49.000080
-112.093872 49.000076
-112.072807 49.000065
-112.063126 49.000057
-112.060028 49.000057
-112.058487 49.000057
-112.044952 49.000050
-112.025475 49.000031
-112.020172 49.000027
-112.009537 49.000015
-112.004318 49.000011
-112.000000 49.000004
-111.999260 49.000000
-111.972801 49.000031
-111.969704 49.000034
-111.965263 49.000038
-111.962830 49.000042
-111.960838 49.000042
-111.953407 49.000050
-111.941643 49.000057
-111.920113 49.000069
-111.918167 49.000072
-111.897499 49.000095
-111.875824 49.000118
-111.855377 49.000141
-111.841682 49.000076
-111.841354 49.000072
-111.836647 49.000072
-111.834984 49.000072
-111.831520 49.000072
-111.824326 49.000069
-111.812027 49.000061
-111.810646 49.000061
-111.808739 49.000057
-111.801392 49.000053
-111.799797 49.000053
-111.791069 49.000046
-111.790070 49.000042
-111.786346 49.000038
-111.786079 49.000038
-111.780983 49.000034
-111.778641 49.000034
-111.774826 49.000031
-111.774590 49.000031
-111.765518 49.000019
-111.684441 49.000065
-111.666138 49.000072
-111.631073 49.000080
-111.608994 49.000080
-111.608742 49.000080
-111.584885 49.000072
-111.566025 49.000061
-111.555542 49.000053
-111.546326 49.000050
-111.530624 49.000034
-111.525589 49.000031
-111.518021 49.000023
-111.513237 49.000015
-111.512993 49.000015
-111.508987 49.000011
-111.508820 49.000011
-111.507690 49.000011
-111.504753 49.000015
-111.501762 49.000015
-111.500824 49.000019
-111.500000 49.000019
-111.496353 49.000023
-111.476936 49.000042
-111.421318 49.000069
-111.396690 49.000080
-111.390717 49.000080
-111.386528 49.000080
-111.378212 49.000080
-111.377052 49.000080
-111.374023 49.000084
-111.353203 49.000107
-111.346382 49.000114
-111.341301 49.000122
-111.301010 49.000065
-111.282204 49.000034
-111.268829 49.000015
-111.250313 49.000000
-111.250244 49.000000
-111.250000 49.000000
-111.243622 49.000004
-111.074326 49.000069
-111.002693 49.000004
-111.000000 49.000000
-110.999710 49.000000
-110.996994 49.000004
-110.993477 49.000008
-110.760788 49.000000
-110.750679 49.000000
-110.750000 49.000000
-110.749893 49.000000
-110.739433 49.000008
-110.673874 49.000069
-110.657654 49.000072
-110.644432 49.000076
-110.642433 49.000080
-110.638756 49.000080
-110.637321 49.000080
-110.635605 49.000080
-110.594284 49.000145
-110.586967 49.000126
-110.583229 49.000118
-110.571045 49.000065
-110.558502 49.000057
-110.552765 49.000053
-110.547203 49.000050
-110.523643 49.000050
-110.500000 49.000050
-110.469597 49.000034
-110.461433 49.000042
-110.453979 49.000046
-110.440834 49.000057
-110.422180 49.000069
-110.415359 49.000072
-110.402672 49.000069
-110.376854 49.000061
-110.271446 49.000027
-110.244614 49.000031
-110.223099 49.000031
-110.216057 49.000038
-110.207787 49.000046
-110.194420 49.000057
-110.073174 49.000069
-110.007919 49.000057
-110.005020 49.000057
-110.004616 49.000053
-110.000450 49.000000
-110.000000 49.000000
-109.997154 49.000004
-109.997086 49.000004
-109.947975 49.000053
-109.883011 49.000042
-109.768326 49.000019
-109.764984 49.000019
-109.754501 49.000061
-109.752098 49.000072
-109.750710 49.000076
-109.745888 49.000042
-109.741287 49.000011
-109.740692 49.000011
-109.739548 49.000011
-109.718826 49.000034
-109.648041 49.000076
-109.643051 49.000111
-109.621536 49.000252
-109.613762 49.000301
-109.597633 49.000298
-109.565392 49.000290
-109.556900 49.000286
-109.554504 49.000282
-109.545670 49.000278
-109.543884 49.000278
-109.543793 49.000278
-109.543022 49.000278
-109.539093 49.000275
-109.537720 49.000275
-109.536858 49.000275
-109.528511 49.000271
-109.524910 49.000267
-109.523918 49.000267
-109.500000 49.000244
-109.499611 49.000244
-109.496628 49.000240
-109.496483 49.000240
-109.494743 49.000240
-109.491425 49.000237
-109.484428 49.000225
-109.479332 49.000221
-109.475182 49.000217
-109.471092 49.000210
-109.467834 49.000206
-109.437187 49.000160
-109.434280 49.000153
-109.429909 49.000149
-109.426086 49.000149
-109.423309 49.000153
-109.421928 49.000153
-109.416512 49.000156
-109.413025 49.000160
-109.412842 49.000160
-109.374809 49.000183
-109.365829 49.000156
-109.363823 49.000149
-109.344437 49.000084
-109.342033 49.000076
-109.341972 49.000076
-109.341934 49.000076
-109.341476 49.000076
-109.336761 49.000072
-109.327438 49.000069
-109.293388 49.000046
-109.250580 49.000000
-109.250191 49.000000
-109.250053 49.000000
-109.248375 49.000011
-109.247208 49.000015
-109.246895 49.000019
-109.231110 49.000118
-109.228828 49.000134
-109.220238 49.000187
-109.212341 49.000042
-109.211548 49.000042
-109.013168 49.000053
-109.002670 49.000000
-109.000000 49.000000
-108.967667 49.000031
-108.942169 49.000118
-108.660927 49.001049
-108.440773 49.000782
-108.409889 49.000843
-108.305649 49.001049
-108.284401 49.000721
-108.238426 49.000919
-108.174652 49.000801
-108.152390 49.000664
-108.134270 49.000553
-108.130760 49.000561
-108.119759 49.000587
-108.108803 49.000610
-108.106705 49.000595
-108.055275 49.000256
-108.021027 49.000031
-108.010086 49.000076
-108.002686 49.000111
-107.999756 49.000122
-107.948982 49.000599
-107.926346 49.000648
-107.905067 49.000721
-107.839050 49.000854
-107.729446 49.001080
-107.704056 49.001041
-107.658791 49.001060
-107.549713 49.001129
-107.533676 49.001125
-107.527069 49.001122
-107.420052 49.001129
-107.332237 49.001030
-107.292870 49.001431
-107.289680 49.001461
-107.244400 49.001339
-107.208855 49.001232
