>
-71.577065 41.231892
-71.577065 41.231060
-71.576508 41.231060
-71.576508 41.230503
-71.575951 41.230503
-71.575951 41.229671
-71.575394 41.229671
-71.575394 41.229393
-71.575119 41.229393
-71.575119 41.229115
-71.574844 41.229115
-71.574844 41.228558
-71.574562 41.228558
-71.574593 41.228287
-71.574005 41.228283
-71.574028 41.228008
-71.573730 41.228004
-71.573730 41.227791
-71.573479 41.227673
-71.573456 41.227448
-71.573006 41.227448
-71.572617 41.227448
-71.572617 41.227261
-71.572617 41.227169
-71.572418 41.227169
-71.572342 41.227169
-71.572342 41.226894
-71.571846 41.226894
-71.571785 41.226337
-71.570679 41.226337
-71.570679 41.225780
-71.569557 41.225800
-71.569565 41.225502
-71.568932 41.225502
-71.568451 41.225502
-71.568451 41.225273
-71.566505 41.225227
-71.566505 41.225502
-71.564842 41.225502
-71.564842 41.225227
-71.563728 41.225227
-71.563728 41.224670
-71.561783 41.224670
-71.561783 41.224392
-71.561508 41.224392
-71.561508 41.224113
-71.561234 41.224113
-71.561234 41.223560
-71.560951 41.223560
-71.560951 41.223282
-71.560677 41.223282
-71.560677 41.222446
-71.560394 41.222446
-71.560394 41.222172
-71.559845 41.222172
-71.559845 41.221893
-71.559563 41.221893
-71.559563 41.221336
-71.559288 41.221336
-71.559288 41.219948
-71.558731 41.219948
-71.558731 41.219669
-71.558456 41.219669
-71.558456 41.219391
-71.558174 41.219391
-71.558174 41.218838
-71.557343 41.218838
-71.557343 41.218559
-71.557060 41.218559
-71.557060 41.218281
-71.556786 41.218281
-71.556786 41.217728
-71.555954 41.217728
-71.555954 41.217171
-71.555397 41.217171
-71.555397 41.216335
-71.554840 41.216335
-71.554840 41.215782
-71.555122 41.215782
-71.555122 41.214394
-71.554840 41.214394
-71.554840 41.213837
-71.554565 41.213837
-71.554565 41.213558
-71.554283 41.213558
-71.554283 41.212727
-71.554565 41.212727
-71.554565 41.211891
-71.554840 41.211891
-71.554840 41.211060
-71.555397 41.211060
-71.555397 41.208282
-71.555954 41.208282
-71.555954 41.207447
-71.556511 41.207447
-71.556511 41.206615
-71.557343 41.206615
-71.557343 41.205780
-71.557617 41.205780
-71.557617 41.205227
-71.557899 41.205227
-71.557899 41.204391
-71.558174 41.204391
-71.558174 41.203560
-71.558731 41.203560
-71.558731 41.203281
-71.559288 41.203281
-71.559288 41.203003
-71.559563 41.203003
-71.559563 41.202724
-71.559845 41.202724
-71.559845 41.202450
-71.560150 41.202461
-71.560120 41.201893
-71.560326 41.201893
-71.560951 41.201893
-71.560951 41.201061
-71.561508 41.201061
-71.561508 41.200504
-71.561783 41.200504
-71.561783 41.200226
-71.562065 41.200226
-71.562065 41.199669
-71.562340 41.199669
-71.562340 41.198837
-71.562622 41.198837
-71.562622 41.198006
-71.563454 41.198006
-71.563454 41.197170
-71.563728 41.197170
-71.563728 41.196339
-71.564011 41.196339
-71.564011 41.196060
-71.564285 41.196060
-71.564285 41.195503
-71.564568 41.195503
-71.564568 41.194672
-71.564842 41.194672
-71.564842 41.193558
-71.565399 41.193558
-71.565399 41.193005
-71.565117 41.193005
-71.565117 41.191895
-71.565674 41.191895
-71.565674 41.191338
-71.565399 41.191338
-71.565399 41.191059
-71.565956 41.191059
-71.565956 41.190228
-71.566231 41.190228
-71.566231 41.189392
-71.566505 41.189392
-71.566505 41.188839
-71.566231 41.188839
-71.566231 41.188560
-71.566505 41.188560
-71.566505 41.186615
-71.566231 41.186615
-71.566231 41.186337
-71.566788 41.186337
-71.566788 41.186058
-71.566231 41.186058
-71.566231 41.185783
-71.566788 41.185783
-71.566788 41.185226
-71.566231 41.185226
-71.566231 41.183838
-71.565956 41.183838
-71.565956 41.183559
-71.566231 41.183559
-71.566231 41.183281
-71.565956 41.183281
-71.565956 41.183002
-71.565674 41.183002
-71.565674 41.182728
-71.565399 41.182728
-71.565399 41.182171
-71.565117 41.182171
-71.565117 41.181061
-71.564842 41.181061
-71.564842 41.180782
-71.564568 41.180782
-71.564568 41.180504
-71.564842 41.180504
-71.564842 41.179947
-71.564011 41.179947
-71.564011 41.179115
-71.563728 41.179115
-71.563728 41.178558
-71.563454 41.178558
-71.563454 41.178005
-71.562897 41.178005
-71.562897 41.177448
-71.562622 41.177448
-71.562622 41.177170
-71.562340 41.177170
-71.562340 41.176617
-71.561508 41.176617
-71.561508 41.176338
-71.561234 41.176338
-71.561234 41.176060
-71.560951 41.176060
-71.560951 41.175503
-71.560120 41.175503
-71.560120 41.175224
-71.559845 41.175224
-71.559845 41.174950
-71.559013 41.174950
-71.559013 41.175224
-71.558456 41.175224
-71.558456 41.175503
-71.558235 41.175510
-71.558174 41.176060
-71.557343 41.176060
-71.557343 41.175781
-71.555672 41.175781
-71.555672 41.175503
-71.557899 41.175503
-71.557899 41.175224
-71.558174 41.175224
-71.558174 41.174950
-71.558456 41.174950
-71.558456 41.174671
-71.558174 41.174671
-71.558174 41.174114
-71.557404 41.174114
-71.557060 41.174114
-71.557060 41.174393
-71.556786 41.174393
-71.556786 41.174114
-71.556229 41.174114
-71.556229 41.173836
-71.555397 41.173836
-71.555397 41.174393
-71.555122 41.174393
-71.555122 41.174950
-71.554840 41.174950
-71.554840 41.176060
-71.554283 41.176060
-71.554283 41.176338
-71.554008 41.176338
-71.554008 41.176891
-71.553734 41.176891
-71.553734 41.177170
-71.553452 41.177170
-71.553452 41.176617
-71.553734 41.176617
-71.553734 41.176060
-71.554008 41.176060
-71.554008 41.175224
-71.554283 41.175224
-71.554283 41.173561
-71.554008 41.173561
-71.554008 41.172447
-71.553452 41.172447
-71.553452 41.171337
-71.553177 41.171337
-71.553177 41.170227
-71.552895 41.170227
-71.552895 41.169949
-71.552345 41.169949
-71.552345 41.169392
-71.552063 41.169392
-71.552063 41.168282
-71.551788 41.168282
-71.551788 41.168003
-71.551231 41.168003
-71.551231 41.167171
-71.549286 41.167171
-71.549286 41.166893
-71.549011 41.166893
-71.549011 41.166615
-71.548729 41.166615
-71.548729 41.166336
-71.548172 41.166336
-71.548172 41.166058
-71.547623 41.166058
-71.547623 41.166336
-71.547340 41.166336
-71.547340 41.166615
-71.546783 41.166615
-71.546783 41.166336
-71.546509 41.166336
-71.546509 41.166058
-71.545952 41.166058
-71.545952 41.165504
-71.544846 41.165504
-71.544846 41.164394
-71.545395 41.164394
-71.545395 41.163837
-71.545120 41.163837
-71.545120 41.163002
-71.544846 41.163002
-71.544846 41.162727
-71.544289 41.162727
-71.544289 41.162170
-71.544006 41.162170
-71.544006 41.161339
-71.544563 41.161339
-71.544563 41.160503
-71.544846 41.160503
-71.544846 41.159672
-71.545395 41.159672
-71.545395 41.159115
-71.544846 41.159115
-71.544846 41.158005
-71.545120 41.158005
-71.545120 41.157169
-71.545952 41.157169
-71.545952 41.156616
-71.546234 41.156616
-71.546234 41.156338
-71.546509 41.156338
-71.546509 41.155781
-71.546234 41.155781
-71.546234 41.154671
-71.546783 41.154671
-71.546783 41.154114
-71.547066 41.154114
-71.547066 41.153835
-71.548172 41.153835
-71.548172 41.153561
-71.548454 41.153561
-71.548454 41.153282
-71.549011 41.153282
-71.549011 41.152725
-71.549286 41.152725
-71.549286 41.152447
-71.550117 41.152447
-71.550117 41.151894
-71.550400 41.151894
-71.550400 41.152172
-71.551506 41.152172
-71.551506 41.151894
-71.552063 41.151894
-71.552063 41.152172
-71.553452 41.152172
-71.553452 41.151894
-71.556511 41.151894
-71.556511 41.151615
-71.557617 41.151615
-71.557617 41.151337
-71.559006 41.151337
-71.559006 41.151058
-71.560951 41.151058
-71.560951 41.150780
-71.561783 41.150780
-71.561783 41.150227
-71.563171 41.150227
-71.563171 41.149948
-71.564011 41.149948
-71.564011 41.149670
-71.564568 41.149670
-71.564568 41.149391
-71.565117 41.149391
-71.565117 41.149117
-71.566231 41.149117
-71.566231 41.148838
-71.567062 41.148838
-71.567062 41.149117
-71.568176 41.149117
-71.568176 41.149391
-71.569283 41.149391
-71.569283 41.149670
-71.570396 41.149670
-71.570396 41.149391
-71.570679 41.149391
-71.570679 41.149670
-71.571510 41.149670
-71.571510 41.149391
-71.572617 41.149391
-71.572617 41.149117
-71.573730 41.149117
-71.573730 41.148838
-71.574287 41.148838
-71.574287 41.148560
-71.576508 41.148560
-71.576508 41.148281
-71.577065 41.148281
-71.577065 41.148003
-71.577339 41.148003
-71.577339 41.148281
-71.578453 41.148281
-71.578453 41.148560
-71.579842 41.148560
-71.579842 41.148838
-71.580116 41.148838
-71.580116 41.149117
-71.582901 41.149117
-71.582901 41.148838
-71.584007 41.148838
-71.584007 41.148560
-71.584564 41.148560
-71.584564 41.148281
-71.584839 41.148281
-71.584839 41.148560
-71.585678 41.148560
-71.585678 41.148281
-71.586227 41.148281
-71.586227 41.148560
-71.587067 41.148560
-71.587067 41.148281
-71.587898 41.148281
-71.587898 41.148003
-71.589287 41.148003
-71.589287 41.147724
-71.589561 41.147724
-71.589561 41.147449
-71.591232 41.147449
-71.591232 41.147171
-71.592064 41.147171
-71.592064 41.146893
-71.593727 41.146893
-71.593727 41.147171
-71.594284 41.147171
-71.594284 41.147449
-71.595123 41.147449
-71.595123 41.147171
-71.595398 41.147171
-71.595398 41.147449
-71.596512 41.147449
-71.596512 41.147171
-71.598648 41.147171
-71.599007 41.147171
-71.599007 41.147057
-71.599007 41.146893
-71.599556 41.146877
-71.599564 41.147449
-71.600395 41.147449
-71.600395 41.147724
-71.601509 41.147724
-71.601509 41.148281
-71.601784 41.148281
-71.601784 41.148560
-71.602341 41.148560
-71.602341 41.148281
-71.602623 41.148281
-71.602623 41.148838
-71.603172 41.148838
-71.603172 41.149117
-71.603729 41.149117
-71.603729 41.149391
-71.604286 41.149391
-71.604286 41.149670
-71.604561 41.149670
-71.604561 41.149948
-71.605118 41.149948
-71.605118 41.150227
-71.605675 41.150227
-71.605675 41.150505
-71.606789 41.150505
-71.606789 41.151058
-71.607895 41.151058
-71.607895 41.151615
-71.608734 41.151615
-71.608734 41.152172
-71.609283 41.152172
-71.609283 41.152447
-71.609840 41.152447
-71.609840 41.153004
-71.610672 41.153004
-71.610672 41.153282
-71.610954 41.153282
-71.610954 41.153835
-71.611511 41.153835
-71.611511 41.154114
-71.612061 41.154114
-71.612061 41.154392
-71.611511 41.154392
-71.611511 41.154671
-71.612061 41.154671
-71.612061 41.154949
-71.612343 41.154949
-71.612343 41.156616
-71.612617 41.156616
-71.612617 41.156891
-71.612900 41.156891
-71.612900 41.161339
-71.612343 41.161339
-71.612343 41.161613
-71.612061 41.161613
-71.612061 41.161892
-71.611511 41.161892
-71.611511 41.162727
-71.611229 41.162727
-71.611229 41.163559
-71.610954 41.163559
-71.610954 41.164116
-71.611229 41.164116
-71.611229 41.164669
-71.610954 41.164669
-71.610954 41.166058
-71.611229 41.166058
-71.611229 41.168282
-71.610954 41.168282
-71.610954 41.169392
-71.610672 41.169392
-71.610672 41.169949
-71.610123 41.169949
-71.610123 41.170780
-71.609840 41.170780
-71.609840 41.171894
-71.609566 41.171894
-71.609566 41.172726
-71.609009 41.172726
-71.609009 41.173004
-71.608734 41.173004
-71.608734 41.173561
-71.608452 41.173561
-71.608452 41.175224
-71.608177 41.175224
-71.608177 41.176338
-71.607895 41.176338
-71.607895 41.176891
-71.607346 41.176891
-71.607346 41.177727
-71.607063 41.177727
-71.607063 41.178558
-71.606789 41.178558
-71.606789 41.179394
-71.606506 41.179394
-71.606506 41.181061
-71.606232 41.181061
-71.606232 41.181892
-71.605675 41.181892
-71.605675 41.182728
-71.604843 41.182728
-71.604843 41.183002
-71.604561 41.183002
-71.604561 41.183281
-71.603172 41.183281
-71.603172 41.183559
-71.600952 41.183559
-71.600952 41.184116
-71.600677 41.184116
-71.600677 41.184391
-71.599838 41.184391
-71.599838 41.184669
-71.599289 41.184669
-71.599289 41.185226
-71.598732 41.185226
-71.598732 41.186058
-71.598175 41.186058
-71.598175 41.186615
-71.597900 41.186615
-71.597900 41.186893
-71.597343 41.186893
-71.597343 41.187172
-71.596512 41.187172
-71.596512 41.187725
-71.596230 41.187725
-71.596230 41.188004
-71.595955 41.188004
-71.595955 41.188282
-71.595673 41.188282
-71.595673 41.188839
-71.595123 41.188839
-71.595123 41.189671
-71.594566 41.189671
-71.594566 41.189949
-71.594284 41.189949
-71.594284 41.190502
-71.594009 41.190502
-71.594009 41.191616
-71.593727 41.191616
-71.593727 41.192169
-71.593452 41.192169
-71.593452 41.192726
-71.593727 41.192726
-71.593727 41.193283
-71.593452 41.193283
-71.593452 41.194950
-71.593178 41.194950
-71.593178 41.197727
-71.592896 41.197727
-71.592896 41.199116
-71.592339 41.199116
-71.592339 41.198837
-71.592064 41.198837
-71.592064 41.198280
-71.591232 41.198280
-71.591232 41.198006
-71.590950 41.198006
-71.590950 41.197449
-71.590675 41.197449
-71.590675 41.196892
-71.590118 41.196892
-71.590118 41.196613
-71.589561 41.196613
-71.589561 41.196339
-71.588730 41.196339
-71.588730 41.196060
-71.588173 41.196060
-71.588173 41.194672
-71.588455 41.194672
-71.588455 41.194393
-71.588730 41.194393
-71.588730 41.193836
-71.589287 41.193836
-71.589287 41.193005
-71.589844 41.193005
-71.589844 41.192726
-71.590118 41.192726
-71.590118 41.192448
-71.590675 41.192448
-71.590675 41.191616
-71.591232 41.191616
-71.591232 41.191338
-71.591789 41.191338
-71.591789 41.190781
-71.592064 41.190781
-71.592064 41.190502
-71.591232 41.190502
-71.591232 41.189114
-71.589844 41.189114
-71.589844 41.189392
-71.589561 41.189392
-71.589561 41.189671
-71.588455 41.189671
-71.588455 41.189949
-71.588173 41.189949
-71.588173 41.190228
-71.587898 41.190228
-71.587898 41.191059
-71.587341 41.191059
-71.587341 41.190781
-71.586784 41.190781
-71.586784 41.190228
-71.586510 41.190228
-71.586510 41.188839
-71.585953 41.188839
-71.585953 41.188560
-71.585396 41.188560
-71.585396 41.188004
-71.584564 41.188004
-71.584564 41.187725
-71.583733 41.187725
-71.583733 41.187172
-71.584007 41.187172
-71.584007 41.186893
-71.584290 41.186893
-71.584290 41.186337
-71.584007 41.186337
-71.584007 41.186058
-71.583733 41.186058
-71.583733 41.185783
-71.583450 41.185783
-71.583450 41.185505
-71.583176 41.185505
-71.583176 41.185226
-71.582901 41.185226
-71.582901 41.184948
-71.583733 41.184948
-71.583733 41.184391
-71.583176 41.184391
-71.583176 41.184116
-71.582344 41.184116
-71.582344 41.183559
-71.581787 41.183559
-71.581757 41.183285
-71.581230 41.183281
-71.581230 41.183002
-71.580399 41.183002
-71.580399 41.182728
-71.580116 41.182728
-71.580116 41.182449
-71.577896 41.182449
-71.577896 41.182728
-71.576508 41.182728
-71.576508 41.182449
-71.576790 41.182449
-71.576790 41.181892
-71.575119 41.181892
-71.575119 41.182171
-71.574005 41.182171
-71.574005 41.181892
-71.574287 41.181892
-71.574287 41.181335
-71.572342 41.181335
-71.572342 41.182171
-71.572067 41.182171
-71.572067 41.182728
-71.571785 41.182728
-71.571785 41.183002
-71.572067 41.183002
-71.572067 41.184116
-71.571785 41.184116
-71.571785 41.184948
-71.571510 41.184948
-71.571510 41.185226
-71.570953 41.185226
-71.570953 41.185783
-71.570679 41.185783
-71.570679 41.186615
-71.570122 41.186615
-71.570122 41.187447
-71.569839 41.187447
-71.569839 41.188282
-71.569565 41.188282
-71.569565 41.189671
-71.569839 41.189671
-71.569839 41.190502
-71.570679 41.190502
-71.570679 41.190781
-71.570953 41.190781
-71.570953 41.191059
-71.572617 41.191059
-71.572617 41.190781
-71.572899 41.190781
-71.572899 41.190502
-71.573456 41.190502
-71.573456 41.190781
-71.573730 41.190781
-71.573730 41.191059
-71.573456 41.191059
-71.573456 41.191338
-71.573730 41.191338
-71.573730 41.191895
-71.574287 41.191895
-71.574287 41.192169
-71.575119 41.192169
-71.575119 41.193558
-71.574844 41.193558
-71.574844 41.193836
-71.574562 41.193836
-71.574562 41.194115
-71.574005 41.194115
-71.574005 41.194393
-71.574287 41.194393
-71.574287 41.194672
-71.574562 41.194672
-71.574562 41.194950
-71.574287 41.194950
-71.574287 41.196060
-71.574005 41.196060
-71.574005 41.197170
-71.574287 41.197170
-71.574287 41.197727
-71.574005 41.197727
-71.574005 41.200226
-71.574287 41.200226
-71.574287 41.200504
-71.575119 41.200504
-71.575119 41.201061
-71.575676 41.201061
-71.575676 41.201893
-71.575394 41.201893
-71.575394 41.202724
-71.575951 41.202724
-71.575951 41.202171
-71.576508 41.202171
-71.576508 41.202450
-71.576233 41.202450
-71.576233 41.203003
-71.577065 41.203003
-71.577065 41.202724
-71.576790 41.202724
-71.576790 41.202450
-71.577065 41.202450
-71.577065 41.201893
-71.577621 41.201893
-71.577621 41.201614
-71.577896 41.201614
-71.577896 41.201336
-71.578178 41.201336
-71.578178 41.201061
-71.578453 41.201061
-71.578453 41.201336
-71.579285 41.201336
-71.579285 41.201614
-71.579842 41.201614
-71.579842 41.201336
-71.580116 41.201336
-71.580116 41.200783
-71.580399 41.200783
-71.580399 41.200504
-71.581505 41.200504
-71.581505 41.200226
-71.581787 41.200226
-71.581787 41.200504
-71.582619 41.200504
-71.582619 41.199394
-71.583450 41.199394
-71.583450 41.199116
-71.583733 41.199116
-71.583733 41.198837
-71.584564 41.198837
-71.584564 41.198559
-71.584839 41.198559
-71.584839 41.197876
-71.584839 41.197449
-71.585121 41.197449
-71.585121 41.196892
-71.585678 41.196892
-71.585678 41.196613
-71.586227 41.196613
-71.586227 41.196060
-71.587898 41.196060
-71.587898 41.196613
-71.588173 41.196613
-71.588173 41.196892
-71.588455 41.196892
-71.588455 41.198559
-71.588173 41.198559
-71.588173 41.198837
-71.587898 41.198837
-71.587898 41.199394
-71.587616 41.199394
-71.587616 41.199669
-71.587341 41.199669
-71.587341 41.199947
-71.586792 41.199947
-71.586510 41.199947
-71.586510 41.200504
-71.585953 41.200504
-71.585953 41.200783
-71.585678 41.200783
-71.585678 41.201061
-71.585396 41.201061
-71.585396 41.201336
-71.584564 41.201336
-71.584564 41.201614
-71.584007 41.201614
-71.584007 41.201893
-71.583733 41.201893
-71.583733 41.202171
-71.582619 41.202171
-71.582619 41.202724
-71.582062 41.202724
-71.582062 41.203560
-71.581230 41.203560
-71.581230 41.203838
-71.580956 41.203838
-71.580956 41.204113
-71.580673 41.204113
-71.580673 41.204391
-71.580399 41.204391
-71.580399 41.204948
-71.580116 41.204948
-71.580116 41.205780
-71.579567 41.205780
-71.579567 41.206059
-71.579842 41.206059
-71.579842 41.206615
-71.579285 41.206615
-71.579285 41.207447
-71.579010 41.207447
-71.579010 41.208561
-71.578728 41.208561
-71.578728 41.209114
-71.579285 41.209114
-71.579285 41.209393
-71.578453 41.209393
-71.578453 41.209949
-71.577896 41.209949
-71.577896 41.210503
-71.578178 41.210503
-71.578178 41.211060
-71.577896 41.211060
-71.577896 41.211338
-71.577621 41.211338
-71.577621 41.211891
-71.577339 41.211891
-71.577339 41.213558
-71.577065 41.213558
-71.577065 41.213837
-71.577339 41.213837
-71.577339 41.214394
-71.577065 41.214394
-71.577065 41.216335
-71.576790 41.216335
-71.576790 41.216614
-71.577065 41.216614
-71.577065 41.217171
-71.576790 41.217171
-71.576790 41.217728
-71.577065 41.217728
-71.577065 41.218281
-71.576790 41.218281
-71.576790 41.219116
-71.576508 41.219116
-71.576508 41.219669
-71.576790 41.219669
-71.576790 41.220226
-71.576508 41.220226
-71.576508 41.220783
-71.576790 41.220783
-71.576790 41.221058
-71.576508 41.221058
-71.576508 41.221336
-71.576790 41.221336
-71.576790 41.221615
-71.576508 41.221615
-71.576508 41.222725
-71.577065 41.222725
-71.577065 41.223003
-71.576508 41.223003
-71.576508 41.223839
-71.576790 41.223839
-71.576790 41.224392
-71.577065 41.224392
-71.577065 41.224670
-71.576790 41.224670
-71.576790 41.225227
-71.577065 41.225227
-71.577065 41.225780
-71.576790 41.225780
-71.576790 41.226059
-71.577065 41.226059
-71.577065 41.226337
-71.576790 41.226337
-71.576790 41.227169
-71.577065 41.227169
-71.577065 41.227448
-71.576790 41.227448
-71.576790 41.228004
-71.577065 41.228004
-71.577065 41.228558
-71.577621 41.228558
-71.577621 41.228836
-71.577339 41.228836
-71.577339 41.229115
-71.577621 41.229115
-71.577660 41.229671
-71.577896 41.229671
-71.577896 41.229786
-71.577896 41.229950
-71.577621 41.229950
-71.577621 41.230225
-71.577896 41.230225
-71.577896 41.230503
-71.577621 41.230503
-71.577621 41.230782
-71.577896 41.230782
-71.577896 41.231613
-71.577339 41.231613
-71.577339 41.231892
-71.577065 41.231892
>
-71.833199 41.347687
-71.832588 41.347160
-71.832314 41.347160
-71.831757 41.346603
-71.831474 41.346603
-71.830925 41.346050
-71.830925 41.345493
-71.831200 41.345215
-71.831200 41.344936
-71.831665 41.344471
-71.832932 41.347229
-71.833199 41.347687
>
-71.833199 41.347687
-71.834587 41.350071
-71.836174 41.352440
-71.835297 41.351604
-71.835091 41.351604
-71.834534 41.351048
-71.833977 41.351048
-71.833702 41.350773
-71.833420 41.350773
-71.832588 41.349937
-71.832588 41.349106
-71.832863 41.348827
-71.832863 41.348549
-71.833145 41.348270
-71.833199 41.347687
>
-71.365852 41.492832
-71.359131 41.481930
-71.362816 41.477402
-71.374466 41.476501
-71.380592 41.477421
-71.381828 41.473789
-71.383057 41.471519
-71.383667 41.467430
-71.385521 41.463799
-71.390419 41.463810
-71.391037 41.456551
-71.394112 41.452919
-71.400253 41.448841
-71.403297 41.452930
-71.402069 41.457012
-71.398384 41.463810
-71.397766 41.470169
-71.401413 41.488331
-71.398956 41.492409
-71.387306 41.490131
-71.380569 41.491032
-71.384239 41.495121
-71.383621 41.498749
-71.381157 41.503292
-71.387283 41.509651
-71.393387 41.524181
-71.387230 41.541420
-71.384140 41.558208
-71.376747 41.570919
-71.371216 41.573181
-71.365089 41.572269
-71.360191 41.565910
-71.359589 41.559551
-71.358986 41.555012
-71.358383 41.550022
-71.363922 41.540039
-71.363358 41.516430
-71.365196 41.514160
-71.363983 41.511890
-71.357849 41.508709
-71.357857 41.506439
-71.361542 41.501911
-71.365227 41.497829
-71.365852 41.492832
>
-71.275276 41.638420
-71.277733 41.636150
-71.282036 41.636612
-71.286942 41.638889
-71.286316 41.643429
-71.284462 41.645691
-71.278931 41.647499
-71.273407 41.645679
-71.273407 41.644310
-71.273422 41.641140
-71.274651 41.640232
-71.275276 41.638420
>
-71.228989 41.531651
-71.231476 41.520309
-71.234581 41.512600
-71.241348 41.505810
-71.243828 41.499462
-71.246918 41.492199
-71.243866 41.487659
-71.239586 41.483109
-71.241447 41.479931
-71.245773 41.471779
-71.250046 41.472240
-71.248810 41.476768
-71.247581 41.479042
-71.248192 41.479950
-71.248787 41.481312
-71.250633 41.482670
-71.254303 41.485409
-71.264717 41.488602
-71.270851 41.487251
-71.270859 41.484070
-71.273933 41.480900
-71.280678 41.481819
-71.284340 41.485909
-71.296608 41.484119
-71.298462 41.476410
-71.298492 41.466869
-71.304634 41.461891
-71.308952 41.451000
-71.313240 41.452370
-71.323639 41.458290
-71.327927 41.455570
-71.335297 41.451500
-71.340813 41.449692
-71.346329 41.451962
-71.350616 41.450150
-71.356140 41.446980
-71.359810 41.449711
-71.361023 41.454700
-71.364693 41.457882
-71.363457 41.462421
-71.355476 41.466949
-71.348732 41.471481
-71.340752 41.479191
-71.339539 41.471920
-71.337090 41.471012
-71.333412 41.471462
-71.328506 41.474628
-71.319298 41.478249
-71.321121 41.485062
-71.324173 41.490971
-71.324150 41.498680
-71.324150 41.500500
-71.323517 41.505951
-71.324753 41.507759
-71.324738 41.510490
-71.323502 41.515018
-71.327782 41.517750
-71.325928 41.523651
-71.314903 41.520912
-71.312431 41.525452
-71.313026 41.532249
-71.311768 41.544510
-71.308678 41.553589
-71.303131 41.561741
-71.299438 41.565369
-71.293900 41.571720
-71.287720 41.586231
-71.285858 41.591221
-71.285240 41.593040
-71.277229 41.603012
-71.274712 41.620708
-71.270401 41.624340
-71.264259 41.625690
-71.259323 41.633389
-71.252541 41.637920
-71.233467 41.643780
-71.224838 41.651939
-71.221771 41.651020
-71.221809 41.641029
-71.219383 41.635582
-71.219406 41.627411
-71.221268 41.622421
-71.223732 41.620609
-71.229263 41.619720
-71.239723 41.617012
-71.240364 41.606121
-71.244728 41.588879
-71.234947 41.576149
-71.236816 41.568439
-71.237480 41.557991
-71.235657 41.550732
-71.235718 41.536209
-71.228989 41.531651
>
-71.319031 41.584011
-71.327019 41.580391
-71.334366 41.583122
-71.335587 41.590839
-71.335556 41.601742
-71.331253 41.609451
-71.328766 41.618980
-71.329979 41.625790
-71.333656 41.627609
-71.343483 41.628071
-71.352676 41.635349
-71.351440 41.641701
-71.348366 41.644421
-71.341599 41.648499
-71.342201 41.651680
-71.345871 41.660309
-71.343399 41.664852
-71.337257 41.665291
-71.334801 41.663021
-71.331131 41.655300
-71.332367 41.651211
-71.332390 41.643040
-71.329330 41.638500
-71.309700 41.629841
-71.302963 41.625301
-71.299889 41.622108
-71.298073 41.614849
-71.307327 41.594891
-71.319031 41.584011
>
-71.132362 41.594559
-71.122948 41.518280
-71.121201 41.500572
-71.120613 41.495579
-71.126137 41.495079
-71.130432 41.494640
-71.134117 41.493290
-71.140259 41.491039
-71.141502 41.486961
-71.142143 41.481960
-71.146454 41.478352
-71.151978 41.475639
-71.158730 41.474289
-71.161804 41.471581
-71.164871 41.471592
-71.168556 41.468422
-71.171638 41.465252
-71.171661 41.461170
-71.175957 41.458912
-71.182701 41.458469
-71.186996 41.457119
-71.191299 41.454411
-71.195587 41.452599
-71.199867 41.453972
-71.196777 41.460770
-71.193703 41.467121
-71.191818 41.475281
-71.194839 41.485279
-71.199112 41.489372
-71.203377 41.494831
-71.207047 41.498020
-71.208252 41.503010
-71.203941 41.507092
-71.201477 41.511169
-71.202690 41.512989
-71.207581 41.516632
-71.208786 41.519352
-71.207558 41.523430
-71.210587 41.528889
-71.209969 41.532070
-71.206261 41.538860
-71.208702 41.542049
-71.218506 41.546150
-71.218491 41.549789
-71.218468 41.555691
-71.221512 41.560692
-71.217827 41.561592
-71.211082 41.559761
-71.209229 41.562931
-71.210419 41.572460
-71.210411 41.574730
-71.211006 41.579269
-71.211609 41.581089
-71.214058 41.582909
-71.210968 41.588352
-71.208496 41.591980
-71.206032 41.593792
-71.204796 41.595600
-71.204788 41.598782
-71.206619 41.601509
-71.209061 41.604240
-71.212112 41.607880
-71.212090 41.613781
-71.213280 41.623310
-71.213272 41.625580
-71.212013 41.632839
-71.212608 41.637840
-71.210739 41.644192
-71.208878 41.649181
-71.207626 41.653721
-71.205734 41.664600
-71.201416 41.670040
-71.198921 41.678261
-71.195862 41.674629
-71.176208 41.670940
-71.176834 41.668221
-71.133247 41.659481
-71.132057 41.652210
-71.135803 41.640419
-71.135208 41.637241
-71.133987 41.634972
-71.134003 41.632702
-71.134018 41.630432
-71.135872 41.627712
-71.137726 41.625900
-71.139580 41.623631
-71.140823 41.621372
-71.141449 41.618191
-71.142067 41.615021
-71.142723 41.610931
-71.142120 41.606850
-71.140907 41.603661
-71.137863 41.599571
-71.132362 41.594559
>
-71.381660 41.942749
-71.382362 41.891491
-71.338570 41.898262
-71.337341 41.893719
-71.338577 41.890999
-71.339821 41.887360
-71.339218 41.882370
-71.336777 41.873280
-71.335556 41.867832
-71.333717 41.861019
-71.333107 41.857391
-71.333740 41.853760
-71.335587 41.849670
-71.338692 41.842869
-71.339310 41.841049
-71.338699 41.839230
-71.338089 41.837410
-71.336861 41.835140
-71.336868 41.832870
-71.338722 41.830151
-71.340576 41.827881
-71.343674 41.824249
-71.343674 41.821079
-71.344292 41.817440
-71.342461 41.812901
-71.340607 41.809269
-71.340622 41.805630
-71.340630 41.802910
-71.340637 41.799732
-71.339424 41.797001
-71.337570 41.795189
-71.334503 41.792461
-71.331429 41.789730
-71.330208 41.786549
-71.328979 41.783829
-71.327141 41.781101
-71.325912 41.779282
-71.317993 41.775871
-71.284180 41.761311
-71.261383 41.751492
-71.227669 41.715099
-71.227676 41.711411
-71.229553 41.706421
-71.231407 41.700069
-71.240028 41.697361
-71.242477 41.698280
-71.247986 41.704651
-71.252876 41.714191
-71.256577 41.712830
-71.256592 41.709660
-71.257217 41.706020
-71.252327 41.698299
-71.243141 41.688290
-71.237648 41.677841
-71.238899 41.671032
-71.242592 41.668770
-71.251213 41.665150
-71.254913 41.661530
-71.254311 41.657440
-71.257393 41.654720
-71.258652 41.647919
-71.264801 41.646572
-71.269089 41.650661
-71.270287 41.658829
-71.276421 41.663380
-71.280090 41.669289
-71.287460 41.670212
-71.294250 41.659779
-71.296097 41.656609
-71.297966 41.652069
-71.303490 41.652081
-71.304718 41.653900
-71.306557 41.654812
-71.307159 41.658440
-71.307137 41.666611
-71.307121 41.672970
-71.304649 41.677052
-71.297867 41.682030
-71.294792 41.685211
-71.294174 41.689751
-71.295380 41.694740
-71.295357 41.701550
-71.293503 41.705639
-71.290413 41.711079
-71.288559 41.713799
-71.284241 41.720150
-71.282379 41.723782
-71.282356 41.727859
-71.281738 41.733311
-71.281723 41.737850
-71.279861 41.741482
-71.281082 41.746479
-71.285362 41.754650
-71.290291 41.751930
-71.293381 41.748760
-71.294632 41.741501
-71.297089 41.741051
-71.300163 41.741970
-71.305077 41.743340
-71.309990 41.747879
-71.312439 41.753330
-71.308113 41.759232
-71.313026 41.763779
-71.319183 41.763790
-71.320427 41.759251
-71.321053 41.754711
-71.321678 41.750622
-71.316772 41.743351
-71.305099 41.736519
-71.297127 41.729702
-71.294693 41.721519
-71.299622 41.717449
-71.301483 41.713821
-71.302109 41.708370
-71.304573 41.706100
-71.307030 41.707020
-71.308853 41.714741
-71.311913 41.718830
-71.317436 41.722019
-71.322983 41.723839
-71.329117 41.724300
-71.333427 41.723850
-71.337730 41.724770
-71.340187 41.727489
-71.340179 41.730671
-71.342010 41.736568
-71.346916 41.742031
-71.351219 41.745670
-71.353676 41.750210
-71.360443 41.749310
-71.360428 41.756569
-71.363487 41.762470
-71.368416 41.763840
-71.371483 41.767021
-71.367157 41.776100
-71.369606 41.782909
-71.372673 41.791092
-71.376968 41.799259
-71.386810 41.806992
-71.388039 41.808350
-71.386177 41.814709
-71.381241 41.822422
-71.374443 41.832409
-71.370117 41.840122
-71.369492 41.847389
-71.368866 41.853291
-71.375023 41.858292
-71.380577 41.850571
-71.381203 41.846939
-71.382439 41.842861
-71.382454 41.839222
-71.385529 41.835590
-71.388000 41.830601
-71.392952 41.817890
-71.396637 41.817440
-71.402809 41.819721
-71.404663 41.817902
-71.398506 41.806549
-71.396667 41.802460
-71.392967 41.799732
-71.388664 41.798370
-71.385597 41.795189
-71.383751 41.792912
-71.384369 41.790192
-71.388687 41.787010
-71.389313 41.782021
-71.388092 41.775211
-71.386253 41.768852
-71.385033 41.763859
-71.385651 41.760681
-71.386269 41.759319
-71.382576 41.754772
-71.382591 41.750690
-71.380753 41.747509
-71.375206 41.746590
-71.373993 41.744781
-71.379532 41.741150
-71.378922 41.737522
-71.378311 41.732979
-71.380173 41.727081
-71.376488 41.722992
-71.372177 41.720261
-71.366043 41.718441
-71.349426 41.718422
-71.348816 41.716152
-71.366051 41.711632
-71.365440 41.708450
-71.364830 41.706181
-71.365463 41.699829
-71.364861 41.692562
-71.367943 41.688480
-71.372856 41.683941
-71.374107 41.679409
-71.372887 41.674412
-71.375969 41.667149
-71.380890 41.666698
-71.388252 41.671700
-71.391937 41.675339
-71.388847 41.683052
-71.392532 41.685780
-71.395607 41.683510
-71.402367 41.685791
-71.404213 41.691689
-71.406670 41.690331
-71.406059 41.685329
-71.422661 41.685799
-71.434959 41.686710
-71.447250 41.689899
-71.446030 41.678539
-71.446030 41.673100
-71.446037 41.668560
-71.442352 41.666290
-71.438049 41.666740
-71.432510 41.669460
-71.429443 41.669910
-71.425751 41.670822
-71.423286 41.667641
-71.420227 41.666279
-71.415916 41.664909
-71.409157 41.663090
-71.410400 41.657192
-71.410400 41.654469
-71.409790 41.651291
-71.408569 41.645840
-71.409187 41.639030
-71.406738 41.634041
-71.405518 41.630859
-71.404907 41.624962
-71.412903 41.624962
-71.415970 41.622242
-71.406761 41.619511
-71.403076 41.613159
-71.410461 41.609531
-71.415993 41.605450
-71.413536 41.601360
-71.403717 41.600899
-71.401894 41.593182
-71.407417 41.588192
-71.416626 41.585930
-71.429527 41.583210
-71.437508 41.580040
-71.444870 41.582760
-71.447937 41.578232
-71.445503 41.572330
-71.439362 41.570511
-71.437523 41.563702
-71.429550 41.559608
-71.427101 41.556881
-71.428940 41.554619
-71.428940 41.552799
-71.427719 41.549622
-71.424652 41.550072
-71.422806 41.549622
-71.425270 41.547352
-71.418533 41.528740
-71.417328 41.513302
-71.424088 41.502861
-71.424103 41.486530
-71.420433 41.480171
-71.421661 41.471092
-71.424232 41.471096
-71.425018 41.471882
-71.425575 41.472439
-71.426125 41.472439
-71.426476 41.472717
-71.426758 41.472992
-71.427032 41.472717
-71.427315 41.472717
-71.427589 41.472439
-71.427864 41.472439
-71.428146 41.472160
-71.428978 41.472160
-71.429253 41.471882
-71.429535 41.471882
-71.430367 41.471050
-71.430367 41.470100
-71.430367 41.469662
-71.430092 41.469383
-71.430092 41.467995
-71.430367 41.467716
-71.430367 41.467159
-71.430641 41.466881
-71.430641 41.466606
-71.430923 41.466328
-71.430641 41.466049
-71.430641 41.464939
-71.430367 41.464661
-71.430367 41.464382
-71.430092 41.464104
-71.430092 41.463825
-71.429810 41.463551
-71.429810 41.461327
-71.430367 41.460770
-71.430367 41.460217
-71.430092 41.460217
-71.429535 41.460770
-71.429253 41.460770
-71.428978 41.460495
-71.428703 41.460495
-71.428421 41.460217
-71.428146 41.460217
-71.427589 41.459660
-71.427315 41.459660
-71.427032 41.459381
-71.426758 41.459381
-71.426201 41.458828
-71.426201 41.458549
-71.425919 41.458271
-71.425919 41.457439
-71.426201 41.457161
-71.426758 41.457161
-71.427315 41.456604
-71.426758 41.456047
-71.426201 41.456047
-71.425644 41.455494
-71.425919 41.455215
-71.425919 41.454937
-71.426758 41.454105
-71.427032 41.454384
-71.427589 41.454384
-71.427864 41.454105
-71.428146 41.454105
-71.429253 41.452991
-71.429604 41.453056
-71.429871 41.452774
-71.430092 41.452717
-71.430367 41.452438
-71.430412 41.452202
-71.430679 41.451920
-71.430641 41.451603
-71.430923 41.451328
-71.430923 41.451050
-71.431755 41.450214
-71.431755 41.449104
-71.431480 41.448826
-71.431480 41.448547
-71.430641 41.447716
-71.430641 41.447437
-71.431755 41.446327
-71.431755 41.445770
-71.432030 41.445492
-71.432030 41.445217
-71.432869 41.444382
-71.433144 41.444382
-71.433426 41.444660
-71.433701 41.444382
-71.434258 41.444382
-71.434517 41.444122
-71.434814 41.444103
-71.434814 41.443550
-71.435089 41.443272
-71.435089 41.442715
-71.434990 41.442616
-71.434814 41.442436
-71.434814 41.442162
-71.435364 41.441605
-71.435646 41.441605
-71.435936 41.441895
-71.436203 41.442162
-71.436478 41.442436
-71.437035 41.442436
-71.437592 41.441883
-71.437592 41.441559
-71.437592 41.441326
-71.437866 41.441048
-71.437866 41.440769
-71.438980 41.439659
-71.439255 41.439659
-71.439812 41.440216
-71.440086 41.440216
-71.440422 41.440563
-71.440735 41.440926
-71.440887 41.441299
-71.440971 41.441792
-71.441185 41.442223
-71.441399 41.442608
-71.441681 41.442879
-71.442062 41.443024
-71.442421 41.443195
-71.442764 41.443264
-71.443062 41.443279
-71.443291 41.443268
-71.443481 41.443150
-71.443703 41.443272
-71.444252 41.443825
-71.444534 41.443825
-71.444809 41.444103
-71.445091 41.444103
-71.445366 41.444382
-71.445641 41.444382
-71.445923 41.444660
-71.445923 41.444939
-71.448975 41.447994
-71.449257 41.447994
-71.449814 41.447437
-71.449814 41.447159
-71.447586 41.444939
-71.447586 41.444103
-71.447868 41.443825
-71.447868 41.443550
-71.447586 41.443272
-71.447311 41.443272
-71.446198 41.442162
-71.445641 41.442162
-71.445366 41.441883
-71.444534 41.441883
-71.443977 41.441326
-71.444084 41.441177
-71.444366 41.440639
-71.444740 41.440216
-71.444740 41.439938
-71.445015 41.439659
-71.445297 41.439659
-71.445572 41.439381
-71.446960 41.439381
-71.447304 41.439125
-71.447517 41.439381
-71.448074 41.438828
-71.448074 41.439106
-71.448631 41.438549
-71.449181 41.438549
-71.449463 41.438271
-71.450020 41.438271
-71.450294 41.437992
-71.450569 41.437992
-71.450851 41.437717
-71.451126 41.437717
-71.452240 41.436604
-71.452797 41.436604
-71.453629 41.435772
-71.453629 41.435215
-71.454735 41.434105
-71.455292 41.434105
-71.455849 41.433548
-71.456200 41.433270
-71.456474 41.433270
-71.456757 41.432995
-71.456970 41.432774
-71.457047 41.432705
-71.457100 41.432533
-71.457031 41.432438
-71.456757 41.432159
-71.456200 41.432159
-71.455765 41.431728
-71.455086 41.431049
-71.455086 41.430771
-71.454811 41.430492
-71.454811 41.429382
-71.455368 41.428825
-71.455368 41.426884
-71.455643 41.426605
-71.455643 41.424938
-71.455368 41.424660
-71.455368 41.424103
-71.455643 41.423828
-71.455643 41.423271
-71.455368 41.422993
-71.455368 41.422714
-71.455086 41.422440
-71.455086 41.422161
-71.453697 41.420773
-71.453697 41.420494
-71.453148 41.419937
-71.453148 41.419106
-71.452866 41.418827
-71.453148 41.418549
-71.453354 41.417877
-71.453148 41.417236
-71.453018 41.416557
-71.452705 41.415920
-71.452499 41.415257
-71.452362 41.414593
-71.452415 41.413929
-71.452614 41.413330
-71.452858 41.412769
-71.453056 41.412209
-71.453079 41.411613
-71.452919 41.410999
-71.452789 41.410374
-71.452896 41.409756
-71.453156 41.409180
-71.453522 41.408661
-71.454010 41.408245
-71.454575 41.407928
-71.455101 41.407562
-71.455589 41.407166
-71.455902 41.406635
-71.456200 41.406048
-71.455925 41.405769
-71.455925 41.405495
-71.456200 41.405216
-71.456200 41.404938
-71.456757 41.404381
-71.457031 41.404381
-71.457314 41.404106
-71.457588 41.404106
-71.458420 41.403271
-71.458702 41.403271
-71.458977 41.402992
-71.459259 41.402992
-71.459534 41.402714
-71.459808 41.402714
-71.461197 41.401325
-71.461479 41.401325
-71.461754 41.401051
-71.462036 41.401051
-71.462036 41.400772
-71.462753 41.400051
-71.462868 41.399937
-71.462868 41.399658
-71.463181 41.399441
-71.463142 41.399105
-71.462868 41.398827
-71.462868 41.398548
-71.462845 41.398426
-71.462769 41.398193
-71.462631 41.397980
-71.462631 41.397747
-71.462776 41.397491
-71.462883 41.397152
-71.462990 41.396786
-71.462944 41.396400
-71.462906 41.395996
-71.463036 41.395622
-71.463142 41.395214
-71.463425 41.395214
-71.463974 41.394661
-71.465088 41.394661
-71.465370 41.394382
-71.465645 41.394382
-71.465919 41.394104
-71.466202 41.394382
-71.466476 41.394661
-71.466759 41.394661
-71.466835 41.394737
-71.467033 41.394939
-71.467308 41.394939
-71.467590 41.395214
-71.467865 41.395214
-71.468422 41.394661
-71.468697 41.394661
-71.469810 41.393547
-71.469810 41.393272
-71.470085 41.392994
-71.470085 41.392715
-71.470367 41.392437
-71.470367 41.392159
-71.470924 41.391605
-71.470924 41.391048
-71.471199 41.390770
-71.471329 41.390369
-71.471489 41.389977
-71.471855 41.389679
-71.472206 41.389362
-71.472565 41.389023
-71.472923 41.388660
-71.473419 41.388271
-71.473701 41.388271
-71.473976 41.387993
-71.474258 41.387993
-71.474533 41.387714
-71.474533 41.387161
-71.474808 41.386883
-71.474808 41.386475
-71.474808 41.386326
-71.475410 41.385811
-71.475647 41.385773
-71.475922 41.385494
-71.476196 41.385494
-71.476479 41.385216
-71.476463 41.384644
-71.476196 41.384380
-71.475647 41.383827
-71.475365 41.383827
-71.475090 41.383549
-71.474808 41.383270
-71.474808 41.382992
-71.475365 41.382439
-71.475922 41.382439
-71.476753 41.381603
-71.476753 41.381325
-71.477592 41.380493
-71.477592 41.380215
-71.478142 41.379662
-71.478142 41.379383
-71.478348 41.379383
-71.478348 41.378826
-71.478630 41.378548
-71.478630 41.377995
-71.478905 41.377716
-71.478905 41.376606
-71.480293 41.375217
-71.480576 41.375217
-71.481682 41.374104
-71.481682 41.373825
-71.481964 41.373550
-71.481964 41.373272
-71.482239 41.372993
-71.482239 41.372715
-71.483070 41.371883
-71.483070 41.371605
-71.483353 41.371326
-71.483353 41.371048
-71.483627 41.370770
-71.483627 41.369381
-71.483353 41.369106
-71.483353 41.368271
-71.483070 41.367992
-71.483353 41.367714
-71.483353 41.367439
-71.483650 41.367153
-71.482796 41.366325
-71.482864 41.366051
-71.482590 41.365772
-71.480919 41.364105
-71.480721 41.363903
-71.480690 41.363827
-71.480644 41.363701
-71.480644 41.363548
-71.480370 41.363270
-71.480370 41.362717
-71.480087 41.362438
-71.480087 41.361603
-71.480370 41.361328
-71.480370 41.360771
-71.481201 41.359940
-71.482033 41.359940
-71.482307 41.360214
-71.483147 41.360214
-71.483421 41.360493
-71.483704 41.360493
-71.483810 41.360600
-71.483978 41.360771
-71.484535 41.360771
-71.484810 41.361050
-71.485092 41.361050
-71.485367 41.361328
-71.485924 41.361328
-71.486198 41.361603
-71.486755 41.361603
-71.486961 41.361603
-71.487900 41.360668
-71.488075 41.360493
-71.488075 41.360214
-71.488350 41.359940
-71.488350 41.359661
-71.488625 41.359383
-71.488907 41.359383
-71.489464 41.358826
-71.490295 41.358826
-71.490570 41.358547
-71.491402 41.358547
-71.491684 41.358273
-71.492241 41.358273
-71.492516 41.358547
-71.493073 41.358547
-71.493347 41.358826
-71.493347 41.359383
-71.493073 41.359661
-71.491127 41.359661
-71.490570 41.360214
-71.490295 41.360214
-71.489738 41.360771
-71.489464 41.360771
-71.489288 41.360947
-71.488907 41.361328
-71.488907 41.361881
-71.488350 41.362438
-71.488625 41.362717
-71.488686 41.362854
-71.488853 41.363041
-71.488976 41.363270
-71.490364 41.364658
-71.490646 41.364658
-71.490921 41.364937
-71.491203 41.364937
-71.491478 41.365215
-71.491753 41.365215
-71.492035 41.365494
-71.492310 41.365494
-71.492592 41.365772
-71.492867 41.365772
-71.493141 41.366051
-71.494255 41.367161
-71.494530 41.367161
-71.496758 41.369381
-71.496758 41.369659
-71.497864 41.370770
-71.497864 41.371048
-71.498978 41.372162
-71.499252 41.372162
-71.499535 41.372437
-71.499809 41.372162
-71.500092 41.372162
-71.500923 41.372993
-71.501198 41.372993
-71.501480 41.372715
-71.502586 41.373825
-71.503143 41.373825
-71.503426 41.374104
-71.504532 41.374104
-71.504814 41.374382
-71.505363 41.374382
-71.505646 41.374660
-71.505920 41.374660
-71.506203 41.374939
-71.507866 41.374939
-71.508141 41.375214
-71.508980 41.375214
-71.509254 41.374939
-71.509811 41.374939
-71.510086 41.375214
-71.510643 41.375214
-71.510925 41.375492
-71.511757 41.375492
-71.512032 41.375771
-71.512314 41.375492
-71.512589 41.375492
-71.512589 41.375214
-71.513420 41.374382
-71.513985 41.374363
-71.514252 41.374660
-71.514534 41.374382
-71.514809 41.374382
-71.515648 41.375214
-71.515923 41.375214
-71.516197 41.375492
-71.516754 41.375492
-71.516960 41.375771
-71.517235 41.375771
-71.517517 41.376049
-71.518074 41.376049
-71.518631 41.376606
-71.518906 41.376606
-71.519180 41.376328
-71.522240 41.376328
-71.522797 41.376881
-71.523132 41.376881
-71.523903 41.376881
-71.524185 41.376606
-71.524460 41.376606
-71.524742 41.376881
-71.529457 41.376881
-71.529739 41.376606
-71.530296 41.376606
-71.531479 41.376328
-71.531754 41.376328
-71.532036 41.376049
-71.532310 41.376049
-71.532585 41.375771
-71.532867 41.375771
-71.533981 41.374660
-71.534256 41.374660
-71.534531 41.374382
-71.536476 41.373272
-71.536476 41.372993
-71.536758 41.372715
-71.536758 41.372520
-71.536758 41.372437
-71.539810 41.372437
-71.540092 41.372162
-71.540642 41.372162
-71.540924 41.372437
-71.541199 41.372437
-71.541756 41.372993
-71.542030 41.372993
-71.542313 41.373272
-71.542870 41.373272
-71.543144 41.373550
-71.543976 41.373550
-71.544258 41.373825
-71.544533 41.373825
-71.544807 41.374104
-71.545647 41.374104
-71.545921 41.373825
-71.546753 41.373825
-71.547035 41.374104
-71.547592 41.374104
-71.547867 41.373825
-71.548141 41.374104
-71.548424 41.374104
-71.548698 41.374382
-71.548981 41.374382
-71.549530 41.374939
-71.550369 41.374939
-71.550644 41.374660
-71.550850 41.374660
-71.551125 41.374660
-71.551407 41.374382
-71.552238 41.374382
-71.552513 41.374104
-71.553902 41.374104
-71.554184 41.373825
-71.554741 41.373825
-71.555016 41.373550
-71.555847 41.373550
-71.556129 41.373825
-71.556404 41.373825
-71.556686 41.373550
-71.558075 41.373550
-71.558350 41.373825
-71.558624 41.373550
-71.558907 41.373550
-71.559464 41.372993
-71.559738 41.372993
-71.560013 41.372715
-71.560570 41.372715
-71.560852 41.372437
-71.561127 41.372437
-71.561409 41.372162
-71.562241 41.372162
-71.562515 41.371883
-71.563347 41.371883
-71.563629 41.371605
-71.563904 41.371605
-71.564186 41.371326
-71.565292 41.371326
-71.565575 41.371605
-71.565849 41.371605
-71.566124 41.371326
-71.566406 41.371326
-71.566681 41.371048
-71.567238 41.371048
-71.567520 41.370770
-71.567795 41.370770
-71.568069 41.371048
-71.569740 41.371048
-71.570297 41.370495
-71.570641 41.370495
-71.571754 41.370495
-71.572037 41.370216
-71.572311 41.370216
-71.572868 41.370770
-71.573143 41.370770
-71.573425 41.370495
-71.573425 41.370216
-71.573700 41.369938
-71.574257 41.369938
-71.574532 41.369659
-71.575363 41.369659
-71.575645 41.369381
-71.576752 41.369381
-71.577034 41.369106
-71.578697 41.369106
-71.578979 41.368828
-71.579811 41.368828
-71.580086 41.368549
-71.580925 41.368549
-71.581200 41.368271
-71.581474 41.368271
-71.581757 41.368549
-71.583145 41.368549
-71.583420 41.368271
-71.583977 41.368271
-71.584259 41.367992
-71.584534 41.367992
-71.584808 41.367714
-71.585091 41.367714
-71.585365 41.367439
-71.586197 41.367439
-71.586479 41.367161
-71.587036 41.367161
-71.587311 41.366882
-71.588142 41.366882
-71.588425 41.366604
-71.589531 41.366604
-71.589813 41.366325
-71.590645 41.366325
-71.590919 41.366051
-71.591476 41.366013
-71.591934 41.365875
-71.592491 41.365917
-71.592987 41.365742
-71.593437 41.365444
-71.593842 41.365047
-71.594391 41.364777
-71.595062 41.364681
-71.595757 41.364697
-71.596443 41.364796
-71.597099 41.364822
-71.597694 41.364700
-71.597794 41.364658
-71.598907 41.364658
-71.599182 41.364937
-71.599739 41.364937
-71.600014 41.365215
-71.600571 41.365215
-71.600853 41.364937
-71.601128 41.364937
-71.601402 41.364658
-71.601685 41.364658
-71.601959 41.364384
-71.602592 41.364384
-71.602867 41.364105
-71.603142 41.364105
-71.603424 41.364384
-71.603981 41.364384
-71.604256 41.364105
-71.604813 41.364105
-71.605087 41.363827
-71.605644 41.364384
-71.605919 41.364384
-71.606201 41.364105
-71.606476 41.364105
-71.606758 41.363827
-71.607033 41.363827
-71.607307 41.363548
-71.607590 41.363827
-71.607864 41.363827
-71.608147 41.364105
-71.609253 41.364105
-71.609535 41.363827
-71.610016 41.363827
-71.610291 41.363548
-71.610573 41.363548
-71.610847 41.363270
-71.611961 41.363270
-71.612236 41.363548
-71.612518 41.363548
-71.613075 41.364105
-71.613350 41.364105
-71.613625 41.363827
-71.613907 41.363827
-71.614182 41.363548
-71.614464 41.363548
-71.614738 41.363270
-71.615013 41.363270
-71.615295 41.363548
-71.615570 41.363548
-71.615852 41.363827
-71.616127 41.363548
-71.616402 41.363548
-71.616959 41.362995
-71.617241 41.362995
-71.617516 41.362717
-71.618073 41.362717
-71.618347 41.362438
-71.619461 41.362438
-71.619736 41.362717
-71.620018 41.362438
-71.620293 41.362438
-71.620575 41.362160
-71.621124 41.362160
-71.621407 41.361881
-71.621964 41.361881
-71.622314 41.361603
-71.623978 41.361603
-71.624252 41.361328
-71.625092 41.361328
-71.625641 41.360771
-71.625923 41.360771
-71.626312 41.360588
-71.626770 41.360466
-71.627251 41.360317
-71.627762 41.360256
-71.628281 41.360256
-71.628708 41.360104
-71.629112 41.359913
-71.629517 41.359718
-71.629997 41.359661
-71.630493 41.359600
-71.630966 41.359386
-71.631424 41.359135
-71.631859 41.358860
-71.632324 41.358665
-71.632896 41.358723
-71.633461 41.358608
-71.634003 41.358620
-71.634521 41.358700
-71.635086 41.358536
-71.635643 41.358269
-71.636177 41.357941
-71.636612 41.357483
-71.637085 41.357098
-71.637680 41.357044
-71.638275 41.356796
-71.638756 41.356468
-71.639435 41.356232
-71.640091 41.356258
-71.640755 41.356201
-71.641418 41.356083
-71.642097 41.356018
-71.642738 41.355892
-71.643349 41.355743
-71.643936 41.355545
-71.644524 41.355438
-71.645073 41.355255
-71.645638 41.355083
-71.646217 41.354916
-71.646805 41.354744
-71.647476 41.354664
-71.648155 41.354591
-71.648811 41.354416
-71.649483 41.354286
-71.650139 41.354145
-71.650826 41.354050
-71.651505 41.353870
-71.652168 41.353733
-71.652771 41.353531
-71.653343 41.353291
-71.653931 41.353081
-71.654556 41.352940
-71.655174 41.352779
-71.655792 41.352715
-71.656387 41.352646
-71.656944 41.352478
-71.657516 41.352333
-71.658066 41.352146
-71.658600 41.351940
-71.659142 41.351784
-71.659637 41.351593
-71.660110 41.351391
-71.660629 41.351288
-71.661156 41.351162
-71.661705 41.351086
-71.662247 41.350990
-71.662750 41.350819
-71.663254 41.350655
-71.663742 41.350475
-71.664230 41.350292
-71.664749 41.350182
-71.665245 41.350048
-71.665710 41.349895
-71.666138 41.349701
-71.666588 41.349537
-71.667030 41.349365
-71.667465 41.349171
-71.667915 41.349018
-71.668343 41.348820
-71.668762 41.348621
-71.669235 41.348518
-71.669708 41.348434
-71.670227 41.348465
-71.670776 41.348404
-71.671318 41.348293
-71.671852 41.348179
-71.672325 41.347980
-71.672760 41.347755
-71.673210 41.347561
-71.673691 41.347420
-71.674171 41.347305
-71.674721 41.347309
-71.675323 41.347267
-71.675926 41.347176
-71.676521 41.347076
-71.677078 41.346920
-71.677643 41.346790
-71.678162 41.346600
-71.678680 41.346409
-71.679214 41.346272
-71.679703 41.346092
-71.680191 41.345943
-71.680679 41.345806
-71.681168 41.345711
-71.681633 41.345558
-71.682121 41.345493
-71.682594 41.345436
-71.683022 41.345318
-71.683472 41.345291
-71.683914 41.345360
-71.684380 41.345299
-71.684860 41.345108
-71.685379 41.344906
-71.685905 41.344673
-71.686462 41.344456
-71.687119 41.344296
-71.687805 41.344097
-71.688515 41.343899
-71.689240 41.343750
-71.689941 41.343719
-71.690353 41.343533
-71.690674 41.343285
-71.691002 41.343048
-71.691383 41.342842
-71.691833 41.342682
-71.692284 41.342472
-71.692757 41.342262
-71.693268 41.342037
-71.693832 41.341858
-71.694138 41.341560
-71.694443 41.341446
-71.694626 41.341171
-71.694962 41.340965
-71.695930 41.340473
-71.697136 41.340954
-71.697540 41.340488
-71.697945 41.340042
-71.698372 41.339649
-71.698761 41.339241
-71.700020 41.338272
-71.700569 41.338272
-71.701683 41.337162
-71.701721 41.336922
-71.703346 41.335217
-71.703346 41.334938
-71.704460 41.333828
-71.704735 41.333828
-71.705017 41.333549
-71.705574 41.333549
-71.705849 41.333271
-71.706406 41.333271
-71.706757 41.333549
-71.707077 41.333549
-71.707314 41.333549
-71.707565 41.333237
-71.707863 41.333271
-71.708145 41.333549
-71.708420 41.333549
-71.708977 41.332993
-71.709259 41.332993
-71.709457 41.332714
-71.709740 41.332439
-71.710014 41.332439
-71.710297 41.332161
-71.710571 41.332161
-71.710846 41.331882
-71.711128 41.331882
-71.711403 41.332161
-71.713348 41.331604
-71.714180 41.330772
-71.714462 41.330772
-71.714737 41.330494
-71.715851 41.330494
-71.715973 41.330532
-71.716682 41.330215
-71.717239 41.330215
-71.718628 41.330772
-71.718979 41.331047
-71.718979 41.331326
-71.719254 41.331604
-71.719185 41.331882
-71.719742 41.332439
-71.721405 41.332439
-71.721680 41.332161
-71.722084 41.331879
-71.722359 41.332237
-71.722794 41.332157
-71.723068 41.332394
-71.725365 41.332714
-71.725647 41.332714
-71.725922 41.332439
-71.726196 41.332439
-71.726479 41.332161
-71.727867 41.332161
-71.728142 41.331882
-71.728424 41.331882
-71.728699 41.331604
-71.729256 41.331604
-71.729530 41.331882
-71.729813 41.331882
-71.730087 41.331604
-71.731758 41.331604
-71.732033 41.331326
-71.733978 41.331326
-71.734253 41.331047
-71.735092 41.331047
-71.735367 41.330772
-71.736198 41.330772
-71.736481 41.330494
-71.737587 41.330494
-71.737869 41.330215
-71.738976 41.330215
-71.739532 41.329659
-71.740082 41.329563
-71.740616 41.329605
-71.741150 41.329632
-71.741653 41.329590
-71.742119 41.329441
-71.742599 41.329330
-71.743073 41.329178
-71.743584 41.329082
-71.744102 41.328976
-71.744530 41.328827
-71.745926 41.328827
-71.746201 41.328548
-71.746475 41.328548
-71.746758 41.328270
-71.747314 41.328270
-71.747589 41.327991
-71.748421 41.327991
-71.748703 41.327717
-71.749535 41.327717
-71.750641 41.326603
-71.750641 41.326050
-71.750923 41.325771
-71.750923 41.325493
-71.751167 41.325249
-71.751648 41.324841
-71.752098 41.324764
-71.752579 41.324978
-71.752953 41.325214
-71.753380 41.325493
-71.753807 41.325756
-71.754257 41.326050
-71.756203 41.326050
-71.756477 41.326328
-71.757309 41.326328
-71.757591 41.326603
-71.757866 41.326603
-71.758141 41.326881
-71.758423 41.326881
-71.758698 41.327160
-71.759254 41.327160
-71.759537 41.327438
-71.759811 41.327438
-71.760368 41.327991
-71.760643 41.327991
-71.761200 41.328548
-71.761475 41.328548
-71.762589 41.329659
-71.763145 41.329659
-71.763420 41.329384
-71.763702 41.329384
-71.763977 41.329105
-71.764252 41.328827
-71.766479 41.328827
-71.766754 41.328548
-71.768700 41.328548
-71.768974 41.328270
-71.770088 41.328270
-71.770363 41.328548
-71.770645 41.328270
-71.771202 41.328270
-71.771477 41.327991
-71.771759 41.327991
-71.772034 41.328270
-71.773422 41.328270
-71.773697 41.327991
-71.774536 41.327991
-71.774811 41.328270
-71.775085 41.328270
-71.775368 41.327991
-71.775642 41.327991
-71.775925 41.327717
-71.776199 41.327717
-71.776474 41.327991
-71.776756 41.327717
-71.777313 41.327717
-71.777588 41.327438
-71.778419 41.327438
-71.778702 41.327160
-71.780922 41.327160
-71.781197 41.326881
-71.782036 41.326881
-71.782310 41.326603
-71.783699 41.326603
-71.783981 41.326328
-71.785370 41.326328
-71.785645 41.326050
-71.786201 41.326050
-71.786476 41.325771
-71.787308 41.325771
-71.787590 41.325493
-71.787865 41.325493
-71.788147 41.325214
-71.788696 41.325214
-71.788979 41.324936
-71.790092 41.324936
-71.790367 41.324661
-71.790642 41.324661
-71.790924 41.324383
-71.791199 41.324383
-71.791481 41.324661
-71.792030 41.324661
-71.792313 41.324383
-71.793144 41.324383
-71.793419 41.324104
-71.793907 41.324104
-71.794617 41.323788
-71.796127 41.323910
-71.796402 41.323631
-71.799065 41.323471
-71.800293 41.322994
-71.802513 41.322994
-71.803070 41.322716
-71.803352 41.322994
-71.804459 41.322872
-71.806129 41.322437
-71.806404 41.322437
-71.806686 41.322159
-71.808624 41.321606
-71.808907 41.321606
-71.809181 41.321327
-71.809685 41.321133
-71.810204 41.321064
-71.810760 41.321102
-71.811302 41.321259
-71.811867 41.321205
-71.812431 41.321030
-71.812973 41.320793
-71.813530 41.320587
-71.814110 41.320480
-71.814659 41.320347
-71.815147 41.320156
-71.815620 41.319977
-71.816109 41.319931
-71.816582 41.319881
-71.817009 41.319733
-71.817406 41.319561
-71.817802 41.319401
-71.818199 41.319294
-71.818581 41.319206
-71.818954 41.319122
-71.819298 41.319050
-71.819633 41.318981
-71.819946 41.318916
-71.820244 41.318859
-71.820572 41.318829
-71.820847 41.318829
-71.821129 41.318550
-71.821404 41.318550
-71.821686 41.318272
-71.823349 41.318272
-71.825020 41.317993
-71.825294 41.317715
-71.825569 41.317715
-71.825851 41.317436
-71.827240 41.317436
-71.829185 41.316605
-71.829460 41.316605
-71.829735 41.316326
-71.831131 41.316326
-71.831406 41.316048
-71.831963 41.316048
-71.832237 41.315773
-71.833069 41.315773
-71.833351 41.315495
-71.836960 41.314659
-71.837242 41.314381
-71.838905 41.314659
-71.839180 41.314659
-71.839462 41.314381
-71.839737 41.314381
-71.840019 41.314106
-71.840851 41.314106
-71.841125 41.313828
-71.841408 41.313828
-71.841957 41.313271
-71.842239 41.313271
-71.842514 41.312992
-71.843178 41.312927
-71.843788 41.312733
-71.844376 41.312546
-71.844856 41.312275
-71.845337 41.312019
-71.845810 41.311760
-71.846359 41.311634
-71.846962 41.311600
-71.847572 41.311501
-71.848160 41.311108
-71.848785 41.310783
-71.849449 41.310501
-71.850136 41.310272
-71.850845 41.310158
-71.851425 41.309929
-71.851967 41.309650
-71.852478 41.309322
-71.852928 41.308918
-71.853409 41.308533
-71.853867 41.308109
-71.854347 41.307705
-71.854820 41.307301
-71.855316 41.306915
-71.855881 41.306583
-71.856377 41.306149
-71.856728 41.305527
-71.857033 41.304848
-71.857353 41.304176
-71.857796 41.303551
-71.858345 41.302998
-71.858612 41.302933
-71.859184 41.303551
-71.859184 41.303825
-71.859253 41.304104
-71.858978 41.304382
-71.858978 41.304939
-71.858421 41.305492
-71.858421 41.305771
-71.857864 41.306328
-71.857864 41.306881
-71.858147 41.307159
-71.858147 41.307438
-71.858421 41.307716
-71.858421 41.307995
-71.858704 41.308270
-71.858704 41.308548
-71.858978 41.308826
-71.859184 41.309105
-71.862160 41.309860
-71.863823 41.310299
-71.865250 41.310635
-71.866005 41.310612
-71.866959 41.310772
-71.869186 41.310772
-71.869461 41.310493
-71.870018 41.310493
-71.871124 41.310215
-71.871407 41.309937
-71.871681 41.309937
-71.873070 41.309383
-71.875847 41.309105
-71.876129 41.308826
-71.876404 41.308826
-71.876686 41.308548
-71.877792 41.308548
-71.877792 41.308270
-71.878624 41.307438
-71.879181 41.307438
-71.879463 41.307159
-71.879738 41.307159
-71.882797 41.305771
-71.883072 41.305492
-71.883347 41.305492
-71.883904 41.304939
-71.884186 41.304939
-71.884460 41.305214
-71.884735 41.305214
-71.885017 41.305492
-71.885292 41.305492
-71.885574 41.305771
-71.885849 41.305771
-71.886963 41.306881
-71.886406 41.307438
-71.885849 41.307438
-71.885574 41.307716
-71.885292 41.307716
-71.884460 41.308548
-71.884460 41.308826
-71.884186 41.309105
-71.884186 41.309383
-71.883629 41.309937
-71.883904 41.309937
-71.883629 41.310215
-71.883347 41.310215
-71.883072 41.310493
-71.882515 41.309937
-71.882515 41.309105
-71.881683 41.308270
-71.881409 41.308270
-71.881126 41.307995
-71.880569 41.307995
-71.880295 41.308270
-71.879738 41.308270
-71.877792 41.310215
-71.877159 41.310772
-71.876411 41.310928
-71.876007 41.310810
-71.875572 41.310772
-71.874741 41.310772
-71.874458 41.311050
-71.873909 41.311050
-71.871124 41.311604
-71.870850 41.311604
-71.870575 41.311882
-71.868629 41.311882
-71.867874 41.312084
-71.866020 41.312325
-71.864937 41.312420
-71.864227 41.312420
-71.864021 41.311859
-71.863586 41.311981
-71.863312 41.312096
-71.862915 41.312019
-71.862518 41.312160
-71.862236 41.311882
-71.861961 41.311882
-71.860573 41.311016
-71.859932 41.310535
-71.859497 41.310516
-71.859184 41.310493
-71.858902 41.310493
-71.857513 41.311882
-71.857513 41.312160
-71.858070 41.312717
-71.858353 41.312717
-71.858627 41.312992
-71.858902 41.312992
-71.859184 41.313271
-71.859459 41.313271
-71.859741 41.313549
-71.859741 41.313828
-71.859459 41.314106
-71.859459 41.314381
-71.858627 41.315216
-71.857239 41.315216
-71.856964 41.314938
-71.856682 41.314938
-71.856407 41.314659
-71.856125 41.314659
-71.855576 41.315216
-71.855576 41.315773
-71.856407 41.316605
-71.856964 41.316605
-71.857239 41.316326
-71.857513 41.316326
-71.857674 41.316486
-71.857796 41.316605
-71.858070 41.316605
-71.858353 41.316883
-71.858627 41.316883
-71.859184 41.317436
-71.859184 41.317715
-71.858902 41.317715
-71.858353 41.318272
-71.857750 41.318424
-71.857162 41.318665
-71.856659 41.319191
-71.856239 41.319775
-71.855545 41.320065
-71.854836 41.319889
-71.854248 41.319508
-71.853905 41.319275
-71.853699 41.319134
-71.853119 41.318913
-71.852455 41.318985
-71.851852 41.319191
-71.851364 41.319489
-71.850945 41.319759
-71.850609 41.320011
-71.850479 41.320255
-71.850655 41.320503
-71.850929 41.320744
-71.851273 41.320950
-71.851479 41.321049
-71.850647 41.321880
-71.850365 41.321880
-71.850090 41.322159
-71.849533 41.322159
-71.848701 41.322994
-71.848145 41.322994
-71.847870 41.323273
-71.847313 41.323273
-71.847031 41.323547
-71.846756 41.323547
-71.845367 41.324936
-71.845085 41.324936
-71.844810 41.324661
-71.844536 41.324661
-71.844254 41.324383
-71.843979 41.324104
-71.843147 41.324104
-71.842590 41.324661
-71.841759 41.325493
-71.841759 41.325771
-71.841202 41.326328
-71.841476 41.326603
-71.841476 41.327438
-71.842033 41.327438
-71.842590 41.326881
-71.843147 41.326881
-71.843422 41.326603
-71.843697 41.326603
-71.843979 41.326881
-71.844254 41.326881
-71.844536 41.326603
-71.845367 41.326603
-71.845642 41.326328
-71.846481 41.326328
-71.847588 41.327438
-71.847588 41.327717
-71.846481 41.328827
-71.846199 41.328827
-71.845924 41.329105
-71.845642 41.329105
-71.844810 41.329937
-71.844536 41.330215
-71.844254 41.330215
-71.843979 41.330494
-71.843697 41.330494
-71.843422 41.330772
-71.843147 41.330772
-71.842865 41.331047
-71.842590 41.331047
-71.840919 41.332714
-71.840370 41.332714
-71.839813 41.333271
-71.839256 41.333271
-71.838699 41.333828
-71.838425 41.333828
-71.838142 41.334103
-71.837868 41.334103
-71.837585 41.334381
-71.835922 41.336048
-71.835648 41.336048
-71.835365 41.335770
-71.833420 41.335770
-71.833145 41.336048
-71.832588 41.336048
-71.832031 41.336605
-71.831757 41.336605
-71.831200 41.337158
-71.830643 41.337158
-71.830643 41.337437
-71.830368 41.337715
-71.830086 41.337994
-71.829811 41.337994
-71.829536 41.338272
-71.828423 41.338272
-71.828148 41.338551
-71.827866 41.338825
-71.827591 41.338825
-71.827591 41.339939
-71.827309 41.340214
-71.827309 41.341049
-71.827034 41.341328
-71.827034 41.341606
-71.826752 41.341881
-71.826477 41.342159
-71.826477 41.342716
-71.827309 41.343548
-71.827309 41.344105
-71.827591 41.344105
-71.829254 41.345772
-71.829254 41.346603
-71.828423 41.347439
-71.828423 41.348270
-71.827866 41.348827
-71.830643 41.351604
-71.830643 41.351883
-71.831757 41.352993
-71.832031 41.352993
-71.832588 41.353550
-71.832863 41.353550
-71.833145 41.353828
-71.833420 41.353828
-71.833977 41.354382
-71.834259 41.354382
-71.835091 41.355217
-71.835091 41.355492
-71.835365 41.355770
-71.835365 41.356049
-71.835648 41.356327
-71.835648 41.356884
-71.835922 41.357159
-71.835922 41.357437
-71.836197 41.357716
-71.836197 41.357994
-71.836479 41.358273
-71.836479 41.358547
-71.836754 41.358826
-71.836754 41.361603
-71.837036 41.361881
-71.837036 41.362160
-71.837311 41.362438
-71.837311 41.362717
-71.837585 41.362995
-71.837585 41.363270
-71.837311 41.363548
-71.837311 41.364105
-71.837036 41.364384
-71.837036 41.365215
-71.836754 41.365494
-71.836754 41.366051
-71.836197 41.366604
-71.835922 41.366604
-71.834808 41.367714
-71.833145 41.367714
-71.832863 41.367992
-71.833420 41.368549
-71.833420 41.369106
-71.835091 41.369106
-71.835365 41.368828
-71.835365 41.368549
-71.836479 41.367439
-71.836754 41.367439
-71.837868 41.366325
-71.837868 41.365772
-71.838425 41.365215
-71.838425 41.364658
-71.838142 41.364384
-71.838425 41.363827
-71.838699 41.363548
-71.838699 41.362995
-71.838425 41.362717
-71.838425 41.362438
-71.838348 41.362438
-71.838348 41.361328
-71.838905 41.360771
-71.838905 41.360214
-71.839203 41.359921
-71.839729 41.361279
-71.839127 41.364460
-71.837921 41.366730
-71.836723 41.370819
-71.835518 41.376270
-71.834930 41.381721
-71.836166 41.384441
-71.837402 41.387161
-71.838638 41.388969
-71.840828 41.390770
-71.842941 41.393501
-71.842957 41.396221
-71.843208 41.398491
-71.843178 41.401222
-71.843773 41.403492
-71.843140 41.405300
-71.841789 41.407570
-71.840569 41.409389
-71.838737 41.410301
-71.836296 41.411209
-71.833847 41.412128
-71.830177 41.413952
-71.826523 41.415779
-71.824066 41.417141
-71.821022 41.418972
-71.817963 41.419880
-71.800186 41.415840
-71.797699 41.418682
-71.796150 41.450901
-71.789787 41.568882
-71.789909 41.583851
-71.789436 41.599239
-71.788239 41.638741
-71.788277 41.640129
-71.789703 41.694118
-71.790443 41.723171
-71.793716 41.815411
-71.796333 41.918400
-71.796806 41.937580
-71.797150 41.958809
-71.797943 42.008892
-71.668114 42.012230
-71.558792 42.015289
-71.536560 42.015919
-71.498268 42.016880
-71.426620 42.018681
-71.379677 42.019100
-71.380562 41.985039
-71.381660 41.942749
