>
-89.9579772949	47.291179657
-90.3926086426	46.6086120605
-90.4187088013	46.5669593811
-90.414855957	46.5602416992
-90.4119873047	46.5571289062
-90.4078292847	46.5528907776
-90.4014663696	46.5465812683
-90.3966217041	46.5422019958
-90.3927383423	46.5388908386
-90.3894577026	46.5374908447
-90.3855209351	46.5375709534
-90.3815383911	46.5393218994
-90.3769760132	46.5404090881
-90.3746566772	46.5406913757
-90.3707885742	46.5410995483
-90.3650665283	46.5417289734
-90.3637924194	46.5416488647
-90.3604431152	46.5414085388
-90.3575363159	46.540561676
-90.3544311523	46.540309906
-90.3518676758	46.5413894653
-90.3499069214	46.5427818298
-90.3479614258	46.545539856
-90.3456726074	46.5481414795
-90.3414459229	46.5529212952
-90.3362121582	46.5552711487
-90.3344573975	46.555431366
-90.3313064575	46.555519104
-90.3282928467	46.5547714233
-90.3252105713	46.5529403687
-90.3217773437	46.5507392883
-90.3187332153	46.5487785339
-90.3176193237	46.5480194092
-90.3149490356	46.5457496643
-90.3122787476	46.5434684753
-90.311706543	46.5419311523
-90.3112487793	46.540019989
-90.311088562	46.5372695923
-90.310836792	46.5340690613
-90.3126907349	46.5316696167
-90.3145675659	46.5280189514
-90.3166732788	46.525100708
-90.3159790039	46.521900177
-90.3153686523	46.5206604004
-90.3140792847	46.5196990967
-90.3113479614	46.5189094543
-90.309677124	46.5187301636
-90.3080215454	46.5187416077
-90.3033981323	46.5195999146
-90.298866272	46.5201797485
-90.2928695679	46.5211219788
-90.2910614014	46.5213088989
-90.2882461548	46.52161026
-90.2849578857	46.5220794678
-90.2818069458	46.5220718384
-90.2798461914	46.5225410461
-90.2770462036	46.5230789185
-90.2751159668	46.5229988098
-90.2738571167	46.5217895508
-90.2737731934	46.5199012756
-90.2750015259	46.5185508728
-90.2755813599	46.5171508789
-90.2749786377	46.5157203674
-90.2736358643	46.5139007568
-90.2742767334	46.5120620728
-90.2739028931	46.510799408
-90.2735900879	46.5097694397
-90.2724075317	46.5085601807
-90.2711029053	46.5076217651
-90.2683868408	46.5068016052
-90.2666931152	46.5063819885
-90.2649688721	46.506149292
-90.2623291016	46.5057106018
-90.2596817017	46.5052719116
-90.2531204224	46.5053901672
-90.2478179932	46.5062484741
-90.2456970215	46.5065116882
-90.2438583374	46.506729126
-90.2406692505	46.5071105957
-90.2380371094	46.507610321
-90.2372817993	46.5077285767
-90.2334671021	46.5082206726
-90.2300109863	46.5077209473
-90.2260513306	46.5072822571
-90.2229766846	46.5065002441
-90.2207565308	46.5059394836
-90.2167892456	46.5055007935
-90.2148284912	46.5027313232
-90.2127609253	46.4990997314
-90.2127380371	46.4970817566
-90.2127227783	46.4954299927
-90.2114181519	46.4927902222
-90.2086029053	46.4887084961
-90.2050704956	46.4846801758
-90.2043533325	46.4835510254
-90.2033462524	46.4826507568
-90.196685791	46.4762687683
-90.1932830811	46.4739685059
-90.1913528442	46.4703292847
-90.1909790039	46.4688720703
-90.1906585693	46.467590332
-90.1893692017	46.4649505615
-90.1866531372	46.4626197815
-90.1840133667	46.4621200562
-90.1825561523	46.4613800049
-90.1813812256	46.4607200623
-90.1793670654	46.4589309692
-90.1780166626	46.4566497803
-90.177520752	46.4559822083
-90.1769866943	46.4547119141
-90.1768569946	46.452419281
-90.1773605347	46.4502601624
-90.1778869629	46.4479408264
-90.1760864258	46.4457588196
-90.1752243042	46.4447898865
-90.1725463867	46.4430198669
-90.1692886353	46.441570282
-90.1660766602	46.4397392273
-90.1655731201	46.4394493103
-90.1634063721	46.4362792969
-90.1613616943	46.4340019226
-90.1592483521	46.43019104
-90.1589202881	46.4263000488
-90.158821106	46.4244918823
-90.1587371826	46.4230995178
-90.1585159302	46.4190597534
-90.1584320068	46.4159622192
-90.1571273804	46.4113807678
-90.153793335	46.4072799683
-90.1519699097	46.403968811
-90.1481933594	46.3990707397
-90.1465072632	46.3972015381
-90.1453704834	46.3959388733
-90.1425628662	46.3927993774
-90.1405029297	46.3905410767
-90.1389923096	46.3878593445
-90.1374664307	46.3842315674
-90.1370315552	46.3832893372
-90.1359863281	46.381061554
-90.1351776123	46.3783302307
-90.1350402832	46.375869751
-90.1329498291	46.3721389771
-90.1310272217	46.3698120117
-90.1301879883	46.368850708
-90.1290359497	46.3675308228
-90.126373291	46.3647918701
-90.1245498657	46.3623008728
-90.1236877441	46.3612098694
-90.1210403442	46.3579406738
-90.1207809448	46.3563194275
-90.1206283569	46.3534889221
-90.1203994751	46.3493804932
-90.1213607788	46.3461799622
-90.1215362549	46.3456916809
-90.1215362549	46.3423690796
-90.1215362549	46.3411712646
-90.1215591431	46.3390808105
-90.1177520752	46.3365707397
-89.9946212769	46.3127098083
-89.9290466309	46.3000488281
-89.7598724365	46.2679519653
-89.7367706299	46.2636108398
-89.5829467773	46.2347412109
-89.5330505371	46.2252388
-89.5132827759	46.2214813232
-89.4272460937	46.2048187256
-89.3759002686	46.1948699951
-89.2666168213	46.1736907959
-89.230178833	46.1661720276
-89.0854415894	46.1365318298
-88.9878692627	46.0970802307
-88.9329071045	46.0745697021
-88.8507385254	46.0409088135
-88.8473205566	46.0368385315
-88.8431167603	46.0336494446
-88.842590332	46.0332794189
-88.8371124268	46.0312385559
-88.8325424194	46.0293807983
-88.8280487061	46.0293922424
-88.8247833252	46.0293502808
-88.8207473755	46.0288696289
-88.818977356	46.0284385681
-88.8168563843	46.0277519226
-88.8142700195	46.0260314941
-88.8122787476	46.0247001648
-88.8103103638	46.0238113403
-88.8082809448	46.0237808228
-88.8077087402	46.0237808228
-88.8050765991	46.0238494873
-88.8031082153	46.0251617432
-88.8030471802	46.0275192261
-88.8023986816	46.0301513672
-88.8017272949	46.0319709778
-88.7990875244	46.0337905884
-88.7973632812	46.0343894958
-88.7967987061	46.0345802307
-88.7947921753	46.0340690613
-88.7927932739	46.0331916809
-88.7914428711	46.0318412781
-88.7894973755	46.0323791504
-88.7873306274	46.0333595276
-88.7860107422	46.0336494446
-88.7842559814	46.0329017639
-88.7828369141	46.0311088562
-88.7828063965	46.02917099
-88.784072876	46.0273895264
-88.7846832275	46.0260009766
-88.7865524292	46.0232200623
-88.7864761353	46.0209388733
-88.7856292725	46.0195503235
-88.7848358154	46.0185890198
-88.7824478149	46.0177612305
-88.7798233032	46.0178489685
-88.7777099609	46.0178794861
-88.7758331299	46.0180892944
-88.7752914429	46.0197486877
-88.7747268677	46.0203094482
-88.7733917236	46.02161026
-88.7714996338	46.0240287781
-88.7690505981	46.0239295959
-88.7668762207	46.0226402283
-88.7661590576	46.0208206177
-88.763710022	46.0200195312
-88.7632064819	46.0199584961
-88.7615432739	46.0199813843
-88.7565383911	46.0211715698
-88.7540130615	46.0225715637
-88.7507019043	46.0248413086
-88.7457962036	46.0267219543
-88.7408370972	46.0279922485
-88.7362518311	46.027961731
-88.7334289551	46.0276603699
-88.7316513062	46.0273399353
-88.7284164429	46.0256195068
-88.7251205444	46.0238609314
-88.7232208252	46.0219421387
-88.7221374512	46.0209121704
-88.7215805054	46.0201797485
-88.7241363525	46.0183105469
-88.7253875732	46.0164604187
-88.7253265381	46.014629364
-88.7239685059	46.0132789612
-88.7213516235	46.0133209229
-88.7167816162	46.0138511658
-88.7144012451	46.0150108337
-88.7129058838	46.0157394409
-88.7083587646	46.0167312622
-88.7023086548	46.0177497864
-88.6977233887	46.0176696777
-88.6952972412	46.0173187256
-88.6913223267	46.0165519714
-88.6846466064	46.0148506165
-88.6833496094	46.0144119263
-88.6794433594	46.0129814148
-88.6774902344	46.0120506287
-88.6761932373	46.0111312866
-88.6742477417	46.0092887878
-88.6722412109	46.0074996948
-88.6717300415	46.0059089661
-88.671043396	46.003780365
-88.6684570312	46.0010185242
-88.6658630371	45.9991722107
-88.6651687622	45.9973602295
-88.6659088135	45.9950485229
-88.6672515869	45.9927711487
-88.6676864624	45.9915885925
-88.667930603	45.990940094
-88.6666259766	45.990020752
-88.6648406982	45.9891090393
-88.6609268188	45.9886512756
-88.6568222046	45.9890403748
-88.6541671753	45.9895591736
-88.653137207	45.9891090393
-88.6502761841	45.9880905151
-88.6457061768	45.9871406555
-88.6414718628	45.9862709045
-88.6340026855	45.9863319397
-88.6316070557	45.9863700867
-88.6293487549	45.986579895
-88.6248474121	45.9869499207
-88.6195297241	45.9883804321
-88.6164474487	45.9902687073
-88.6153564453	45.9916000366
-88.6148681641	45.99243927
-88.6148300171	45.9951896667
-88.6140518188	45.9987792969
-88.6134414673	46.0015792847
-88.6133880615	46.0052490234
-88.6129074097	46.0077095032
-88.6124572754	46.0091018677
-88.6100692749	46.0146598816
-88.6084899902	46.0164299011
-88.6066360474	46.0183906555
-88.6042633057	46.0188789368
-88.6016387939	46.018901825
-88.5982589722	46.0162010193
-88.5949478149	46.0129089355
-88.5923614502	46.0106010437
-88.5903930664	46.008769989
-88.5871658325	46.0077400208
-88.5838928223	46.0077209473
-88.580581665	46.0096092224
-88.5772628784	46.0123214722
-88.5752716064	46.0137901306
-88.5713272095	46.0150299072
-88.5687789917	46.0155296326
-88.5668106079	46.015750885
-88.5621643066	46.0158805847
-88.5569229126	46.0153884888
-88.5536727905	46.0145797729
-88.5497360229	46.0146408081
-88.5465164185	46.0144004822
-88.5444869995	46.0143890381
-88.5386657715	46.0166320801
-88.5321578979	46.0181007385
-88.5296020508	46.018661499
-88.5276031494	46.0190887451
-88.5230560303	46.0201301575
-88.5177993774	46.0197105408
-88.5125427246	46.0187721252
-88.5099182129	46.0174407959
-88.5071563721	46.0148086548
-88.5052719116	46.013130188
-88.504486084	46.0109291077
-88.5033187866	46.008140564
-88.503326416	46.0068092346
-88.5033493042	46.0058517456
-88.5020904541	46.0026397705
-88.5001831055	45.999420166
-88.496887207	45.9971694946
-88.4934768677	45.9953308105
-88.4888305664	45.9931106567
-88.487953186	45.9927101135
-88.4865264893	45.9924507141
-88.4819412231	45.9928817749
-88.479309082	45.9933204651
-88.4766616821	45.9951210022
-88.474647522	45.9973907471
-88.4720001221	45.9997596741
-88.4700164795	46.0010299683
-88.4680404663	46.0023803711
-88.4664993286	46.0025901794
-88.4648666382	46.0026092529
-88.4615783691	46.001739502
-88.4582519531	46.0000190735
-88.4549560547	45.9973220825
-88.4515380859	45.9945602417
-88.4493789673	45.9927520752
-88.4488220215	45.9923591614
-88.4462280273	45.9909210205
-88.4446792603	45.9902610779
-88.4420471191	45.9893722534
-88.4413986206	45.9893608093
-88.4382629395	45.988368988
-88.4342193604	45.9879302979
-88.4303359985	45.9861717224
-88.4264068604	45.9846687317
-88.4251861572	45.9837913513
-88.4245300293	45.9832115173
-88.4225158691	45.9809989929
-88.4199523926	45.9799995422
-88.4173431396	45.9795303345
-88.4147109985	45.979598999
-88.4114227295	45.9804000854
-88.4081573486	45.9809608459
-88.4070663452	45.9809303284
-88.4029083252	45.9808197021
-88.3970031738	45.9812316895
-88.3924331665	45.982170105
-88.3896865845	45.9844512939
-88.3870773315	45.9870986938
-88.384437561	45.9893608093
-88.3820495605	45.9910011292
-88.3794021606	45.9910011292
-88.3761291504	45.9911308289
-88.3727416992	45.9888687134
-88.3694992065	45.987449646
-88.365486145	45.9856987
-88.3623123169	45.9845199585
-88.3596572876	45.983631134
-88.3557357788	45.9813690186
-88.3511962891	45.9794807434
-88.3449630737	45.9767913818
-88.3396530151	45.974609375
-88.3376083374	45.9718894958
-88.3344421387	45.969329834
-88.3328781128	45.9664611816
-88.3323974609	45.9656600952
-88.3311767578	45.9641990662
-88.329246521	45.9618988037
-88.3280563354	45.9601707458
-88.3261566162	45.9591903687
-88.3235321045	45.9597206116
-88.3214874268	45.960319519
-88.3200912476	45.9608802795
-88.3189620972	45.9620819092
-88.3164215088	45.9626502991
-88.3118286133	45.9626693726
-88.3078460693	45.9613189697
-88.3045730591	45.9599189758
-88.2979507446	45.9556694031
-88.2927474976	45.9542198181
-88.2855529785	45.9533309937
-88.2840423584	45.9535522461
-88.2783432007	45.9545822144
-88.2743682861	45.9568405151
-88.2698364258	45.9590606689
-88.2657775879	45.9613304138
-88.2624969482	45.9622192383
-88.2592010498	45.9635696411
-88.2574310303	45.9637908936
-88.2562332153	45.963809967
-88.2522659302	45.9629516602
-88.2489700317	45.9616203308
-88.2469100952	45.9598617554
-88.2449111938	45.9570884705
-88.2422103882	45.953918457
-88.2395477295	45.952129364
-88.237701416	45.9511909485
-88.2372131348	45.9509391785
-88.2326202393	45.9495887756
-88.229637146	45.9491386414
-88.2263793945	45.9490699768
-88.221786499	45.948600769
-88.2178497314	45.9477386475
-88.2143630981	45.9462089539
-88.2099380493	45.9461593628
-88.2065200806	45.9475517273
-88.2041320801	45.9493713379
-88.2004928589	45.9524688721
-88.200012207	45.9528198242
-88.1985397339	45.9538917542
-88.1968231201	45.9536094666
-88.1950683594	45.9531402588
-88.1913528442	45.952331543
-88.188079834	45.9514694214
-88.1838760376	45.9505386353
-88.1806030273	45.9501190186
-88.1766433716	45.9478302002
-88.1738128662	45.9453697205
-88.1705932617	45.9430503845
-88.1660385132	45.9411697388
-88.1614685059	45.9403114319
-88.1575622559	45.9397201538
-88.1544418335	45.9391403198
-88.1523590088	45.938709259
-88.1477966309	45.9369087219
-88.1442260742	45.935459137
-88.1415557861	45.9341812134
-88.1382675171	45.9318618774
-88.1342163086	45.9294090271
-88.1327362061	45.9280700684
-88.1317062378	45.9270401001
-88.1284332275	45.9252090454
-88.1258087158	45.9238815308
-88.1212692261	45.9229011536
-88.1170959473	45.9225196838
-88.1149368286	45.9221115112
-88.1125030518	45.9216499329
-88.108543396	45.9203300476
-88.1045684814	45.9195594788
-88.101272583	45.918170929
-88.0979995728	45.9167518616
-88.0960388184	45.9153709412
-88.0953674316	45.9140510559
-88.0965270996	45.9130706787
-88.0991592407	45.9117202759
-88.1004562378	45.9099197388
-88.1029968262	45.9075813293
-88.1036224365	45.9071311951
-88.1039505005	45.9066810608
-88.1053085327	45.9044113159
-88.10546875	45.901599884
-88.106086731	45.8984718323
-88.1045913696	45.8924598694
-88.1041564941	45.8905906677
-88.1036605835	45.889289856
-88.1017608643	45.8865203857
-88.1004562378	45.8838119507
-88.096496582	45.8820304871
-88.0925292969	45.8802490234
-88.0889587402	45.8792190552
-88.0881958008	45.8790092468
-88.0849533081	45.877658844
-88.0806732178	45.876750946
-88.0773620605	45.8749389648
-88.0747528076	45.8735313416
-88.0727996826	45.8721389771
-88.0733108521	45.8712692261
-88.0739822388	45.8690299988
-88.0772018433	45.8658409119
-88.0817184448	45.8644294739
-88.0852966309	45.8626213074
-88.0873413086	45.8603401184
-88.089881897	45.8584289551
-88.092590332	45.8562316895
-88.0951309204	45.8540802002
-88.0983963013	45.8522605896
-88.1009521484	45.8499488831
-88.1025466919	45.8485603333
-88.1041564941	45.8471603394
-88.1059417725	45.8454399109
-88.1078796387	45.8431091309
-88.1092529297	45.8407592773
-88.112449646	45.8388290405
-88.1153793335	45.8371315002
-88.1158676147	45.8367919922
-88.1195220947	45.8341712952
-88.1264724731	45.8295898438
-88.129776001	45.8273200989
-88.1323471069	45.8248596191
-88.1349182129	45.8225402832
-88.13646698	45.8196220398
-88.1359024048	45.8163909912
-88.1341171265	45.8142700195
-88.1314086914	45.8117904663
-88.128288269	45.8091697693
-88.1275405884	45.8085708618
-88.1236724854	45.8066902161
-88.1201171875	45.8053398132
-88.1155319214	45.8034896851
-88.1108932495	45.8013305664
-88.1082229614	45.799079895
-88.1063690186	45.7965888977
-88.1030426025	45.7936820984
-88.0988922119	45.7914085388
-88.0949707031	45.7904586792
-88.0907516479	45.7889595032
-88.0861968994	45.7880020142
-88.0804901123	45.7861404419
-88.07787323	45.7847518921
-88.0732116699	45.7825622559
-88.0710067749	45.7818222046
-88.0693588257	45.7814216614
-88.0641479492	45.7809295654
-88.0594863892	45.7817993164
-88.0582580566	45.7818222046
-88.0549163818	45.7818603516
-88.0509109497	45.7829704285
-88.0497283936	45.783290863
-88.0438919067	45.7847290039
-88.0392379761	45.7866401672
-88.0333175659	45.7878913879
-88.0313491821	45.7883300781
-88.0296173096	45.7885513306
-88.0263595581	45.7890396118
-88.019859314	45.7900390625
-88.0139923096	45.7910003662
-88.0103683472	45.7922210693
-88.0084381104	45.792640686
-88.0064315796	45.7930908203
-88.0031204224	45.7953414917
-87.9991073608	45.7962112427
-87.9983673096	45.7963905334
-87.9971466064	45.7966918945
-87.9939804077	45.7952384949
-87.9901275635	45.7924499512
-87.9884567261	45.790271759
-87.9871673584	45.7881088257
-87.985786438	45.7844619751
-87.9844970703	45.7823104858
-87.9858474731	45.7795906067
-87.9878616333	45.7773284912
-87.9892120361	45.7764091492
-87.9905090332	45.7755317688
-87.9918899536	45.7732391357
-87.9907531738	45.7720413208
-87.9873580933	45.7704620361
-87.98412323	45.7695121765
-87.9795913696	45.7676315308
-87.9756774902	45.7663002014
-87.9724884033	45.7643508911
-87.970489502	45.7632598877
-87.9673309326	45.7615394592
-87.9640960693	45.7601394653
-87.9590759277	45.7587509155
-87.954536438	45.7586593628
-87.9471817017	45.7581100464
-87.9414825439	45.7584495544
-87.9356384277	45.7598419189
-87.9323806763	45.759349823
-87.9284210205	45.7580909729
-87.9257965088	45.7574310303
-87.9231567383	45.7568588257
-87.9218978882	45.7572898865
-87.9199295044	45.7586021423
-87.9173431396	45.7586898804
-87.9150924683	45.7583007813
-87.9145507812	45.7582015991
-87.9121170044	45.7577400208
-87.9086761475	45.7581291199
-87.907623291	45.7579689026
-87.9055709839	45.7574119568
-87.9016113281	45.7551689148
-87.8989868164	45.7543487549
-87.8957366943	45.7538604736
-87.8924636841	45.7543487549
-87.8891830444	45.7551498413
-87.8876571655	45.7551307678
-87.8852920532	45.7548789978
-87.881362915	45.7544593811
-87.8774719238	45.7536392212
-87.8729705811	45.7508392334
-87.8691101074	45.748500824
-87.8664703369	45.7458190918
-87.8653869629	45.7427406311
-87.8641662598	45.739730835
-87.8635025024	45.7365493774
-87.8620529175	45.7331085205
-87.859336853	45.7304496765
-87.8565673828	45.7277793884
-87.8527069092	45.7258987427
-87.8494873047	45.724029541
-87.8474807739	45.7218208313
-87.8467712402	45.7218208313
-87.844039917	45.7195587158
-87.8434295654	45.7192497253
-87.8398590088	45.7179603577
-87.8349075317	45.7160797119
-87.8316879272	45.7153205872
-87.8310012817	45.7151603699
-87.8256072998	45.7141304016
-87.8235015869	45.7135505676
-87.8204269409	45.7126922607
-87.8152313232	45.7117195129
-87.8120117187	45.7103004456
-87.8094558716	45.7079811096
-87.8081970215	45.7061386108
-87.8082504272	45.7043113708
-87.8085632324	45.7033309937
-87.8089599609	45.7020301819
-87.8096923828	45.7001609802
-87.8078460693	45.6984596252
-87.8051757812	45.6969490051
-87.8026809692	45.6956520081
-87.8006896973	45.6945800781
-87.794631958	45.6899108887
-87.7896270752	45.6865005493
-87.7886734009	45.6858711243
-87.7841033936	45.6821784973
-87.7828063965	45.6792907715
-87.7828063965	45.6774291992
-87.7842407227	45.6752510071
-87.7884521484	45.6735115051
-87.7914810181	45.672618866
-87.7947311401	45.6721000671
-87.7986373901	45.6716499329
-87.8019104004	45.6703109741
-87.8040008545	45.6687889099
-87.8078765869	45.6673812866
-87.8117599487	45.6659698486
-87.8150100708	45.6654815674
-87.8182678223	45.6654510498
-87.8215103149	45.6645011902
-87.8231964111	45.6638908386
-87.8242721558	45.6633491516
-87.8259963989	45.6625595093
-87.8280105591	45.6608505249
-87.8282775879	45.6597099304
-87.8285598755	45.6584892273
-87.8291473389	45.6552810669
-87.829750061	45.6529922485
-87.8290481567	45.6502494812
-87.8276977539	45.6479797363
-87.8252792358	45.6459197998
-87.8246917725	45.6455802917
-87.8210983276	45.6439208984
-87.8178329468	45.6430397034
-87.8150863647	45.6399002075
-87.8131866455	45.6375999451
-87.8100128174	45.6348190308
-87.8092498779	45.6331214905
-87.8081588745	45.6306686401
-87.806427002	45.6285591125
-87.8045196533	45.6266708374
-87.8031387329	45.6249008179
-87.8012619019	45.6227607727
-87.7992706299	45.6200790405
-87.7967071533	45.6182594299
-87.7938079834	45.6163787842
-87.7905807495	45.6154403687
-87.7873001099	45.6136016846
-87.7847061157	45.6117401123
-87.7827224731	45.6094894409
-87.7813568115	45.6056785583
-87.7808761597	45.6024398804
-87.7814559937	45.5999412537
-87.7816162109	45.5992507935
-87.7817459106	45.5960502625
-87.782989502	45.5930786133
-87.7837905884	45.5901908875
-87.784866333	45.5894088745
-87.7884674072	45.5856208801
-87.7892074585	45.5824203491
-87.7906417847	45.5798721313
-87.7911758423	45.578830719
-87.7911376953	45.57654953
-87.7910919189	45.5741119385
-87.7910308838	45.5710601807
-87.7928924561	45.5664710999
-87.7954559326	45.5646209717
-87.7981567383	45.5633392334
-87.8027267456	45.5624809265
-87.8040390015	45.5628585815
-87.8059616089	45.5634307861
-87.8104858398	45.5643997192
-87.8150024414	45.5662918091
-87.8189315796	45.5671386719
-87.8235015869	45.5680007935
-87.8267593384	45.5679702759
-87.8286972046	45.5679512024
-87.832611084	45.5679092407
-87.834526062	45.5665206909
-87.8358612061	45.5642585754
-87.8364028931	45.5623893738
-87.8363571167	45.5605621338
-87.8349533081	45.5593986511
-87.8327713013	45.5578193665
-87.8292312622	45.5555305481
-87.8271560669	45.5541915894
-87.8205795288	45.552028656
-87.8167190552	45.5498390198
-87.8133163452	45.5470695496
-87.8116912842	45.5457305908
-87.8100204468	45.5443611145
-87.8093032837	45.5407104492
-87.8085784912	45.537979126
-87.8086624146	45.5337486267
-87.8080673218	45.5309906006
-87.8081283569	45.5291099548
-87.8081665039	45.5273399353
-87.8070983887	45.5236320496
-87.8062667847	45.5187988281
-87.8042526245	45.5156211853
-87.8034362793	45.5134391785
-87.802696228	45.5121803284
-87.8001861572	45.5089492798
-87.7974014282	45.506111145
-87.7969970703	45.5057296753
-87.7919006348	45.5024490356
-87.7904663086	45.5008888245
-87.7895812988	45.4998092651
-87.7870101929	45.4979515076
-87.7856826782	45.4961395264
-87.7856292725	45.4934921265
-87.7856369019	45.4929389954
-87.7868728638	45.4915390015
-87.7894592285	45.4905891418
-87.7927093506	45.4897117615
-87.7959289551	45.4887313843
-87.798500061	45.4873390198
-87.8010864258	45.4868507385
-87.8026733398	45.4861602783
-87.8040390015	45.4852294922
-87.8060531616	45.4829711914
-87.8087081909	45.4802703857
-87.8094329834	45.4767303467
-87.8101882935	45.4734306335
-87.8107299805	45.4723510742
-87.8118286133	45.4707489014
-87.8142166138	45.4684715271
-87.8181533813	45.4657096863
-87.8214416504	45.4642601013
-87.826461792	45.4610290527
-87.8272018433	45.460521698
-87.8349075317	45.4554405212
-87.8384017944	45.4531402588
-87.8419265747	45.4509620667
-87.8458633423	45.4491004944
-87.8483657837	45.4479103088
-87.8554382324	45.4428901672
-87.8597564697	45.4397697449
-87.8617324829	45.4370117188
-87.8637084961	45.4341316223
-87.8642883301	45.4309196472
-87.8645324707	45.4297790527
-87.8645706177	45.4283905029
-87.8633499146	45.4251708984
-87.8622131348	45.4219207764
-87.859588623	45.4187393188
-87.8570861816	45.4155006409
-87.8561859131	45.4141693115
-87.8554763794	45.4127311707
-87.8541259766	45.4104614258
-87.8534164429	45.4072608948
-87.8546676636	45.404510498
-87.8572158813	45.4021987915
-87.8610610962	45.3998794556
-87.862487793	45.3984909058
-87.8635177612	45.3950195313
-87.8622665405	45.3926620483
-87.861579895	45.3908805847
-87.8635864258	45.3886108398
-87.8660202026	45.3872909546
-87.866607666	45.38697052
-87.87084198	45.3841285706
-87.874130249	45.3823394775
-87.877456665	45.3800392151
-87.8781433105	45.3778190613
-87.8787612915	45.3759803772
-87.8775863647	45.3736991882
-87.8776397705	45.371421814
-87.8790130615	45.3701705933
-87.8796768188	45.3696899414
-87.8835372925	45.3673286438
-87.8868713379	45.3651313782
-87.8894424438	45.3620910645
-87.8907165527	45.3593597412
-87.8906860352	45.3575286865
-87.8909759521	45.3564300537
-87.8910369873	45.3550796509
-87.8893127441	45.3538894653
-87.8873825073	45.3524894714
-87.8845977783	45.3518486023
-87.8808670044	45.3526916504
-87.8789367676	45.3540000916
-87.8779067993	45.3547401428
-87.8760604858	45.3563194275
-87.8753890991	45.357219696
-87.8759765625	45.3595199585
-87.8771972656	45.3609390259
-87.8785095215	45.3622894287
-87.8777923584	45.365020752
-87.877166748	45.3658485413
-87.8757705688	45.3659095764
-87.8746414185	45.365901947
-87.8720169067	45.3645820618
-87.8707580566	45.3627090454
-87.8706359863	45.3604812622
-87.8686218262	45.3568496704
-87.8674926758	45.3549499512
-87.8669967651	45.3544197083
-87.8644790649	45.352519989
-87.8606185913	45.3511009216
-87.8574066162	45.3496894836
-87.8555221558	45.3473892212
-87.8547668457	45.3455619812
-87.8540725708	45.3432807922
-87.8527526855	45.3419303894
-87.8523025513	45.3413085938
-87.8488540649	45.3419303894
-87.8450164795	45.3434104919
-87.84324646	45.3454093933
-87.8412322998	45.3481292725
-87.8386383057	45.3502693176
-87.8367233276	45.3512191772
-87.8354263306	45.3516998291
-87.8339385986	45.3514518738
-87.8328399658	45.3512420654
-87.8308029175	45.3503303528
-87.8295059204	45.3502693176
-87.8275375366	45.3511619568
-87.8262176514	45.3520507812
-87.8247909546	45.3520393372
-87.8231124878	45.3518218994
-87.8198623657	45.3513908386
-87.8171691895	45.3510322571
-87.8139190674	45.3514785767
-87.8106460571	45.3523216248
-87.8073806763	45.3531913757
-87.8057632446	45.3533592224
-87.8036880493	45.3533821106
-87.800453186	45.3538589478
-87.7978515625	45.3534317017
-87.7939376831	45.3526000977
-87.7919464111	45.3516693115
-87.7900314331	45.350730896
-87.7867584229	45.3498802185
-87.7848129272	45.3497009277
-87.7821731567	45.3496704102
-87.7789764404	45.3499908447
-87.7770385742	45.3508720398
-87.7738189697	45.3513793945
-87.7719802856	45.3508796692
-87.7704772949	45.350440979
-87.7686233521	45.3499794006
-87.7659988403	45.3496208191
-87.7646484375	45.3494491577
-87.7627258301	45.3494186401
-87.7600631714	45.349319458
-87.7588729858	45.3506011963
-87.7555084229	45.3534812927
-87.7521972656	45.3552322388
-87.7495498657	45.3565292358
-87.7485427856	45.3568687439
-87.7436828613	45.3583106995
-87.7419967651	45.3585319519
-87.7404327393	45.3587303162
-87.7384185791	45.3609886169
-87.7350769043	45.3646011353
-87.733039856	45.3682289124
-87.7303771973	45.3704795837
-87.7257232666	45.3745193481
-87.7245101929	45.3752593994
-87.7204589844	45.3774604797
-87.7159729004	45.3797988892
-87.7145080566	45.380569458
-87.7106018066	45.38256073
-87.7066497803	45.3847885132
-87.7033462524	45.3865699768
-87.7024230957	45.3869590759
-87.6998825073	45.3876991272
-87.6955032349	45.3886985779
-87.692276001	45.3882522583
-87.6877593994	45.3872795105
-87.6845474243	45.3858718872
-87.6832122803	45.3845596313
-87.6826477051	45.3840293884
-87.6803131104	45.3819313049
-87.6776885986	45.3801307678
-87.6756820679	45.3779792786
-87.672492981	45.3752212524
-87.669921875	45.3738594055
-87.6648178101	45.3718910217
-87.6622543335	45.3709411621
-87.6606369019	45.369758606
-87.659286499	45.3670310974
-87.6586074829	45.3647499084
-87.657951355	45.3622016907
-87.6585464478	45.3597106934
-87.657371521	45.3576507568
-87.6551895142	45.3547286987
-87.6531982422	45.3520088196
-87.6518325806	45.3488616943
-87.6511611938	45.3461303711
-87.6513595581	45.3424606323
-87.6521759033	45.3405609131
-87.6527404785	45.3392791748
-87.6542510986	45.3360710144
-87.6574172974	45.3341522217
-87.6599731445	45.3313903809
-87.6612701416	45.3300209045
-87.6634674072	45.3266296387
-87.6642227173	45.3225288391
-87.6655731201	45.3194503784
-87.6675567627	45.3162994385
-87.6722488403	45.3134994507
-87.6758728027	45.3114509583
-87.6764297485	45.311088562
-87.6809387207	45.3069915771
-87.6860427856	45.3023796082
-87.6898727417	45.2986907959
-87.6931533813	45.29529953
-87.6942062378	45.2941894531
-87.6962432861	45.289150238
-87.7001800537	45.2832107544
-87.7016830444	45.2810287476
-87.7063064575	45.2729988098
-87.7104415894	45.2669487
-87.7117919922	45.2646903992
-87.7128067017	45.2620391846
-87.7131881714	45.261051178
-87.7132720947	45.257850647
-87.7135925293	45.2559394836
-87.7140426636	45.2532920837
-87.7147979736	45.2491912842
-87.714881897	45.2459907532
-87.7143096924	45.2432403564
-87.7150268555	45.2405090332
-87.7176589966	45.2391700745
-87.7208862305	45.2377586365
-87.7254867554	45.236541748
-87.7275772095	45.2353096008
-87.7275314331	45.2330207825
-87.7269592285	45.2301597595
-87.7257232666	45.2283210754
-87.7264328003	45.2260398865
-87.7273178101	45.2251319885
-87.7290802002	45.2233390808
-87.7297973633	45.2206115723
-87.7298660278	45.2188415527
-87.7299118042	45.2165603638
-87.7286682129	45.2146492004
-87.7286758423	45.2118415833
-87.7313766479	45.2096710205
-87.7340927124	45.2074813843
-87.7372894287	45.2055892944
-87.7405700684	45.2027587891
-87.743057251	45.2000389099
-87.7434997559	45.1987686157
-87.7440261841	45.1961288452
-87.7441101074	45.1933898926
-87.742980957	45.1897010803
-87.7417526245	45.1846809387
-87.7414779663	45.1820297241
-87.7412261963	45.179649353
-87.7407531738	45.1755218506
-87.7388305664	45.173210144
-87.7349700928	45.1709289551
-87.7317733765	45.170009613
-87.7288894653	45.1672706604
-87.7256622314	45.1649703979
-87.7222824097	45.1624908447
-87.718460083	45.1601600647
-87.715927124	45.1587295532
-87.7126998901	45.1573905945
-87.7105865479	45.1550712585
-87.7087860107	45.1538314819
-87.7079315186	45.1533317566
-87.7040863037	45.1518592834
-87.7006072998	45.1503295898
-87.6949691772	45.149810791
-87.6907196045	45.1472320557
-87.6859130859	45.1441993713
-87.6834106445	45.1409606934
-87.6825866699	45.1399688721
-87.6815261841	45.1386604309
-87.6806869507	45.1380310059
-87.6792297363	45.136631012
-87.6766204834	45.1352806091
-87.6752929688	45.1334609985
-87.67527771	45.1308097839
-87.675201416	45.1284408569
-87.6764678955	45.1266098022
-87.6762466431	45.1257286072
-87.6754684448	45.1239585876
-87.6736221313	45.1202888489
-87.6704559326	45.1179618835
-87.6660079956	45.1151504517
-87.6641311646	45.1128501892
-87.6622695923	45.110080719
-87.6612319946	45.1088104248
-87.6603927612	45.1077690125
-87.6352386475	45.1060600281
-87.6172866821	45.1011695862
-87.6139831543	45.100189209
-87.5693206787	45.095539093
-87.5136413574	45.0877494812
-87.4372711182	45.0778007507
-87.4034576416	45.2045288086
-87.3075027466	45.2430496216
-87.1796569824	45.3424415588
-87.0962600708	45.4419898987
-86.8546905518	45.4433097839
-86.7605285645	45.4439811707
-86.4968719482	45.3354797363
-86.2495727539	45.2338218689
-86.3811264038	45.1554489136
-86.4283599854	45.1271705627
-86.472328186	45.0961303711
-86.5084991455	45.0664596558
-86.5394821167	45.038608551
-86.5743026733	45.0066299438
-86.612953186	44.9682617187
-86.6438293457	44.9339904785
-86.679145813	44.8874015808
-86.70287323	44.8526802063
-86.7265472412	44.8134002686
-86.7578582764	44.7558517456
-86.7916412354	44.6900787354
-86.82787323	44.613368988
-86.8627090454	44.5334587097
-86.8911132812	44.4590606689
-86.9182128906	44.3896713257
-86.9439315796	44.3171005249
-86.9652404785	44.2582321167
-86.9658660889	44.2559509277
-87.0051269531	44.1313896179
-87.0344009399	44.0460700989
-87.0573272705	43.9717292786
-87.0813827515	43.8869018555
-87.0875167847	43.8627319336
-87.1114425659	43.7719993591
-87.1248168945	43.7104721069
-87.1386413574	43.6325492859
-87.1481781006	43.5710487366
-87.1532669067	43.5086708069
-87.155166626	43.4435806274
-87.1527023315	43.3830718994
-87.1437759399	43.3053092957
-87.1357727051	43.2552986145
-87.1232910156	43.1971321106
-87.1185913086	43.1634902954
-87.0673980713	42.819480896
-87.018081665	42.4947013855
-87.7980117798	42.4960212708
-87.8028564453	42.4961700439
-87.8853912354	42.4966697693
-87.9949874878	42.4972305298
-88.0647201538	42.4974899292
-88.1162719727	42.4974784851
-88.1765899658	42.4981117249
-88.194519043	42.4980888367
-88.1971282959	42.4980812073
-88.3016204834	42.4979095459
-88.4098510742	42.4977416992
-88.5047073364	42.4980621338
-88.6287689209	42.4984817505
-88.6737365723	42.4977111816
-88.7059173584	42.4971504211
-88.7718505859	42.4957199097
-88.7737197876	42.4957504272
-88.9385070801	42.4983711243
-88.9798202515	42.4988708496
-89.0467071533	42.4996986389
-89.1540222168	42.5010299683
-89.2345428467	42.5018386841
-89.2705307007	42.5020904541
-89.3184967041	42.5024299622
-89.3645172119	42.502948761
-89.4018478394	42.5029792786
-89.4030761719	42.5030021667
-89.453742981	42.503818512
-89.4882965088	42.5043792725
-89.5693359375	42.5056610107
-89.6811294556	42.5074310303
-89.8030395508	42.5076599121
-89.8378829956	42.5075721741
-89.8743591309	42.5074615479
-89.9255828857	42.5075111389
-89.9572982788	42.5074005127
-89.9744262695	42.5081100464
-89.9977416992	42.5090713501
-90.0404129028	42.5094184875
-90.071762085	42.5094795227
-90.2285232544	42.5086898804
-90.424446106	42.507900238
-90.4275588989	42.5081100464
-90.6204071045	42.5090713501
-90.6353530884	42.5094108582
-90.6359710693	42.5093994141
-90.6415100098	42.5092811584
-90.6363067627	42.514629364
-90.6342468262	42.5191192627
-90.6346664429	42.5241317749
-90.6375808716	42.5316619873
-90.6395263672	42.5371017456
-90.642036438	42.5415687561
-90.6465301514	42.546131134
-90.6517028809	42.5490608215
-90.6589584351	42.5542106628
-90.6635360718	42.5587005615
-90.6666564941	42.5639305115
-90.6693496704	42.5704689026
-90.6717758179	42.5758705139
-90.6776885986	42.5849304199
-90.6825332642	42.5937309265
-90.6858062744	42.598449707
-90.6874923706	42.6030311584
-90.6885528564	42.6076011658
-90.6900024414	42.6129989624
-90.6925811768	42.6179695129
-90.6954193115	42.6227493286
-90.7002487183	42.6292686462
-90.7019119263	42.6310997009
-90.7059707642	42.6355819702
-90.7134170532	42.6399612427
-90.7216567993	42.642250061
-90.7300567627	42.644859314
-90.7368621826	42.6463699341
-90.7460784912	42.6479301453
-90.7560806274	42.6490516663
-90.7628860474	42.6505584717
-90.7754669189	42.6530990601
-90.7924118042	42.6553421021
-90.8068466187	42.658290863
-90.8205032349	42.6604003906
-90.8404998779	42.6633605957
-90.8669204712	42.6695289612
-90.8768157959	42.6715393066
-90.8899459839	42.6732902527
-90.8959732056	42.6752510071
-90.8984832764	42.676071167
-90.9064865112	42.6785087585
-90.9108123779	42.6799507141
-90.9169464111	42.6820907593
-90.9225997925	42.684299469
-90.9276199341	42.6856117249
-90.9332275391	42.6855506897
-90.9382095337	42.6850395203
-90.9413223267	42.6850090027
-90.9481964111	42.6858406067
-90.954208374	42.687171936
-90.9601364136	42.6898002625
-90.9676895142	42.6928901672
-90.9733581543	42.6955604553
-90.9799575806	42.6994895935
-90.9841308594	42.7036209106
-90.9902801514	42.7074203491
-90.9980392456	42.7121009827
-91.0074768066	42.7160797119
-91.0181884766	42.720500946
-91.022605896	42.7227287292
-91.0258560181	42.7244720459
-91.0264358521	42.7249107361
-91.0282974243	42.7263412476
-91.0300674438	42.7290992737
-91.0299911499	42.7313690186
-91.0305175781	42.7341117859
-91.0322570801	42.7357902527
-91.03540802	42.737121582
-91.0391616821	42.7375297546
-91.0416564941	42.7374992371
-91.0447463989	42.7375602722
-91.046661377	42.7378921509
-91.049156189	42.738319397
-91.0516967773	42.7396621704
-91.0542602539	42.7428092957
-91.0549163818	42.7446212769
-91.0549468994	42.7459793091
-91.0562515259	42.7477798462
-91.0581893921	42.7485389709
-91.0587158203	42.7487411499
-91.0612869263	42.75
-91.0632095337	42.7522506714
-91.0637588501	42.7539710999
-91.0639419556	42.7545318604
-91.0634460449	42.7560997009
-91.0621185303	42.7590789795
-91.06199646	42.7619895935
-91.0628662109	42.7645301819
-91.0649414062	42.7670402527
-91.0667114258	42.7698097229
-91.0687789917	42.7735595703
-91.0695800781	42.777130127
-91.0712585449	42.7826194763
-91.0734558105	42.7913017273
-91.0762710571	42.7999916077
-91.0776367188	42.8102722168
-91.0780258179	42.8213996887
-91.0780792236	42.8293609619
-91.0775604248	42.8339195251
-91.0774688721	42.837310791
-91.0795669556	42.8398017883
-91.0822906494	42.8423995972
-91.0847473145	42.8436584473
-91.0859832764	42.844291687
-91.0890274048	42.8461608887
-91.0907821655	42.8498306274
-91.0923995972	42.8541908264
-91.0944061279	42.8596305847
-91.0970916748	42.8677787781
-91.0995330811	42.8740119934
-91.0999069214	42.8750190735
-91.1046600342	42.8823814392
-91.1132125854	42.8884506226
-91.1218261719	42.8927001953
-91.1310806274	42.8965110779
-91.1371917725	42.9007110596
-91.14112854	42.9049797058
-91.1443862915	42.9104003906
-91.14453125	42.916759491
-91.1438140869	42.9267501831
-91.1453323364	42.9372406006
-91.1454467773	42.939491272
-91.1457061768	42.944519043
-91.1454620361	42.9518013
-91.1464004517	42.9609107971
-91.1505508423	42.9678115845
-91.1519927979	42.9694595337
-91.1558761597	42.9739112854
-91.156578064	42.9747390747
-91.158531189	42.9784317017
-91.1567764282	42.9839096069
-91.156288147	42.9893722534
-91.1565704346	42.9933891296
-91.157913208	42.9965515137
-91.1588897705	42.9988899231
-91.1623687744	43.0071411133
-91.1676635742	43.0192489624
-91.1716461182	43.0291404724
-91.1756286621	43.0415000916
-91.1765670776	43.0506095886
-91.1775665283	43.0583610535
-91.1781768799	43.0655097961
-91.1777496338	43.0732498169
-91.1780014038	43.079750061
-91.1780471802	43.0811195374
-91.1764526367	43.0915489197
-91.1765670776	43.1023712158
-91.1769561768	43.1083488464
-91.1775817871	43.1178207397
-91.178527832	43.1229820251
-91.1782989502	43.1297988892
-91.1775283813	43.1338806152
-91.1755371094	43.1374092102
-91.1730880737	43.1397209167
-91.1697387695	43.1414794922
-91.1688079834	43.1417884827
-91.1646575928	43.1431999207
-91.158203125	43.1450996399
-91.157623291	43.1452713013
-91.1525878906	43.1486206055
-91.1485824585	43.1542892456
-91.1464996338	43.1586799622
-91.1445159912	43.1628608704
-91.1391677856	43.172328949
-91.1363830566	43.1797599792
-91.1330490112	43.1858596802
-91.1285018921	43.1921386719
-91.1248626709	43.1976509094
-91.1204833984	43.202419281
-91.1200790405	43.2028694153
-91.1094818115	43.2119407654
-91.0965270996	43.2225608826
-91.0862121582	43.2314300537
-91.0739059448	43.2416687012
-91.0684204102	43.2455101013
-91.0648498535	43.2487792969
-91.0631408691	43.2510986328
-91.0620727539	43.2560005188
-91.0632019043	43.2596702576
-91.0645980835	43.2612686157
-91.0656204224	43.2624397278
-91.0712280273	43.2639122009
-91.0748901367	43.2671699524
-91.0778427124	43.2726821899
-91.0782928467	43.2769203186
-91.0793914795	43.2822608948
-91.0875396729	43.2959289551
-91.0882873535	43.2970085144
-91.0936965942	43.3048286438
-91.1003875732	43.3117790222
-91.1088027954	43.3170509338
-91.1213302612	43.3249015808
-91.1330490112	43.3319396973
-91.1451721191	43.3375320435
-91.1547927856	43.3409805298
-91.1635284424	43.3429603577
-91.16796875	43.3421287537
-91.1762084961	43.3453292847
-91.1825866699	43.3488922119
-91.1878433228	43.3506698608
-91.1927108765	43.3512420654
-91.1985015869	43.3517608643
-91.2034683228	43.352722168
-91.2084274292	43.3560409546
-91.2111968994	43.3599014282
-91.2125473022	43.3635292053
-91.2138977051	43.3666915894
-91.2127075195	43.3694419861
-91.2104110718	43.3724594116
-91.2071685791	43.3751296997
-91.2047729492	43.3795509338
-91.2023925781	43.3855018616
-91.2006072998	43.3896217346
-91.19947052	43.3946418762
-91.1990127563	43.4014701843
-91.2009277344	43.4109802246
-91.2044067383	43.4201393127
-91.2065811157	43.4250221252
-91.2071914673	43.426399231
-91.2130432129	43.4331512451
-91.2207870483	43.4407806396
-91.2246627808	43.4439201355
-91.2285232544	43.4470596313
-91.2304916382	43.4510917664
-91.2316131592	43.4552116394
-91.2319564819	43.4583892822
-91.2314376831	43.4629516602
-91.2287063599	43.4669914246
-91.2268600464	43.4691886902
-91.2260665894	43.4701309204
-91.2247161865	43.4728393555
-91.2226867676	43.4769020081
-91.221321106	43.4826812744
-91.2211914062	43.4832420349
-91.2208175659	43.4922218323
-91.2199630737	43.5022888184
-91.2184829712	43.5086402893
-91.2175598145	43.5131988525
-91.2176132202	43.5159111023
-91.2189559937	43.5186500549
-91.221862793	43.5209884644
-91.2249221802	43.5237808228
-91.2273330688	43.5253601074
-91.2306289673	43.5272712708
-91.2309417725	43.5277404785
-91.2329025269	43.5307502747
-91.2359390259	43.5344390869
-91.2380065918	43.5379219055
-91.2403717041	43.5415802002
-91.2417068481	43.5447502136
-91.2417678833	43.5491104126
-91.2419281006	43.5529403687
-91.2407302856	43.5566596985
-91.2382202148	43.5608901978
-91.2361907959	43.5649490356
-91.2335510254	43.5712585449
-91.232460022	43.5781021118
-91.2317581177	43.5844497681
-91.2329025269	43.5881118774
-91.2346725464	43.5908203125
-91.2377471924	43.5941085815
-91.2386627197	43.5948791504
-91.2432861328	43.5987586975
-91.2492370605	43.6027908325
-91.2546768188	43.6069488525
-91.2601776123	43.6125793457
-91.2643966675	43.618221283
-91.2671508789	43.623298645
-91.2676086426	43.6287689209
-91.2675018311	43.6319618225
-91.2680358887	43.6347007751
-91.2679519653	43.6374320984
-91.2671966553	43.6410598755
-91.2649230957	43.64453125
-91.2639160156	43.6464309692
-91.2633514404	43.6487197876
-91.2628860474	43.6505203247
-91.2630004883	43.6510505676
-91.2638092041	43.6527709961
-91.2640533447	43.653301239
-91.2658691406	43.6553688049
-91.2679672241	43.6565589905
-91.2698059082	43.657951355
-91.2724761963	43.6595191956
-91.2738189697	43.6622390747
-91.2739105225	43.6658821106
-91.2740325928	43.6704292297
-91.2741394043	43.6745300293
-91.2729263306	43.6789512634
-91.2708816528	43.6834716797
-91.2693023682	43.6930122375
-91.2691497803	43.7019195557
-91.2686462402	43.7048912048
-91.268196106	43.7075614929
-91.2674331665	43.7116508484
-91.2666473389	43.7161903381
-91.2659301758	43.7189102173
-91.2644729614	43.7214889526
-91.2613067627	43.7247505188
-91.2602233887	43.7256507874
-91.2590332031	43.7266387939
-91.2578277588	43.7293891907
-91.2554168701	43.7344322205
-91.253692627	43.7408294678
-91.2516326904	43.7491798401
-91.2508392334	43.7541809082
-91.2507324219	43.7573699951
-91.250328064	43.7590789795
-91.2499923706	43.7605400085
-91.2492218018	43.7646217346
-91.248046875	43.7677688599
-91.2464675903	43.7714118958
-91.2462463379	43.7737121582
-91.2461929321	43.7742195129
-91.2459869385	43.7751808167
-91.2462997437	43.7764091492
-91.2474594116	43.7796211243
-91.2497024536	43.7827796936
-91.2523422241	43.7847518921
-91.2528305054	43.7851219177
-91.2554931641	43.7874488831
-91.2559967041	43.7879219055
-91.2579193115	43.7893600464
-91.2603759766	43.7916908264
-91.2639465332	43.7948799133
-91.263999939	43.7972106934
-91.2655105591	43.8021316528
-91.2662811279	43.8050003052
-91.2686920166	43.808681488
-91.2705764771	43.8158988953
-91.2728424072	43.81980896
-91.2742233276	43.823890686
-91.2756500244	43.8288421631
-91.2761764526	43.8320388794
-91.2772979736	43.8366088867
-91.2790679932	43.8407402039
-91.282371521	43.8447418213
-91.2869491577	43.8501396179
-91.2881774902	43.8510093689
-91.2919692993	43.8537101746
-91.2953567505	43.8564109802
-91.2987594604	43.8592987061
-91.299156189	43.8596496582
-91.3018493652	43.8620796204
-91.3064117432	43.8662796021
-91.3081283569	43.8684387207
-91.3096618652	43.8703613281
-91.3100204468	43.8707389832
-91.3122329712	43.8745498657
-91.3149719238	43.8780021667
-91.3169708252	43.8816184998
-91.3183364868	43.8852500916
-91.3203125	43.8879508972
-91.3212432861	43.8906402588
-91.3243331909	43.8934288025
-91.3280487061	43.8962211609
-91.33177948	43.8985595703
-91.3355178833	43.9009017944
-91.3394317627	43.9034500122
-91.3417663574	43.9063301086
-91.3441619873	43.9087791443
-91.3480377197	43.9121208191
-91.3492889404	43.9127998352
-91.3519287109	43.9155807495
-91.3565292358	43.9194602966
-91.3593978882	43.9243087769
-91.3654098511	43.9351501465
-91.3673400879	43.9392204285
-91.3710327148	43.9429321289
-91.3734893799	43.9457015991
-91.3763580322	43.9481887817
-91.3790969849	43.949420929
-91.3796310425	43.949760437
-91.3822097778	43.9513092041
-91.3856201172	43.9539985657
-91.3882598877	43.957611084
-91.3921432495	43.9598312378
-91.396522522	43.9623908997
-91.3971710205	43.9627685547
-91.4008712769	43.9643592834
-91.4047622681	43.9672889709
-91.4083099365	43.9700813293
-91.4109268188	43.9727706909
-91.4150772095	43.9764709473
-91.4154815674	43.9768218994
-91.4181900024	43.9796714783
-91.4206619263	43.9819908142
-91.4239730835	43.9844322205
-91.426612854	43.9880409241
-91.4284210205	43.9913520813
-91.4290084839	43.9924316406
-91.4312362671	43.9943504333
-91.4345092773	43.9974899292
-91.4373168945	43.999080658
-91.4384002686	43.9996795654
-91.443572998	44.0023994446
-91.4493331909	44.0045585632
-91.4567871094	44.0066986084
-91.4640808105	44.0088996887
-91.4710998535	44.0097122192
-91.4745025635	44.0097007751
-91.4787368774	44.0100517273
-91.4814987183	44.0110588074
-91.4819717407	44.0112304688
-91.4865264893	44.0117111206
-91.489692688	44.0122108459
-91.4934921265	44.0127296448
-91.4953765869	44.0136604309
-91.4966812134	44.0147895813
-91.4992828369	44.0171394348
-91.4998703003	44.0176696777
-91.5028533936	44.0187911987
-91.5059890747	44.0202102661
-91.5114517212	44.022190094
-91.5173721313	44.0234718323
-91.5179290771	44.0236206055
-91.5230484009	44.0241088867
-91.5236663818	44.0241088867
-91.528137207	44.0241584778
-91.5287475586	44.0241889954
-91.5344924927	44.0242500305
-91.535118103	44.0242996216
-91.5402069092	44.024471283
-91.5407562256	44.0244903564
-91.5447006226	44.0254592896
-91.5547866821	44.0264015198
-91.5581283569	44.0269393921
-91.5604858398	44.0273208618
-91.566192627	44.0279388428
-91.5708465576	44.0277786255
-91.5769577026	44.029460907
-91.5826263428	44.0313606262
-91.587677002	44.0327987671
-91.5919570923	44.034450531
-91.5926895142	44.0347290039
-91.5946273804	44.0360717773
-91.5973129272	44.0375289917
-91.5977401733	44.0379714966
-91.5998458862	44.0400810242
-91.6018066406	44.0418815613
-91.6038970947	44.0439720154
-91.6069869995	44.0471992493
-91.6103210449	44.0494918823
-91.6138458252	44.0523109436
-91.6168060303	44.0534896851
-91.6207809448	44.0551300049
-91.6212768555	44.0553321838
-91.6258163452	44.0569915771
-91.630355835	44.0585212708
-91.6308822632	44.0588607788
-91.6335296631	44.0605888367
-91.6377258301	44.0635910034
-91.6430969238	44.0661392212
-91.6488189697	44.069568634
-91.6502685547	44.0704421997
-91.6536865234	44.0724906921
-91.6583862305	44.0761795044
-91.6621322632	44.0789604187
-91.6654586792	44.0823287964
-91.6677017212	44.0849685669
-91.6700820923	44.0877189636
-91.6745758057	44.0896186829
-91.6758728027	44.090259552
-91.6810302734	44.0916404724
-91.6874771118	44.0942687988
-91.6945724487	44.0968894958
-91.6983108521	44.0988616943
-91.7022781372	44.1013908386
-91.7066726685	44.103729248
-91.7095031738	44.1057510376
-91.7115325928	44.1093711853
-91.7129058838	44.1125297546
-91.7137298584	44.1160316467
-91.7146072388	44.1195106506
-91.7159957886	44.1228103638
-91.7177810669	44.1252098083
-91.7219467163	44.1285400391
-91.7255172729	44.1309509277
-91.7276000977	44.1313514709
-91.7345962524	44.1327400208
-91.735206604	44.1328887939
-91.7403488159	44.1334991455
-91.7447433472	44.1338615417
-91.7529602051	44.1362495422
-91.7589797974	44.1381988525
-91.7649307251	44.1414108276
-91.7726135254	44.1457099915
-91.7777633667	44.1469917297
-91.7828674316	44.1478118896
-91.7882843018	44.1499214172
-91.7958831787	44.1531715393
-91.796333313	44.1533699036
-91.7991409302	44.1543197632
-91.8027877808	44.1560287476
-91.8112792969	44.1601905823
-91.8118896484	44.1604919434
-91.8191833496	44.1658706665
-91.8241195679	44.1695289612
-91.8296432495	44.1734390259
-91.8342819214	44.1788291931
-91.8397674561	44.1842193604
-91.8402328491	44.1846618652
-91.8461074829	44.1886520386
-91.8498458862	44.1910896301
-91.8505706787	44.191570282
-91.8531265259	44.1925010681
-91.8544006348	44.1929588318
-91.8578872681	44.194229126
-91.8590698242	44.19480896
-91.8642501831	44.1969909668
-91.8673782349	44.1996917725
-91.8680496216	44.2002716064
-91.871131897	44.2029304504
-91.8715362549	44.2033805847
-91.8736114502	44.2056884766
-91.8761520386	44.2090911865
-91.8768157959	44.2102088928
-91.8775024414	44.2113418579
-91.881652832	44.2162704468
-91.8847503662	44.219959259
-91.8884811401	44.2241020203
-91.890296936	44.2282295227
-91.8914718628	44.2323493958
-91.8914031982	44.2355308533
-91.8915710449	44.2384490967
-91.8894500732	44.2425804138
-91.887336731	44.2455101013
-91.8858108521	44.2481193542
-91.885597229	44.2509803772
-91.885559082	44.2514915466
-91.8871231079	44.2546310425
-91.8896179199	44.2569389343
-91.8927307129	44.2601699829
-91.8960876465	44.2645492554
-91.8979873657	44.2675094604
-91.8968429565	44.2711791992
-91.8975372314	44.2729911804
-91.8981018066	44.2757301331
-91.9006118774	44.2775802612
-91.9035110474	44.279258728
-91.9088058472	44.2817802429
-91.917137146	44.2854003906
-91.922996521	44.2884788513
-91.9250183105	44.2916412354
-91.9251327515	44.2948303223
-91.9258880615	44.2980003357
-91.9253158569	44.2998390198
-91.9236679077	44.3020210266
-91.9210128784	44.3040504456
-91.920539856	44.3044090271
-91.9183959961	44.3062286377
-91.9179229736	44.3067016602
-91.9152069092	44.3083000183
-91.9148712158	44.3110084534
-91.9150695801	44.3146820068
-91.9163208008	44.3173484802
-91.9165496826	44.3178291321
-91.9187469482	44.3211097717
-91.921836853	44.3270492554
-91.9221420288	44.3274993896
-91.9261474609	44.3325920105
-91.9294509888	44.3350601196
-91.9356384277	44.3384094238
-91.9362106323	44.3386802673
-91.940032959	44.3404998779
-91.9407272339	44.3408317566
-91.9450759888	44.3428497314
-91.9488296509	44.3465385437
-91.9512786865	44.3511199951
-91.9529571533	44.3529891968
-91.9550170898	44.3552703857
-91.9588317871	44.3597793579
-91.959236145	44.360168457
-91.9640197754	44.3629722595
-91.9685897827	44.3656196594
-91.9713897705	44.3664016724
-91.9758529663	44.3669090271
-91.9808273315	44.3681221008
-91.9815826416	44.3683013916
-91.9860305786	44.3693008423
-91.9904785156	44.3702697754
-91.995010376	44.3720207214
-91.9955215454	44.3722190857
-91.9999771118	44.3744812012
-92.0056610107	44.3777313232
-92.013092041	44.3797721863
-92.0202713013	44.3819999695
-92.0287628174	44.3845596313
-92.0342330933	44.3871688843
-92.0397720337	44.3903999329
-92.0402908325	44.3907012939
-92.0443572998	44.3945121765
-92.0449066162	44.3950309753
-92.0486984253	44.397819519
-92.0542907715	44.4004898071
-92.0581970215	44.4022407532
-92.0632858276	44.4034500122
-92.0685119629	44.4043197632
-92.0721511841	44.4052505493
-92.0753860474	44.4058494568
-92.0785598755	44.4072608948
-92.0808486938	44.4090995789
-92.08618927	44.4113388062
-92.0918884277	44.4123802185
-92.0924911499	44.4125099182
-92.0982513428	44.4133987427
-92.1028518677	44.414680481
-92.1033477783	44.4147796631
-92.1040420532	44.4149093628
-92.1103591919	44.415802002
-92.1160964966	44.4163208008
-92.1240463257	44.4178390503
-92.1383666992	44.4224700928
-92.1524963379	44.4254798889
-92.1651229858	44.4286689758
-92.1783065796	44.4315795898
-92.1867980957	44.4325294495
-92.1957321167	44.4335403442
-92.1962890625	44.4336013794
-92.2046661377	44.4346008301
-92.2052688599	44.4346885681
-92.2116699219	44.4364204407
-92.2202987671	44.4405403137
-92.2307662964	44.4462509155
-92.2382507324	44.4517402649
-92.2386627197	44.4520492554
-92.2433776855	44.4557800293
-92.2465515137	44.4583320618
-92.2472915649	44.4588890076
-92.2526168823	44.464050293
-92.2596969604	44.4692611694
-92.2677230835	44.4733200073
-92.27684021	44.4771690369
-92.2847366333	44.4820899963
-92.2888259888	44.4868507385
-92.2891464233	44.4872398376
-92.29322052	44.4919090271
-92.2956924438	44.4969520569
-92.2968673706	44.5028915405
-92.2987060547	44.5074691772
-92.2992706299	44.5115814209
-92.3004760742	44.5161514282
-92.3005981445	44.5171699524
-92.3017272949	44.5209693909
-92.3031768799	44.5250396729
-92.3046417236	44.5295715332
-92.3072433472	44.5326194763
-92.3107070923	44.5362586975
-92.3110961914	44.5366706848
-92.3154296875	44.5407295227
-92.3160095215	44.5407295227
-92.3205871582	44.5429115295
-92.3211669922	44.5431900024
-92.3294067383	44.5469589233
-92.338218689	44.5507621765
-92.3518371582	44.5545806885
-92.3600158691	44.5563392639
-92.3663864136	44.5582199097
-92.3721618652	44.5582695007
-92.3779373169	44.5574111938
-92.3839874268	44.5566215515
-92.3875732422	44.5565795898
-92.3936004639	44.5564117432
-92.4006958008	44.5576286316
-92.4067459106	44.5595092773
-92.4072494507	44.5596694946
-92.4150619507	44.5626487732
-92.4156570435	44.5628585815
-92.4220733643	44.5641593933
-92.435043335	44.5655517578
-92.4415969849	44.5662307739
-92.4459762573	44.5666809082
-92.4510879517	44.5661087036
-92.4560165405	44.5657997131
-92.4600372314	44.5654602051
-92.4643630981	44.565410614
-92.4669189453	44.5654296875
-92.4709396362	44.5652198792
-92.4752502441	44.5654907227
-92.4784469604	44.5659713745
-92.4829330444	44.5669212341
-92.4861221313	44.567401886
-92.4899673462	44.5674285889
-92.493812561	44.5674591064
-92.4963912964	44.566570282
-92.5008773804	44.5661392212
-92.5054168701	44.5664100647
-92.5079193115	44.567111969
-92.5117492676	44.5685005188
-92.5149230957	44.570350647
-92.5174560547	44.5722007751
-92.5194625854	44.5730895996
-92.5200424194	44.573348999
-92.5219802856	44.5736503601
-92.522567749	44.573600769
-92.5257797241	44.5726509094
-92.5295562744	44.5715789795
-92.5302963257	44.5713996887
-92.5333862305	44.5706596375
-92.5373687744	44.5695991516
-92.5416259766	44.5686416626
-92.5448379517	44.5685691833
-92.5468597412	44.5708007812
-92.5475921631	44.5726318359
-92.5483703613	44.5757904053
-92.5485305786	44.5794296265
-92.5487365723	44.5820007324
-92.5493469238	44.5842819214
-92.5507278442	44.5853118896
-92.5512313843	44.5856819153
-92.5531463623	44.5870399475
-92.555267334	44.5894203186
-92.5556259155	44.5898208618
-92.5569229126	44.592540741
-92.5601501465	44.5951385498
-92.562171936	44.5973701477
-92.5655059814	44.6000404358
-92.5683364868	44.6017494202
-92.5720596313	44.6030807495
-92.5765686035	44.6034317017
-92.5781478882	44.6034011841
-92.5798568726	44.6036491394
-92.5837097168	44.603679657
-92.5875396729	44.6050720215
-92.5921020508	44.6067695618
-92.592628479	44.6069602966
-92.5967102051	44.6089019775
-92.6000823975	44.6104698181
-92.6006698608	44.6107406616
-92.6058120728	44.6114196777
-92.6095581055	44.612159729
-92.6149978638	44.6139297485
-92.6175460815	44.6148490906
-92.6194381714	44.6180610657
-92.6200408936	44.6208000183
-92.6193618774	44.6239891052
-92.6186828613	44.6261901855
-92.6185302734	44.6266708374
-92.6173477173	44.6303596497
-92.6196594238	44.6334609985
-92.6217727661	44.6375198364
-92.6249160767	44.6404495239
-92.6304473877	44.644618988
-92.6421127319	44.6519584656
-92.6554870605	44.6588897705
-92.6625061035	44.6625785828
-92.6673965454	44.6656608582
-92.6714172363	44.6690292358
-92.6747894287	44.672328949
-92.675201416	44.6727294922
-92.6790390015	44.6763687134
-92.6828460693	44.679901123
-92.6832733154	44.6802902222
-92.6862487793	44.6829719543
-92.6865997314	44.68334198
-92.6904678345	44.6864814758
-92.6946258545	44.689491272
-92.6999359131	44.6934890747
-92.7049102783	44.6971206665
-92.7056427002	44.697681427
-92.7099761963	44.7005195618
-92.7164306641	44.7043495178
-92.7217025757	44.706741333
-92.7255172729	44.7094993591
-92.7287063599	44.7122612
-92.7321014404	44.7147216797
-92.7325210571	44.7150306702
-92.7339019775	44.7157402039
-92.7369995117	44.7173194885
-92.7414779663	44.7191696167
-92.7471084595	44.7203598022
-92.7530212402	44.7223815918
-92.753616333	44.7225799561
-92.7568511963	44.7233695984
-92.7613067627	44.7261314392
-92.7657928467	44.7288894653
-92.7721786499	44.7316589355
-92.7799072266	44.7341995239
-92.7805175781	44.7343902588
-92.7901000977	44.7381401062
-92.7961730957	44.7413902283
-92.8015594482	44.7442703247
-92.8022232056	44.7446289063
-92.8054428101	44.7473487854
-92.8060684204	44.7482719421
-92.8073120117	44.7523803711
-92.8066329956	44.7564811707
-92.8059158325	44.7624092102
-92.8045806885	44.7683410645
-92.8019561768	44.7728805542
-92.7993469238	44.7765197754
-92.7954559326	44.7801513672
-92.7909088135	44.7842292786
-92.7858276367	44.7892608643
-92.7829666138	44.7966308594
-92.7823486328	44.8029022217
-92.781036377	44.8056297302
-92.7801971436	44.8089904785
-92.7800827026	44.8094902039
-92.7783889771	44.812461853
-92.7751312256	44.8160896301
-92.7718658447	44.8210906982
-92.7684173584	44.8258590698
-92.7679214478	44.8265419006
-92.765953064	44.8308410645
-92.7654571533	44.8340492249
-92.7643814087	44.838180542
-92.7644195557	44.8389892578
-92.7645874023	44.8422889709
-92.7651596069	44.8461608887
-92.7670516968	44.8493614197
-92.7683029175	44.8530197144
-92.7681884766	44.8554191589
-92.7654724121	44.8605308533
-92.7644424438	44.8622322083
-92.7637405396	44.8646812439
-92.7629928589	44.8671417236
-92.7627792358	44.8715515137
-92.7631759644	44.8753204346
-92.7632369995	44.8758811951
-92.7654266357	44.8794708252
-92.7685089111	44.8842201233
-92.7688827515	44.8847999573
-92.7698364258	44.8865089417
-92.7720794678	44.890499115
-92.7738113403	44.8932991028
-92.7742767334	44.8950386047
-92.7750320435	44.8981895447
-92.7729263306	44.9009590149
-92.7706832886	44.9023399353
-92.7677230835	44.9035987854
-92.767036438	44.9038696289
-92.7645187378	44.9045715332
-92.7606201172	44.9067687988
-92.756942749	44.9105110168
-92.7547302246	44.9159317017
-92.7533569336	44.9236793518
-92.7529983521	44.9361801147
-92.7529830933	44.9369392395
-92.7522964478	44.9480705261
-92.7526168823	44.9521522522
-92.752746582	44.9527320862
-92.7546768188	44.9571495056
-92.7593460083	44.9638786316
-92.7642822266	44.9706802368
-92.7646102905	44.9711303711
-92.7651824951	44.9723014832
-92.7672271729	44.9764785767
-92.7685775757	44.9795684814
-92.7688369751	44.9817390442
-92.7693786621	44.9908714294
-92.7682571411	44.9997406006
-92.7681732178	45.0004997253
-92.7677307129	45.0023117065
-92.7656707764	45.0107803345
-92.7639007568	45.0195999146
-92.7638626099	45.0237121582
-92.7644729614	45.0264511108
-92.7663803101	45.0292015076
-92.7683258057	45.0324707031
-92.770690918	45.0344200134
-92.7740707397	45.0370407104
-92.7745361328	45.0373191833
-92.7793426514	45.039680481
-92.7836685181	45.0420799255
-92.7881469727	45.04529953
-92.7926483154	45.0480613708
-92.7951965332	45.0499000549
-92.7984008789	45.0531196594
-92.800453186	45.056678772
-92.8016433716	45.0597000122
-92.8018188477	45.0633506775
-92.8018875122	45.0647010803
-92.8014907837	45.0668296814
-92.8008117676	45.0700187683
-92.8001403809	45.0722999573
-92.7981796265	45.0745811462
-92.7955093384	45.0767707825
-92.7949676514	45.0771903992
-92.7916717529	45.0791091919
-92.7884521484	45.080581665
-92.7870559692	45.0814590454
-92.7846908569	45.082950592
-92.7802581787	45.0848884583
-92.7743377686	45.0888900757
-92.7689208984	45.0926818848
-92.7624130249	45.0972099304
-92.7595977783	45.0994987488
-92.7591171265	45.0998916626
-92.7548294067	45.1026306152
-92.7513427734	45.1044616699
-92.7471618652	45.1072807312
-92.7467269897	45.1075820923
-92.7446289062	45.1099700928
-92.7432632446	45.1119918823
-92.7422027588	45.1135406494
-92.7415084839	45.1171913147
-92.7425765991	45.1209907532
-92.7441329956	45.1264305115
-92.745880127	45.1309204102
-92.7483901978	45.1373291016
-92.7489929199	45.1418991089
-92.7489471436	45.1446304321
-92.7484207153	45.1482620239
-92.7472763062	45.1514892578
-92.7474594116	45.1551399231
-92.7483291626	45.1596908569
-92.7472229004	45.1633720398
-92.7474517822	45.1667518616
-92.7480316162	45.1697502136
-92.7492828369	45.1729507446
-92.7521514893	45.1758918762
-92.7556991577	45.1780090332
-92.758895874	45.1812210083
-92.7622375488	45.1847000122
-92.7628631592	45.1853485107
-92.7639770508	45.1894798279
-92.7637405396	45.1972389221
-92.7632064819	45.2008895874
-92.7618789673	45.2040786743
-92.7602767944	45.206451416
-92.7600021362	45.2068786621
-92.7578964233	45.2097396851
-92.757270813	45.2106590271
-92.7546463013	45.2136306763
-92.7526779175	45.2168197632
-92.7519989014	45.2195587158
-92.7520828247	45.2235794067
-92.7535629272	45.2276496887
-92.7538223267	45.2305297852
-92.7552566528	45.2356109619
-92.7556610107	45.2396697998
-92.7568969727	45.2442512512
-92.7574768066	45.2501907349
-92.756149292	45.2541007996
-92.7535095215	45.2583885193
-92.7525787354	45.2626419067
-92.7514877319	45.2656898499
-92.7527389526	45.2693519592
-92.7559280396	45.27394104
-92.7591094971	45.2794303894
-92.7603530884	45.2844696045
-92.7596664429	45.2872009277
-92.7583465576	45.2903900146
-92.7550811768	45.2926597595
-92.7515869141	45.2935218811
-92.7479171753	45.2949104309
-92.7439117432	45.2962989807
-92.7394561768	45.2985191345
-92.7342300415	45.3016815186
-92.7300262451	45.3036384583
-92.7257461548	45.3066596985
-92.7206115723	45.3098297119
-92.7201004028	45.3101501465
-92.7159576416	45.3129997253
-92.7141265869	45.31483078
-92.7100524902	45.3189086914
-92.7039260864	45.3258209229
-92.7035827637	45.3262290955
-92.7014465332	45.3299217224
-92.6990585327	45.3340911865
-92.6991882324	45.3368301392
-92.6987762451	45.3402900696
-92.6994476318	45.3423118591
-92.7002487183	45.345489502
-92.7019119263	45.3490104675
-92.7025222778	45.3522911072
-92.7020492554	45.3559608459
-92.7002258301	45.3587493896
-92.6980895996	45.3617095947
-92.6946029663	45.3635902405
-92.690032959	45.3667602539
-92.6867599487	45.368560791
-92.6808929443	45.3717308044
-92.6789169312	45.3735389709
-92.6773757935	45.3747901917
-92.6758270264	45.3776092529
-92.6723403931	45.3808097839
-92.6710662842	45.3821411133
-92.66771698	45.3846588135
-92.6621017456	45.3893585205
-92.6551361084	45.3941917419
-92.6539230347	45.3950386047
-92.6504669189	45.3982505798
-92.6487426758	45.3998603821
-92.6467514038	45.403049469
-92.6454162598	45.4057807922
-92.6447296143	45.4089813232
-92.6446685791	45.4135398865
-92.6451187134	45.4148597717
-92.6459197998	45.4172096252
-92.646522522	45.4208717346
-92.6464767456	45.4245185852
-92.6460800171	45.4257202148
-92.6451263428	45.4286308289
-92.6446228027	45.4318389893
-92.6441574097	45.4359588623
-92.6439819336	45.4376220703
-92.6443328857	45.4400520325
-92.6449279785	45.4441719055
-92.6461868286	45.4469184875
-92.6493682861	45.4500198364
-92.6526031494	45.4538116455
-92.656791687	45.4557914734
-92.6595993042	45.4578208923
-92.6602859497	45.4581985474
-92.6667022705	45.4597396851
-92.667427063	45.459941864
-92.6719894409	45.4617004395
-92.6767883301	45.4640808105
-92.6822967529	45.4681587219
-92.6861419678	45.4720420837
-92.6865921021	45.4724998474
-92.6909713745	45.4773902893
-92.6934127808	45.4805488586
-92.6944732666	45.4828605652
-92.6970062256	45.488368988
-92.7002029419	45.4934120178
-92.7046890259	45.4984703064
-92.7110977173	45.5038909912
-92.7178421021	45.508769989
-92.7205505371	45.5109901428
-92.7240066528	45.5132102966
-92.7259368896	45.515499115
-92.7259063721	45.517780304
-92.7258758545	45.5200691223
-92.7262802124	45.523891449
-92.7251586914	45.5269203186
-92.7246170044	45.52917099
-92.7244873047	45.5296707153
-92.7235031128	45.5323905945
-92.7233963013	45.5350418091
-92.7243804932	45.5378913879
-92.7256393433	45.5410995483
-92.7282028198	45.5443115234
-92.7314224243	45.5468215942
-92.7319717407	45.5472412109
-92.7357330322	45.5497093201
-92.7394561768	45.5521507263
-92.7449874878	45.5553894043
-92.7454833984	45.5556793213
-92.7501602173	45.5586090088
-92.7559890747	45.5609207153
-92.7615127563	45.5639801025
-92.7669906616	45.5660095215
-92.7713699341	45.5675811768
-92.7721786499	45.5678710938
-92.7766571045	45.5678901672
-92.777381897	45.5678520203
-92.7819366455	45.5679206848
-92.7884521484	45.5665817261
-92.7930221558	45.5656890869
-92.7972869873	45.5635604858
-92.8034667969	45.561630249
-92.8093414307	45.5602912903
-92.8140487671	45.5600204468
-92.8190994263	45.5603408813
-92.8252029419	45.5619697571
-92.8307723999	45.5635986328
-92.8379211426	45.5650100708
-92.8450622559	45.5664215088
-92.8502578735	45.5669021606
-92.8560333252	45.5666999817
-92.8606109619	45.5670700073
-92.8613128662	45.5670890808
-92.8658676147	45.5674285889
-92.8697433472	45.5679092407
-92.8703918457	45.5679893494
-92.8743362427	45.5695991516
-92.8748931885	45.5698394775
-92.8781814575	45.5725212097
-92.8807678223	45.5743598938
-92.8820266724	45.5780220032
-92.882019043	45.5802993774
-92.8813400269	45.5830497742
-92.8806533813	45.5871505737
-92.8812789917	45.5899009705
-92.8838500977	45.5931091309
-92.8844833374	45.5963096619
-92.8846817017	45.5972099304
-92.8843612671	45.5989303589
-92.8838729858	45.6021385193
-92.8824310303	45.6059112549
-92.8824234009	45.6074790955
-92.8823928833	45.6109390259
-92.8830032349	45.6146011353
-92.8834228516	45.6157989502
-92.8841171265	45.6199798584
-92.8848190308	45.6292419434
-92.8847732544	45.6347198486
-92.8853912354	45.6379318237
-92.8846969604	45.6420402527
-92.8842163086	45.6442604065
-92.8840179443	45.6452407837
-92.8826904297	45.6484298706
-92.8818893433	45.6529693604
-92.8807296753	45.6557502747
-92.8786773682	45.6593894958
-92.8776931763	45.6626396179
-92.877532959	45.6631622314
-92.8753509521	45.6666908264
-92.8753128052	45.6707992554
-92.8745269775	45.6751213074
-92.873260498	45.6813087463
-92.8725585938	45.686340332
-92.8718566895	45.6918296814
-92.8692169189	45.6950111389
-92.8685379028	45.6982116699
-92.8691558838	45.7018699646
-92.8684616089	45.7064399719
-92.8666229248	45.7119293213
-92.8649291992	45.7174606323
-92.8630905151	45.7197914124
-92.8604125977	45.7213821411
-92.859916687	45.7216796875
-92.8560791016	45.7229003906
-92.8526382446	45.7232894897
-92.8487167358	45.7241897583
-92.8434829712	45.7264518738
-92.8374328613	45.7286605835
-92.8316574097	45.7306289673
-92.831161499	45.7308120728
-92.8285598755	45.7317504883
-92.8245010376	45.7332115173
-92.8176193237	45.7369308472
-92.8113708496	45.7409210205
-92.8087997437	45.7431106567
-92.8083572388	45.7434806824
-92.8062896729	45.7454414368
-92.8034667969	45.7477416992
-92.8006286621	45.7496986389
-92.8001861572	45.7500114441
-92.7975616455	45.7518310547
-92.7942733765	45.7541007996
-92.7914505005	45.7561187744
-92.7886428833	45.7582321167
-92.7849121094	45.7619819641
-92.7828598022	45.7654304504
-92.7810592651	45.7691192627
-92.7790603638	45.7732315063
-92.7776870728	45.7787094116
-92.7770004272	45.7828216553
-92.7762985229	45.7859916687
-92.774307251	45.7892112732
-92.772315979	45.7924003601
-92.7703399658	45.7946815491
-92.7663726807	45.7971611023
-92.7657928467	45.7975196838
-92.7625732422	45.7991294861
-92.7594528198	45.8019485474
-92.755859375	45.8055801392
-92.7545166016	45.8087806702
-92.7540664673	45.8121490479
-92.7568588257	45.8157501221
-92.7590332031	45.8194122314
-92.7618713379	45.8247795105
-92.7624893188	45.8301506042
-92.7609329224	45.8321304321
-92.7568359375	45.8348693848
-92.7515869141	45.8371200562
-92.7463302612	45.8398399353
-92.7423782349	45.8421020508
-92.7387161255	45.8459396362
-92.73777771	45.8479690552
-92.7363586426	45.8510322571
-92.7350158691	45.8576202393
-92.7330627441	45.8639221191
-92.7319564819	45.8680686951
-92.7289505005	45.873588562
-92.7236480713	45.8795089722
-92.7183227539	45.8843803406
-92.7179031372	45.8847618103
-92.7139358521	45.8877220154
-92.7107772827	45.8900909424
-92.7077560425	45.8921585083
-92.7070617676	45.8926391602
-92.7045059204	45.8940391541
-92.7011871338	45.8948898315
-92.6979522705	45.8958396912
-92.6953201294	45.897190094
-92.6917114258	45.8991394043
-92.6887359619	45.9003601074
-92.6851425171	45.901222229
-92.681312561	45.9031410217
-92.6784133911	45.9042892456
-92.6755981445	45.9057693481
-92.6749191284	45.9080505371
-92.6748962402	45.9098815918
-92.6742172241	45.9117088318
-92.6742019653	45.9130821228
-92.6713562012	45.9151916504
-92.6650161743	45.918170929
-92.6583862305	45.9216804504
-92.6547775269	45.9229888916
-92.651550293	45.9239807129
-92.6482620239	45.9235992432
-92.6446304321	45.9238815308
-92.6426696777	45.9238700867
-92.6400527954	45.9243087769
-92.6385574341	45.9256896973
-92.6387023926	45.9270515442
-92.6380233765	45.9288711548
-92.635559082	45.9312019348
-92.6327514648	45.9315490723
-92.6322631836	45.9316902161
-92.6296768188	45.93227005
-92.6257400513	45.9319000244
-92.6222763062	45.9324302673
-92.618347168	45.9328689575
-92.6150665283	45.9337615967
-92.6117782593	45.9351119995
-92.6083068848	45.936882019
-92.6045303345	45.9387207031
-92.6039123535	45.9390220642
-92.6011428833	45.9403610229
-92.6006698608	45.9406318665
-92.595993042	45.9414100647
-92.5914077759	45.9413795471
-92.5869369507	45.9419403076
-92.5830993652	45.9438591003
-92.575630188	45.9467697144
-92.5702133179	45.9482688904
-92.5696792603	45.9484100342
-92.5643920898	45.9497795105
-92.5591583252	45.9499015808
-92.555229187	45.950012207
-92.5546569824	45.9500312805
-92.5526428223	45.9501686096
-92.5520172119	45.9502716064
-92.5507583618	45.9507598877
-92.5487213135	45.9525299072
-92.5486831665	45.9552688599
-92.549949646	45.9580307007
-92.549911499	45.9607696533
-92.55052948	45.96352005
-92.5491867065	45.965801239
-92.5471801758	45.9685401917
-92.5454330444	45.9710693359
-92.5431900024	45.9730796814
-92.5398864746	45.9753494263
-92.5352630615	45.9785194397
-92.5317230225	45.9798202515
-92.5279769897	45.9811019897
-92.5272064209	45.9813690186
-92.5234069824	45.9821014404
-92.5181732178	45.9825210571
-92.514793396	45.9824905396
-92.5143127441	45.9822998047
-92.5116424561	45.981552124
-92.508392334	45.9801597595
-92.5051269531	45.9800109863
-92.5042114258	45.9800300598
-92.5005264282	45.9800987244
-92.4979324341	45.9787101746
-92.4953231812	45.9764404297
-92.4947967529	45.9761886597
-92.4914474487	45.9745407104
-92.4881820679	45.974521637
-92.4849014282	45.9749488831
-92.4783782959	45.9735298157
-92.4744415283	45.9732093811
-92.4738311768	45.97315979
-92.4698562622	45.9739189148
-92.4672164917	45.9748191833
-92.4645767212	45.9761695862
-92.4626083374	45.9770698547
-92.4612731934	45.9788894653
-92.4612579346	45.9798088074
-92.4617004395	45.9813613892
-92.4622421265	45.9836006165
-92.4621582031	45.9841194153
-92.4611663818	45.9857521057
-92.4595489502	45.9877204895
-92.45652771	45.9893798828
-92.454536438	45.9907417297
-92.4523468018	45.9920921326
-92.4511489868	45.9944114685
-92.4512481689	45.9967002869
-92.4498214722	45.9989395142
-92.4471817017	46.000289917
-92.4445495605	46.0011901855
-92.4419021606	46.0030021667
-92.4417800903	46.0046920776
-92.4411773682	46.0071105957
-92.4404830933	46.0098495483
-92.4391326904	46.012588501
-92.4363098145	46.0144195557
-92.431388855	46.0170211792
-92.4261627197	46.0195198059
-92.4219512939	46.0211486816
-92.418006897	46.0220298767
-92.4134063721	46.0229187012
-92.4091262817	46.0223312378
-92.4042510986	46.0219192505
-92.3985519409	46.0202713013
-92.3944778442	46.0186386108
-92.3921966553	46.0165901184
-92.3879928589	46.0149307251
-92.3840560913	46.0149002075
-92.3768997192	46.012550354
-92.3703689575	46.0111198425
-92.3664474487	46.0101699829
-92.3653411865	46.0101585388
-92.3612060547	46.0101318359
-92.3581237793	46.0096702576
-92.3546524048	46.0109786987
-92.3519973755	46.0127906799
-92.3513412476	46.0133590698
-92.3505172729	46.01404953
-92.3493423462	46.0150604248
-92.347328186	46.017791748
-92.3446502686	46.0209693909
-92.3417816162	46.0234413147
-92.3392868042	46.0277900696
-92.3385925293	46.0305290222
-92.3404998779	46.0337486267
-92.3421401978	46.0360984802
-92.3418579102	46.0384101868
-92.3418731689	46.0389289856
-92.3392028809	46.0421295166
-92.3383178711	46.0460891724
-92.3382720947	46.0488395691
-92.3355789185	46.0529403687
-92.3335494995	46.0565795898
-92.3289031982	46.0597496033
-92.3225402832	46.0634994507
-92.3143615723	46.0664901733
-92.3025283813	46.0682106018
-92.2899169922	46.0706214905
-92.2897262573	46.0845794678
-92.2896270752	46.0928192139
-92.2894363403	46.1590385437
-92.2892913818	46.2192115784
-92.2889480591	46.2631721497
-92.2889633179	46.3441619873
-92.2891693115	46.4175796509
-92.2893218994	46.469379425
-92.2892074585	46.5182800293
-92.2890167236	46.5936088562
-92.2883911133	46.6632995605
-92.2883071899	46.6678886414
-92.2856826782	46.6669502258
-92.2839813232	46.6643295288
-92.2811813354	46.6607208252
-92.2783966064	46.6575698853
-92.2760772705	46.6552886963
-92.2755584717	46.6551017761
-92.2713775635	46.6535186768
-92.2680664062	46.6534919739
-92.2647476196	46.6543807983
-92.2601089478	46.654800415
-92.2561416626	46.6547584534
-92.2556762695	46.6545600891
-92.2528610229	46.6533508301
-92.2489318848	46.6514892578
-92.2443008423	46.6514396667
-92.2383499146	46.6513900757
-92.2317276001	46.6517791748
-92.2231369019	46.6512489319
-92.2165374756	46.6507301331
-92.2124176025	46.6506919861
-92.2080383301	46.65209198
-92.2048492432	46.6549110413
-92.203918457	46.6587219238
-92.2051696777	46.6627006531
-92.2049865723	46.6662101746
-92.2029495239	46.6689414978
-92.1996002197	46.6711997986
-92.1928863525	46.6757316589
-92.1868667603	46.6793403625
-92.1835174561	46.6811408997
-92.1802215576	46.6838302612
-92.1794128418	46.6845016479
-92.1781005859	46.6875114441
-92.1780395508	46.6907196045
-92.1793899536	46.6924819946
-92.1798019409	46.6927909851
-92.1832580566	46.6944389343
-92.1866531372	46.6951789856
-92.1919631958	46.6958999634
-92.192489624	46.6958999634
-92.1984481812	46.6959609985
-92.2026672363	46.6985397339
-92.2036209106	46.7019691467
-92.202911377	46.7047195435
-92.1984710693	46.7091712952
-92.1974029541	46.7100486755
-92.1928024292	46.7137908936
-92.1860733032	46.7168922424
-92.1833877563	46.718120575
-92.1801071167	46.7191810608
-92.1741333008	46.7200393677
-92.1684265137	46.7193908691
-92.1622467041	46.7185516357
-92.1582870483	46.717590332
-92.1549911499	46.7162399292
-92.1544570923	46.7163619995
-92.150138855	46.717300415
-92.1476593018	46.7197799683
-92.1455917358	46.7238807678
-92.1445388794	46.7261390686
-92.1443099976	46.7290306091
-92.1427383423	46.7334899902
-92.1402816772	46.7379798889
-92.139831543	46.7382507324
-92.1324920654	46.7427406311
-92.120552063	46.7478408813
-92.1107330322	46.7507896423
-92.1008071899	46.7513389587
-92.0999832153	46.751411438
-92.0928268433	46.7506713867
-92.0867767334	46.7484893799
-92.0756912231	46.7410697937
-92.0509033203	46.7238311768
-92.0336303711	46.7100219727
-92.0254669189	46.7065887451
-92.0214920044	46.7059707642
-92.0209732056	46.7058906555
-91.694732666	46.8421096802
-91.5711975098	46.8922996521
-91.5562896729	46.898651123
-91.4743270874	46.9335899353
-91.1664733887	47.0719795227
-91.0252685547	47.1367416382
-91.0207977295	47.1387901306
-90.6631011963	47.302532196
-90.6624298096	47.302520752
-90.3850860596	47.2982406616
-89.9579772949	47.291179657
