> american_samoa 0
-171.088394 -11.051826
-171.072861 -11.049700
-171.065140 -11.050511
-171.060913 -11.053213
-171.059448 -11.056874
-171.061737 -11.060358
-171.067535 -11.062510
-171.074921 -11.068596
-171.078857 -11.070492
-171.084000 -11.069874
-171.091843 -11.059859
-171.091888 -11.056408
-171.088394 -11.051826
> american_samoa 1
-170.563248 -14.290902
-170.563492 -14.288142
-170.558762 -14.283086
-170.553558 -14.283089
-170.549316 -14.286540
-170.548370 -14.289300
-170.552383 -14.293668
-170.554749 -14.294127
-170.557343 -14.291366
-170.563248 -14.290902
> american_samoa 2
-170.567001 -14.251805
-170.563461 -14.252267
-170.565582 -14.257325
-170.563461 -14.265145
-170.564178 -14.270894
-170.568680 -14.276871
-170.573639 -14.277098
-170.578598 -14.283304
-170.581192 -14.283072
-170.583084 -14.280313
-170.588516 -14.279619
-170.594421 -14.290423
-170.602463 -14.288118
-170.605530 -14.290416
-170.606705 -14.281676
-170.611893 -14.277073
-170.622284 -14.276835
-170.632217 -14.290167
-170.636932 -14.287633
-170.637344 -14.288220
-170.641205 -14.293839
-170.646393 -14.292685
-170.654907 -14.298427
-170.659393 -14.298882
-170.667404 -14.291746
-170.664566 -14.285310
-170.668808 -14.275417
-170.678253 -14.274029
-170.686295 -14.278160
-170.694077 -14.277923
-170.695267 -14.281831
-170.687714 -14.284138
-170.679688 -14.291965
-170.678513 -14.296565
-170.680893 -14.301393
-170.688614 -14.312104
-170.689163 -14.312882
-170.704544 -14.325974
-170.709732 -14.325509
-170.716110 -14.329412
-170.723938 -14.342510
-170.727020 -14.352856
-170.740738 -14.370086
-170.745941 -14.371229
-170.749008 -14.367777
-170.753265 -14.367082
-170.756332 -14.369607
-170.757050 -14.375815
-170.761795 -14.382478
-170.764618 -14.379715
-170.762756 -14.370503
-170.762238 -14.367990
-170.771927 -14.371657
-170.785156 -14.365891
-170.789169 -14.361747
-170.794083 -14.339435
-170.804001 -14.338961
-170.808716 -14.333665
-170.812027 -14.334351
-170.815109 -14.339405
-170.818176 -14.340090
-170.836121 -14.334085
-170.840851 -14.331318
-170.841309 -14.329018
-170.840591 -14.325109
-170.834671 -14.316380
-170.823563 -14.308118
-170.818130 -14.309965
-170.813400 -14.306522
-170.811737 -14.298706
-170.798492 -14.293205
-170.793533 -14.293902
-170.791885 -14.296434
-170.782440 -14.293687
-170.780075 -14.296679
-170.775833 -14.297606
-170.762833 -14.292562
-170.753632 -14.301083
-170.743469 -14.297416
-170.738098 -14.292730
-170.734253 -14.289377
-170.730240 -14.288002
-170.726456 -14.289156
-170.725510 -14.290998
-170.723389 -14.290079
-170.724792 -14.282029
-170.719360 -14.278585
-170.708710 -14.267098
-170.698547 -14.259750
-170.687683 -14.255391
-170.677277 -14.248503
-170.670883 -14.237470
-170.667816 -14.237473
-170.669006 -14.245521
-170.671616 -14.249658
-170.672562 -14.255177
-170.664291 -14.251964
-170.660278 -14.254957
-170.653671 -14.254044
-170.655807 -14.259101
-170.652267 -14.260024
-170.647766 -14.253819
-170.645172 -14.254740
-170.641617 -14.251984
-170.622971 -14.254298
-170.623688 -14.260047
-170.629349 -14.260733
-170.629822 -14.263951
-170.625107 -14.265105
-170.613297 -14.256835
-170.609756 -14.260747
-170.597473 -14.261445
-170.586853 -14.266281
-170.584717 -14.262373
-170.586136 -14.258693
-170.584473 -14.256624
-170.580704 -14.256166
-170.579285 -14.251798
-170.572433 -14.255712
-170.567001 -14.251805
> american_samoa 3
-169.627792 -14.175334
-169.628494 -14.172576
-169.620712 -14.169564
-169.614136 -14.161496
-169.610107 -14.164245
-169.610077 -14.176894
-169.605103 -14.183550
-169.606964 -14.193214
-169.609787 -14.194372
-169.614059 -14.186105
-169.621857 -14.182217
-169.627792 -14.175334
> american_samoa 4
-169.673386 -14.162117
-169.659439 -14.168520
-169.632523 -14.171437
-169.632034 -14.174425
-169.641953 -14.175372
-169.669998 -14.192697
-169.674026 -14.189487
-169.676651 -14.176615
-169.681641 -14.164898
-169.673386 -14.162117
> american_samoa 5
-169.446671 -14.257338
-169.454224 -14.255754
-169.462250 -14.257160
-169.470505 -14.261097
-169.477097 -14.268019
-169.479431 -14.272760
-169.480850 -14.275620
-169.484619 -14.277472
-169.490540 -14.275191
-169.496460 -14.270612
-169.496948 -14.263944
-169.500504 -14.259356
-169.503601 -14.248787
-169.514023 -14.242841
-169.518524 -14.237105
-169.520660 -14.230673
-169.509827 -14.225809
-169.507248 -14.219821
-169.502991 -14.218198
-169.492584 -14.225294
-169.476303 -14.219951
-169.471588 -14.221379
-169.468033 -14.222453
-169.459564 -14.215296
-169.452942 -14.218493
-169.444672 -14.219615
-169.437119 -14.218899
-169.430038 -14.216345
-169.424133 -14.217474
-169.416077 -14.225035
-169.423340 -14.241849
-169.421417 -14.249202
-169.421158 -14.259089
-169.425156 -14.263933
-169.428452 -14.265325
-169.436737 -14.260063
-169.446671 -14.257338
