> cocos_islands 0
         96.883873        -12.060144
         96.886429        -12.060959
         96.888115        -12.061460
         96.890106        -12.062671
         96.892128        -12.063924
         96.891655        -12.065130
         96.890686        -12.065717
         96.889809        -12.065793
         96.887459        -12.065369
         96.885338        -12.064941
         96.881821        -12.064763
         96.877609        -12.065971
         96.875984        -12.066913
         96.876297        -12.065639
         96.876717        -12.064393
         96.877571        -12.062989
         96.879662        -12.061124
         96.881767        -12.060405
         96.883873        -12.060144
> cocos_islands 1
         96.891907        -12.082031
         96.894829        -12.083165
         96.898590        -12.085840
         96.903854        -12.086776
         96.908798        -12.089581
         96.912460        -12.091112
         96.910553        -12.093576
         96.904694        -12.093842
         96.901047        -12.095302
         96.897583        -12.093292
         96.895538        -12.088631
         96.891907        -12.082031
> cocos_islands 2
         96.824944        -12.114794
         96.826546        -12.115582
         96.827553        -12.117280
         96.829720        -12.121608
         96.831436        -12.128007
         96.832893        -12.131886
         96.837883        -12.136861
         96.838638        -12.141438
         96.837311        -12.148110
         96.835678        -12.150156
         96.833443        -12.150762
         96.833084        -12.147943
         96.833504        -12.143348
         96.831795        -12.138325
         96.829689        -12.138355
         96.827164        -12.143209
         96.826988        -12.148030
         96.827774        -12.154902
         96.829903        -12.156477
         96.833893        -12.156190
         96.837189        -12.157289
         96.838867        -12.160477
         96.841049        -12.166181
         96.843002        -12.172117
         96.845215        -12.177362
         96.848724        -12.176451
         96.850060        -12.173621
         96.854347        -12.172832
         96.859436        -12.173026
         96.861053        -12.170709
         96.863136        -12.168385
         96.865738        -12.170182
         96.867188        -12.173831
         96.858818        -12.178313
         96.849693        -12.182115
         96.845482        -12.183323
         96.839363        -12.181347
         96.836288        -12.179556
         96.835045        -12.173609
         96.833580        -12.169500
         96.829803        -12.167490
         96.826660        -12.163288
         96.824547        -12.159536
         96.824699        -12.152651
         96.823921        -12.146927
         96.825043        -12.142323
         96.825638        -12.133596
         96.824890        -12.129936
         96.823212        -12.126519
         96.821274        -12.121729
         96.822639        -12.118039
         96.823334        -12.116201
         96.824944        -12.114794
> cocos_islands 3
         96.895653        -12.171075
         96.896355        -12.170835
         96.899437        -12.173313
         96.902298        -12.177172
         96.906311        -12.179177
         96.910294        -12.178431
         96.913307        -12.175633
         96.913979        -12.173100
         96.917015        -12.171679
         96.920151        -12.172197
         96.923828        -12.172266
         96.924706        -12.171927
         96.925224        -12.171329
         96.925560        -12.168401
         96.926826        -12.164598
         96.928596        -12.159807
         96.931129        -12.155870
         96.929443        -12.152224
         96.926796        -12.147216
         96.925079        -12.141047
         96.925812        -12.139479
         96.927399        -12.138719
         96.929298        -12.140526
         96.930954        -12.141648
         96.932869        -12.144832
         96.934822        -12.150998
         96.935745        -12.154737
         96.936096        -12.158779
         96.933571        -12.163404
         96.931747        -12.167790
         96.927551        -12.172832
         96.924210        -12.176327
         96.919464        -12.178085
         96.914078        -12.180669
         96.908958        -12.183956
         96.902405        -12.185430
         96.896523        -12.184138
         96.892723        -12.180753
         96.891502        -12.176641
         96.891685        -12.172968
         96.893608        -12.171370
         96.895653        -12.171075
> cocos_islands 4
         96.832787        -11.803917
         96.834084        -11.803915
         96.836441        -11.804569
         96.838326        -11.805459
         96.840225        -11.807956
         96.839088        -11.810496
         96.837250        -11.813275
         96.835838        -11.814053
         96.834213        -11.814237
         96.833733        -11.812853
         96.833710        -11.811720
         96.835777        -11.808020
         96.835205        -11.807708
         96.834366        -11.807581
         96.833054        -11.808696
         96.832047        -11.809909
         96.831589        -11.810833
         96.830467        -11.814750
         96.830513        -11.818420
         96.831696        -11.819091
         96.831871        -11.820326
         96.831490        -11.821618
         96.828949        -11.820847
         96.827011        -11.819388
         96.826385        -11.816853
         96.826721        -11.814804
         96.828255        -11.809721
         96.828728        -11.809031
         96.830605        -11.806489
         96.832787        -11.803917
> cocos_islands 5
         96.850632        -12.057137
         96.847008        -12.056551
         96.844368        -12.055366
         96.841873        -12.055020
         96.840057        -12.054235
         96.839592        -12.052238
         96.839897        -12.050459
         96.842003        -12.049626
         96.843636        -12.049488
         96.848801        -12.050101
         96.851692        -12.052158
         96.852745        -12.054386
         96.850632        -12.057137
