> niue 0
-169.879639 -18.956306
-169.873352 -18.955591
-169.865143 -18.953949
-169.851135 -18.951130
-169.836639 -18.951069
-169.824051 -18.953773
-169.809280 -18.958998
-169.805878 -18.964270
-169.803864 -18.980354
-169.800400 -18.997353
-169.796722 -19.006304
-169.795975 -19.010208
-169.796677 -19.015959
-169.791306 -19.026281
-169.784210 -19.042572
-169.779083 -19.052437
-169.775177 -19.061155
-169.780930 -19.071987
-169.785004 -19.080282
-169.792938 -19.091125
-169.810043 -19.106377
-169.825211 -19.121159
-169.837982 -19.133398
-169.840622 -19.138468
-169.843018 -19.143307
-169.845917 -19.144238
-169.858994 -19.145443
-169.872528 -19.149637
-169.879288 -19.152193
-169.885101 -19.150606
-169.889725 -19.143957
-169.895798 -19.141453
-169.902100 -19.137798
-169.911301 -19.137604
-169.915649 -19.138311
-169.920502 -19.135571
-169.922928 -19.132360
-169.919800 -19.129360
-169.916916 -19.123602
-169.915985 -19.117159
-169.915512 -19.111410
-169.917725 -19.105440
-169.923309 -19.099714
-169.934235 -19.090097
-169.940552 -19.082764
-169.948074 -19.078884
-169.951004 -19.071306
-169.947388 -19.065086
-169.942322 -19.061388
-169.934601 -19.056532
-169.927856 -19.052368
-169.923035 -19.047291
-169.921371 -19.038319
-169.922363 -19.033035
-169.923615 -19.024302
-169.923401 -19.015795
-169.923431 -19.008207
-169.921753 -19.003834
-169.919357 -18.999454
-169.915497 -18.995993
-169.911407 -18.992987
-169.905396 -18.983768
-169.902267 -18.979387
-169.898193 -18.972244
-169.894104 -18.967859
-169.889526 -18.962553
-169.884460 -18.958395
-169.879639 -18.956306
