> pitcairn_island 0
-128.298843 -24.343044
-128.297852 -24.351505
-128.294876 -24.358768
-128.289108 -24.368029
-128.287445 -24.382204
-128.286316 -24.395018
-128.287369 -24.402382
-128.289032 -24.405403
-128.291229 -24.407063
-128.295013 -24.406467
-128.302155 -24.402056
-128.310257 -24.399273
-128.317032 -24.399206
-128.323822 -24.398226
-128.331711 -24.394058
-128.335419 -24.387041
-128.344452 -24.368916
-128.346436 -24.360479
-128.346207 -24.350843
-128.342499 -24.340664
-128.335999 -24.331108
-128.333130 -24.326681
-128.331406 -24.325493
-128.323883 -24.325998
-128.311890 -24.324562
-128.303238 -24.320911
-128.297043 -24.318466
-128.293869 -24.315866
-128.293762 -24.319075
-128.296646 -24.323502
-128.298172 -24.331335
-128.298203 -24.338902
-128.298843 -24.343044
