> republic_of_palau 0
        132.313065          4.331706
        132.313934          4.331506
        132.314484          4.330928
        132.315186          4.330209
        132.316055          4.328953
        132.316879          4.326791
        132.317581          4.324030
        132.317368          4.321263
        132.316467          4.317341
        132.315338          4.314339
        132.313965          4.312717
        132.311447          4.312472
        132.309814          4.315689
        132.308182          4.320288
        132.308167          4.323284
        132.308609          4.326051
        132.308823          4.329278
        132.309738          4.330666
        132.311340          4.331597
        132.313065          4.331706
> republic_of_palau 1
        134.642822          7.658269
        134.642319          7.660647
        134.640457          7.664320
        134.640442          7.667080
        134.637909          7.668682
        134.637665          7.673740
        134.638809          7.676962
        134.638794          7.682020
        134.634171          7.686145
        134.631393          7.692114
        134.629761          7.697858
        134.627899          7.700612
        134.624207          7.704739
        134.623032          7.709564
        134.619339          7.713001
        134.618637          7.713459
        134.614700          7.717816
        134.616074          7.723567
        134.618149          7.726793
        134.621368          7.729562
        134.625275          7.732102
        134.628738          7.731883
        134.634689          7.730308
        134.637527          7.726161
        134.638458          7.722256
        134.640305          7.719962
        134.643539          7.718132
        134.645401          7.715149
        134.646332          7.710783
        134.648636          7.709410
        134.651413          7.707349
        134.651886          7.702522
        134.650513          7.701369
        134.647079          7.691702
        134.646393          7.687101
        134.647324          7.682965
        134.649185          7.677912
        134.651291          7.669181
        134.649918          7.664579
        134.649704          7.659289
        134.650879          7.651016
        134.652985          7.637685
        134.653458          7.630559
        134.653717          7.624351
        134.652588          7.615380
        134.651443          7.611238
        134.650757          7.607557
        134.650314          7.602497
        134.649628          7.597895
        134.648941          7.593524
        134.648026          7.591681
        134.645721          7.589146
        134.643661          7.585001
        134.642288          7.579477
        134.641846          7.576026
        134.642548          7.572119
        134.643250          7.566143
        134.643951          7.561775
        134.645813          7.554193
        134.646530          7.549135
        134.645386          7.546372
        134.642380          7.545674
        134.638702          7.540604
        134.637787          7.540601
        134.634781          7.540132
        134.629944          7.540577
        134.627640          7.539190
        134.625107          7.534353
        134.623734          7.531820
        134.625137          7.527454
        134.627914          7.523324
        134.630920          7.519193
        134.635315          7.511617
        134.638107          7.507486
        134.642487          7.503590
        134.644119          7.498995
        134.643219          7.489794
        134.639542          7.486563
        134.635620          7.483791
        134.630798          7.480557
        134.623184          7.476624
        134.619507          7.474774
        134.616974          7.472927
        134.614899          7.470620
        134.615372          7.466022
        134.616318          7.458895
        134.616806          7.451537
        134.616119          7.449005
        134.613815          7.445319
        134.611282          7.443241
        134.606918          7.439548
        134.603699          7.436779
        134.598862          7.431934
        134.598419          7.424342
        134.599365          7.418595
        134.599838          7.411237
        134.598938          7.405485
        134.597092          7.401799
        134.593872          7.399029
        134.593430          7.393277
        134.595276          7.390294
        134.598297          7.385242
        134.600159          7.380878
        134.601776          7.376283
        134.602478          7.371455
        134.601807          7.367082
        134.601593          7.362021
        134.598358          7.359482
        134.596756          7.355106
        134.592392          7.352563
        134.588242          7.351861
        134.586395          7.352545
        134.586380          7.355765
        134.584763          7.360360
        134.583588          7.364497
        134.584503          7.368410
        134.581955          7.371393
        134.578033          7.372070
        134.575043          7.371372
        134.568604          7.363071
        134.567230          7.358467
        134.565628          7.355241
        134.559647          7.352923
        134.558258          7.353379
        134.552261          7.350600
        134.549728          7.350592
        134.547180          7.353115
        134.543259          7.354022
        134.542114          7.352179
        134.545593          7.346899
        134.548126          7.344607
        134.548828          7.342079
        134.549072          7.339550
        134.551605          7.336797
        134.553925          7.336114
        134.555313          7.333358
        134.554855          7.330827
        134.551392          7.332427
        134.547943          7.331725
        134.545410          7.330338
        134.543335          7.328951
        134.543320          7.334241
        134.541458          7.338376
        134.539383          7.339749
        134.540298          7.341592
        134.536835          7.344342
        134.531052          7.350074
        134.527817          7.353284
        134.523422          7.358331
        134.521103          7.362464
        134.518784          7.367747
        134.518539          7.370966
        134.519211          7.377178
        134.519424          7.383159
        134.517334          7.391663
        134.513840          7.400852
        134.512665          7.408669
        134.511734          7.412575
        134.507812          7.416472
        134.501572          7.418293
        134.496033          7.422185
        134.491165          7.426770
        134.488403          7.429521
        134.487701          7.433198
        134.487457          7.435957
        134.481445          7.443068
        134.476593          7.443283
        134.474060          7.445574
        134.474731          7.448566
        134.477036          7.450644
        134.480011          7.457093
        134.479782          7.460542
        134.480453          7.466063
        134.483688          7.465844
        134.487823          7.467927
        134.488495          7.477588
        134.490326          7.479434
        134.490555          7.482194
        134.489853          7.485872
        134.489609          7.488630
        134.489609          7.490010
        134.492142          7.493009
        134.497665          7.493715
        134.503204          7.496263
        134.504120          7.499026
        134.504807          7.500638
        134.513336          7.500204
        134.513367          7.492615
        134.513367          7.488936
        134.515915          7.485724
        134.521912          7.484823
        134.524216          7.487820
        134.526733          7.491968
        134.531570          7.496582
        134.532028          7.498653
        134.529251          7.502094
        134.521408          7.503679
        134.516556          7.504584
        134.508942          7.505250
        134.506638          7.506623
        134.504776          7.509377
        134.504532          7.513286
        134.505676          7.517658
        134.507507          7.524563
        134.507492          7.528703
        134.508865          7.530317
        134.513016          7.531020
        134.519012          7.531959
        134.523407          7.531972
        134.526382          7.534971
        134.524307          7.537724
        134.522446          7.543467
        134.522858          7.544198
        134.523361          7.545080
        134.523804          7.550140
        134.524490          7.554742
        134.524490          7.554742
        134.525177          7.557504
        134.532089          7.557755
        134.538086          7.557544
        134.542694          7.561007
        134.544067          7.566301
        134.545197          7.574583
        134.544266          7.578719
        134.542633          7.581933
        134.541245          7.586758
        134.540298          7.593884
        134.540512          7.597564
        134.542816          7.600100
        134.549271          7.601959
        134.552505          7.602660
        134.554794          7.604736
        134.556870          7.604972
        134.557526          7.603798
        134.558273          7.602448
        134.571625          7.612606
        134.578751          7.618376
        134.581741          7.622065
        134.585205          7.622995
        134.590515          7.621861
        134.596283          7.620039
        134.601135          7.617755
        134.605057          7.616848
        134.609665          7.617091
        134.615891          7.620789
        134.620712          7.625862
        134.626694          7.631858
        134.630646          7.635097
        134.631760          7.636013
        134.634064          7.641538
        134.639114          7.650061
        134.641403          7.653976
        134.643005          7.657430
        134.642822          7.658269
> republic_of_palau 2
        134.509201          7.358006
        134.512894          7.355026
        134.516373          7.350666
        134.517090          7.345606
        134.517334          7.342155
        134.518494          7.338707
        134.521729          7.336647
        134.524292          7.332513
        134.524765          7.328603
        134.523636          7.324688
        134.521347          7.321458
        134.520660          7.318695
        134.518829          7.316618
        134.516312          7.314079
        134.516327          7.310627
        134.513794          7.309238
        134.511490          7.310151
        134.508713          7.313593
        134.507080          7.315199
        134.507767          7.317963
        134.507523          7.322334
        134.507507          7.325555
        134.508652          7.327401
        134.510040          7.325794
        134.510742          7.321194
        134.512131          7.320968
        134.513733          7.322584
        134.515106          7.325810
        134.516251          7.328115
        134.517151          7.330420
        134.516220          7.332488
        134.513229          7.332247
        134.509308          7.332235
        134.504013          7.333598
        134.498245          7.334269
        134.494110          7.332875
        134.489288          7.329638
        134.488144          7.327333
        134.480743          7.334903
        134.477264          7.338803
        134.472641          7.343620
        134.470551          7.345914
        134.468704          7.348669
        134.466858          7.346592
        134.464569          7.343594
        134.463196          7.343359
        134.458115          7.346793
        134.453247          7.351609
        134.449097          7.354127
        134.447006          7.356651
        134.446075          7.360099
        134.450912          7.359195
        134.457840          7.356916
        134.464294          7.355788
        134.470978          7.353739
        134.475601          7.351914
        134.478378          7.346860
        134.481613          7.344570
        134.486221          7.344815
        134.490356          7.346900
        134.495422          7.348987
        134.500031          7.349462
        134.504395          7.350396
        134.506699          7.352015
        134.507141          7.353857
        134.507141          7.355928
        134.509201          7.358006
> republic_of_palau 3
        134.437378          7.335074
        134.435181          7.328838
        134.435425          7.326078
        134.436340          7.324012
        134.437744          7.321946
        134.440979          7.319426
        134.444214          7.316216
        134.450211          7.314165
        134.455292          7.310962
        134.457611          7.306828
        134.459000          7.303843
        134.458786          7.297861
        134.451874          7.297609
        134.449097          7.298520
        134.446335          7.297822
        134.445648          7.297130
        134.446381          7.285400
        134.445694          7.282867
        134.446167          7.278039
        134.448715          7.273906
        134.452194          7.267937
        134.455414          7.266797
        134.457947          7.269795
        134.460495          7.267503
        134.460266          7.264512
        134.458664          7.260366
        134.458221          7.255074
        134.455002          7.252533
        134.453842          7.255060
        134.450607          7.256430
        134.448303          7.257802
        134.446457          7.258717
        134.443207          7.263307
        134.442276          7.266524
        134.441803          7.269283
        134.436264          7.273176
        134.431885          7.272701
        134.431198          7.270629
        134.433746          7.268337
        134.433289          7.266955
        134.425690          7.262791
        134.424530          7.261866
        134.422012          7.257718
        134.420639          7.252653
        134.420197          7.248740
        134.418594          7.245284
        134.413071          7.242276
        134.411453          7.238821
        134.410309          7.237666
        134.405701          7.239262
        134.402008          7.237409
        134.401779          7.235568
        134.401337          7.233727
        134.400406          7.232573
        134.395813          7.229797
        134.394196          7.227032
        134.391220          7.222881
        134.390305          7.219197
        134.388458          7.217811
        134.387772          7.220339
        134.387299          7.224018
        134.382446          7.223543
        134.380615          7.222846
        134.378754          7.226060
        134.372040          7.235700
        134.370880          7.239146
        134.367401          7.243736
        134.365097          7.243728
        134.361633          7.244637
        134.359100          7.246469
        134.356552          7.250371
        134.351456          7.255875
        134.354919          7.255426
        134.357681          7.254975
        134.360687          7.253145
        134.364151          7.250856
        134.365555          7.248331
        134.369247          7.246042
        134.372253          7.244212
        134.375717          7.241693
        134.377335          7.237558
        134.378967          7.235033
        134.382187          7.233892
        134.385651          7.233444
        134.388870          7.235065
        134.389786          7.237369
        134.391403          7.239904
        134.394623          7.242906
        134.397141          7.244524
        134.399216          7.247061
        134.402664          7.248913
        134.405441          7.249382
        134.407730          7.250539
        134.409805          7.252387
        134.412796          7.256767
        134.413010          7.261369
        134.413467          7.263900
        134.414597          7.268965
        134.417130          7.273574
        134.419434          7.274501
        134.423340          7.277504
        134.425629          7.280733
        134.426315          7.283725
        134.429077          7.284424
        134.430710          7.281669
        134.431168          7.278680
        134.432556          7.277994
        134.435318          7.278924
        134.436478          7.280767
        134.435532          7.284904
        134.437378          7.287211
        134.439682          7.286528
        134.441986          7.286306
        134.442902          7.287689
        134.442673          7.290909
        134.442886          7.294820
        134.441727          7.300336
        134.443787          7.301953
        134.446106          7.301041
        134.449097          7.302201
        134.448624          7.304729
        134.447464          7.308866
        134.444687          7.312537
        134.441452          7.315517
        134.438904          7.317809
        134.434738          7.320786
        134.431732          7.323076
        134.429871          7.329051
        134.429626          7.334570
        134.433548          7.337803
        134.437378          7.335074
> republic_of_palau 4
        134.420593          7.299006
        134.423279          7.296597
        134.425140          7.293382
        134.426071          7.290625
        134.423996          7.289468
        134.421921          7.290151
        134.420303          7.292907
        134.419144          7.293592
        134.417755          7.294738
        134.416824          7.296576
        134.414978          7.296800
        134.416595          7.298185
        134.419586          7.298425
        134.420593          7.299006
> republic_of_palau 5
        134.287216          7.292358
        134.292328          7.290180
        134.293945          7.287425
        134.294189          7.284435
        134.293274          7.282362
        134.291428          7.281206
        134.289352          7.282349
        134.288193          7.285105
        134.286575          7.288320
        134.286102          7.290618
        134.287216          7.292358
> republic_of_palau 6
        134.318222          7.277557
        134.319580          7.275321
        134.314972          7.274155
        134.310364          7.275519
        134.307129          7.275968
        134.304367          7.275269
        134.303223          7.273425
        134.299759          7.274103
        134.297211          7.275245
        134.295822          7.277310
        134.295364          7.278919
        134.299042          7.280772
        134.303879          7.281708
        134.308960          7.280805
        134.312424          7.280126
        134.315643          7.278987
        134.318222          7.277557
> republic_of_palau 7
        134.397369          7.278940
        134.399139          7.273745
        134.398926          7.269373
        134.398697          7.266382
        134.395477          7.266372
        134.392929          7.265444
        134.393875          7.262226
        134.395264          7.258320
        134.395264          7.256480
        134.393661          7.252793
        134.392288          7.250719
        134.387909          7.250245
        134.387909          7.251625
        134.388123          7.255766
        134.385803          7.259900
        134.384644          7.263806
        134.385330          7.265189
        134.384155          7.270245
        134.383469          7.272543
        134.387833          7.273478
        134.391754          7.275101
        134.393600          7.276947
        134.395203          7.278563
        134.397369          7.278940
> republic_of_palau 8
        134.340378          7.277889
        134.343109          7.274710
        134.345657          7.270347
        134.346817          7.265520
        134.347061          7.262991
        134.345673          7.262756
        134.344055          7.264591
        134.342209          7.267115
        134.341034          7.271022
        134.339645          7.275158
        134.339401          7.276537
        134.340378          7.277889
> republic_of_palau 9
        134.387543          7.135924
        134.384766          7.140270
        134.381073          7.143019
        134.377151          7.146227
        134.372543          7.144142
        134.370926          7.143216
        134.367706          7.142975
        134.362640          7.142268
        134.358261          7.141793
        134.354568          7.142471
        134.352478          7.145915
        134.349930          7.150278
        134.349457          7.153497
        134.349670          7.159709
        134.350357          7.162932
        134.349655          7.165000
        134.348038          7.166835
        134.348938          7.171210
        134.353546          7.172835
        134.359787          7.171016
        134.359116          7.164342
        134.359344          7.160892
        134.362122          7.160441
        134.363510          7.158605
        134.364441          7.156077
        134.369965          7.157476
        134.373886          7.159329
        134.375717          7.161867
        134.376175          7.165089
        134.377548          7.167394
        134.378937          7.166018
        134.381699          7.164417
        134.382385          7.169710
        134.382584          7.177303
        134.382339          7.182364
        134.383255          7.185817
        134.385101          7.186053
        134.385574          7.181684
        134.386505          7.177316
        134.388596          7.173872
        134.389771          7.167434
        134.389084          7.162831
        134.386566          7.158452
        134.385193          7.156147
        134.384033          7.154072
        134.383820          7.149470
        134.385452          7.146255
        134.386612          7.143958
        134.388229          7.141202
        134.389160          7.137295
        134.388504          7.136055
        134.387543          7.135924
> republic_of_palau 10
        134.275299          7.044295
        134.273956          7.038435
        134.271667          7.033826
        134.270752          7.030141
        134.269394          7.026455
        134.268478          7.024382
        134.263870          7.022524
        134.260178          7.021592
        134.256500          7.019968
        134.253738          7.018118
        134.251892          7.016731
        134.251678          7.011898
        134.253754          7.012136
        134.259048          7.014455
        134.261124          7.015843
        134.263885          7.018153
        134.265732          7.018389
        134.266647          7.016782
        134.268494          7.015177
        134.270798          7.015876
        134.272186          7.015420
        134.273819          7.012205
        134.275665          7.011061
        134.276581          7.010374
        134.276825          7.008303
        134.274979          7.005306
        134.271759          7.005755
        134.268066          7.007353
        134.265991          7.007346
        134.264618          7.005040
        134.262314          7.000661
        134.259109          6.996738
        134.255432          6.994654
        134.252670          6.992804
        134.250366          6.991185
        134.248749          6.989799
        134.245300          6.990248
        134.242767          6.989088
        134.240234          6.987009
        134.239777          6.984705
        134.241165          6.982180
        134.243011          6.981956
        134.243942          6.979889
        134.242569          6.977812
        134.240494          6.979647
        134.238419          6.979639
        134.237961          6.975726
        134.235428          6.974106
        134.234055          6.975022
        134.233810          6.978243
        134.232407          6.981919
        134.231720          6.984678
        134.232391          6.988592
        134.233078          6.991815
        134.233063          6.994576
        134.231674          6.998944
        134.231659          7.003085
        134.232788          7.007691
        134.234863          7.011840
        134.238068          7.015532
        134.241516          7.018076
        134.246582          7.020854
        134.250717          7.024089
        134.253937          7.027552
        134.256927          7.032394
        134.258530          7.035621
        134.260132          7.039078
        134.261047          7.041612
        134.262650          7.044148
        134.266785          7.046003
        134.270020          7.047165
        134.272079          7.048553
        134.275314          7.049024
        134.275665          7.048264
        134.275742          7.047290
        134.275665          7.045410
        134.275299          7.044295
> republic_of_palau 11
        134.150818          6.922081
        134.153091          6.919051
        134.154938          6.916756
        134.157486          6.913774
        134.157959          6.909633
        134.156815          6.906868
        134.155899          6.904333
        134.154297          6.902256
        134.151764          6.900406
        134.149475          6.897407
        134.147873          6.895330
        134.145569          6.893941
        134.143494          6.892323
        134.142120          6.890017
        134.140518          6.887940
        134.137527          6.887239
        134.131302          6.886526
        134.126694          6.886280
        134.123932          6.886730
        134.123230          6.889949
        134.124832          6.893176
        134.127136          6.893875
        134.128738          6.895721
        134.129654          6.898026
        134.132645          6.898267
        134.133560          6.901491
        134.134705          6.904487
        134.134232          6.906326
        134.133530          6.910006
        134.131439          6.913910
        134.130737          6.919430
        134.132111          6.923577
        134.133255          6.923581
        134.135330          6.922899
        134.141098          6.923149
        134.143402          6.923617
        134.146851          6.923170
        134.150818          6.922081
