> wallis 0
       -176.167816        -13.214251
       -176.159378        -13.215804
       -176.153488        -13.226282
       -176.149963        -13.227045
       -176.146988        -13.230558
       -176.147568        -13.235840
       -176.146271        -13.241160
       -176.141022        -13.248403
       -176.137024        -13.249174
       -176.131256        -13.254126
       -176.128784        -13.270747
       -176.131729        -13.276442
       -176.142242        -13.283362
       -176.145157        -13.287676
       -176.145279        -13.293427
       -176.142197        -13.303388
       -176.143448        -13.307045
       -176.149811        -13.307405
       -176.152405        -13.307552
       -176.150452        -13.315187
       -176.152420        -13.319060
       -176.152786        -13.336314
       -176.151688        -13.339559
       -176.141602        -13.341836
       -176.141205        -13.345066
       -176.148636        -13.351129
       -176.151703        -13.351296
       -176.158417        -13.346326
       -176.161957        -13.346714
       -176.164856        -13.350337
       -176.168671        -13.352330
       -176.181381        -13.352530
       -176.184891        -13.351077
       -176.185272        -13.347386
       -176.183121        -13.345590
       -176.184418        -13.340500
       -176.191757        -13.331373
       -176.190506        -13.327716
       -176.191193        -13.326448
       -176.192764        -13.323526
       -176.196793        -13.324365
       -176.202301        -13.318037
       -176.205139        -13.319129
       -176.212158        -13.316913
       -176.215546        -13.310399
       -176.217590        -13.296086
       -176.216782        -13.291039
       -176.213898        -13.288797
       -176.202545        -13.285810
       -176.193649        -13.277476
       -176.191925        -13.273829
       -176.192825        -13.260921
       -176.187256        -13.232265
       -176.186905        -13.231777
       -176.182419        -13.225690
       -176.167816        -13.214251
> wallis 1
       -178.100632        -14.328600
       -178.110519        -14.328565
       -178.124023        -14.325612
       -178.130585        -14.327120
       -178.135590        -14.324460
       -178.161270        -14.324962
       -178.170837        -14.317793
       -178.178894        -14.303240
       -178.185989        -14.302458
       -178.190079        -14.297940
       -178.202423        -14.269907
       -178.206787        -14.263785
       -178.206573        -14.250679
       -178.203827        -14.246718
       -178.199158        -14.244329
       -178.171219        -14.251832
       -178.154556        -14.260013
       -178.151505        -14.265217
       -178.133331        -14.296144
       -178.119339        -14.300696
       -178.112991        -14.300112
       -178.103363        -14.310036
       -178.095123        -14.309414
       -178.082260        -14.316285
       -178.066376        -14.321257
       -178.058380        -14.319949
       -178.056213        -14.322664
       -178.058762        -14.324783
       -178.062119        -14.324850
       -178.072891        -14.325064
       -178.086029        -14.327622
       -178.095474        -14.327119
       -178.100632        -14.328600
> wallis 2
       -178.000000        -14.358085
       -178.006409        -14.360285
       -178.026566        -14.377466
       -178.037201        -14.387791
       -178.077805        -14.373199
       -178.080734        -14.367970
       -178.080338        -14.364514
       -178.077805        -14.361706
       -178.059265        -14.345940
       -178.046295        -14.338593
       -178.039932        -14.334982
       -178.032883        -14.333693
       -178.021210        -14.339664
       -178.015762        -14.341165
       -178.006821        -14.340755
       -178.000000        -14.342962
       -177.991928        -14.346665
       -177.987320        -14.350671
       -177.989365        -14.354413
       -178.000000        -14.358085
