> austria 0
         16.000000         48.777752
         16.000000         48.782520
         16.000000         48.782520
         16.008112         48.775288
         16.038721         48.757942
         16.086277         48.743847
         16.109999         48.739765
         16.134815         48.739502
         16.179012         48.741695
         16.187834         48.740742
         16.203072         48.735889
         16.221521         48.735535
         16.252771         48.733082
         16.281591         48.737106
         16.301830         48.733425
         16.329479         48.726418
         16.333532         48.726772
         16.348494         48.738247
         16.355051         48.737331
         16.366253         48.728134
         16.374031         48.724842
         16.381479         48.726978
         16.402224         48.737709
         16.412411         48.748760
         16.423647         48.756432
         16.438093         48.772560
         16.451185         48.791794
         16.467459         48.794933
         16.494864         48.791084
         16.519310         48.794666
         16.536407         48.807041
         16.545568         48.804348
         16.569477         48.789524
         16.586300         48.785992
         16.601112         48.777332
         16.613632         48.774673
         16.624847         48.774879
         16.638800         48.782257
         16.656542         48.777802
         16.668749         48.770897
         16.679691         48.754959
         16.676651         48.739578
         16.673349         48.733353
         16.682091         48.724915
         16.687675         48.723152
         16.700377         48.731163
         16.710606         48.734501
         16.729700         48.732628
         16.734413         48.727570
         16.745623         48.723797
         16.752125         48.723099
         16.754436         48.718830
         16.761005         48.711967
         16.768984         48.709743
         16.784811         48.711285
         16.796719         48.703384
         16.802628         48.704098
         16.811344         48.707710
         16.834734         48.711872
         16.853745         48.710777
         16.870359         48.713482
         16.892487         48.713982
         16.893501         48.713436
         16.903149         48.713879
         16.907015         48.711391
         16.911228         48.704556
         16.921816         48.694717
         16.920465         48.683590
         16.915792         48.675907
         16.923882         48.668655
         16.927277         48.651649
         16.922754         48.634323
         16.922522         48.624878
         16.929537         48.617783
         16.947584         48.615360
         16.946247         48.606300
         16.936497         48.600105
         16.938316         48.582073
         16.936712         48.572536
         16.938225         48.567352
         16.950359         48.551876
         16.950195         48.546349
         16.952625         48.541920
         16.943842         48.520718
         16.924784         48.514698
         16.921259         48.510773
         16.917629         48.498795
         16.917629         48.498795
         16.902615         48.495445
         16.898193         48.492836
         16.896118         48.479820
         16.884975         48.476048
         16.875193         48.465935
         16.867468         48.462402
         16.864098         48.457569
         16.864983         48.454182
         16.856318         48.445755
         16.856043         48.438839
         16.867340         48.413433
         16.865799         48.399303
         16.863272         48.394608
         16.861809         48.391895
         16.849428         48.380905
         16.847740         48.372051
         16.855375         48.354431
         16.863985         48.352283
         16.878473         48.352154
         16.886930         48.340111
         16.893818         48.335770
         16.909557         48.332047
         16.916227         48.324703
         16.914995         48.317261
         16.904913         48.309196
         16.911638         48.294960
         16.919949         48.290260
         16.932325         48.275040
         16.954594         48.273380
         16.960140         48.268711
         16.960907         48.261642
         16.959681         48.243172
         16.963646         48.231041
         16.965841         48.228065
         16.965841         48.228065
         16.975420         48.215088
         16.986214         48.192173
         16.989138         48.186630
         16.992731         48.172405
         17.019115         48.161606
         17.035755         48.149433
         17.051025         48.143826
         17.061251         48.137295
         17.073980         48.116211
         17.077427         48.106564
         17.082890         48.104454
         17.099659         48.100712
         17.100582         48.097954
         17.088726         48.083942
         17.082676         48.072952
         17.085926         48.066696
         17.087936         48.062603
         17.082342         48.058460
         17.082533         48.055073
         17.090164         48.050308
         17.090658         48.045242
         17.082264         48.033215
         17.083632         48.025665
         17.090336         48.023663
         17.101736         48.023739
         17.116760         48.029499
         17.129168         48.023983
         17.143003         48.022266
         17.158695         48.010208
         17.162727         48.008083
         17.156624         48.000000
         17.111176         47.977806
         17.101158         47.967083
         17.119959         47.961361
         17.120260         47.954708
         17.105602         47.944706
         17.100430         47.935074
         17.096743         47.929302
         17.113611         47.918407
         17.103333         47.905174
         17.105440         47.893166
         17.093842         47.880226
         17.071617         47.872841
         17.063568         47.870716
         17.050247         47.867016
         17.027773         47.866730
         17.023832         47.864861
         17.022963         47.859867
         17.057890         47.843067
         17.062908         47.835953
         17.059471         47.826046
         17.080719         47.805546
         17.071869         47.800388
         17.060070         47.793503
         17.068333         47.778679
         17.069759         47.757088
         17.072096         47.731331
         17.076160         47.721748
         17.090759         47.711258
         16.986866         47.698376
         16.948755         47.693794
         16.912554         47.687965
         16.890924         47.688545
         16.880684         47.687878
         16.874573         47.694347
         16.872086         47.716213
         16.866325         47.716255
         16.858589         47.707005
         16.853773         47.706322
         16.842085         47.698174
         16.835066         47.685905
         16.829807         47.680893
         16.816536         47.680367
         16.770554         47.681366
         16.753420         47.682846
         16.743378         47.697502
         16.729395         47.713486
         16.718664         47.728176
         16.707624         47.736462
         16.696667         47.738796
         16.665648         47.740665
         16.653605         47.745792
         16.643276         47.754501
         16.636295         47.755966
         16.626341         47.754810
         16.618280         47.759064
         16.613192         47.759064
         16.599165         47.750999
         16.589075         47.755348
         16.578562         47.751926
         16.568136         47.752850
         16.558163         47.751465
         16.540846         47.737354
         16.546614         47.733898
         16.552210         47.721748
         16.543337         47.710701
         16.541943         47.710304
         16.526012         47.710331
         16.518190         47.706554
         16.498247         47.700111
         16.497519         47.699665
         16.480616         47.689442
         16.477802         47.681332
         16.472906         47.679718
         16.467323         47.681564
         16.457129         47.691853
         16.449638         47.691494
         16.446590         47.687965
         16.443686         47.675270
         16.445372         47.675201
         16.433100         47.667267
         16.431749         47.667328
         16.427563         47.662476
         16.430187         47.658012
         16.439585         47.657146
         16.455946         47.651161
         16.472738         47.649738
         16.488300         47.646080
         16.495821         47.639790
         16.504139         47.638283
         16.517433         47.642727
         16.523186         47.642704
         16.530182         47.638042
         16.545223         47.632568
         16.565657         47.623409
         16.567566         47.622181
         16.575701         47.618839
         16.588909         47.618935
         16.598501         47.616665
         16.628090         47.625637
         16.642689         47.625431
         16.653267         47.619450
         16.658403         47.609833
         16.666687         47.604649
         16.669437         47.591476
         16.676723         47.579693
         16.677795         47.573463
         16.670269         47.565792
         16.676908         47.561142
         16.687855         47.559036
         16.702957         47.544376
         16.710400         47.541054
         16.712791         47.534538
         16.706366         47.527737
         16.704605         47.520260
         16.691362         47.509422
         16.680326         47.503742
         16.665554         47.504654
         16.655733         47.500980
         16.654408         47.494396
         16.661327         47.485844
         16.670664         47.477863
         16.670994         47.470978
         16.659761         47.458393
         16.629364         47.438988
         16.621752         47.430172
         16.608635         47.427105
         16.596973         47.421680
         16.587841         47.421406
         16.576389         47.411163
         16.564842         47.410309
         16.558914         47.408283
         16.523861         47.409424
         16.503494         47.392906
         16.497824         47.397049
         16.487974         47.399776
         16.489016         47.403622
         16.483160         47.409370
         16.459433         47.411568
         16.453844         47.409523
         16.449327         47.401024
         16.454296         47.393021
         16.455639         47.392963
         16.456059         47.379665
         16.459562         47.366917
         16.453146         47.359646
         16.441233         47.358334
         16.436611         47.355789
         16.438278         47.352055
         16.447983         47.344303
         16.460714         47.340076
         16.468985         47.331470
         16.475021         47.313568
         16.480198         47.307842
         16.492718         47.283936
         16.484890         47.279472
         16.480288         47.268009
         16.477392         47.260799
         16.470640         47.256977
         16.456738         47.255760
         16.436420         47.250916
         16.443897         47.244415
         16.440422         47.236099
         16.436775         47.218857
         16.433506         47.216259
         16.422045         47.215843
         16.417513         47.210545
         16.422140         47.200100
         16.425268         47.193027
         16.431322         47.189556
         16.444990         47.188499
         16.459906         47.179367
         16.468693         47.169353
         16.454435         47.160595
         16.450510         47.154587
         16.453495         47.147125
         16.492184         47.148155
         16.513519         47.150185
         16.522554         47.142902
         16.527670         47.133282
         16.523268         47.129364
         16.505245         47.123299
         16.499363         47.114399
         16.492023         47.111286
         16.486872         47.106480
         16.470236         47.100807
         16.468136         47.096321
         16.474518         47.089397
         16.475149         47.078373
         16.492605         47.071640
         16.508181         47.069798
         16.517529         47.065945
         16.517694         47.060669
         16.504234         47.053024
         16.477533         47.050552
         16.455048         47.043369
         16.445841         47.030655
         16.450338         47.028625
         16.464291         47.030987
         16.475563         47.029797
         16.503067         47.016197
         16.514942         47.010860
         16.515553         47.006706
         16.509985         47.000999
         16.493525         47.000362
         16.478203         46.997608
         16.460110         47.000938
         16.453121         47.004906
         16.434769         46.998394
         16.425673         47.001312
         16.418789         47.006432
         16.408766         47.006641
         16.395136         47.004036
         16.380888         47.005577
         16.370268         47.010159
         16.357077         47.008678
         16.337610         47.004486
         16.319361         47.006195
         16.308002         47.002792
         16.299711         47.007271
         16.291735         47.015171
         16.284252         47.013897
         16.276043         46.997292
         16.270128         46.987473
         16.272650         46.974770
         16.266827         46.965622
         16.242880         46.963673
         16.235493         46.959633
         16.236296         46.953964
         16.230188         46.952763
         16.226154         46.948811
         16.220266         46.946548
         16.200270         46.943501
         16.174742         46.915947
         16.172773         46.912598
         16.158850         46.906315
         16.143414         46.890469
         16.134367         46.882603
         16.111889         46.871510
         16.098417         46.864864
         16.090868         46.866322
         16.065937         46.852238
         16.061092         46.842590
         16.042355         46.841988
         16.033628         46.837536
         16.029896         46.840672
         16.016068         46.838943
         16.001966         46.834023
         15.991074         46.835381
         15.987416         46.831635
         15.985753         46.823917
         15.988274         46.818317
         15.995388         46.811844
         15.988624         46.802959
         15.989384         46.792393
         15.984419         46.781143
         15.989457         46.769947
         15.986917         46.759743
         15.986679         46.741428
         16.010717         46.715023
         16.037661         46.691700
         16.040089         46.681286
         16.034664         46.660900
         16.008215         46.670464
         15.999850         46.676384
         15.988724         46.684254
         15.986574         46.685776
         15.966173         46.684544
         15.952033         46.686489
         15.934199         46.695911
         15.900662         46.712605
         15.880107         46.717548
         15.859593         46.719055
         15.834948         46.718880
         15.811620         46.714531
         15.787971         46.702175
         15.760008         46.693874
         15.742727         46.698208
         15.730085         46.698242
         15.718236         46.695721
         15.702039         46.697029
         15.685616         46.703842
         15.670872         46.706696
         15.659373         46.704384
         15.655604         46.694683
         15.644946         46.691502
         15.631203         46.684841
         15.622364         46.682426
         15.610775         46.683094
         15.606903         46.684616
         15.605202         46.688339
         15.571373         46.681133
         15.563229         46.674797
         15.549260         46.670509
         15.549981         46.662693
         15.557398         46.651196
         15.546891         46.635788
         15.520229         46.621887
         15.515344         46.618866
         15.506136         46.615768
         15.495380         46.618454
         15.473706         46.613064
         15.468320         46.616463
         15.458238         46.632404
         15.458986         46.642223
         15.448905         46.640755
         15.435769         46.642834
         15.416551         46.656815
         15.372923         46.651272
         15.350994         46.651367
         15.342323         46.650986
         15.328704         46.655594
         15.328620         46.654449
         15.310650         46.654163
         15.297040         46.654411
         15.286861         46.651566
         15.274078         46.644909
         15.238279         46.641571
         15.225202         46.644539
         15.205941         46.644745
         15.187449         46.655678
         15.169827         46.655590
         15.148801         46.659050
         15.127428         46.652901
         15.118766         46.657310
         15.104112         46.656887
         15.086912         46.648529
         15.082901         46.648205
         15.067146         46.655827
         15.039010         46.652634
         15.038947         46.651718
         15.022091         46.643341
         15.016014         46.641937
         15.008254         46.635326
         15.000000         46.625381
         14.996351         46.621517
         14.993783         46.617939
         14.984898         46.606716
         14.980709         46.601425
         14.976441         46.607056
         14.969817         46.626328
         14.955765         46.630386
         14.943194         46.626209
         14.919369         46.617588
         14.920039         46.607723
         14.912991         46.606571
         14.890761         46.611851
         14.882147         46.612125
         14.868185         46.606846
         14.865311         46.598465
         14.852640         46.582378
         14.839775         46.573402
         14.833416         46.566364
         14.835441         46.552704
         14.829591         46.549454
         14.829225         46.538704
         14.821475         46.526585
         14.821366         46.514683
         14.817042         46.509319
         14.787619         46.500160
         14.777954         46.499313
         14.771501         46.502029
         14.756676         46.503395
         14.747901         46.500923
         14.740856         46.504799
         14.733578         46.499756
         14.725584         46.504345
         14.717803         46.501835
         14.712512         46.496731
         14.713834         46.496689
         14.712254         46.487350
         14.703226         46.480755
         14.697481         46.468338
         14.693703         46.466160
         14.680523         46.467243
         14.678024         46.464344
         14.677512         46.456120
         14.673334         46.452812
         14.657104         46.447342
         14.631947         46.447403
         14.617761         46.442783
         14.609528         46.443485
         14.603661         46.439537
         14.587124         46.434296
         14.581436         46.427830
         14.582014         46.420944
         14.591008         46.405567
         14.579226         46.391262
         14.581042         46.382969
         14.561567         46.378040
         14.554180         46.381687
         14.550258         46.393475
         14.528986         46.419498
         14.516026         46.429710
         14.504401         46.423405
         14.504348         46.422489
         14.491472         46.417362
         14.483134         46.416225
         14.460257         46.426716
         14.460203         46.425800
         14.442630         46.430870
         14.433074         46.437317
         14.438335         46.442436
         14.432070         46.448563
         14.424839         46.449451
         14.374718         46.441219
         14.353848         46.440872
         14.336278         46.434483
         14.316147         46.435482
         14.309717         46.438862
         14.284269         46.445488
         14.275689         46.445950
         14.241673         46.435177
         14.235382         46.435112
         14.224237         46.443180
         14.191519         46.444035
         14.159047         46.437088
         14.151527         46.445065
         14.139792         46.454746
         14.120139         46.477665
         14.095835         46.487892
         14.081966         46.488697
         14.057758         46.494560
         14.044573         46.495800
         14.017777         46.483410
         14.009497         46.483383
         13.996576         46.489872
         13.993007         46.491337
         13.975634         46.501595
         13.929755         46.518478
         13.906323         46.520401
         13.873555         46.521164
         13.836949         46.517891
         13.813437         46.511105
         13.795171         46.510139
         13.768787         46.519886
         13.750997         46.522106
         13.715630         46.524029
         13.689498         46.525051
         13.667160         46.529427
         13.654150         46.534962
         13.642701         46.538036
         13.614876         46.546318
         13.591763         46.548401
         13.581521         46.541519
         13.572248         46.541714
         13.563649         46.549900
         13.548599         46.554554
         13.524294         46.552071
         13.510554         46.556465
         13.505626         46.565487
         13.501424         46.568089
         13.473604         46.560860
         13.468332         46.561657
         13.451297         46.558556
         13.420986         46.563267
         13.410467         46.565533
         13.403120         46.572533
         13.381495         46.579121
         13.371884         46.579308
         13.366931         46.571388
         13.366233         46.570484
         13.342367         46.570709
         13.342332         46.569794
         13.323354         46.559162
         13.315306         46.556797
         13.291585         46.560665
         13.257155         46.561974
         13.242068         46.557442
         13.242068         46.557442
         13.236760         46.557308
         13.221143         46.565357
         13.193295         46.574543
         13.161421         46.592018
         13.101263         46.598068
         13.084179         46.602924
         13.071162         46.600628
         13.044855         46.597618
         13.030245         46.597172
         13.015440         46.600838
         12.981665         46.602741
         12.968519         46.606613
         12.950938         46.606655
         12.933494         46.611042
         12.901671         46.611980
         12.901707         46.613121
         12.884017         46.609722
         12.855388         46.606483
         12.837232         46.609493
         12.834784         46.616390
         12.833833         46.628983
         12.828613         46.632030
         12.809446         46.634823
         12.795168         46.646000
         12.768083         46.650723
         12.756792         46.650654
         12.736837         46.637661
         12.729526         46.637299
         12.715276         46.650070
         12.694256         46.658356
         12.670714         46.659584
         12.657364         46.657009
         12.644056         46.656036
         12.627979         46.663338
         12.619040         46.664364
         12.603670         46.660664
         12.574739         46.658962
         12.565719         46.656788
         12.556133         46.658504
         12.539386         46.666023
         12.530630         46.674591
         12.525035         46.676933
         12.517150         46.680237
         12.485235         46.679008
         12.470143         46.686954
         12.454603         46.690102
         12.442979         46.690231
         12.436041         46.691910
         12.424251         46.699356
         12.403830         46.707355
         12.389378         46.715054
         12.382561         46.722443
         12.374890         46.735523
         12.361239         46.766346
         12.347901         46.780434
         12.317754         46.786686
         12.288130         46.786293
         12.281309         46.794594
         12.287757         46.800705
         12.287827         46.804131
         12.284477         46.819489
         12.307916         46.841888
         12.296710         46.847710
         12.288183         46.870663
         12.281292         46.875988
         12.273247         46.890240
         12.268613         46.891884
         12.254988         46.894070
         12.244650         46.893944
         12.216027         46.879120
         12.208481         46.885365
         12.202654         46.894562
         12.203986         46.894550
         12.191195         46.905869
         12.183249         46.908913
         12.163610         46.910912
         12.163594         46.909996
         12.149025         46.915840
         12.155238         46.927441
         12.161667         46.932419
         12.163000         46.932407
         12.164189         46.942684
         12.154703         46.953281
         12.138861         46.963245
         12.136231         46.965557
         12.133555         46.984097
         12.121616         47.007969
         12.128112         47.016373
         12.147003         47.026505
         12.163062         47.027504
         12.179493         47.030560
         12.200948         47.034027
         12.210870         47.046051
         12.217100         47.057198
         12.233039         47.068707
         12.233468         47.073498
         12.226301         47.083393
         12.215022         47.088299
         12.207664         47.088364
         12.184038         47.095207
         12.173629         47.093243
         12.159460         47.086742
         12.145370         47.084572
         12.118155         47.077717
         12.098120         47.079712
         12.089391         47.077724
         12.073437         47.063686
         12.057019         47.061756
         12.044685         47.064137
         12.035299         47.062611
         12.017753         47.052460
         11.993039         47.054245
         11.973310         47.053928
         11.973327         47.055069
         11.962856         47.047829
         11.949053         47.041069
         11.944045         47.041561
         11.923279         47.038498
         11.888615         47.020676
         11.878255         47.020508
         11.860779         47.012619
         11.849322         47.004921
         11.842954         47.003132
         11.826161         46.995686
         11.810126         46.995323
         11.784738         46.994785
         11.771670         46.990971
         11.750147         46.977146
         11.739462         46.976971
         11.730140         46.979530
         11.701626         46.999340
         11.693616         47.000057
         11.683907         46.997593
         11.666865         46.996758
         11.656853         46.997490
         11.630932         47.012234
         11.620270         47.015480
         11.595171         47.010326
         11.570064         47.003338
         11.547599         46.991764
         11.537238         46.990433
         11.503823         47.007755
         11.491970         47.013897
         11.473613         47.016697
         11.466228         47.010773
         11.461158         47.000504
         11.442079         46.992786
         11.432007         46.982758
         11.422630         46.977299
         11.409921         46.972527
         11.395900         46.972557
         11.385565         46.975784
         11.360590         46.991611
         11.350589         46.995975
         11.345578         46.995758
         11.339887         46.992107
         11.334878         46.992119
         11.324872         46.995796
         11.310507         46.994453
         11.301808         46.988976
         11.281437         46.988552
         11.259382         46.980808
         11.254371         46.979671
         11.253035         46.979214
         11.245018         46.976940
         11.232994         46.974205
         11.219973         46.973309
         11.207617         46.969433
         11.190928         46.972416
         11.161549         46.966488
         11.156875         46.962605
         11.156873         46.958946
         11.157868         46.944321
         11.148859         46.938377
         11.136515         46.935638
         11.105824         46.932209
         11.102827         46.923523
         11.093494         46.914608
         11.094843         46.894035
         11.092513         46.889004
         11.072206         46.866367
         11.068555         46.853794
         11.071571         46.838017
         11.072581         46.828419
         11.068592         46.822929
         11.044309         46.809433
         11.034010         46.798222
         11.021404         46.777866
         11.014767         46.770317
         11.004777         46.774879
         10.987163         46.768463
         10.970198         46.768677
         10.962536         46.772781
         10.933251         46.775711
         10.914296         46.774082
         10.890040         46.767410
         10.876736         46.767384
         10.850081         46.776245
         10.831100         46.779861
         10.817807         46.777084
         10.808484         46.778435
         10.802475         46.782078
         10.795092         46.792576
         10.790081         46.795765
         10.772783         46.794571
         10.762490         46.791119
         10.746183         46.791290
         10.732856         46.793770
         10.728503         46.797409
         10.733448         46.804058
         10.757617         46.823338
         10.757232         46.831112
         10.751882         46.834297
         10.735204         46.838127
         10.717483         46.847675
         10.697479         46.849892
         10.688416         46.858547
         10.684703         46.864704
         10.665637         46.873550
         10.658967         46.874214
         10.641363         46.867516
         10.615383         46.866276
         10.602093         46.862331
         10.582858         46.853107
         10.556992         46.841553
         10.549004         46.841057
         10.546976         46.843796
         10.549582         46.849522
         10.547562         46.851570
         10.534568         46.851738
         10.521286         46.847790
         10.505301         46.847477
         10.489591         46.852200
         10.478196         46.858086
         10.470049         46.861877
         10.467368         46.872200
         10.465528         46.886822
         10.472061         46.898285
         10.477840         46.917294
         10.488399         46.919186
         10.488573         46.928905
         10.491468         46.939659
         10.471702         46.951233
         10.462667         46.955082
         10.454993         46.956200
         10.443647         46.957748
         10.430919         46.964092
         10.423566         46.966110
         10.425163         46.968895
         10.421359         46.979389
         10.393363         47.000938
         10.388004         47.002052
         10.372696         46.997845
         10.348060         46.992207
         10.340460         46.986443
         10.331116         46.962608
         10.322227         46.954094
         10.308278         46.949432
         10.304348         46.944374
         10.310537         46.931847
         10.292997         46.922352
         10.290993         46.922565
         10.277958         46.924309
         10.255487         46.932152
         10.249838         46.930737
         10.239650         46.921062
         10.240984         46.921074
         10.237175         46.908928
         10.235841         46.908920
         10.229275         46.902470
         10.230609         46.902485
         10.232322         46.878716
         10.227756         46.872509
         10.206097         46.872349
         10.189826         46.868797
         10.154781         46.852749
         10.134527         46.848927
         10.116203         46.849007
         10.104575         46.847309
         10.079950         46.863792
         10.061618         46.864086
         10.053548         46.867905
         10.042265         46.882664
         10.022301         46.897800
         10.005884         46.901775
         10.000000         46.901943
          9.993874         46.902119
          9.982394         46.909096
          9.975945         46.914524
          9.960936         46.914608
          9.949894         46.916332
          9.941943         46.913742
          9.922466         46.919956
          9.906967         46.927113
          9.899251         46.929092
          9.899225         46.930241
          9.887456         46.934464
          9.883453         46.934418
          9.874638         46.940731
          9.875187         46.945992
          9.877571         46.958824
          9.871360         46.967903
          9.880652         46.985371
          9.889698         46.999176
          9.873407         47.010677
          9.877247         47.018257
          9.874422         47.025089
          9.865041         47.026131
          9.832865         47.015736
          9.812279         47.024429
          9.797772         47.030220
          9.797750         47.031136
          9.783492         47.040348
          9.768393         47.042698
          9.756373         47.042103
          9.740910         47.045593
          9.717796         47.047379
          9.717769         47.048523
          9.699955         47.052914
          9.667295         47.060959
          9.641846         47.062252
          9.626930         47.057270
          9.606428         47.061131
          9.603659         47.061546
          9.606823         47.071194
          9.613574         47.081337
          9.629679         47.092049
          9.632190         47.098248
          9.623919         47.119640
          9.626661         47.129730
          9.618316         47.153629
          9.605896         47.154621
          9.594129         47.168411
          9.578569         47.173702
          9.572211         47.173397
          9.569437         47.176785
          9.573601         47.183697
          9.572297         47.194420
          9.580693         47.205956
          9.579890         47.210743
          9.567093         47.220009
          9.560040         47.225124
          9.555198         47.230316
          9.563209         47.243675
          9.560372         47.249123
          9.535914         47.273540
          9.535914         47.273540
          9.550367         47.284679
          9.561266         47.303776
          9.567487         47.309559
          9.572808         47.311214
          9.584054         47.317287
          9.592014         47.325626
          9.592874         47.326527
          9.594028         47.333851
          9.602730         47.347889
          9.621661         47.369125
          9.624260         47.372578
          9.624693         47.374973
          9.624693         47.374973
          9.649063         47.376743
          9.663962         47.378025
          9.668863         47.381451
          9.670473         47.383720
          9.672874         47.387688
          9.669458         47.392155
          9.657673         47.399914
          9.652608         47.403809
          9.652608         47.403809
          9.656106         47.415646
          9.650882         47.436840
          9.653026         47.445312
          9.658896         47.452690
          9.648599         47.461262
          9.640520         47.461632
          9.629375         47.463558
          9.615351         47.473000
          9.611981         47.473194
          9.606359         47.469475
          9.600991         47.468956
          9.592771         47.474804
          9.586129         47.484550
          9.575832         47.492432
          9.569606         47.498989
          9.569606         47.498989
          9.557027         47.511189
          9.543752         47.539349
          9.544334         47.542557
          9.544334         47.542557
          9.567047         47.538502
          9.589559         47.529415
          9.627769         47.525551
          9.627769         47.525551
          9.668862         47.527180
          9.691413         47.528816
          9.721642         47.533504
          9.732983         47.534561
          9.732983         47.534561
          9.742934         47.555676
          9.754371         47.571095
          9.760543         47.581207
          9.760543         47.581207
          9.768498         47.589317
          9.786966         47.593407
          9.804914         47.591091
          9.819255         47.584164
          9.824591         47.572559
          9.823847         47.561134
          9.815581         47.553959
          9.819410         47.548981
          9.852143         47.548409
          9.871012         47.534435
          9.889642         47.545815
          9.902100         47.546856
          9.910263         47.543739
          9.924307         47.533829
          9.929002         47.535015
          9.940680         47.540836
          9.950815         47.540020
          9.957617         47.537342
          9.964516         47.546093
          9.970167         47.550026
          9.975971         47.546654
          9.976883         47.519020
          9.990646         47.505440
          9.992850         47.496555
         10.000000         47.491364
         10.003111         47.489105
         10.031391         47.490269
         10.047956         47.487446
         10.048311         47.486534
         10.052313         47.471264
         10.053660         47.471275
         10.072478         47.455902
         10.092335         47.456528
         10.095057         47.454952
         10.097328         47.441490
         10.100490         47.434429
         10.094882         47.428219
         10.078911         47.418488
         10.068537         47.415428
         10.087457         47.393421
         10.091973         47.385696
         10.097075         47.364491
         10.103806         47.364086
         10.110134         47.367336
         10.119704         47.377243
         10.124731         47.378197
         10.143029         47.370346
         10.161831         47.371872
         10.167439         47.378078
         10.166518         47.392467
         10.179947         47.393948
         10.185966         47.396046
         10.197520         47.389050
         10.208613         47.389359
         10.221371         47.390820
         10.227468         47.388126
         10.233270         47.382912
         10.232387         47.375141
         10.220208         47.359058
         10.210601         47.350529
         10.201144         47.333096
         10.201588         47.326698
         10.212464         47.319012
         10.212902         47.312847
         10.201278         47.304989
         10.178924         47.296364
         10.170992         47.288994
         10.171430         47.283054
         10.177596         47.275787
         10.200044         47.278244
         10.214417         47.282009
         10.230554         47.280525
         10.259565         47.292843
         10.283273         47.301464
         10.294661         47.303368
         10.316038         47.311283
         10.333797         47.314137
         10.342788         47.319675
         10.353252         47.340080
         10.361190         47.349270
         10.379535         47.359665
         10.385101         47.370663
         10.394742         47.378948
         10.417860         47.385479
         10.429912         47.389885
         10.432206         47.394699
         10.429029         47.406563
         10.434668         47.412987
         10.457677         47.430023
         10.466392         47.433044
         10.474062         47.439014
         10.473682         47.442673
         10.462451         47.452900
         10.464205         47.475063
         10.459743         47.481899
         10.440111         47.489326
         10.429460         47.505714
         10.429742         47.510059
         10.441880         47.536858
         10.449018         47.559734
         10.443872         47.566559
         10.442523         47.566551
         10.432655         47.573120
         10.431871         47.581799
         10.434517         47.586155
         10.444613         47.588490
         10.473975         47.588650
         10.477061         47.584553
         10.467384         47.575367
         10.467104         47.570568
         10.456759         47.561142
         10.459491         47.558422
         10.491365         47.544193
         10.511665         47.538357
         10.527189         47.537292
         10.555499         47.538792
         10.567987         47.537708
         10.574371         47.540020
         10.588311         47.562923
         10.601087         47.567547
         10.607484         47.568943
         10.626515         47.565575
         10.635195         47.564026
         10.655432         47.564564
         10.683451         47.562611
         10.700764         47.548737
         10.731867         47.538559
         10.750420         47.537701
         10.757523         47.534519
         10.768046         47.523811
         10.771427         47.522224
         10.780883         47.519737
         10.797731         47.520695
         10.821613         47.530121
         10.821609         47.531033
         10.840481         47.532677
         10.840486         47.531765
         10.861694         47.538433
         10.886315         47.537567
         10.901169         47.533714
         10.913008         47.524136
         10.915385         47.519798
         10.910683         47.515678
         10.876666         47.509678
         10.872635         47.506706
         10.866290         47.494583
         10.872724         47.487968
         10.883508         47.487305
         10.898320         47.489845
         10.924943         47.488289
         10.932707         47.484184
         10.935099         47.474831
         10.945581         47.462730
         10.980672         47.438103
         10.982369         47.433079
         10.979030         47.423702
         10.981049         47.423710
         10.976689         47.418221
         10.975344         47.418221
         10.971663         47.410904
         10.978410         47.404972
         10.987164         47.401554
         10.994566         47.401566
         11.005996         47.404541
         11.025850         47.401127
         11.039304         47.402283
         11.065541         47.402752
         11.096827         47.401615
         11.113310         47.402531
         11.120708         47.406876
         11.121380         47.416691
         11.134501         47.421719
         11.168493         47.429935
         11.195759         47.434029
         11.202161         47.439278
         11.222693         47.438805
         11.239861         47.439014
         11.244904         47.435810
         11.247591         47.433292
         11.233435         47.421661
         11.224666         47.409103
         11.226339         47.404076
         11.251234         47.404503
         11.264017         47.404263
         11.270491         47.406448
         11.284219         47.411091
         11.288957         47.421131
         11.288646         47.430504
         11.295058         47.436661
         11.314249         47.438229
         11.324702         47.443691
         11.331470         47.453735
         11.340235         47.456459
         11.358749         47.455276
         11.365802         47.450695
         11.375584         47.455013
         11.388710         47.453842
         11.394781         47.456116
         11.411595         47.451729
         11.425724         47.449413
         11.413330         47.462009
         11.411036         47.474808
         11.393170         47.471882
         11.385102         47.475327
         11.383780         47.480812
         11.388528         47.488113
         11.402029         47.493336
         11.419319         47.514309
         11.438914         47.522480
         11.455399         47.516491
         11.487738         47.513199
         11.487732         47.512287
         11.504251         47.512691
         11.513724         47.518147
         11.532593         47.516937
         11.553165         47.518234
         11.570387         47.522053
         11.588329         47.531349
         11.584064         47.545986
         11.587880         47.559223
         11.606998         47.586098
         11.615489         47.592236
         11.634391         47.592152
         11.639149         47.595783
         11.655617         47.587944
         11.664736         47.588589
         11.684318         47.589184
         11.698176         47.591175
         11.747119         47.591160
         11.774489         47.593754
         11.782590         47.593708
         11.784616         47.593697
         11.809197         47.588764
         11.838531         47.586300
         11.844283         47.587414
         11.847736         47.593555
         11.849553         47.603596
         11.852958         47.605862
         11.872545         47.606197
         11.888495         47.612267
         11.913570         47.618496
         11.952059         47.617779
         11.969635         47.618801
         11.977040         47.617149
         11.985906         47.622795
         11.998785         47.625671
         12.009923         47.625137
         12.022269         47.615677
         12.042944         47.620316
         12.050343         47.618427
         12.063550         47.620617
         12.091100         47.612171
         12.116800         47.614243
         12.135631         47.609753
         12.160628         47.616974
         12.205962         47.625443
         12.198649         47.646530
         12.192812         47.657776
         12.178085         47.679848
         12.170829         47.688148
         12.165290         47.701893
         12.174850         47.703064
         12.181640         47.706959
         12.188187         47.710712
         12.206161         47.713066
         12.221189         47.720467
         12.242203         47.739235
         12.253809         47.744144
         12.260238         47.744087
         12.265165         47.736729
         12.246978         47.707211
         12.245357         47.693748
         12.249276         47.686859
         12.255279         47.682693
         12.263702         47.681244
         12.290015         47.694698
         12.330027         47.699554
         12.356307         47.694946
         12.365991         47.689369
         12.374418         47.688141
         12.387670         47.690968
         12.416935         47.698887
         12.429806         47.699657
         12.441222         47.696114
         12.443578         47.681240
         12.473249         47.649612
         12.474938         47.649597
         12.487892         47.640316
         12.494419         47.630878
         12.500403         47.626926
         12.511210         47.626801
         12.511232         47.627712
         12.535147         47.638401
         12.552722         47.638653
         12.573605         47.636120
         12.578428         47.639717
         12.591558         47.663773
         12.600891         47.671658
         12.617966         47.678066
         12.628813         47.679073
         12.642208         47.674339
         12.650313         47.674007
         12.669242         47.686104
         12.688491         47.685169
         12.705316         47.682205
         12.705290         47.681297
         12.718388         47.678154
         12.743069         47.678051
         12.750079         47.674995
         12.756289         47.667603
         12.770885         47.669685
         12.778787         47.673920
         12.779565         47.665913
         12.767430         47.655567
         12.768554         47.647789
         12.776318         47.636032
         12.777305         47.635105
         12.788706         47.632210
         12.796749         47.630039
         12.820264         47.614407
         12.821855         47.611183
         12.804197         47.608002
         12.781191         47.583649
         12.780347         47.577950
         12.782521         47.571522
         12.808589         47.551735
         12.828071         47.548954
         12.847354         47.550739
         12.852306         47.547237
         12.850621         47.547264
         12.856015         47.536217
         12.864309         47.531754
         12.883008         47.525772
         12.893341         47.511230
         12.916945         47.500832
         12.938622         47.493649
         12.967187         47.480873
         12.977620         47.480488
         12.982194         47.486359
         13.005013         47.473438
         13.010050         47.472900
         13.022441         47.480701
         13.028154         47.490208
         13.041408         47.493427
         13.046946         47.497681
         13.048644         47.507938
         13.044137         47.524006
         13.036499         47.537380
         13.040190         47.546688
         13.058673         47.564217
         13.057395         47.566299
         13.043660         47.569260
         13.041932         47.577969
         13.045839         47.583618
         13.064057         47.583324
         13.070281         47.587566
         13.072623         47.596664
         13.072479         47.611977
         13.076769         47.618759
         13.090537         47.626080
         13.099357         47.636677
         13.096695         47.647453
         13.083596         47.669140
         13.075527         47.689831
         13.040869         47.714828
         13.024837         47.721020
         13.016681         47.720001
         12.992717         47.711697
         12.981735         47.707069
         12.932852         47.712372
         12.930822         47.712406
         12.915668         47.725197
         12.908088         47.729931
         12.909590         47.736248
         12.939204         47.751801
         12.944106         47.756752
         12.945125         47.767242
         12.941939         47.773457
         12.945475         47.777973
         12.963538         47.791634
         12.987987         47.823696
         12.995276         47.829910
         13.001946         47.835583
         13.011970         47.850094
         13.011970         47.850094
         13.006315         47.854519
         12.995831         47.864517
         12.967729         47.903572
         12.957308         47.915844
         12.941831         47.929108
         12.939592         47.933029
         12.939088         47.938065
         12.942044         47.945091
         12.940428         47.947395
         12.937022         47.946995
         12.930438         47.942993
         12.924352         47.943546
         12.920397         47.956852
         12.910324         47.959980
         12.895455         47.961815
         12.883594         47.962227
         12.876955         47.966671
         12.869865         47.977966
         12.861777         48.000046
         12.861777         48.000046
         12.860193         48.009789
         12.855730         48.017826
         12.852457         48.018925
         12.825806         48.032310
         12.815351         48.041592
         12.777566         48.061764
         12.768035         48.067554
         12.760169         48.073025
         12.754576         48.083176
         12.746820         48.106503
         12.749381         48.110714
         12.757277         48.116699
         12.757254         48.124943
         12.761824         48.128819
         12.772371         48.128471
         12.781857         48.122223
         12.785901         48.121773
         12.797898         48.144478
         12.806063         48.149757
         12.816299         48.151375
         12.818959         48.151794
         12.826962         48.152958
         12.828205         48.154720
         12.831113         48.158913
         12.835773         48.166214
         12.844402         48.166882
         12.847625         48.170826
         12.848666         48.176495
         12.856302         48.182945
         12.860773         48.185905
         12.864884         48.195724
         12.866115         48.198666
         12.877779         48.204433
         12.893497         48.204243
         12.926546         48.208580
         12.945236         48.207531
         12.957392         48.211658
         12.990596         48.230633
         13.003596         48.241352
         13.009091         48.252270
         13.012839         48.254807
         13.019171         48.258801
         13.027023         48.258583
         13.031852         48.261513
         13.056740         48.268574
         13.086702         48.280373
         13.122578         48.279453
         13.135773         48.280750
         13.165761         48.292534
         13.177082         48.294483
         13.189617         48.296642
         13.249545         48.293354
         13.257302         48.294960
         13.305719         48.313412
         13.329951         48.325264
         13.344551         48.335442
         13.351155         48.340042
         13.360518         48.350945
         13.395835         48.368309
         13.413392         48.378716
         13.420569         48.406254
         13.439107         48.433792
         13.438208         48.437286
         13.434700         48.444378
         13.431845         48.448677
         13.425017         48.456657
         13.429763         48.466228
         13.445781         48.490253
         13.448639         48.493523
         13.450100         48.501686
         13.453364         48.512955
         13.452713         48.518269
         13.444884         48.529060
         13.449018         48.536610
         13.446097         48.542976
         13.439258         48.548435
         13.436397         48.555256
         13.438261         48.561337
         13.447747         48.565121
         13.459756         48.569668
         13.475718         48.575352
         13.490498         48.577435
         13.501206         48.582516
         13.502466         48.594135
         13.517500         48.595509
         13.530062         48.589008
         13.537271         48.583752
         13.557957         48.568722
         13.573554         48.561798
         13.579496         48.562347
         13.586957         48.571293
         13.594364         48.572441
         13.604437         48.570442
         13.618243         48.560638
         13.628739         48.556778
         13.650809         48.554256
         13.655671         48.549595
         13.662025         48.538418
         13.666392         48.535164
         13.680149         48.532467
         13.713755         48.516594
         13.724101         48.516628
         13.729811         48.520397
         13.731906         48.527836
         13.747024         48.534679
         13.748048         48.539433
         13.744775         48.547897
         13.751223         48.554375
         13.749936         48.562256
         13.751515         48.566055
         13.754479         48.567474
         13.758388         48.565849
         13.762133         48.558270
         13.767815         48.556992
         13.782250         48.570988
         13.797337         48.575077
         13.805715         48.580509
         13.806772         48.592598
         13.805100         48.594482
         13.802019         48.597950
         13.801846         48.603928
         13.806201         48.607777
         13.816167         48.612190
         13.821329         48.619202
         13.822344         48.633366
         13.827178         48.638103
         13.824287         48.646778
         13.816172         48.652802
         13.819288         48.664764
         13.818451         48.673306
         13.813764         48.683929
         13.814982         48.692341
         13.819388         48.701241
         13.814005         48.707088
         13.813358         48.712177
         13.798171         48.717274
         13.807775         48.728596
         13.821052         48.734177
         13.819164         48.740261
         13.822134         48.748791
         13.821852         48.756382
         13.836452         48.766235
         13.842387         48.773659
         13.857566         48.773148
         13.868257         48.770401
         13.891093         48.760674
         13.932693         48.730221
         13.936450         48.725159
         13.951617         48.722340
         13.955202         48.716141
         13.978498         48.712101
         13.983158         48.713173
         13.993614         48.712032
         13.998832         48.711460
         14.005694         48.708717
         14.008383         48.701199
         14.022627         48.689934
         14.025409         48.685390
         14.033983         48.680237
         14.049336         48.678768
         14.052457         48.676498
         14.056813         48.668636
         14.055655         48.660908
         14.048364         48.656113
         14.034423         48.657719
         14.025452         48.655552
         14.011534         48.643383
         14.012840         48.640545
         14.025296         48.632519
         14.026719         48.631599
         14.033156         48.630718
         14.040377         48.632767
         14.044795         48.629951
         14.045756         48.627136
         14.039196         48.617928
         14.050600         48.608685
         14.056382         48.608074
         14.062984         48.610622
         14.064770         48.601780
         14.093508         48.602173
         14.093712         48.594357
         14.108590         48.592220
         14.125903         48.599331
         14.139448         48.597507
         14.150943         48.598118
         14.151516         48.597973
         14.163595         48.594975
         14.173925         48.594742
         14.178648         48.596260
         14.193319         48.595043
         14.214925         48.589455
         14.225455         48.588287
         14.237577         48.581726
         14.242671         48.581154
         14.253592         48.584774
         14.265664         48.584641
         14.274563         48.577377
         14.282275         48.573639
         14.294437         48.562939
         14.298257         48.560841
         14.312433         48.558723
         14.313345         48.556393
         14.318615         48.542919
         14.328050         48.543648
         14.341324         48.553528
         14.355737         48.570675
         14.365331         48.574608
         14.369702         48.573845
         14.374143         48.566883
         14.384906         48.571648
         14.390202         48.576794
         14.381241         48.587975
         14.381126         48.591656
         14.386283         48.595894
         14.412069         48.595028
         14.412887         48.594681
         14.417902         48.592556
         14.427461         48.597412
         14.437720         48.604267
         14.451461         48.625587
         14.452395         48.631493
         14.441007         48.642620
         14.443221         48.645679
         14.445867         48.647102
         14.467698         48.649487
         14.480955         48.637077
         14.488987         48.635368
         14.493308         48.632080
         14.493466         48.626556
         14.501763         48.620007
         14.511884         48.622742
         14.517626         48.621876
         14.520404         48.620029
         14.524193         48.617512
         14.539801         48.617790
         14.552622         48.609306
         14.559170         48.607010
         14.564416         48.611691
         14.591352         48.622185
         14.603834         48.630947
         14.613924         48.627014
         14.623043         48.606380
         14.631127         48.607182
         14.640446         48.611343
         14.645612         48.611202
         14.651029         48.606220
         14.653168         48.602055
         14.661799         48.585236
         14.691510         48.587238
         14.700357         48.586372
         14.705808         48.590115
         14.705377         48.593822
         14.717546         48.609024
         14.713746         48.619637
         14.717500         48.632004
         14.716592         48.641258
         14.718362         48.645725
         14.716331         48.650234
         14.711534         48.652649
         14.714647         48.662197
         14.718488         48.673973
         14.725343         48.681980
         14.724257         48.688030
         14.735509         48.701694
         14.743180         48.706196
         14.754813         48.709488
         14.757280         48.711838
         14.769913         48.712761
         14.781584         48.718349
         14.787427         48.726425
         14.796436         48.732666
         14.807053         48.736031
         14.800858         48.748890
         14.802411         48.754063
         14.804339         48.756252
         14.810964         48.763779
         14.810920         48.767689
         14.805881         48.772881
         14.808848         48.776112
         14.808310         48.779137
         14.822857         48.785202
         14.833495         48.782360
         14.841801         48.784283
         14.851295         48.778763
         14.857164         48.778564
         14.869815         48.781544
         14.878808         48.781345
         14.883763         48.779831
         14.885213         48.773979
         14.894928         48.773956
         14.917637         48.770676
         14.930361         48.767899
         14.939473         48.762749
         14.940185         48.762344
         14.957326         48.761078
         14.970390         48.760338
         14.989222         48.766983
         14.988160         48.768902
         14.990871         48.772606
         14.988904         48.779419
         14.980339         48.784191
         14.968489         48.785992
         14.957592         48.789326
         14.954508         48.791626
         14.954597         48.800350
         14.958378         48.806278
         14.956022         48.812889
         14.969404         48.834423
         14.971896         48.840904
         14.981980         48.847050
         14.973216         48.854828
         14.972479         48.870972
         14.974432         48.874275
         14.979918         48.874386
         14.981765         48.874420
         14.982973         48.887665
         14.988596         48.892075
         14.988068         48.895103
         14.991939         48.901482
         14.989252         48.914322
         14.974535         48.934265
         14.981428         48.939960
         14.976098         48.953690
         14.978755         48.963146
         14.977558         48.978638
         14.979786         48.983528
         14.985420         48.987942
         14.989491         48.988750
         14.990476         48.988945
         14.996339         48.992649
         15.000000         48.998222
         15.002331         49.001171
         15.000000         49.006130
         14.998749         49.008793
         15.000000         49.010170
         15.000898         49.011162
         15.011430         49.011532
         15.026686         49.017063
         15.037395         49.012360
         15.045586         49.011288
         15.062288         49.013031
         15.067637         49.009644
         15.066730         49.002354
         15.069196         48.996422
         15.077394         48.997417
         15.093808         48.995499
         15.104778         49.000423
         15.111785         49.000587
         15.117552         48.997623
         15.122055         48.997616
         15.139525         48.997578
         15.154894         48.993660
         15.157164         48.988659
         15.155949         48.983692
         15.147624         48.979950
         15.160655         48.976665
         15.162831         48.969143
         15.167548         48.964188
         15.167331         48.952938
         15.180898         48.944778
         15.188690         48.943497
         15.193982         48.945854
         15.199487         48.951416
         15.209729         48.956154
         15.223784         48.958763
         15.233150         48.957474
         15.257487         48.954121
         15.267232         48.957973
         15.265968         48.962669
         15.267522         48.965538
         15.272275         48.966785
         15.280634         48.978565
         15.275089         48.988647
         15.278277         48.994843
         15.289445         48.988926
         15.295938         48.978310
         15.300982         48.977230
         15.311062         48.978985
         15.321712         48.976093
         15.328044         48.982277
         15.349282         48.982014
         15.367826         48.980347
         15.389439         48.964638
         15.400668         48.963074
         15.412175         48.955276
         15.424593         48.950626
         15.445473         48.950375
         15.452040         48.946178
         15.456166         48.945854
         15.466172         48.951054
         15.469838         48.944321
         15.494927         48.938438
         15.499180         48.933041
         15.499991         48.930573
         15.503448         48.920052
         15.509114         48.914772
         15.557266         48.903599
         15.574956         48.895519
         15.596871         48.897224
         15.614854         48.896477
         15.626279         48.886589
         15.645422         48.884594
         15.654884         48.879234
         15.655486         48.878754
         15.671587         48.865925
         15.678030         48.863102
         15.683587         48.857365
         15.704669         48.860264
         15.716298         48.857250
         15.752023         48.852741
         15.766317         48.862167
         15.776623         48.874447
         15.809692         48.872440
         15.811579         48.872635
         15.817153         48.873211
         15.826506         48.871063
         15.839026         48.872799
         15.847306         48.868664
         15.848724         48.865097
         15.840110         48.860050
         15.841442         48.857868
         15.846460         48.854923
         15.861767         48.851131
         15.869033         48.851318
         15.878787         48.843517
         15.894516         48.840145
         15.897772         48.833431
         15.909763         48.836010
         15.915556         48.837254
         15.919754         48.833683
         15.924809         48.832806
         15.922146         48.822433
         15.935079         48.817219
         15.939715         48.826962
         15.950892         48.823502
         15.956714         48.819332
         15.948649         48.811718
         15.948600         48.805965
         15.981885         48.788918
         15.994663         48.779331
         16.000000         48.777752
