> belarus 0
         28.151344         56.165806
         28.157482         56.159668
         28.171555         56.147606
         28.213776         56.141575
         28.239912         56.129513
         28.251974         56.095333
         28.262028         56.085281
         28.278111         56.085281
         28.282131         56.075230
         28.324352         56.057133
         28.360540         56.051102
         28.416834         56.077240
         28.444981         56.089302
         28.451012         56.097343
         28.463076         56.103374
         28.519369         56.107395
         28.557568         56.109406
         28.595768         56.103374
         28.639997         56.095333
         28.664124         56.097343
         28.676186         56.091312
         28.674175         56.081261
         28.668144         56.073219
         28.672165         56.055122
         28.694281         56.033009
         28.712376         56.020947
         28.718664         56.000000
         28.715923         55.981876
         28.724525         55.973988
         28.737755         55.966850
         28.778814         55.965080
         28.801598         55.963715
         28.825714         55.959743
         28.842278         55.956799
         28.854708         55.959934
         28.855396         55.969330
         28.851013         55.972000
         28.862240         55.979439
         28.877979         55.985924
         28.899754         55.991405
         28.918833         56.000000
         28.922295         56.002262
         28.945408         56.013458
         28.976105         56.028625
         29.005358         56.041264
         29.024137         56.046680
         29.045444         56.053181
         29.059168         56.053181
         29.068558         56.049931
         29.074697         56.048489
         29.079391         56.046680
         29.084808         56.046322
         29.088781         56.049210
         29.091671         56.053181
         29.095642         56.055710
         29.103949         56.055347
         29.115505         56.049210
         29.130674         56.039097
         29.152702         56.027180
         29.172565         56.014179
         29.187012         56.006958
         29.196823         56.000000
         29.204058         55.997635
         29.215685         55.990490
         29.229185         55.987576
         29.243107         55.989780
         29.270672         55.990772
         29.302591         55.989079
         29.338205         55.977005
         29.386494         55.970570
         29.425632         55.964367
         29.437437         55.959763
         29.438511         55.954597
         29.434793         55.946995
         29.438538         55.937477
         29.445919         55.934708
         29.465393         55.930744
         29.477032         55.924427
         29.476427         55.917595
         29.471188         55.910038
         29.452419         55.904568
         29.430616         55.899178
         29.413603         55.896217
         29.411045         55.884304
         29.408340         55.870682
         29.396751         55.859871
         29.392286         55.825752
         29.387075         55.818188
         29.376947         55.806477
         29.369932         55.795540
         29.370644         55.786102
         29.369841         55.776707
         29.366079         55.768250
         29.366199         55.767307
         29.366348         55.766369
         29.366531         55.765430
         29.366745         55.764492
         29.366989         55.763561
         29.367266         55.762630
         29.367573         55.761703
         29.367910         55.760780
         29.368280         55.759861
         29.368681         55.758945
         29.369114         55.758034
         29.369576         55.757126
         29.370068         55.756226
         29.370590         55.755329
         29.371141         55.754436
         29.371723         55.753551
         29.372341         55.752666
         29.390026         55.747734
         29.409361         55.741219
         29.422592         55.740856
         29.445234         55.726761
         29.467928         55.713409
         29.484327         55.703972
         29.501312         55.701248
         29.521803         55.708153
         29.542702         55.719528
         29.567041         55.724819
         29.580738         55.729664
         29.587112         55.741455
         29.593964         55.758469
         29.602858         55.768688
         29.623604         55.777813
         29.658514         55.782032
         29.668406         55.788475
         29.684576         55.790989
         29.705908         55.791855
         29.717968         55.792992
         29.729057         55.797901
         29.734568         55.799980
         29.750746         55.802486
         29.759808         55.799969
         29.767942         55.787750
         29.766876         55.776558
         29.781439         55.776115
         29.802692         55.776218
         29.812464         55.781158
         29.811787         55.787918
         29.812218         55.792393
         29.819201         55.795921
         29.830231         55.800076
         29.836470         55.809612
         29.839697         55.815498
         29.848083         55.819733
         29.866405         55.830391
         29.871332         55.839966
         29.880093         55.847927
         29.903227         55.853195
         29.923267         55.854065
         29.941612         55.851242
         29.964457         55.853516
         29.999163         55.854656
         30.000000         55.854504
         30.029211         55.849201
         30.045992         55.844170
         30.063301         55.844357
         30.085918         55.844372
         30.102226         55.834854
         30.116497         55.831394
         30.138168         55.835167
         30.160707         55.847149
         30.201210         55.865257
         30.222830         55.868275
         30.254663         55.867199
         30.267685         55.864510
         30.285851         55.860149
         30.288698         55.849571
         30.285160         55.841457
         30.286081         55.837681
         30.293631         55.833679
         30.303827         55.829586
         30.322296         55.828201
         30.343578         55.828217
         30.354931         55.822582
         30.369339         55.820583
         30.389791         55.813129
         30.406513         55.808052
         30.432999         55.807117
         30.453112         55.808651
         30.469086         55.808830
         30.488865         55.807377
         30.503824         55.798603
         30.508106         55.789463
         30.511707         55.774357
         30.516714         55.759949
         30.531565         55.750427
         30.557327         55.743500
         30.590462         55.743038
         30.615318         55.739880
         30.630142         55.730343
         30.638090         55.718815
         30.651228         55.706345
         30.655642         55.698692
         30.647198         55.694511
         30.640181         55.679790
         30.645649         55.669853
         30.655598         55.664238
         30.673805         55.661312
         30.675398         55.652264
         30.681379         55.646797
         30.689291         55.646500
         30.704149         55.648937
         30.715755         55.657490
         30.726660         55.660076
         30.735807         55.658981
         30.745474         55.651123
         30.759167         55.632622
         30.760117         55.618355
         30.760975         55.603336
         30.766674         55.595627
         30.774218         55.592342
         30.787298         55.591091
         30.807678         55.595554
         30.827284         55.604538
         30.848347         55.625450
         30.858295         55.631058
         30.886837         55.626202
         30.918005         55.621231
         30.939943         55.616619
         30.952194         55.608643
         30.956264         55.598740
         30.955156         55.589794
         30.956129         55.576267
         30.964718         55.560188
         30.962111         55.549801
         30.949259         55.542068
         30.934916         55.532894
         30.935129         55.523895
         30.948696         55.505371
         30.956511         55.493820
         30.951651         55.486519
         30.937967         55.482567
         30.910973         55.477638
         30.903223         55.468201
         30.901949         55.457760
         30.913342         55.443073
         30.933386         55.413052
         30.935673         55.399471
         30.928604         55.384762
         30.906094         55.372910
         30.890690         55.365273
         30.891275         55.359253
         30.878677         55.353004
         30.840048         55.338028
         30.828918         55.321972
         30.829983         55.297947
         30.830307         55.289688
         30.848518         55.288231
         30.877140         55.275112
         30.905832         55.262737
         30.911003         55.251289
         30.916204         55.229343
         30.930048         55.213802
         30.946762         55.200390
         30.984417         55.186882
         30.991137         55.177616
         30.991703         55.171597
         30.984928         55.159122
         30.986341         55.149319
         30.998905         55.145065
         31.023745         55.144806
         31.031281         55.142250
         31.030355         55.134792
         31.006180         55.129772
         30.997356         55.121883
         30.995977         55.110695
         30.997673         55.092628
         31.008091         55.081711
         31.020544         55.076706
         31.026030         55.068233
         31.026781         55.053207
         31.020958         55.036983
         31.004442         55.027927
         30.970737         55.029289
         30.946547         55.032917
         30.933756         55.029007
         30.931047         55.019390
         30.937849         55.012039
         30.955477         55.005142
         30.963251         55.000000
         30.963251         55.000000
         30.964018         54.999493
         30.956392         54.987415
         30.946245         54.979866
         30.948128         54.970058
         30.950544         54.964657
         30.943785         54.959621
         30.898367         54.952595
         30.861557         54.953171
         30.837671         54.946152
         30.833256         54.934830
         30.839434         54.922207
         30.840815         54.908001
         30.825047         54.878551
         30.810890         54.875568
         30.799788         54.872467
         30.790501         54.858677
         30.773260         54.829281
         30.765411         54.814548
         30.760017         54.807686
         30.768236         54.799404
         30.783371         54.797928
         30.809172         54.796036
         30.834450         54.789730
         30.854210         54.775681
         30.874269         54.764271
         30.909435         54.751362
         30.934246         54.741520
         30.954163         54.729214
         30.967318         54.724255
         30.991009         54.717983
         31.004694         54.717422
         31.017193         54.707180
         31.006887         54.697868
         30.992369         54.678997
         30.993567         54.676296
         30.997694         54.672588
         31.013098         54.673725
         31.030024         54.674801
         31.046408         54.671471
         31.067562         54.669708
         31.072556         54.673042
         31.080151         54.672726
         31.091755         54.667820
         31.100538         54.664799
         31.110416         54.670578
         31.121489         54.673653
         31.153051         54.669674
         31.164980         54.667400
         31.177683         54.671288
         31.188314         54.670837
         31.208235         54.659370
         31.212452         54.656536
         31.208302         54.647861
         31.216288         54.638672
         31.208654         54.626606
         31.199511         54.614609
         31.178204         54.590733
         31.166376         54.581501
         31.160282         54.569366
         31.151714         54.561764
         31.141745         54.555107
         31.132744         54.543980
         31.113680         54.525311
         31.095942         54.517204
         31.088800         54.508656
         31.087931         54.501610
         31.102293         54.494816
         31.124762         54.492100
         31.137823         54.487125
         31.158112         54.479183
         31.192770         54.476826
         31.210354         54.471649
         31.236889         54.465199
         31.244501         54.453362
         31.241312         54.440224
         31.243551         54.433929
         31.257753         54.426235
         31.276031         54.414818
         31.280605         54.403114
         31.279593         54.395187
         31.274054         54.385796
         31.277107         54.378735
         31.285500         54.372215
         31.304178         54.363705
         31.310566         54.351883
         31.313839         54.336349
         31.302776         54.332214
         31.301992         54.326092
         31.309061         54.319626
         31.322475         54.311344
         31.326431         54.301163
         31.323748         54.290508
         31.321682         54.274437
         31.321516         54.262901
         31.323345         54.256664
         31.335430         54.248436
         31.357052         54.242863
         31.377262         54.236580
         31.402493         54.228527
         31.444689         54.209702
         31.485744         54.192451
         31.500795         54.187149
         31.502493         54.180141
         31.494352         54.168198
         31.505482         54.163071
         31.525040         54.162178
         31.547998         54.157276
         31.559322         54.153679
         31.573427         54.141479
         31.586254         54.139347
         31.607618         54.142208
         31.628674         54.142769
         31.649212         54.139500
         31.670218         54.130047
         31.683084         54.118660
         31.691364         54.112114
         31.699957         54.107857
         31.716105         54.110943
         31.761641         54.118023
         31.779869         54.117149
         31.785849         54.113014
         31.787392         54.105240
         31.771164         54.092155
         31.767820         54.086922
         31.775206         54.083488
         31.810867         54.085629
         31.814449         54.083145
         31.815985         54.075371
         31.815132         54.069252
         31.817860         54.060646
         31.829350         54.058552
         31.843866         54.059391
         31.862070         54.058510
         31.865219         54.052963
         31.874973         54.047867
         31.887650         54.044941
         31.893175         54.037739
         31.889713         54.031746
         31.884739         54.024284
         31.867750         54.015099
         31.863649         54.004517
         31.864197         53.999100
         31.859564         53.984688
         31.863575         53.976021
         31.870609         53.970287
         31.869535         53.962635
         31.854090         53.954918
         31.852041         53.949623
         31.852911         53.946499
         31.852057         53.940380
         31.847097         53.932919
         31.839655         53.926346
         31.832125         53.909767
         31.830421         53.897526
         31.828930         53.886814
         31.821711         53.881771
         31.820755         53.874886
         31.816467         53.862770
         31.801910         53.861164
         31.792217         53.857010
         31.787279         53.849545
         31.790844         53.847061
         31.795067         53.839924
         31.788767         53.838058
         31.775679         53.837986
         31.765848         53.835644
         31.769804         53.829830
         31.768459         53.820049
         31.776241         53.816162
         31.775761         53.812668
         31.769571         53.810856
         31.769793         53.803814
         31.766953         53.800438
         31.770203         53.798172
         31.778463         53.797771
         31.783855         53.802433
         31.784143         53.804531
         31.791128         53.803490
         31.795341         53.808208
         31.805576         53.804901
         31.809404         53.806824
         31.813545         53.802406
         31.819347         53.801422
         31.829077         53.803059
         31.851603         53.794228
         31.863701         53.787308
         31.874023         53.784691
         31.884832         53.785568
         31.896036         53.780800
         31.902622         53.776958
         31.904488         53.781788
         31.920898         53.788715
         31.935051         53.788013
         31.947727         53.785278
         31.952541         53.785744
         31.965324         53.792141
         31.974760         53.791672
         31.986454         53.790382
         31.992266         53.797829
         32.001221         53.802307
         32.016357         53.800140
         32.035427         53.800591
         32.052746         53.805344
         32.073101         53.806427
         32.099457         53.807903
         32.112068         53.812889
         32.118271         53.814682
         32.131451         53.815418
         32.144588         53.807713
         32.165462         53.796089
         32.192482         53.793995
         32.208221         53.795998
         32.211552         53.794418
         32.219082         53.789104
         32.222355         53.779083
         32.227108         53.771099
         32.242222         53.768906
         32.260624         53.772873
         32.275391         53.776321
         32.279896         53.774681
         32.287518         53.770058
         32.294067         53.766197
         32.306816         53.764122
         32.315300         53.757343
         32.317028         53.753029
         32.328598         53.751015
         32.341763         53.751724
         32.354401         53.748947
         32.358582         53.745205
         32.361500         53.733089
         32.367508         53.725735
         32.373291         53.724724
         32.407730         53.732738
         32.420784         53.732742
         32.435978         53.731224
         32.446892         53.732750
         32.459091         53.734909
         32.465832         53.732433
         32.472893         53.724312
         32.491283         53.712761
         32.505501         53.704952
         32.506668         53.697147
         32.504093         53.688141
         32.487198         53.678497
         32.474159         53.678501
         32.463577         53.671329
         32.439754         53.662762
         32.422142         53.648224
         32.421505         53.644035
         32.430370         53.640041
         32.441578         53.643661
         32.448414         53.641888
         32.446922         53.632114
         32.439144         53.604382
         32.445122         53.589279
         32.451950         53.579762
         32.474762         53.566566
         32.479771         53.560661
         32.479660         53.552223
         32.511620         53.544853
         32.537804         53.530754
         32.563553         53.521595
         32.600269         53.514645
         32.603756         53.506706
         32.602779         53.500427
         32.603512         53.497570
         32.603378         53.489128
         32.608578         53.484619
         32.624958         53.483707
         32.632961         53.489601
         32.638844         53.497017
         32.652779         53.495537
         32.659763         53.487400
         32.653877         53.479984
         32.653847         53.472244
         32.663277         53.464676
         32.679867         53.465157
         32.733879         53.463524
         32.760998         53.463398
         32.769459         53.457287
         32.770798         53.450874
         32.759777         53.440937
         32.752995         53.427944
         32.750999         53.415382
         32.759178         53.400131
         32.758289         53.394547
         32.750511         53.390060
         32.736675         53.384506
         32.729794         53.370815
         32.729527         53.361675
         32.740368         53.348385
         32.744984         53.340378
         32.738880         53.331570
         32.728783         53.327213
         32.697086         53.327595
         32.676105         53.328777
         32.667217         53.332092
         32.663719         53.332287
         32.652458         53.327991
         32.641094         53.322994
         32.636761         53.325348
         32.633698         53.328335
         32.625645         53.329491
         32.617889         53.324993
         32.615639         53.318077
         32.618378         53.312996
         32.615936         53.312428
         32.594933         53.305851
         32.586128         53.302116
         32.570961         53.295212
         32.561642         53.295731
         32.547874         53.297897
         32.536423         53.292191
         32.526890         53.291309
         32.517673         53.292519
         32.512062         53.294235
         32.507080         53.292397
         32.507706         53.281097
         32.507706         53.281097
         32.512600         53.269054
         32.505676         53.256454
         32.477364         53.229046
         32.454861         53.212296
         32.437172         53.199780
         32.412144         53.188156
         32.385090         53.185123
         32.365242         53.180202
         32.354404         53.168804
         32.342319         53.148983
         32.331333         53.142082
         32.307869         53.129360
         32.285946         53.127033
         32.262451         53.125286
         32.251629         53.119370
         32.245529         53.111706
         32.234669         53.099796
         32.219349         53.097111
         32.205502         53.098839
         32.190224         53.102135
         32.180882         53.100628
         32.170753         53.093670
         32.162956         53.085594
         32.155376         53.079002
         32.141174         53.078243
         32.092213         53.077785
         32.064377         53.080219
         32.038746         53.086525
         32.020584         53.092941
         32.006733         53.094646
         31.990259         53.089497
         31.970566         53.085003
         31.955614         53.084763
         31.943407         53.086376
         31.930445         53.088524
         31.924067         53.096329
         31.919266         53.103558
         31.914051         53.107811
         31.902660         53.109379
         31.892776         53.109875
         31.873699         53.109825
         31.847548         53.112621
         31.827633         53.118595
         31.803385         53.153721
         31.788628         53.173401
         31.780428         53.180290
         31.755365         53.191490
         31.721706         53.200607
         31.681293         53.209042
         31.637825         53.219604
         31.625109         53.217716
         31.610983         53.211403
         31.602589         53.203976
         31.601120         53.199081
         31.585043         53.189919
         31.536724         53.193184
         31.495413         53.199581
         31.467045         53.203873
         31.439493         53.208122
         31.426857         53.206223
         31.418013         53.201668
         31.418713         53.194195
         31.423204         53.184063
         31.422199         53.176170
         31.419426         53.167370
         31.414822         53.163609
         31.388832         53.147434
         31.378748         53.139462
         31.376995         53.132099
         31.392149         53.121483
         31.403511         53.113522
         31.405727         53.104984
         31.398233         53.097885
         31.375484         53.093964
         31.352165         53.092049
         31.343863         53.084984
         31.341436         53.072197
         31.337948         53.057468
         31.328175         53.038563
         31.317165         53.036083
         31.292551         53.036697
         31.270330         53.036705
         31.256809         53.033836
         31.254564         53.028976
         31.262505         53.026638
         31.291252         53.012943
         31.314688         53.002956
         31.323765         52.996590
         31.338806         52.991940
         31.353846         52.987286
         31.368078         52.976215
         31.374453         52.961533
         31.379738         52.957821
         31.389549         52.950920
         31.387800         52.943554
         31.389265         52.929100
         31.401836         52.918102
         31.466419         52.870945
         31.484659         52.859669
         31.503967         52.856777
         31.527039         52.857677
         31.543772         52.854351
         31.546209         52.845592
         31.545008         52.836285
         31.541071         52.824226
         31.556042         52.811272
         31.581446         52.796379
         31.595680         52.787056
         31.600464         52.778183
         31.599966         52.765240
         31.603195         52.753559
         31.610672         52.738075
         31.601578         52.732025
         31.580666         52.717178
         31.567211         52.704857
         31.558500         52.701668
         31.529480         52.697285
         31.514421         52.690792
         31.516043         52.684956
         31.535042         52.666767
         31.546888         52.657562
         31.567938         52.637108
         31.574787         52.625977
         31.574642         52.606533
         31.575884         52.597832
         31.589592         52.584927
         31.614576         52.567875
         31.642303         52.562935
         31.667866         52.559532
         31.675617         52.555553
         31.677027         52.548279
         31.667772         52.540806
         31.657019         52.539886
         31.628654         52.539822
         31.616543         52.537525
         31.609835         52.531364
         31.606001         52.520023
         31.604610         52.509285
         31.611338         52.497433
         31.628614         52.485069
         31.629656         52.474934
         31.616541         52.464764
         31.610554         52.454967
         31.612154         52.449127
         31.616991         52.440968
         31.612364         52.432545
         31.609802         52.421864
         31.612482         52.415249
         31.616886         52.412876
         31.629486         52.410103
         31.635952         52.405468
         31.636059         52.388172
         31.634865         52.360851
         31.633713         52.342896
         31.626902         52.335655
         31.613272         52.328957
         31.609106         52.319962
         31.615812         52.302155
         31.628973         52.293697
         31.649220         52.293629
         31.656376         52.290981
         31.658913         52.281654
         31.668274         52.272919
         31.685471         52.272533
         31.706007         52.274742
         31.712029         52.274906
         31.717651         52.266346
         31.716057         52.248486
         31.718243         52.230896
         31.717043         52.221752
         31.704912         52.203491
         31.702526         52.196709
         31.710112         52.191734
         31.722692         52.190651
         31.739233         52.191208
         31.759876         52.188801
         31.779650         52.185513
         31.787298         52.175468
         31.787588         52.160732
         31.789318         52.139938
         31.798880         52.127499
         31.804970         52.117069
         31.796801         52.107368
         31.747395         52.095390
         31.716927         52.099846
         31.704681         52.103729
         31.659243         52.108879
         31.609001         52.113522
         31.546999         52.118706
         31.502245         52.120125
         31.490583         52.121407
         31.466267         52.134937
         31.446821         52.140224
         31.422125         52.141388
         31.395357         52.135368
         31.382809         52.119942
         31.376770         52.109310
         31.356256         52.105900
         31.333044         52.099697
         31.321234         52.090057
         31.316502         52.070625
         31.311571         52.059212
         31.305731         52.050018
         31.298162         52.046001
         31.280033         52.042469
         31.262691         52.045448
         31.234564         52.056919
         31.201551         52.067150
         31.168612         52.078098
         31.157721         52.085861
         31.137426         52.094048
         31.119459         52.091938
         31.089153         52.085278
         31.047192         52.079853
         30.997099         52.075497
         30.973768         52.077965
         30.941391         52.073540
         30.944176         52.066872
         30.952833         52.059952
         30.952009         52.052715
         30.946819         52.048573
         30.938545         52.038017
         30.943758         52.031971
         30.947550         52.023808
         30.940100         52.020489
         30.909460         52.010166
         30.902014         52.006847
         30.894489         52.002804
         30.905729         51.997959
         30.913124         51.990368
         30.905518         51.985603
         30.894722         51.983879
         30.898762         51.977890
         30.902035         51.975567
         30.899042         51.969875
         30.882631         51.970573
         30.880812         51.964832
         30.875357         51.968704
         30.865093         51.961136
         30.844318         51.964928
         30.844849         51.959087
         30.836565         51.958710
         30.828653         51.951042
         30.818108         51.951485
         30.817308         51.944244
         30.817308         51.944244
         30.823606         51.938732
         30.831026         51.923393
         30.822739         51.914352
         30.807682         51.904469
         30.795788         51.901215
         30.771128         51.903370
         30.760933         51.904549
         30.754684         51.902931
         30.733273         51.879028
         30.725578         51.875214
         30.719336         51.873596
         30.714018         51.869308
         30.706329         51.848591
         30.702908         51.839340
         30.695948         51.836624
         30.677116         51.836269
         30.666979         51.832176
         30.664492         51.825893
         30.673956         51.812363
         30.679512         51.801994
         30.668510         51.784039
         30.662487         51.778652
         30.659355         51.777653
         30.648741         51.780342
         30.632067         51.777264
         30.628984         51.771004
         30.630280         51.766071
         30.635021         51.765125
         30.642857         51.764805
         30.649160         51.767178
         30.656193         51.765015
         30.659578         51.756989
         30.649588         51.748383
         30.644144         51.742439
         30.644144         51.742439
         30.636965         51.742237
         30.633713         51.733643
         30.630310         51.723598
         30.634209         51.716167
         30.628151         51.714230
         30.621788         51.709400
         30.607876         51.710690
         30.584639         51.712357
         30.577492         51.711189
         30.568352         51.702103
         30.567898         51.697758
         30.577782         51.691544
         30.583639         51.680397
         30.581642         51.672478
         30.583668         51.669487
         30.590988         51.661190
         30.585800         51.656311
         30.578287         51.651524
         30.563940         51.648464
         30.563263         51.641945
         30.574375         51.636406
         30.573696         51.629890
         30.567141         51.626339
         30.557663         51.628365
         30.548891         51.628716
         30.544222         51.626160
         30.543882         51.622887
         30.548100         51.621071
         30.547760         51.617794
         30.541115         51.613129
         30.532007         51.610203
         30.522676         51.605095
         30.519484         51.599739
         30.524946         51.592941
         30.538464         51.587467
         30.551497         51.585850
         30.558393         51.584476
         30.558393         51.584476
         30.559757         51.582520
         30.561167         51.581108
         30.558218         51.579678
         30.546259         51.575310
         30.539785         51.572857
         30.538361         51.568069
         30.540119         51.561024
         30.547510         51.554333
         30.554060         51.545544
         30.556168         51.544880
         30.577665         51.551376
         30.586411         51.551796
         30.592609         51.548637
         30.594662         51.544487
         30.596077         51.540165
         30.591482         51.537834
         30.587423         51.528694
         30.584646         51.525902
         30.572149         51.519238
         30.571291         51.516945
         30.583517         51.509087
         30.593239         51.504044
         30.594490         51.498177
         30.593889         51.483475
         30.594246         51.480942
         30.597485         51.479259
         30.615124         51.475830
         30.625494         51.471142
         30.627155         51.463322
         30.623930         51.459190
         30.601938         51.459507
         30.597307         51.456375
         30.595110         51.455799
         30.591805         51.449352
         30.594276         51.439384
         30.593140         51.428467
         30.600773         51.425961
         30.618692         51.429615
         30.633839         51.423515
         30.641665         51.406197
         30.649302         51.395466
         30.652332         51.390953
         30.663271         51.386665
         30.663452         51.380077
         30.659388         51.374763
         30.651020         51.370174
         30.648474         51.362602
         30.651041         51.353725
         30.663946         51.351547
         30.671503         51.348492
         30.671158         51.345219
         30.655418         51.337093
         30.655418         51.337093
         30.651705         51.335056
         30.635847         51.334064
         30.624645         51.327396
         30.601784         51.317913
         30.589722         51.311279
         30.575840         51.312389
         30.567242         51.313835
         30.565807         51.308411
         30.574711         51.301472
         30.584202         51.291767
         30.582956         51.279755
         30.574188         51.262566
         30.563942         51.256405
         30.550358         51.260242
         30.543200         51.267113
         30.530088         51.267090
         30.519724         51.276829
         30.506685         51.286121
         30.494329         51.284969
         30.483978         51.277710
         30.472496         51.276520
         30.458193         51.282021
         30.459129         51.291302
         30.465069         51.298195
         30.463934         51.304268
         30.458387         51.309971
         30.446136         51.309906
         30.426479         51.305748
         30.416950         51.306671
         30.410091         51.308037
         30.376976         51.326866
         30.350258         51.348732
         30.346329         51.353268
         30.343216         51.357227
         30.345446         51.362072
         30.354265         51.371601
         30.362108         51.380066
         30.363899         51.389317
         30.358761         51.399380
         30.355700         51.403885
         30.350451         51.412857
         30.327166         51.434582
         30.303377         51.451385
         30.281109         51.465935
         30.256359         51.482220
         30.247053         51.485855
         30.235895         51.488468
         30.215790         51.498539
         30.185072         51.507900
         30.161598         51.510414
         30.152742         51.509644
         30.134880         51.506462
         30.119743         51.504276
         30.087009         51.501629
         30.073008         51.502132
         30.064407         51.504089
         30.048504         51.503017
         30.026175         51.498882
         30.000000         51.489460
         29.953135         51.487221
         29.929445         51.486980
         29.904184         51.484089
         29.888618         51.473862
         29.880417         51.459072
         29.876890         51.448425
         29.870737         51.447021
         29.854513         51.448654
         29.819996         51.457909
         29.808596         51.455601
         29.805599         51.450859
         29.799980         51.445667
         29.784706         51.448334
         29.766823         51.460777
         29.747395         51.475422
         29.738865         51.496696
         29.734173         51.512463
         29.728609         51.518028
         29.715796         51.519531
         29.686996         51.515633
         29.658749         51.507942
         29.635256         51.505474
         29.620605         51.495182
         29.601133         51.478584
         29.592516         51.468094
         29.582666         51.463566
         29.569180         51.467224
         29.555908         51.473564
         29.548258         51.474884
         29.542196         51.474537
         29.532518         51.461388
         29.529457         51.444798
         29.526176         51.414764
         29.518705         51.407463
         29.505272         51.400887
         29.494930         51.400673
         29.480339         51.401127
         29.458746         51.410942
         29.442816         51.416279
         29.427614         51.419971
         29.405897         51.417404
         29.389694         51.408211
         29.379089         51.393463
         29.362247         51.386974
         29.342594         51.388638
         29.322653         51.397842
         29.318930         51.416786
         29.307182         51.443504
         29.289282         51.468784
         29.263420         51.491604
         29.260002         51.503540
         29.265551         51.520061
         29.276875         51.544483
         29.274237         51.555321
         29.264006         51.568535
         29.246553         51.577648
         29.220556         51.588085
         29.213234         51.594212
         29.214653         51.601707
         29.226698         51.612659
         29.229883         51.620640
         29.228636         51.627132
         29.204916         51.633732
         29.175306         51.642643
         29.162556         51.645695
         29.131565         51.647636
         29.111752         51.648727
         29.094698         51.640053
         29.086054         51.627914
         29.073771         51.613186
         29.017569         51.575439
         29.008104         51.565441
         28.999521         51.565670
         28.992086         51.582542
         28.967932         51.592716
         28.932463         51.591267
         28.911388         51.590630
         28.891550         51.579830
         28.864012         51.568035
         28.833704         51.557495
         28.820648         51.547703
         28.786695         51.494968
         28.785778         51.480701
         28.798792         51.460724
         28.800648         51.445198
         28.799728         51.430931
         28.784624         51.418209
         28.773140         51.417305
         28.754957         51.430859
         28.752209         51.447598
         28.749384         51.463146
         28.739252         51.468758
         28.728334         51.461880
         28.708298         51.446293
         28.685022         51.439716
         28.677633         51.443466
         28.675299         51.467339
         28.669701         51.484737
         28.653322         51.513111
         28.645367         51.523422
         28.646023         51.534126
         28.662188         51.548622
         28.676859         51.554226
         28.684856         51.559986
         28.682217         51.563622
         28.678587         51.566689
         28.658665         51.568951
         28.628622         51.561924
         28.614172         51.559883
         28.600782         51.559601
         28.546587         51.579906
         28.524035         51.586376
         28.503004         51.586254
         28.468237         51.579891
         28.439619         51.563854
         28.404245         51.546173
         28.394810         51.548164
         28.388266         51.550686
         28.378664         51.566967
         28.364187         51.581562
         28.346640         51.592651
         28.309898         51.620213
         28.293915         51.625305
         28.271366         51.632912
         28.265982         51.639572
         28.268208         51.645477
         28.283047         51.672558
         28.286392         51.681416
         28.280046         51.688095
         28.263500         51.683075
         28.246582         51.670921
         28.220238         51.661331
         28.190079         51.651814
         28.178001         51.640148
         28.160612         51.617870
         28.152700         51.612671
         28.140314         51.613506
         28.126793         51.610790
         28.118622         51.600235
         28.109499         51.589695
         28.102552         51.584473
         28.088293         51.585934
         28.077822         51.586727
         28.068047         51.582150
         28.055120         51.571678
         28.042458         51.566559
         28.026039         51.562695
         27.999186         51.560211
         27.957283         51.558491
         27.939430         51.564457
         27.924496         51.574890
         27.925161         51.589569
         27.920822         51.613937
         27.890551         51.626892
         27.866795         51.623344
         27.845074         51.603943
         27.835224         51.586029
         27.832506         51.565174
         27.841072         51.553730
         27.840679         51.544697
         27.823139         51.537083
         27.801815         51.525574
         27.781216         51.509529
         27.769957         51.500111
         27.762873         51.482147
         27.749910         51.475014
         27.737534         51.481991
         27.720003         51.495831
         27.682291         51.503201
         27.675278         51.508957
         27.672991         51.519726
         27.681450         51.527504
         27.676334         51.535492
         27.686676         51.544933
         27.725510         51.564095
         27.734360         51.580902
         27.736544         51.589905
         27.736336         51.606857
         27.732220         51.617092
         27.720640         51.622360
         27.704178         51.619228
         27.682413         51.619568
         27.665451         51.626606
         27.650143         51.629665
         27.639921         51.623608
         27.631693         51.622036
         27.625410         51.623825
         27.596882         51.637241
         27.571840         51.647209
         27.561731         51.643967
         27.565044         51.635448
         27.551456         51.636208
         27.538118         51.643742
         27.529230         51.648952
         27.535049         51.659039
         27.531668         51.665863
         27.523560         51.667671
         27.513264         51.659344
         27.516174         51.639534
         27.510262         51.626625
         27.491856         51.619537
         27.467329         51.618744
         27.457472         51.622269
         27.436905         51.631016
         27.423220         51.628941
         27.397724         51.626450
         27.373308         51.629025
         27.335079         51.625557
         27.284018         51.617710
         27.261921         51.607243
         27.251705         51.599457
         27.242588         51.597870
         27.233555         51.599106
         27.226454         51.604271
         27.230320         51.612133
         27.243170         51.617069
         27.243444         51.626102
         27.245516         51.634548
         27.254709         51.638393
         27.266924         51.651806
         27.275600         51.668083
         27.273977         51.674316
         27.260426         51.676735
         27.250418         51.676289
         27.232977         51.670280
         27.222048         51.669277
         27.202188         51.673458
         27.198772         51.680840
         27.198942         51.717548
         27.200172         51.759331
         27.197958         51.776867
         27.191820         51.784843
         27.173645         51.786175
         27.143555         51.784809
         27.121628         51.782223
         27.116261         51.785667
         27.102682         51.788635
         27.089056         51.789906
         27.063578         51.790733
         27.042608         51.789814
         27.031624         51.787663
         27.017042         51.787243
         27.002504         51.788513
         26.983917         51.774509
         26.972746         51.758995
         26.946659         51.758121
         26.922327         51.755550
         26.893698         51.761383
         26.847519         51.787437
         26.829676         51.794277
         26.815212         51.791046
         26.794380         51.783958
         26.774618         51.785229
         26.766726         51.795330
         26.745289         51.803303
         26.710526         51.820847
         26.701548         51.822025
         26.673666         51.823334
         26.663815         51.826191
         26.630606         51.831989
         26.614328         51.827629
         26.551973         51.811829
         26.519485         51.805317
         26.511396         51.805920
         26.489864         51.810497
         26.447945         51.839714
         26.419371         51.859375
         26.412279         51.868889
         26.405993         51.870590
         26.396948         51.867844
         26.377041         51.860123
         26.350922         51.860786
         26.332935         51.863647
         26.306864         51.869324
         26.305090         51.872120
         26.299721         51.876045
         26.291609         51.876072
         26.277126         51.868874
         26.258221         51.870609
         26.223116         51.875179
         26.195213         51.879723
         26.179049         51.888134
         26.174608         51.898186
         26.148478         51.900478
         26.137665         51.901619
         26.125988         51.909454
         26.109818         51.921200
         26.102621         51.925117
         26.090906         51.927929
         26.070143         51.924622
         26.043968         51.921314
         26.033873         51.923492
         26.018917         51.930458
         26.001698         51.932331
         25.987440         51.922157
         25.975451         51.918465
         25.963467         51.917088
         25.946253         51.920803
         25.928288         51.925903
         25.912561         51.926838
         25.893837         51.924065
         25.878860         51.927307
         25.860138         51.930084
         25.831675         51.933781
         25.822678         51.941185
         25.815928         51.948128
         25.801685         51.951824
         25.784464         51.945328
         25.779245         51.932823
         25.771770         51.926334
         25.748564         51.922607
         25.711136         51.918858
         25.680456         51.914181
         25.643751         51.917816
         25.598043         51.923275
         25.574051         51.927845
         25.540342         51.928680
         25.527601         51.930035
         25.505091         51.935059
         25.487129         51.933147
         25.463961         51.927513
         25.454992         51.925629
         25.441530         51.923729
         25.422041         51.925507
         25.399551         51.927734
         25.369476         51.938255
         25.354345         51.951157
         25.339262         51.959423
         25.312918         51.968559
         25.297842         51.974972
         25.280569         51.977200
         25.261160         51.971081
         25.224182         51.969280
         25.203606         51.973064
         25.179899         51.974876
         25.142094         51.969772
         25.095064         51.950943
         25.051247         51.931145
         25.027830         51.918301
         25.002644         51.916168
         25.000000         51.916237
         24.945852         51.917683
         24.900009         51.923161
         24.841608         51.925587
         24.792778         51.923199
         24.769297         51.916153
         24.753872         51.902355
         24.714525         51.900024
         24.687609         51.904629
         24.669989         51.915176
         24.646212         51.919807
         24.594078         51.923149
         24.537180         51.927391
         24.467686         51.930481
         24.418934         51.925987
         24.384668         51.912880
         24.369560         51.893185
         24.375195         51.865952
         24.376068         51.839630
         24.367668         51.808319
         24.365305         51.784882
         24.350576         51.755436
         24.278618         51.701817
         24.098843         51.603645
         24.057404         51.582523
         24.034056         51.579231
         23.974327         51.585102
         23.944397         51.589485
         23.928415         51.597023
         23.923176         51.609615
         23.930376         51.624367
         23.928349         51.635063
         23.902866         51.644386
         23.877544         51.649811
         23.861792         51.651489
         23.829639         51.634350
         23.818588         51.636105
         23.802570         51.643627
         23.792635         51.655155
         23.767204         51.662502
         23.739090         51.660038
         23.688183         51.642517
         23.649649         51.629108
         23.645334         51.621220
         23.650414         51.613514
         23.662085         51.599106
         23.659336         51.591248
         23.641426         51.573349
         23.648159         51.563721
         23.670666         51.551468
         23.688658         51.535225
         23.683348         51.515617
         23.668251         51.504604
         23.630846         51.496857
         23.630846         51.496857
         23.627512         51.498848
         23.622614         51.505447
         23.626434         51.515778
         23.618195         51.524414
         23.619232         51.527397
         23.615864         51.530804
         23.605591         51.531181
         23.598871         51.536850
         23.588705         51.532188
         23.579493         51.534401
         23.572800         51.538696
         23.570719         51.550125
         23.579329         51.559124
         23.570328         51.568207
         23.566385         51.580765
         23.556734         51.585720
         23.553577         51.595768
         23.547583         51.601208
         23.545639         51.605999
         23.550110         51.619774
         23.549181         51.628464
         23.545732         51.634846
         23.550714         51.642212
         23.540262         51.649448
         23.546761         51.654770
         23.544449         51.659557
         23.549131         51.663944
         23.557188         51.665386
         23.559702         51.668156
         23.556967         51.675457
         23.558296         51.681877
         23.560503         51.682541
         23.560503         51.682541
         23.563778         51.683525
         23.562267         51.685345
         23.553787         51.686192
         23.551888         51.688919
         23.561195         51.700672
         23.561134         51.703419
         23.555605         51.705967
         23.553328         51.707016
         23.557682         51.709801
         23.554279         51.713894
         23.557178         51.715977
         23.556770         51.717804
         23.549196         51.727356
         23.544512         51.722736
         23.539696         51.724072
         23.539997         51.727051
         23.533642         51.731342
         23.535820         51.732735
         23.537382         51.745110
         23.541351         51.748806
         23.550508         51.751175
         23.564997         51.762512
         23.580162         51.759892
         23.597355         51.765751
         23.607807         51.777050
         23.615564         51.776196
         23.621056         51.778072
         23.627525         51.786133
         23.633797         51.785954
         23.634506         51.787331
         23.635832         51.794666
         23.643385         51.804111
         23.638714         51.816208
         23.630743         51.827133
         23.630291         51.831249
         23.625433         51.834187
         23.608429         51.835430
         23.609875         51.836895
         23.614574         51.841656
         23.607178         51.842285
         23.605305         51.843643
         23.608198         51.846413
         23.618099         51.849697
         23.620876         51.858189
         23.620451         51.860931
         23.615953         51.864101
         23.612429         51.873688
         23.613428         51.878960
         23.617453         51.880825
         23.621885         51.880859
         23.633038         51.877510
         23.637461         51.878002
         23.630190         51.890308
         23.641870         51.897491
         23.641815         51.900238
         23.636580         51.903175
         23.626564         51.904930
         23.622787         51.908791
         23.626005         51.914082
         23.616606         51.921562
         23.622049         51.926640
         23.628330         51.926918
         23.635393         51.925140
         23.640356         51.935707
         23.648476         51.936687
         23.649866         51.941048
         23.646381         51.948803
         23.643736         51.951530
         23.634439         51.953747
         23.631804         51.956017
         23.635105         51.957417
         23.645845         51.957039
         23.656000         51.967415
         23.664875         51.967941
         23.668982         51.966137
         23.673004         51.968685
         23.674404         51.972816
         23.669809         51.980564
         23.673796         51.984943
         23.680073         51.985905
         23.689978         51.990784
         23.696117         51.999069
         23.691967         52.002930
         23.681557         52.004917
         23.676624         52.010830
         23.665760         52.016933
         23.663097         52.020344
         23.666374         52.023346
         23.663042         52.041862
         23.658110         52.047546
         23.659134         52.051903
         23.657194         52.056240
         23.654135         52.079334
         23.648148         52.084335
         23.647341         52.085007
         23.635462         52.085144
         23.631195         52.087620
         23.631195         52.087620
         23.614046         52.097569
         23.615444         52.101700
         23.624250         52.106804
         23.619728         52.109974
         23.611912         52.110828
         23.602461         52.118767
         23.590977         52.117302
         23.583843         52.120907
         23.575014         52.116943
         23.566372         52.121452
         23.561560         52.120724
         23.558416         52.111771
         23.554327         52.111965
         23.552067         52.113323
         23.548412         52.127254
         23.544596         52.131802
         23.534204         52.131256
         23.528273         52.130745
         23.524416         52.136894
         23.519602         52.136166
         23.516603         52.137283
         23.519810         52.143265
         23.518606         52.147144
         23.515602         52.148491
         23.510441         52.146618
         23.503748         52.146786
         23.498125         52.148800
         23.492815         52.153328
         23.490324         52.164295
         23.497307         52.167789
         23.497208         52.171909
         23.509493         52.171329
         23.509020         52.175674
         23.499640         52.179256
         23.489954         52.179855
         23.480429         52.173820
         23.471882         52.173515
         23.465834         52.177582
         23.466417         52.180393
         23.466831         52.182396
         23.453400         52.184105
         23.435125         52.171120
         23.427288         52.172188
         23.422241         52.180611
         23.419638         52.180588
         23.411942         52.176167
         23.404102         52.177235
         23.401028         52.181095
         23.406406         52.188931
         23.405598         52.191441
         23.397722         52.193882
         23.399122         52.197330
         23.397226         52.198685
         23.389521         52.194492
         23.380611         52.193718
         23.374216         52.196404
         23.373999         52.204639
         23.369156         52.204823
         23.365129         52.202263
         23.358774         52.203346
         23.360203         52.205650
         23.353346         52.211533
         23.350021         52.210583
         23.345339         52.204815
         23.328911         52.206707
         23.305843         52.206470
         23.305010         52.209667
         23.314154         52.215485
         23.310343         52.218647
         23.299191         52.218075
         23.298286         52.217815
         23.285896         52.214272
         23.273251         52.213909
         23.254206         52.215992
         23.229481         52.221218
         23.213837         52.221500
         23.205870         52.226448
         23.199574         52.237595
         23.203421         52.245880
         23.212490         52.253994
         23.212746         52.257885
         23.205917         52.261929
         23.205812         52.265362
         23.210829         52.272057
         23.208511         52.274780
         23.191227         52.278645
         23.191227         52.278645
         23.188358         52.280235
         23.176876         52.282581
         23.204319         52.321457
         23.243153         52.360577
         23.259956         52.388767
         23.273943         52.416897
         23.290688         52.446819
         23.308357         52.461109
         23.333973         52.486000
         23.355743         52.503849
         23.407398         52.548393
         23.454496         52.573696
         23.496597         52.586716
         23.523129         52.597672
         23.544243         52.603302
         23.562647         52.606266
         23.644669         52.621735
         23.711260         52.632519
         23.783716         52.640762
         23.881430         52.659813
         23.915398         52.667328
         23.918024         52.672585
         23.924606         52.717884
         23.928408         52.826569
         23.932709         52.891811
         23.940851         52.935390
         23.956129         52.947800
         23.949543         52.966808
         23.938622         53.018768
         23.926447         53.033344
         23.918825         53.044285
         23.909674         53.047672
         23.912607         53.054550
         23.908375         53.058647
         23.896584         53.060646
         23.890089         53.063587
         23.888454         53.071358
         23.876497         53.083878
         23.879101         53.087322
         23.887018         53.091026
         23.889181         53.098587
         23.894434         53.102734
         23.890503         53.111637
         23.891214         53.114845
         23.896580         53.121563
         23.902775         53.129322
         23.916338         53.137402
         23.918949         53.140846
         23.916573         53.147469
         23.921436         53.152756
         23.920218         53.158241
         23.909374         53.171684
         23.877947         53.187077
         23.871376         53.193676
         23.864681         53.208054
         23.866058         53.217213
         23.870535         53.223186
         23.868160         53.228893
         23.863327         53.231277
         23.831734         53.241177
         23.819790         53.248795
         23.802797         53.271091
         23.778645         53.306301
         23.747526         53.364403
         23.721264         53.410854
         23.700981         53.453064
         23.691559         53.466797
         23.688255         53.474556
         23.680632         53.481369
         23.661800         53.507961
         23.653828         53.535614
         23.643522         53.565834
         23.638231         53.583546
         23.632610         53.593433
         23.620737         53.597122
         23.613968         53.600906
         23.613995         53.614372
         23.607571         53.653343
         23.607393         53.684616
         23.607876         53.703300
         23.608656         53.716343
         23.611013         53.727245
         23.610949         53.742447
         23.598598         53.754379
         23.577497         53.765278
         23.565933         53.775917
         23.564096         53.782833
         23.562922         53.818424
         23.559252         53.845715
         23.554173         53.858215
         23.545231         53.874115
         23.539644         53.882259
         23.527281         53.933704
         23.512785         53.956444
         23.505951         53.966591
         23.555067         53.947750
         23.577869         53.941048
         23.600826         53.931290
         23.613646         53.917267
         23.636105         53.916660
         23.666710         53.925362
         23.686983         53.933872
         23.742260         53.932804
         23.765076         53.925049
         23.786753         53.905052
         23.805902         53.901302
         23.822939         53.905659
         23.825949         53.914875
         23.815168         53.923862
         23.800936         53.932789
         23.807686         53.935955
         23.821335         53.939240
         23.834745         53.947609
         23.846388         53.956966
         23.851610         53.956036
         23.874277         53.951313
         23.905422         53.949780
         23.920670         53.956131
         23.918482         53.966282
         23.935738         53.966553
         23.962214         53.953728
         23.999111         53.939022
         24.037098         53.938576
         24.090479         53.941399
         24.121111         53.952019
         24.136267         53.961399
         24.155249         53.961666
         24.186792         53.949883
         24.211731         53.929859
         24.246645         53.919125
         24.315975         53.909840
         24.385099         53.905605
         24.433258         53.909233
         24.463818         53.923840
         24.517904         53.959068
         24.562183         53.978889
         24.632210         54.006088
         24.682001         54.017776
         24.706224         54.016991
         24.718624         54.005909
         24.717224         53.993679
         24.700508         53.973160
         24.690458         53.961864
         24.699255         53.955841
         24.713116         53.953934
         24.725033         53.960155
         24.733526         53.965324
         24.749249         53.958344
         24.764727         53.960522
         24.814352         53.978264
         24.834728         53.992691
         24.842852         54.014137
         24.840828         54.026337
         24.835224         54.043594
         24.814072         54.059704
         24.803234         54.077934
         24.807844         54.101387
         24.819439         54.122864
         24.829685         54.129059
         24.848600         54.135323
         24.884947         54.137657
         24.921070         54.150154
         24.938250         54.157410
         24.952013         54.162605
         24.969353         54.162731
         24.992149         54.150681
         25.000000         54.147026
         25.020151         54.137646
         25.053141         54.134815
         25.075556         54.141071
         25.118460         54.165768
         25.157974         54.188396
         25.216175         54.240627
         25.233292         54.258018
         25.240152         54.264160
         25.258646         54.267220
         25.276073         54.272999
         25.287731         54.274193
         25.297466         54.273666
         25.314035         54.271465
         25.330572         54.271542
         25.372353         54.275703
         25.401457         54.283218
         25.429544         54.295849
         25.447992         54.300468
         25.460642         54.301083
         25.476223         54.300564
         25.490818         54.301178
         25.495636         54.306885
         25.502367         54.316586
         25.513063         54.318325
         25.519903         54.315498
         25.520954         54.306393
         25.526886         54.295021
         25.543510         54.284817
         25.554270         54.277443
         25.584618         54.249619
         25.585648         54.241081
         25.580822         54.235943
         25.574055         54.230804
         25.577002         54.226257
         25.578043         54.216007
         25.575203         54.205181
         25.554871         54.196590
         25.528698         54.190826
         25.521967         54.182835
         25.525909         54.175442
         25.540600         54.158401
         25.567778         54.156761
         25.599833         54.150574
         25.615349         54.151176
         25.633793         54.148937
         25.641567         54.146103
         25.653238         54.139862
         25.662933         54.140450
         25.677460         54.145027
         25.695860         54.151890
         25.714258         54.161026
         25.741398         54.170170
         25.759830         54.172466
         25.779249         54.167927
         25.791864         54.168507
         25.793791         54.176479
         25.789888         54.187294
         25.792784         54.196976
         25.794712         54.204380
         25.782053         54.220314
         25.776205         54.228283
         25.783968         54.233982
         25.804375         54.236843
         25.808254         54.241402
         25.806303         54.247093
         25.792685         54.250500
         25.774204         54.253902
         25.766405         54.261868
         25.762493         54.270405
         25.745941         54.275513
         25.727446         54.278912
         25.718487         54.289433
         25.704727         54.313396
         25.691027         54.320484
         25.660635         54.321323
         25.633314         54.315941
         25.593815         54.315861
         25.575541         54.322037
         25.561834         54.326443
         25.557230         54.332649
         25.557125         54.346859
         25.567671         54.360210
         25.590403         54.372700
         25.603981         54.390495
         25.605425         54.402931
         25.608416         54.411819
         25.629717         54.414528
         25.635769         54.421646
         25.637209         54.436749
         25.621916         54.446487
         25.621874         54.453594
         25.624855         54.465145
         25.643068         54.480278
         25.668856         54.509632
         25.685543         54.532749
         25.719090         54.546116
         25.749577         54.568352
         25.763268         54.593231
         25.755592         54.603878
         25.749388         54.634068
         25.740150         54.650928
         25.737011         54.675789
         25.740005         54.697990
         25.750702         54.710434
         25.758343         54.720207
         25.758314         54.730862
         25.758272         54.746845
         25.753626         54.761932
         25.741304         54.774353
         25.744299         54.800102
         25.751940         54.815205
         25.776484         54.838310
         25.801062         54.857857
         25.851830         54.891613
         25.854902         54.912033
         25.865686         54.922688
         25.907873         54.937496
         25.943151         54.943577
         25.967855         54.949650
         25.981991         54.958778
         25.994337         54.957752
         26.018999         54.947575
         26.036600         54.938416
         26.071873         54.939381
         26.080721         54.945457
         26.093147         54.960667
         26.105549         54.969780
         26.133821         54.975819
         26.183310         54.984844
         26.216932         54.994911
         26.220301         55.000000
         26.227665         55.011124
         26.245567         55.037468
         26.254667         55.065865
         26.272480         55.079006
         26.276138         55.091179
         26.262066         55.100357
         26.262152         55.109493
         26.301294         55.127640
         26.326248         55.141766
         26.372452         55.152756
         26.397215         55.148598
         26.436108         55.141327
         26.446640         55.134174
         26.467783         55.125957
         26.482176         55.141113
         26.498323         55.154232
         26.525003         55.160187
         26.554924         55.146835
         26.602806         55.148602
         26.615103         55.142437
         26.636440         55.146374
         26.657839         55.153347
         26.677357         55.154243
         26.693506         55.164291
         26.691956         55.175465
         26.676250         55.188763
         26.674654         55.197906
         26.685419         55.203930
         26.712057         55.204769
         26.726421         55.212795
         26.730453         55.236115
         26.743311         55.256329
         26.768360         55.264275
         26.820196         55.277096
         26.852386         55.284973
         26.871943         55.284821
         26.863297         55.295036
         26.852724         55.299179
         26.845848         55.309380
         26.824545         55.311569
         26.810566         55.322838
         26.798042         55.319885
         26.787521         55.327065
         26.778624         55.327129
         26.748409         55.329369
         26.728746         55.325443
         26.718132         55.328556
         26.703932         55.330681
         26.680912         55.336918
         26.665047         55.345135
         26.659590         55.339081
         26.647108         55.338142
         26.629137         55.329113
         26.620348         55.335255
         26.602402         55.327240
         26.593431         55.323231
         26.586384         55.327332
         26.582876         55.330395
         26.572180         55.329437
         26.565025         55.327450
         26.552635         55.331573
         26.540257         55.336712
         26.529558         55.335754
         26.502871         55.336903
         26.476227         55.341091
         26.454918         55.345249
         26.449648         55.350346
         26.455061         55.355396
         26.465790         55.358391
         26.476538         55.362400
         26.494459         55.369419
         26.508711         55.369350
         26.523077         55.376381
         26.546392         55.385391
         26.558952         55.390400
         26.557371         55.402588
         26.554628         55.452324
         26.549889         55.489891
         26.532379         55.512306
         26.516352         55.516445
         26.516462         55.523548
         26.538021         55.529526
         26.573879         55.534409
         26.593786         55.547489
         26.599371         55.559631
         26.617453         55.569672
         26.628399         55.580769
         26.625134         55.598038
         26.625505         55.618324
         26.627617         55.635559
         26.631617         55.657852
         26.619671         55.674351
         26.646013         55.696598
         26.667686         55.705574
         26.701645         55.701313
         26.747963         55.688866
         26.780134         55.685608
         26.803482         55.688477
         26.814413         55.696491
         26.836073         55.703415
         26.861229         55.706261
         26.879419         55.717251
         26.886988         55.733379
         26.905632         55.761566
         26.922297         55.781666
         26.936920         55.791664
         26.984177         55.812511
         26.995287         55.824558
         27.008060         55.831528
         27.022495         55.833424
         27.044088         55.834244
         27.065596         55.832024
         27.083477         55.828819
         27.098005         55.833744
         27.118113         55.844681
         27.132711         55.851624
         27.175926         55.853218
         27.193611         55.843933
         27.204033         55.832695
         27.225397         55.826405
         27.257051         55.805832
         27.285400         55.794395
         27.299658         55.791203
         27.323067         55.792965
         27.361208         55.804676
         27.372280         55.812641
         27.388481         55.813465
         27.407858         55.803116
         27.434523         55.795715
         27.466681         55.791275
         27.522205         55.787540
         27.586693         55.783665
         27.602972         55.786484
         27.614885         55.800491
         27.633823         55.835651
         27.628244         55.873169
         27.625385         55.890408
         27.653347         55.912285
         27.665171         55.935394
         27.696472         55.950134
         27.757107         55.974560
         27.804605         55.987015
         27.819960         56.000000
         27.810856         56.006538
         27.818996         56.014530
         27.824396         56.020050
         27.812693         56.028233
         27.807737         56.033245
         27.807285         56.036140
         27.822458         56.039223
         27.862846         56.041199
         27.877312         56.048908
         27.904837         56.053162
         27.922779         56.058697
         27.936491         56.064610
         27.945002         56.077278
         27.953871         56.087631
         27.955042         56.100533
         27.963655         56.112617
         27.969179         56.117554
         27.978256         56.119740
         27.990187         56.123810
         28.006447         56.126915
         28.015102         56.124989
         28.029297         56.120991
         28.040892         56.120369
         28.050232         56.127815
         28.087097         56.133045
         28.107103         56.146233
         28.116817         56.158360
         28.128946         56.161259
         28.151344         56.165806
