> cyprus 0
         32.307491         35.000000
         32.302181         35.007801
         32.295761         35.021240
         32.274952         35.046528
         32.273087         35.058842
         32.276211         35.085007
         32.278744         35.094807
         32.281239         35.098396
         32.287655         35.098522
         32.296318         35.093716
         32.300838         35.091206
         32.328213         35.067657
         32.347179         35.054447
         32.364426         35.045052
         32.380127         35.040855
         32.397606         35.038826
         32.406815         35.038872
         32.425808         35.042210
         32.447838         35.049389
         32.481201         35.071892
         32.492607         35.082802
         32.495979         35.086029
         32.506870         35.099953
         32.524216         35.134457
         32.530807         35.142857
         32.549507         35.157196
         32.552406         35.162868
         32.553047         35.172329
         32.556244         35.174339
         32.562199         35.173279
         32.572403         35.168072
         32.576202         35.168686
         32.580959         35.169449
         32.600777         35.176937
         32.610855         35.176785
         32.615444         35.178864
         32.623039         35.188923
         32.628887         35.189232
         32.636936         35.186436
         32.655910         35.194103
         32.667976         35.193588
         32.676792         35.191750
         32.693539         35.185036
         32.711472         35.184593
         32.715057         35.183659
         32.734303         35.178650
         32.744434         35.177795
         32.749302         35.172760
         32.767921         35.163376
         32.784927         35.160343
         32.800198         35.150784
         32.811859         35.148163
         32.823750         35.142563
         32.833282         35.142132
         32.848579         35.143143
         32.854561         35.145287
         32.873405         35.154747
         32.910328         35.176613
         32.914944         35.182133
         32.931721         35.226658
         32.936035         35.243385
         32.942120         35.266949
         32.945992         35.293579
         32.946014         35.315647
         32.943539         35.337364
         32.940144         35.345242
         32.931984         35.353107
         32.929863         35.358978
         32.930119         35.365501
         32.930534         35.376022
         32.929111         35.387447
         32.924877         35.398960
         32.926018         35.402466
         32.934517         35.401279
         32.957096         35.391834
         32.990406         35.373718
         33.016243         35.361664
         33.020561         35.362038
         33.034618         35.363258
         33.040882         35.361958
         33.057945         35.354752
         33.074474         35.350964
         33.088730         35.351429
         33.099201         35.353779
         33.111252         35.357582
         33.119274         35.362797
         33.125698         35.363110
         33.166130         35.352852
         33.178215         35.349781
         33.222672         35.354897
         33.230652         35.349072
         33.243660         35.347389
         33.249256         35.343517
         33.255234         35.342194
         33.265648         35.345444
         33.270130         35.345425
         33.282738         35.341423
         33.288025         35.341904
         33.295055         35.345451
         33.310638         35.341415
         33.317596         35.339615
         33.347214         35.336632
         33.367516         35.330681
         33.379669         35.333080
         33.405048         35.330578
         33.460629         35.332668
         33.462128         35.332317
         33.468880         35.330746
         33.487785         35.332756
         33.497414         35.335258
         33.512833         35.335037
         33.533443         35.340794
         33.574657         35.344250
         33.611618         35.354855
         33.612576         35.355129
         33.618843         35.353569
         33.628925         35.353558
         33.646973         35.355961
         33.682732         35.365803
         33.701771         35.374447
         33.714020         35.384171
         33.751026         35.399632
         33.772938         35.408775
         33.784573         35.410885
         33.803047         35.411217
         33.829556         35.408669
         33.839718         35.411858
         33.856915         35.410286
         33.899036         35.421356
         33.926659         35.428608
         33.956337         35.438110
         33.973011         35.440407
         33.984585         35.443642
         34.041302         35.468163
         34.077183         35.483650
         34.090878         35.493458
         34.110481         35.498608
         34.129330         35.506943
         34.151665         35.527359
         34.163414         35.540558
         34.164810         35.542126
         34.175148         35.547588
         34.180656         35.554008
         34.182655         35.562817
         34.187950         35.563484
         34.204617         35.557018
         34.212177         35.557316
         34.217896         35.560295
         34.221249         35.555832
         34.229500         35.558681
         34.236584         35.557579
         34.247475         35.563286
         34.256844         35.571003
         34.275291         35.572407
         34.285122         35.577148
         34.287342         35.577110
         34.297207         35.576927
         34.304596         35.580196
         34.312946         35.586258
         34.323433         35.589417
         34.327156         35.593006
         34.328907         35.601570
         34.332802         35.602180
         34.337952         35.600536
         34.342678         35.601406
         34.350952         35.608841
         34.358608         35.622227
         34.363495         35.625168
         34.379166         35.626221
         34.387474         35.633194
         34.393002         35.634781
         34.406132         35.634186
         34.409622         35.634026
         34.419506         35.638073
         34.438873         35.653267
         34.447971         35.656361
         34.467617         35.651806
         34.482693         35.658566
         34.500591         35.660141
         34.505753         35.663319
         34.509933         35.668983
         34.511459         35.676849
         34.515862         35.678619
         34.523613         35.675686
         34.531940         35.677597
         34.532948         35.678196
         34.555344         35.691540
         34.567982         35.696819
         34.581512         35.696159
         34.596962         35.701538
         34.597919         35.699505
         34.591934         35.695847
         34.587173         35.690392
         34.584717         35.678818
         34.580200         35.674065
         34.579548         35.655205
         34.575134         35.648617
         34.569920         35.646358
         34.566013         35.645790
         34.544834         35.642696
         34.539185         35.635326
         34.528599         35.636589
         34.453743         35.603973
         34.435017         35.592484
         34.433678         35.589954
         34.428932         35.581001
         34.423660         35.579884
         34.417366         35.562191
         34.412346         35.556721
         34.389393         35.540928
         34.362720         35.531418
         34.339920         35.518147
         34.327034         35.506802
         34.302296         35.485004
         34.207169         35.448227
         34.196507         35.442684
         34.175632         35.431824
         34.132996         35.404629
         34.114025         35.389397
         34.088943         35.364265
         34.084614         35.357201
         34.075344         35.330173
         34.071980         35.325676
         34.065475         35.322193
         34.051712         35.318420
         34.039749         35.317242
         34.021294         35.316948
         34.001942         35.322128
         33.979160         35.319351
         33.965298         35.312065
         33.963985         35.311375
         33.956276         35.304852
         33.948238         35.294640
         33.938892         35.278625
         33.930321         35.272526
         33.916477         35.248051
         33.907310         35.207230
         33.908066         35.199196
         33.908150         35.198307
         33.918114         35.173222
         33.915882         35.168762
         33.910645         35.167622
         33.905609         35.163277
         33.907089         35.161961
         33.916870         35.161911
         33.921486         35.159576
         33.944721         35.132057
         33.954220         35.123032
         33.965874         35.115246
         33.971466         35.104652
         33.976318         35.095459
         33.987442         35.082596
         34.003086         35.068768
         34.046215         35.038834
         34.068691         35.009079
         34.073822         35.002281
         34.075954         35.000000
         34.088726         34.986343
         34.080555         34.978661
         34.089130         34.965916
         34.098705         34.964233
         34.101429         34.960670
         34.096481         34.954956
         34.092270         34.955475
         34.088657         34.959923
         34.080151         34.957741
         34.076496         34.958282
         34.049751         34.971893
         34.042175         34.972733
         34.039711         34.974239
         34.029148         34.980698
         34.010590         34.978786
         34.002331         34.981663
         33.991852         34.979851
         33.977066         34.984524
         33.970936         34.984501
         33.964386         34.977795
         33.960052         34.975777
         33.935326         34.974518
         33.914310         34.967430
         33.905350         34.955692
         33.894474         34.950516
         33.886486         34.944664
         33.875923         34.939850
         33.868465         34.938847
         33.856770         34.943172
         33.854179         34.945374
         33.840275         34.957176
         33.827168         34.966038
         33.815815         34.969227
         33.779781         34.974800
         33.712124         34.974010
         33.709137         34.973568
         33.695812         34.971611
         33.687656         34.968494
         33.671555         34.959053
         33.661583         34.949654
         33.650299         34.926407
         33.647884         34.908146
         33.649914         34.890083
         33.646957         34.880074
         33.646912         34.873096
         33.646862         34.864674
         33.628628         34.841576
         33.621918         34.837830
         33.615459         34.817780
         33.611698         34.815773
         33.583115         34.818859
         33.558998         34.817547
         33.551460         34.813759
         33.546093         34.807037
         33.539658         34.798977
         33.530693         34.795815
         33.522869         34.788105
         33.509899         34.786598
         33.503819         34.777817
         33.473633         34.775978
         33.462132         34.773384
         33.451618         34.768532
         33.439384         34.760387
         33.418507         34.750736
         33.413647         34.748489
         33.394928         34.743847
         33.375481         34.731682
         33.371681         34.730354
         33.361660         34.730576
         33.345516         34.722923
         33.337727         34.723019
         33.326706         34.717674
         33.303001         34.722759
         33.296940         34.722012
         33.283951         34.717030
         33.280441         34.714123
         33.276497         34.704494
         33.272133         34.703369
         33.154346         34.710575
         33.136864         34.707951
         33.136200         34.707851
         33.097023         34.696281
         33.095310         34.696888
         33.094875         34.695255
         33.079460         34.689442
         33.064526         34.680893
         33.045605         34.666164
         33.027992         34.656326
         33.021339         34.648640
         33.018360         34.638420
         33.015141         34.634769
         33.013672         34.624584
         33.014465         34.616829
         33.015644         34.605373
         33.019360         34.596367
         33.024258         34.590172
         33.041637         34.572651
         33.042496         34.568554
         33.040810         34.565022
         33.038147         34.563511
         33.030895         34.564072
         33.011749         34.571621
         32.999828         34.571487
         32.988983         34.575542
         32.972042         34.568256
         32.965611         34.568844
         32.955841         34.569740
         32.950344         34.569000
         32.943382         34.565662
         32.942070         34.568356
         32.943489         34.571644
         32.949833         34.575871
         32.949631         34.582298
         32.945564         34.592205
         32.939762         34.599270
         32.931190         34.621132
         32.920410         34.635300
         32.908485         34.646187
         32.912239         34.651665
         32.903221         34.651829
         32.902225         34.651848
         32.894119         34.659939
         32.886837         34.664398
         32.859489         34.669670
         32.847004         34.665810
         32.832851         34.669224
         32.811790         34.661243
         32.803555         34.663578
         32.775455         34.660515
         32.767105         34.657093
         32.764820         34.654175
         32.753094         34.647858
         32.745674         34.646782
         32.738049         34.648453
         32.728916         34.647976
         32.719456         34.641045
         32.712780         34.641155
         32.703671         34.644062
         32.691132         34.648067
         32.677586         34.650803
         32.647915         34.660728
         32.630127         34.664387
         32.616669         34.669418
         32.604897         34.677757
         32.576157         34.693237
         32.566158         34.695473
         32.543247         34.701588
         32.532692         34.701481
         32.520447         34.708637
         32.509945         34.707840
         32.501175         34.702766
         32.495495         34.707745
         32.490948         34.709732
         32.484257         34.712654
         32.456348         34.734592
         32.450588         34.737038
         32.441505         34.735851
         32.432159         34.748215
         32.424473         34.753773
         32.419689         34.754433
         32.412289         34.753105
         32.405449         34.758480
         32.408264         34.775188
         32.406631         34.781540
         32.401249         34.789520
         32.401230         34.791092
         32.401073         34.801929
         32.392483         34.821922
         32.391449         34.837963
         32.386841         34.843227
         32.377316         34.847301
         32.371616         34.852280
         32.365772         34.852184
         32.361942         34.854733
         32.355087         34.853436
         32.349144         34.857937
         32.341351         34.874752
         32.326782         34.886063
         32.318127         34.892780
         32.317139         34.898014
         32.326447         34.906811
         32.330994         34.919250
         32.326904         34.928223
         32.308212         34.948570
         32.309383         34.954617
         32.315723         34.958878
         32.313194         34.965866
         32.318192         34.976265
         32.311081         34.994724
         32.310745         34.995216
         32.307491         35.000000
