> guernsey 0
-2.367083 49.402637
-2.367083 49.402363
-2.365973 49.402363
-2.365973 49.401527
-2.366251 49.401527
-2.366251 49.400970
-2.366529 49.400970
-2.366529 49.400696
-2.366805 49.400696
-2.366805 49.400139
-2.367083 49.400139
-2.367083 49.399860
-2.368195 49.399860
-2.368195 49.399582
-2.368751 49.399582
-2.368751 49.399860
-2.369029 49.399860
-2.369029 49.401527
-2.368751 49.401527
-2.368751 49.402084
-2.368195 49.402084
-2.368195 49.402363
-2.367361 49.402363
-2.367361 49.402637
-2.367083 49.402637
> guernsey 1
-2.386250 49.435417
-2.386250 49.435139
-2.385138 49.435139
-2.385138 49.434860
-2.383750 49.434860
-2.383750 49.434582
-2.383194 49.434582
-2.383194 49.434307
-2.382916 49.434307
-2.382916 49.433193
-2.382362 49.433193
-2.382362 49.432919
-2.381806 49.432919
-2.381806 49.431252
-2.381528 49.431252
-2.381528 49.430973
-2.381250 49.430973
-2.381250 49.429863
-2.381528 49.429863
-2.381528 49.429585
-2.382084 49.429585
-2.382084 49.429863
-2.382362 49.429863
-2.382362 49.430138
-2.382640 49.430138
-2.382640 49.429863
-2.383750 49.429863
-2.383750 49.430138
-2.384028 49.430138
-2.384028 49.429863
-2.385972 49.429863
-2.385972 49.429585
-2.386250 49.429585
-2.386250 49.429863
-2.386528 49.429863
-2.386528 49.429585
-2.386806 49.429585
-2.386806 49.429306
-2.385972 49.429306
-2.385972 49.429028
-2.384584 49.429028
-2.384584 49.428749
-2.384306 49.428749
-2.384306 49.428471
-2.384584 49.428471
-2.384584 49.428196
-2.388472 49.428196
-2.388472 49.428471
-2.390972 49.428471
-2.390972 49.428749
-2.392917 49.428749
-2.392917 49.429028
-2.393195 49.429028
-2.393195 49.429585
-2.392917 49.429585
-2.392917 49.429863
-2.390694 49.429863
-2.390694 49.429585
-2.390416 49.429585
-2.390416 49.429863
-2.390138 49.429863
-2.390138 49.430138
-2.390416 49.430138
-2.390416 49.430416
-2.390694 49.430416
-2.390694 49.430695
-2.392360 49.430695
-2.392360 49.430416
-2.393195 49.430416
-2.393195 49.430695
-2.394583 49.430695
-2.394583 49.430973
-2.395695 49.430973
-2.395695 49.431252
-2.396251 49.431252
-2.396251 49.431526
-2.396527 49.431526
-2.396527 49.431805
-2.396805 49.431805
-2.396805 49.432919
-2.396527 49.432919
-2.396527 49.433193
-2.395417 49.433193
-2.395417 49.433472
-2.394583 49.433472
-2.394583 49.433193
-2.394305 49.433193
-2.394305 49.433472
-2.394029 49.433472
-2.394029 49.434307
-2.393751 49.434307
-2.393751 49.434582
-2.390694 49.434582
-2.390694 49.434860
-2.389306 49.434860
-2.389306 49.434582
-2.387638 49.434582
-2.387638 49.434860
-2.387362 49.434860
-2.387362 49.435139
-2.387084 49.435139
-2.387084 49.435417
-2.386250 49.435417
> guernsey 2
-2.342361 49.439026
-2.342361 49.438751
-2.342083 49.438751
-2.342083 49.438473
-2.341805 49.438473
-2.341805 49.438194
-2.341527 49.438194
-2.341527 49.437916
-2.340973 49.437916
-2.340973 49.437363
-2.341251 49.437363
-2.341251 49.437084
-2.341805 49.437084
-2.341805 49.436806
-2.342917 49.436806
-2.342917 49.437084
-2.343195 49.437084
-2.343195 49.437363
-2.343751 49.437363
-2.343751 49.437637
-2.344027 49.437637
-2.344027 49.438194
-2.343751 49.438194
-2.343751 49.438751
-2.343473 49.438751
-2.343473 49.439026
-2.342361 49.439026
> guernsey 3
-2.368751 49.452641
-2.368749 49.452362
-2.368473 49.452362
-2.368473 49.452084
-2.368195 49.452084
-2.368195 49.451805
-2.367917 49.451805
-2.367917 49.451527
-2.367639 49.451527
-2.367639 49.451248
-2.367361 49.451248
-2.367361 49.450974
-2.367083 49.450974
-2.367083 49.450695
-2.366805 49.450695
-2.366805 49.450417
-2.366526 49.450417
-2.366529 49.450138
-2.366251 49.450138
-2.366251 49.449860
-2.365973 49.449860
-2.365973 49.449585
-2.365695 49.449585
-2.365695 49.449028
-2.364860 49.449028
-2.364860 49.448750
-2.364582 49.448750
-2.364582 49.448471
-2.364307 49.448471
-2.364307 49.447639
-2.363751 49.447639
-2.363751 49.447361
-2.363194 49.447361
-2.363194 49.447083
-2.362638 49.447083
-2.362638 49.447639
-2.362916 49.447639
-2.362916 49.448750
-2.362638 49.448750
-2.362638 49.449028
-2.362084 49.449028
-2.362084 49.448750
-2.361806 49.448750
-2.361806 49.448193
-2.361528 49.448193
-2.361528 49.446804
-2.361806 49.446804
-2.361806 49.446251
-2.361528 49.446251
-2.361528 49.445972
-2.361250 49.445972
-2.361250 49.445694
-2.360416 49.445694
-2.360416 49.445415
-2.359306 49.445415
-2.359306 49.445137
-2.359028 49.445137
-2.359028 49.445415
-2.358194 49.445415
-2.358194 49.445137
-2.357916 49.445137
-2.357916 49.444862
-2.356806 49.444862
-2.356806 49.444584
-2.355694 49.444584
-2.355694 49.444305
-2.354028 49.444305
-2.354028 49.444027
-2.353472 49.444027
-2.353472 49.443195
-2.353194 49.443195
-2.353194 49.442917
-2.352362 49.442917
-2.352362 49.442638
-2.352084 49.442638
-2.352084 49.442360
-2.352362 49.442360
-2.352362 49.442081
-2.353194 49.442081
-2.353194 49.441528
-2.352915 49.441528
-2.352918 49.440140
-2.352640 49.440140
-2.352640 49.439583
-2.352362 49.439583
-2.352362 49.438751
-2.351249 49.438751
-2.351249 49.439026
-2.350971 49.439026
-2.350971 49.438473
-2.351527 49.438473
-2.351527 49.438194
-2.352084 49.438194
-2.352084 49.437916
-2.351806 49.437916
-2.351806 49.437637
-2.349861 49.437637
-2.349861 49.437916
-2.349583 49.437916
-2.349583 49.437637
-2.349305 49.437637
-2.349305 49.437916
-2.348195 49.437916
-2.348195 49.437637
-2.347361 49.437637
-2.347361 49.437363
-2.346527 49.437363
-2.346527 49.437084
-2.345139 49.437084
-2.345139 49.436527
-2.344861 49.436527
-2.344861 49.435974
-2.344583 49.435974
-2.344583 49.435696
-2.344305 49.435696
-2.344305 49.434860
-2.343749 49.434860
-2.343751 49.434582
-2.343473 49.434582
-2.343473 49.434029
-2.343195 49.434029
-2.343195 49.433750
-2.342917 49.433750
-2.342917 49.433193
-2.341805 49.433193
-2.341805 49.432919
-2.341527 49.432919
-2.341527 49.430695
-2.341251 49.430695
-2.341251 49.429863
-2.341527 49.429863
-2.341527 49.429585
-2.343195 49.429585
-2.343195 49.429028
-2.343473 49.429028
-2.343473 49.428471
-2.343195 49.428471
-2.343195 49.428196
-2.342917 49.428196
-2.342917 49.427917
-2.342639 49.427917
-2.342639 49.427361
-2.342917 49.427361
-2.342917 49.427082
-2.344861 49.427082
-2.344861 49.426807
-2.345139 49.426807
-2.345139 49.426529
-2.345695 49.426529
-2.345695 49.426250
-2.346251 49.426250
-2.346251 49.425972
-2.346527 49.425972
-2.346527 49.425694
-2.346805 49.425694
-2.346805 49.425415
-2.347083 49.425415
-2.347083 49.424305
-2.346805 49.424305
-2.346805 49.424026
-2.346527 49.424026
-2.346527 49.423473
-2.346805 49.423473
-2.346805 49.423195
-2.347361 49.423195
-2.347361 49.422916
-2.348195 49.422916
-2.348195 49.422638
-2.348473 49.422638
-2.348473 49.422916
-2.348752 49.422916
-2.348752 49.423195
-2.348473 49.423195
-2.348473 49.423473
-2.348752 49.423473
-2.348749 49.423752
-2.349027 49.423752
-2.349027 49.424583
-2.349583 49.424583
-2.349583 49.425415
-2.350418 49.425415
-2.350418 49.425694
-2.351249 49.425694
-2.351249 49.425415
-2.351806 49.425415
-2.351806 49.425140
-2.352084 49.425140
-2.352084 49.424862
-2.352362 49.424862
-2.352362 49.423752
-2.352640 49.423752
-2.352640 49.422638
-2.352918 49.422638
-2.352918 49.422359
-2.353194 49.422359
-2.353194 49.422085
-2.356806 49.422085
-2.356806 49.422359
-2.357084 49.422359
-2.357084 49.422638
-2.357362 49.422638
-2.357362 49.423473
-2.359306 49.423473
-2.359306 49.423195
-2.359584 49.423195
-2.359584 49.422359
-2.359862 49.422359
-2.359862 49.421806
-2.359584 49.421806
-2.359584 49.421528
-2.360972 49.421528
-2.360972 49.421249
-2.361250 49.421249
-2.361250 49.420971
-2.361528 49.420971
-2.361528 49.419861
-2.361806 49.419861
-2.361806 49.420139
-2.362084 49.420139
-2.362084 49.420696
-2.362363 49.420696
-2.362363 49.420418
-2.362638 49.420418
-2.362638 49.420139
-2.363194 49.420139
-2.363194 49.419861
-2.363751 49.419861
-2.363751 49.419304
-2.364029 49.419304
-2.364029 49.419029
-2.364307 49.419029
-2.364307 49.419304
-2.364582 49.419304
-2.364582 49.419029
-2.364860 49.419029
-2.364860 49.418472
-2.365417 49.418472
-2.365417 49.418194
-2.365695 49.418194
-2.365695 49.417641
-2.365138 49.417641
-2.365138 49.417362
-2.365695 49.417362
-2.365695 49.416248
-2.365973 49.416248
-2.365973 49.415974
-2.365695 49.415974
-2.365695 49.415695
-2.367361 49.415695
-2.367361 49.415417
-2.367639 49.415417
-2.367639 49.415138
-2.367917 49.415138
-2.367917 49.414860
-2.368195 49.414860
-2.368195 49.413750
-2.368473 49.413750
-2.368473 49.412361
-2.367917 49.412361
-2.367917 49.411530
-2.367639 49.411530
-2.367639 49.411251
-2.367361 49.411251
-2.367361 49.410416
-2.367083 49.410416
-2.367083 49.409584
-2.366805 49.409584
-2.366805 49.408474
-2.367083 49.408474
-2.367083 49.408195
-2.367917 49.408195
-2.367917 49.408474
-2.368751 49.408474
-2.368751 49.408749
-2.369029 49.408749
-2.369029 49.409306
-2.368751 49.409306
-2.368751 49.409584
-2.369305 49.409584
-2.369305 49.409306
-2.370695 49.409306
-2.370695 49.409027
-2.370973 49.409027
-2.370973 49.408749
-2.371249 49.408749
-2.371249 49.408474
-2.371805 49.408474
-2.371805 49.408195
-2.372083 49.408195
-2.372083 49.407917
-2.372639 49.407917
-2.372639 49.407639
-2.372917 49.407639
-2.372917 49.407360
-2.373195 49.407360
-2.373195 49.407082
-2.373473 49.407082
-2.373473 49.406807
-2.373749 49.406807
-2.373749 49.406528
-2.374027 49.406528
-2.374027 49.406250
-2.374861 49.406250
-2.374861 49.406528
-2.375417 49.406528
-2.375417 49.406807
-2.375974 49.406807
-2.375974 49.407082
-2.377083 49.407082
-2.377083 49.407360
-2.377918 49.407360
-2.377918 49.407639
-2.378471 49.407639
-2.378471 49.407917
-2.378749 49.407917
-2.378749 49.409027
-2.379028 49.409027
-2.379028 49.409306
-2.379306 49.409306
-2.379306 49.409584
-2.379584 49.409584
-2.379584 49.409863
-2.380140 49.409863
-2.380140 49.410137
-2.380416 49.410137
-2.380416 49.410416
-2.380694 49.410416
-2.380694 49.410694
-2.380972 49.410694
-2.380972 49.410973
-2.381250 49.410973
-2.381250 49.411251
-2.381806 49.411251
-2.381806 49.411530
-2.383750 49.411530
-2.383750 49.411804
-2.384584 49.411804
-2.384584 49.411530
-2.384860 49.411530
-2.384860 49.411251
-2.385694 49.411251
-2.385694 49.411530
-2.385972 49.411530
-2.385972 49.412640
-2.385694 49.412640
-2.385694 49.413193
-2.385416 49.413193
-2.385416 49.413471
-2.384306 49.413471
-2.384306 49.413193
-2.384028 49.413193
-2.384028 49.412918
-2.383472 49.412918
-2.383472 49.413750
-2.383194 49.413750
-2.383194 49.414028
-2.382640 49.414028
-2.382640 49.414307
-2.382362 49.414307
-2.382362 49.414585
-2.382084 49.414585
-2.382084 49.414860
-2.381806 49.414860
-2.381806 49.415138
-2.381528 49.415138
-2.381528 49.415417
-2.381250 49.415417
-2.381250 49.415695
-2.380972 49.415695
-2.380972 49.415974
-2.380694 49.415974
-2.380694 49.416248
-2.380416 49.416248
-2.380416 49.416527
-2.379862 49.416527
-2.379862 49.416805
-2.379584 49.416805
-2.379584 49.417084
-2.379028 49.417084
-2.379028 49.417362
-2.378471 49.417362
-2.378471 49.417641
-2.377918 49.417641
-2.377918 49.417915
-2.377362 49.417915
-2.377362 49.418194
-2.376805 49.418194
-2.376805 49.418472
-2.375974 49.418472
-2.375974 49.418751
-2.374861 49.418751
-2.374861 49.418472
-2.374583 49.418472
-2.374583 49.418194
-2.374027 49.418194
-2.374027 49.418751
-2.374305 49.418751
-2.374305 49.419029
-2.374027 49.419029
-2.374027 49.419304
-2.374305 49.419304
-2.374305 49.420139
-2.374027 49.420139
-2.374027 49.420418
-2.373195 49.420418
-2.373195 49.420139
-2.372639 49.420139
-2.372639 49.419861
-2.370695 49.419861
-2.370695 49.420139
-2.370417 49.420139
-2.370417 49.420418
-2.369861 49.420418
-2.369861 49.420139
-2.369029 49.420139
-2.369029 49.420418
-2.368751 49.420418
-2.368751 49.420696
-2.368195 49.420696
-2.368195 49.420971
-2.369029 49.420971
-2.369029 49.421249
-2.370417 49.421249
-2.370417 49.421528
-2.370139 49.421528
-2.370139 49.421806
-2.369861 49.421806
-2.369861 49.422085
-2.370139 49.422085
-2.370139 49.422638
-2.369861 49.422638
-2.369861 49.422916
-2.369583 49.422916
-2.369583 49.423752
-2.369861 49.423752
-2.369861 49.424026
-2.370973 49.424026
-2.370973 49.424305
-2.371805 49.424305
-2.371805 49.424026
-2.372361 49.424026
-2.372361 49.424305
-2.372639 49.424305
-2.372639 49.424583
-2.372917 49.424583
-2.372917 49.424862
-2.373195 49.424862
-2.373195 49.425140
-2.373749 49.425140
-2.373749 49.425415
-2.374027 49.425415
-2.374027 49.425972
-2.374305 49.425972
-2.374305 49.426250
-2.375139 49.426250
-2.375139 49.425972
-2.376252 49.425972
-2.376249 49.426250
-2.376527 49.426250
-2.376527 49.426529
-2.376805 49.426529
-2.376805 49.426807
-2.377083 49.426807
-2.377083 49.427082
-2.377362 49.427082
-2.377362 49.427361
-2.377918 49.427361
-2.377918 49.427639
-2.378196 49.427639
-2.378196 49.427917
-2.378471 49.427917
-2.378471 49.428749
-2.378196 49.428749
-2.378196 49.429028
-2.377083 49.429028
-2.377083 49.428749
-2.376252 49.428749
-2.376249 49.429863
-2.376527 49.429863
-2.376527 49.430138
-2.376805 49.430138
-2.376805 49.430416
-2.377083 49.430416
-2.377083 49.430695
-2.377918 49.430695
-2.377918 49.430416
-2.380140 49.430416
-2.380140 49.430695
-2.380416 49.430695
-2.380416 49.431252
-2.380694 49.431252
-2.380694 49.431805
-2.379584 49.431805
-2.379584 49.432083
-2.377918 49.432083
-2.377918 49.432362
-2.377083 49.432362
-2.377083 49.432640
-2.377362 49.432640
-2.377362 49.432919
-2.377083 49.432919
-2.377083 49.433193
-2.376527 49.433193
-2.376527 49.433472
-2.376252 49.433472
-2.376252 49.434029
-2.375974 49.434029
-2.375974 49.434582
-2.375417 49.434582
-2.375417 49.434860
-2.374305 49.434860
-2.374305 49.435139
-2.374027 49.435139
-2.374027 49.434860
-2.373473 49.434860
-2.373473 49.434307
-2.371249 49.434307
-2.371249 49.434582
-2.370973 49.434582
-2.370973 49.434860
-2.370139 49.434860
-2.370139 49.435139
-2.370417 49.435139
-2.370417 49.435417
-2.370695 49.435417
-2.370695 49.436249
-2.370973 49.436249
-2.370973 49.436527
-2.371527 49.436527
-2.371527 49.436806
-2.371249 49.436806
-2.371249 49.437637
-2.371527 49.437637
-2.371527 49.437916
-2.371805 49.437916
-2.371805 49.438473
-2.371527 49.438473
-2.371527 49.438751
-2.370695 49.438751
-2.370695 49.438473
-2.369861 49.438473
-2.369861 49.439026
-2.369583 49.439030
-2.369583 49.439861
-2.369305 49.439861
-2.369305 49.440418
-2.369029 49.440418
-2.369029 49.440971
-2.368751 49.440971
-2.368751 49.441250
-2.367917 49.441250
-2.367917 49.440971
-2.367639 49.440971
-2.367639 49.440693
-2.367361 49.440693
-2.367361 49.440418
-2.366805 49.440418
-2.366805 49.440971
-2.367083 49.440971
-2.367083 49.441250
-2.366805 49.441250
-2.366805 49.441528
-2.366251 49.441528
-2.366251 49.442081
-2.366805 49.442081
-2.366805 49.442360
-2.367361 49.442360
-2.367361 49.442638
-2.367639 49.442638
-2.367639 49.442917
-2.367917 49.442917
-2.367917 49.443195
-2.368195 49.443195
-2.368195 49.443474
-2.368473 49.443474
-2.368473 49.443748
-2.368751 49.443748
-2.368751 49.444305
-2.369029 49.444305
-2.369029 49.445137
-2.368751 49.445137
-2.368751 49.445694
-2.368473 49.445694
-2.368473 49.446251
-2.368195 49.446251
-2.368195 49.446529
-2.367917 49.446529
-2.367917 49.446804
-2.367639 49.446804
-2.367639 49.448193
-2.368473 49.448193
-2.368473 49.448471
-2.368751 49.448471
-2.368751 49.448750
-2.369029 49.448750
-2.369027 49.449028
-2.369583 49.449028
-2.369583 49.449306
-2.369861 49.449306
-2.369861 49.449860
-2.369583 49.449860
-2.369583 49.450138
-2.369861 49.450138
-2.369861 49.452362
-2.369583 49.452362
-2.369583 49.452641
-2.368751 49.452641
> guernsey 4
-2.460972 49.461529
-2.460972 49.461250
-2.460415 49.461250
-2.460415 49.460972
-2.459584 49.460972
-2.459584 49.460415
-2.459306 49.460415
-2.459306 49.459862
-2.459027 49.459862
-2.459027 49.459583
-2.458471 49.459583
-2.458471 49.459305
-2.458196 49.459305
-2.458196 49.459026
-2.458471 49.459026
-2.458471 49.458473
-2.458749 49.458473
-2.458749 49.458195
-2.459306 49.458195
-2.459306 49.457916
-2.459584 49.457916
-2.459584 49.457638
-2.459862 49.457638
-2.459862 49.457359
-2.460140 49.457359
-2.460140 49.457085
-2.460694 49.457085
-2.460694 49.456806
-2.461250 49.456806
-2.461250 49.456249
-2.462084 49.456249
-2.462084 49.455971
-2.462362 49.455971
-2.462362 49.455696
-2.462640 49.455696
-2.462640 49.455418
-2.463472 49.455418
-2.463472 49.455696
-2.464862 49.455696
-2.464862 49.455971
-2.465138 49.455971
-2.465138 49.456249
-2.465416 49.456249
-2.465416 49.456806
-2.465694 49.456806
-2.465694 49.457359
-2.465972 49.457359
-2.465972 49.457916
-2.466250 49.457916
-2.466250 49.458195
-2.465694 49.458195
-2.465694 49.459026
-2.465972 49.459026
-2.465972 49.459305
-2.465694 49.459305
-2.465694 49.459583
-2.465416 49.459583
-2.465416 49.459862
-2.465138 49.459862
-2.465138 49.460140
-2.464584 49.460140
-2.464584 49.460415
-2.464028 49.460415
-2.464028 49.460693
-2.463194 49.460693
-2.463194 49.460972
-2.462362 49.460972
-2.462362 49.461250
-2.461806 49.461250
-2.461806 49.461529
-2.460972 49.461529
> guernsey 5
-2.675972 49.462639
-2.675972 49.462360
-2.675694 49.462360
-2.675694 49.462082
-2.675415 49.462082
-2.675418 49.461529
-2.674584 49.461529
-2.674584 49.460140
-2.674862 49.460140
-2.674862 49.459862
-2.675972 49.459862
-2.675972 49.460415
-2.676250 49.460415
-2.676250 49.460693
-2.677640 49.460693
-2.677640 49.460972
-2.677916 49.460972
-2.677916 49.461250
-2.678194 49.461250
-2.678194 49.461807
-2.677640 49.461807
-2.677640 49.462360
-2.677084 49.462360
-2.677084 49.462639
-2.675972 49.462639
> guernsey 6
-2.463472 49.463749
-2.463472 49.463470
-2.463194 49.463470
-2.463194 49.463196
-2.462916 49.463196
-2.462916 49.462639
-2.462638 49.462639
-2.462640 49.461807
-2.462916 49.461807
-2.462916 49.461529
-2.464028 49.461529
-2.464028 49.462082
-2.464306 49.462082
-2.464306 49.461807
-2.464584 49.461807
-2.464584 49.461529
-2.465416 49.461529
-2.465416 49.461807
-2.465694 49.461807
-2.465694 49.462082
-2.465972 49.462082
-2.465972 49.462639
-2.466528 49.462639
-2.466528 49.463470
-2.466250 49.463470
-2.466250 49.463749
-2.463472 49.463749
> guernsey 7
-2.664861 49.465137
-2.664861 49.464863
-2.664583 49.464863
-2.664583 49.464027
-2.664305 49.464027
-2.664305 49.463470
-2.664027 49.463470
-2.664027 49.462917
-2.663751 49.462917
-2.663751 49.461250
-2.663473 49.461250
-2.663473 49.460415
-2.663195 49.460415
-2.663195 49.458752
-2.663473 49.458752
-2.663473 49.457916
-2.663751 49.457916
-2.663751 49.457638
-2.664027 49.457638
-2.664027 49.457359
-2.664861 49.457359
-2.664861 49.457085
-2.665139 49.457085
-2.665139 49.456806
-2.666251 49.456806
-2.666251 49.457085
-2.666527 49.457085
-2.666527 49.457359
-2.666805 49.457359
-2.666805 49.458195
-2.667083 49.458195
-2.667083 49.458752
-2.667361 49.458752
-2.667361 49.459305
-2.667917 49.459305
-2.667917 49.459583
-2.669305 49.459583
-2.669305 49.459305
-2.669861 49.459305
-2.669861 49.459026
-2.670973 49.459026
-2.670973 49.459305
-2.671527 49.459305
-2.671527 49.459583
-2.672083 49.459583
-2.672083 49.459862
-2.672918 49.459862
-2.672918 49.460140
-2.673471 49.460140
-2.673471 49.461250
-2.673749 49.461250
-2.673749 49.461807
-2.673471 49.461807
-2.673471 49.462082
-2.673193 49.462082
-2.673193 49.462360
-2.672639 49.462360
-2.672639 49.463196
-2.672918 49.463196
-2.672918 49.463470
-2.673193 49.463470
-2.673193 49.463749
-2.673471 49.463749
-2.673471 49.464306
-2.673193 49.464306
-2.673193 49.464584
-2.672361 49.464584
-2.672361 49.464306
-2.671805 49.464306
-2.671805 49.464027
-2.670973 49.464027
-2.670973 49.463749
-2.670139 49.463749
-2.670139 49.463470
-2.669583 49.463470
-2.669583 49.463196
-2.668751 49.463196
-2.668751 49.463470
-2.668473 49.463470
-2.668473 49.463749
-2.668195 49.463749
-2.668195 49.464027
-2.667917 49.464027
-2.667917 49.464306
-2.667361 49.464306
-2.667361 49.464584
-2.666805 49.464584
-2.666805 49.464863
-2.665973 49.464863
-2.665973 49.465137
-2.664861 49.465137
> guernsey 8
-2.448473 49.483471
-2.448473 49.483196
-2.447917 49.483196
-2.447917 49.482639
-2.447639 49.482639
-2.447639 49.482082
-2.446804 49.482082
-2.446804 49.481529
-2.447361 49.481529
-2.447361 49.481251
-2.447639 49.481251
-2.447639 49.480972
-2.447361 49.480972
-2.447361 49.480141
-2.447639 49.480141
-2.447639 49.479862
-2.447361 49.479862
-2.447361 49.479584
-2.447083 49.479584
-2.447083 49.479305
-2.447361 49.479305
-2.447361 49.479027
-2.447639 49.479027
-2.447639 49.478748
-2.447917 49.478748
-2.447917 49.477917
-2.447639 49.477917
-2.447639 49.477085
-2.447361 49.477085
-2.447361 49.476807
-2.447083 49.476807
-2.447083 49.476528
-2.446804 49.476528
-2.446804 49.476250
-2.446526 49.476250
-2.446529 49.475971
-2.445973 49.475971
-2.445973 49.475693
-2.445416 49.475693
-2.445416 49.475418
-2.444860 49.475418
-2.444860 49.475140
-2.444307 49.475140
-2.444307 49.474861
-2.444028 49.474861
-2.444028 49.474030
-2.443750 49.474030
-2.443750 49.473473
-2.443472 49.473473
-2.443472 49.472916
-2.443194 49.472916
-2.443194 49.472637
-2.442916 49.472637
-2.442916 49.471806
-2.442638 49.471806
-2.442638 49.471527
-2.442360 49.471527
-2.442362 49.471249
-2.442084 49.471249
-2.442084 49.470974
-2.441528 49.470974
-2.441528 49.470695
-2.440694 49.470695
-2.440694 49.470139
-2.440972 49.470139
-2.440972 49.469582
-2.441250 49.469582
-2.441250 49.469307
-2.442084 49.469307
-2.442084 49.468750
-2.442362 49.468750
-2.442362 49.468472
-2.442916 49.468472
-2.442916 49.467918
-2.443472 49.467918
-2.443472 49.467640
-2.443194 49.467640
-2.443194 49.467083
-2.442916 49.467083
-2.442916 49.465694
-2.443472 49.465694
-2.443472 49.465973
-2.444028 49.465973
-2.444028 49.465694
-2.444307 49.465694
-2.444307 49.465137
-2.444028 49.465137
-2.444028 49.464863
-2.444307 49.464863
-2.444307 49.464584
-2.444582 49.464584
-2.444582 49.464306
-2.445138 49.464306
-2.445138 49.464027
-2.447083 49.464027
-2.447083 49.464306
-2.447361 49.464306
-2.447361 49.464027
-2.447917 49.464027
-2.447917 49.463749
-2.448473 49.463749
-2.448473 49.463196
-2.449583 49.463196
-2.449583 49.462917
-2.450139 49.462917
-2.450139 49.462639
-2.450695 49.462639
-2.450695 49.462360
-2.451529 49.462360
-2.451527 49.462639
-2.452083 49.462639
-2.452083 49.462917
-2.452361 49.462917
-2.452361 49.463749
-2.452639 49.463749
-2.452639 49.464027
-2.452917 49.464027
-2.452917 49.464306
-2.453473 49.464306
-2.453473 49.465416
-2.454027 49.465416
-2.454027 49.465694
-2.454305 49.465694
-2.454305 49.465973
-2.453749 49.465973
-2.453749 49.466251
-2.453473 49.466251
-2.453473 49.466805
-2.453749 49.466805
-2.453749 49.467361
-2.454027 49.467361
-2.454027 49.467640
-2.454583 49.467640
-2.454583 49.469307
-2.454027 49.469307
-2.454027 49.469860
-2.453749 49.469860
-2.453749 49.470001
-2.453749 49.470139
-2.453195 49.470139
-2.453195 49.470417
-2.452917 49.470417
-2.452917 49.470695
-2.452639 49.470695
-2.452639 49.470974
-2.452083 49.470974
-2.452083 49.471249
-2.452361 49.471249
-2.452361 49.471527
-2.452639 49.471527
-2.452639 49.472363
-2.452917 49.472363
-2.452917 49.472637
-2.453195 49.472637
-2.453195 49.472916
-2.453749 49.472916
-2.453749 49.473751
-2.454027 49.473751
-2.454027 49.474304
-2.454305 49.474304
-2.454305 49.474583
-2.454583 49.474583
-2.454583 49.475418
-2.454861 49.475418
-2.454861 49.475693
-2.455139 49.475693
-2.455139 49.475971
-2.455417 49.475971
-2.455417 49.476528
-2.455695 49.476528
-2.455695 49.476807
-2.455973 49.476807
-2.455973 49.477085
-2.456805 49.477085
-2.456805 49.477360
-2.457918 49.477360
-2.457918 49.477638
-2.458471 49.477638
-2.458471 49.478748
-2.457918 49.478748
-2.457918 49.479305
-2.458196 49.479305
-2.458196 49.479584
-2.458471 49.479584
-2.458471 49.479862
-2.458196 49.479862
-2.458196 49.480141
-2.457083 49.480141
-2.457083 49.480415
-2.456527 49.480415
-2.456527 49.480694
-2.455695 49.480694
-2.455695 49.480972
-2.454027 49.480972
-2.454027 49.481251
-2.452639 49.481251
-2.452639 49.481529
-2.452361 49.481529
-2.452361 49.481804
-2.451529 49.481804
-2.451529 49.482082
-2.451251 49.482082
-2.451251 49.482361
-2.449583 49.482361
-2.449583 49.482918
-2.449305 49.482918
-2.449305 49.483196
-2.448751 49.483196
-2.448751 49.483471
-2.448473 49.483471
> guernsey 9
-2.497638 49.496529
-2.497638 49.496250
-2.497084 49.496250
-2.497084 49.495972
-2.496806 49.495972
-2.496806 49.495140
-2.496528 49.495140
-2.496528 49.494305
-2.496806 49.494305
-2.496806 49.494026
-2.497084 49.494026
-2.497084 49.493752
-2.498472 49.493752
-2.498472 49.494026
-2.499029 49.494026
-2.499029 49.493752
-2.499304 49.493752
-2.499304 49.493473
-2.500417 49.493473
-2.500417 49.494305
-2.500139 49.494305
-2.500139 49.495972
-2.499860 49.495972
-2.499860 49.496250
-2.498751 49.496250
-2.498751 49.496529
-2.497638 49.496529
> guernsey 10
-2.498472 49.501804
-2.498472 49.500973
-2.498194 49.500973
-2.498194 49.499027
-2.499304 49.499027
-2.499304 49.499306
-2.499582 49.499306
-2.499582 49.499863
-2.499860 49.499863
-2.499860 49.500137
-2.500139 49.500137
-2.500139 49.501804
-2.498472 49.501804
> guernsey 11
-2.518194 49.509861
-2.518194 49.509583
-2.517362 49.509583
-2.517362 49.509304
-2.517084 49.509304
-2.517084 49.509029
-2.515972 49.509029
-2.515972 49.508751
-2.515694 49.508751
-2.515694 49.508194
-2.515416 49.508194
-2.515416 49.507637
-2.515140 49.507637
-2.515140 49.507362
-2.514862 49.507362
-2.514862 49.507084
-2.514584 49.507084
-2.514584 49.506527
-2.514862 49.506527
-2.514862 49.506248
-2.515416 49.506248
-2.515416 49.505695
-2.514862 49.505695
-2.514862 49.505974
-2.513471 49.505974
-2.513471 49.505695
-2.512640 49.505695
-2.512640 49.505417
-2.512083 49.505417
-2.512083 49.505695
-2.511805 49.505695
-2.511805 49.505974
-2.511252 49.505974
-2.511252 49.505695
-2.510974 49.505695
-2.510974 49.505417
-2.510695 49.505417
-2.510695 49.505138
-2.510139 49.505138
-2.510139 49.505417
-2.509861 49.505417
-2.509861 49.505695
-2.508473 49.505695
-2.508473 49.505974
-2.507917 49.505974
-2.507917 49.506248
-2.507361 49.506248
-2.507361 49.507362
-2.507083 49.507362
-2.507083 49.507637
-2.506249 49.507637
-2.506249 49.507362
-2.504861 49.507362
-2.504861 49.507084
-2.504583 49.507084
-2.504583 49.506248
-2.504027 49.506248
-2.504027 49.505974
-2.503751 49.505974
-2.503751 49.505417
-2.504027 49.505417
-2.504027 49.505138
-2.504305 49.505138
-2.504305 49.504860
-2.504583 49.504860
-2.504583 49.504585
-2.504305 49.504581
-2.504305 49.504307
-2.504027 49.504307
-2.504027 49.504028
-2.503751 49.504028
-2.503751 49.502918
-2.503195 49.502918
-2.503195 49.502640
-2.502917 49.502640
-2.502917 49.501804
-2.503195 49.501804
-2.503195 49.501526
-2.503473 49.501526
-2.503473 49.501251
-2.503751 49.501251
-2.503751 49.500694
-2.503473 49.500694
-2.503473 49.500416
-2.503195 49.500416
-2.503195 49.500694
-2.502639 49.500694
-2.502639 49.500416
-2.502361 49.500416
-2.502361 49.500137
-2.502083 49.500137
-2.502083 49.499584
-2.501805 49.499584
-2.501805 49.499306
-2.501527 49.499306
-2.501529 49.498474
-2.501805 49.498470
-2.501805 49.498196
-2.501251 49.498196
-2.501251 49.497639
-2.501529 49.497639
-2.501529 49.496250
-2.501805 49.496250
-2.501805 49.495419
-2.501527 49.495419
-2.501529 49.495140
-2.501251 49.495140
-2.501251 49.494583
-2.501529 49.494583
-2.501529 49.494026
-2.501805 49.494026
-2.501805 49.493752
-2.502083 49.493752
-2.502083 49.493195
-2.502361 49.493195
-2.502361 49.492363
-2.502639 49.492363
-2.502639 49.490971
-2.500973 49.490971
-2.500973 49.490696
-2.500695 49.490696
-2.500695 49.489861
-2.500973 49.489861
-2.500973 49.489582
-2.501251 49.489582
-2.501251 49.489029
-2.501529 49.489029
-2.501529 49.488750
-2.502083 49.488750
-2.502083 49.488472
-2.504583 49.488472
-2.504583 49.488750
-2.505139 49.488750
-2.505139 49.489582
-2.505417 49.489582
-2.505417 49.489861
-2.507083 49.489861
-2.507083 49.489582
-2.507639 49.489582
-2.507639 49.489029
-2.507361 49.489029
-2.507361 49.488750
-2.506249 49.488750
-2.506249 49.488472
-2.505973 49.488472
-2.505973 49.488194
-2.505695 49.488194
-2.505695 49.487640
-2.505973 49.487640
-2.505973 49.487362
-2.507083 49.487362
-2.507083 49.487083
-2.507361 49.487083
-2.507361 49.486805
-2.507639 49.486805
-2.507639 49.485973
-2.507361 49.485973
-2.507361 49.485416
-2.507083 49.485416
-2.507083 49.484306
-2.506805 49.484306
-2.506805 49.482918
-2.507083 49.482918
-2.507083 49.482082
-2.507361 49.482082
-2.507361 49.481804
-2.507917 49.481804
-2.507917 49.482082
-2.508195 49.482082
-2.508195 49.482361
-2.510974 49.482361
-2.510974 49.482082
-2.511527 49.482082
-2.511527 49.482361
-2.512083 49.482361
-2.512083 49.482639
-2.515140 49.482639
-2.515138 49.482918
-2.515694 49.482918
-2.515694 49.483196
-2.517084 49.483196
-2.517084 49.482639
-2.516806 49.482639
-2.516806 49.482361
-2.516528 49.482361
-2.516528 49.482082
-2.515972 49.482082
-2.515972 49.481804
-2.515138 49.481804
-2.515140 49.481529
-2.514306 49.481529
-2.514306 49.481804
-2.513471 49.481804
-2.513471 49.482082
-2.513193 49.482082
-2.513193 49.481804
-2.512640 49.481804
-2.512640 49.481529
-2.512083 49.481529
-2.512083 49.481251
-2.512362 49.481251
-2.512362 49.480972
-2.512083 49.480972
-2.512083 49.480694
-2.511527 49.480694
-2.511527 49.480415
-2.511249 49.480415
-2.511252 49.480141
-2.510974 49.480141
-2.510974 49.479584
-2.511252 49.479584
-2.511252 49.479305
-2.512083 49.479305
-2.512083 49.478195
-2.512362 49.478195
-2.512362 49.477917
-2.513471 49.477917
-2.513471 49.477360
-2.513193 49.477360
-2.513193 49.477085
-2.511252 49.477085
-2.511252 49.477360
-2.510695 49.477360
-2.510695 49.477638
-2.510417 49.477638
-2.510417 49.476807
-2.510695 49.476807
-2.510695 49.476528
-2.510974 49.476528
-2.510974 49.475971
-2.511805 49.475971
-2.511805 49.475693
-2.513193 49.475693
-2.513193 49.475971
-2.513471 49.475971
-2.513471 49.476250
-2.514584 49.476250
-2.514584 49.476528
-2.517638 49.476528
-2.517638 49.476250
-2.518194 49.476250
-2.518194 49.475971
-2.518472 49.475971
-2.518472 49.475693
-2.519306 49.475693
-2.519306 49.475418
-2.519584 49.475418
-2.519584 49.475140
-2.522084 49.475140
-2.522084 49.475418
-2.522916 49.475418
-2.522916 49.475140
-2.523194 49.475140
-2.523194 49.474861
-2.524306 49.474861
-2.524306 49.474583
-2.524863 49.474583
-2.524860 49.474861
-2.525138 49.474861
-2.525138 49.475140
-2.525694 49.475140
-2.525694 49.474304
-2.525138 49.474304
-2.525138 49.474030
-2.525694 49.474030
-2.525694 49.473751
-2.525973 49.473751
-2.525973 49.474030
-2.526248 49.474030
-2.526251 49.474304
-2.526807 49.474304
-2.526807 49.474030
-2.527082 49.474030
-2.527082 49.473194
-2.527917 49.473194
-2.527917 49.472916
-2.528195 49.472916
-2.528195 49.472637
-2.529305 49.472637
-2.529305 49.472363
-2.529583 49.472363
-2.529583 49.473194
-2.530417 49.473194
-2.530417 49.472916
-2.530695 49.472916
-2.530695 49.472363
-2.530973 49.472363
-2.530973 49.472084
-2.532083 49.472084
-2.532083 49.471806
-2.532361 49.471806
-2.532361 49.470974
-2.533195 49.470974
-2.533195 49.469307
-2.533473 49.469307
-2.533473 49.469028
-2.533751 49.469028
-2.533751 49.468750
-2.534027 49.468750
-2.534027 49.468472
-2.534305 49.468472
-2.534305 49.468193
-2.534583 49.468193
-2.534583 49.467361
-2.534861 49.467361
-2.534861 49.467083
-2.535139 49.467083
-2.535139 49.466805
-2.535417 49.466805
-2.535417 49.466251
-2.535695 49.466251
-2.535695 49.464584
-2.535417 49.464584
-2.535417 49.464306
-2.535139 49.464306
-2.535139 49.464027
-2.534861 49.464027
-2.534861 49.463749
-2.534027 49.463749
-2.534027 49.463470
-2.533473 49.463470
-2.533473 49.463196
-2.531805 49.463196
-2.531805 49.462917
-2.530973 49.462917
-2.530973 49.462639
-2.530695 49.462639
-2.530695 49.462360
-2.530417 49.462360
-2.530417 49.462082
-2.529027 49.462082
-2.529027 49.461807
-2.528751 49.461807
-2.528751 49.461529
-2.528473 49.461529
-2.528473 49.460693
-2.528195 49.460693
-2.528195 49.459305
-2.527917 49.459305
-2.527917 49.459026
-2.527639 49.459026
-2.527639 49.458752
-2.527361 49.458752
-2.527361 49.458473
-2.527082 49.458473
-2.527082 49.458195
-2.526804 49.458195
-2.526807 49.457916
-2.526529 49.457916
-2.526529 49.457638
-2.526251 49.457638
-2.526251 49.457085
-2.525973 49.457085
-2.525973 49.456806
-2.525694 49.456806
-2.525694 49.456249
-2.525973 49.456249
-2.525973 49.455971
-2.526807 49.455971
-2.526804 49.456249
-2.527082 49.456249
-2.527082 49.456528
-2.527639 49.456528
-2.527639 49.456806
-2.528195 49.456806
-2.528195 49.455696
-2.528473 49.455696
-2.528473 49.455418
-2.529305 49.455418
-2.529305 49.455696
-2.529583 49.455696
-2.529583 49.455971
-2.529861 49.455971
-2.529861 49.456249
-2.530139 49.456249
-2.530139 49.456528
-2.530417 49.456528
-2.530417 49.457085
-2.530695 49.457085
-2.530695 49.457359
-2.531251 49.457359
-2.531251 49.457085
-2.531805 49.457085
-2.531805 49.456806
-2.532361 49.456806
-2.532361 49.456528
-2.533195 49.456528
-2.533195 49.456806
-2.533473 49.456806
-2.533473 49.455971
-2.533195 49.455971
-2.533195 49.455418
-2.532917 49.455418
-2.532917 49.455139
-2.532639 49.455139
-2.532639 49.454861
-2.531805 49.454861
-2.531805 49.454582
-2.531249 49.454582
-2.531251 49.454304
-2.530417 49.454304
-2.530417 49.454029
-2.528195 49.454029
-2.528195 49.453751
-2.527361 49.453751
-2.527361 49.453472
-2.526807 49.453472
-2.526807 49.453751
-2.526529 49.453751
-2.526529 49.454029
-2.526251 49.454029
-2.526251 49.454304
-2.525416 49.454304
-2.525416 49.454029
-2.525138 49.454029
-2.525138 49.452915
-2.524860 49.452915
-2.524863 49.452084
-2.525138 49.452084
-2.525138 49.451805
-2.527082 49.451805
-2.527082 49.452084
-2.527639 49.452084
-2.527639 49.452362
-2.532083 49.452362
-2.532083 49.452084
-2.532917 49.452084
-2.532917 49.451805
-2.533195 49.451805
-2.533195 49.452084
-2.535139 49.452084
-2.535139 49.451805
-2.535417 49.451805
-2.535417 49.451248
-2.535139 49.451248
-2.535139 49.450974
-2.534861 49.450974
-2.534861 49.450695
-2.534305 49.450695
-2.534305 49.450417
-2.533751 49.450417
-2.533751 49.450138
-2.532639 49.450138
-2.532639 49.449860
-2.532361 49.449860
-2.532361 49.449585
-2.531805 49.449585
-2.531805 49.449306
-2.531527 49.449306
-2.531527 49.449028
-2.530973 49.449028
-2.530973 49.448750
-2.529305 49.448750
-2.529305 49.448471
-2.529027 49.448471
-2.529027 49.447639
-2.529305 49.447639
-2.529305 49.446251
-2.529027 49.446251
-2.529027 49.445694
-2.528751 49.445694
-2.528751 49.445137
-2.529583 49.445137
-2.529583 49.444862
-2.530139 49.444862
-2.530139 49.445137
-2.530417 49.445137
-2.530417 49.445415
-2.532639 49.445415
-2.532639 49.445137
-2.532917 49.445137
-2.532917 49.444584
-2.533195 49.444584
-2.533195 49.443748
-2.532917 49.443748
-2.532917 49.443195
-2.532639 49.443195
-2.532639 49.442917
-2.532361 49.442917
-2.532361 49.442638
-2.532639 49.442638
-2.532639 49.440418
-2.532917 49.440418
-2.532917 49.439583
-2.533751 49.439583
-2.533751 49.439304
-2.534027 49.439304
-2.534027 49.438473
-2.533749 49.438473
-2.533751 49.437916
-2.533473 49.437916
-2.533473 49.437637
-2.533195 49.437637
-2.533195 49.437363
-2.532917 49.437363
-2.532917 49.436527
-2.533195 49.436527
-2.533195 49.436249
-2.534027 49.436249
-2.534027 49.435974
-2.535139 49.435970
-2.535139 49.435696
-2.535973 49.435696
-2.535973 49.435417
-2.536249 49.435417
-2.536249 49.434307
-2.535971 49.434307
-2.535973 49.434029
-2.535695 49.434029
-2.535695 49.433750
-2.535417 49.433750
-2.535417 49.433472
-2.534583 49.433472
-2.534583 49.433193
-2.532361 49.433193
-2.532361 49.432919
-2.532917 49.432915
-2.532917 49.431805
-2.532639 49.431805
-2.532639 49.431252
-2.532361 49.431252
-2.532361 49.430973
-2.531805 49.430973
-2.531805 49.430416
-2.531527 49.430416
-2.531527 49.430138
-2.530695 49.430138
-2.530695 49.429028
-2.530973 49.429028
-2.530973 49.428471
-2.530695 49.428471
-2.530695 49.428196
-2.530417 49.428196
-2.530417 49.427917
-2.530139 49.427917
-2.530139 49.427639
-2.529305 49.427639
-2.529305 49.425972
-2.529027 49.425972
-2.529027 49.425694
-2.528751 49.425694
-2.528751 49.424862
-2.528473 49.424862
-2.528473 49.424583
-2.527917 49.424583
-2.527917 49.424305
-2.527639 49.424305
-2.527639 49.424026
-2.527361 49.424026
-2.527361 49.420971
-2.527639 49.420971
-2.527639 49.420696
-2.528195 49.420696
-2.528195 49.420971
-2.528473 49.420971
-2.528473 49.421528
-2.528751 49.421528
-2.528749 49.421806
-2.529305 49.421806
-2.529305 49.422085
-2.530417 49.422085
-2.530417 49.421806
-2.530695 49.421806
-2.530695 49.420971
-2.530973 49.420971
-2.530973 49.420418
-2.531251 49.420418
-2.531251 49.420139
-2.530973 49.420139
-2.530973 49.419304
-2.531251 49.419304
-2.531251 49.419029
-2.531805 49.419029
-2.531805 49.419304
-2.532639 49.419304
-2.532639 49.419582
-2.532917 49.419582
-2.532917 49.419861
-2.533195 49.419861
-2.533195 49.419582
-2.533473 49.419582
-2.533473 49.419304
-2.533751 49.419304
-2.533751 49.419029
-2.536249 49.419029
-2.536249 49.418751
-2.536805 49.418751
-2.536805 49.418472
-2.537083 49.418472
-2.537083 49.417915
-2.537361 49.417915
-2.537361 49.417641
-2.538196 49.417641
-2.538196 49.417362
-2.538471 49.417362
-2.538471 49.417084
-2.540140 49.417084
-2.540140 49.416805
-2.541250 49.416805
-2.541250 49.417084
-2.541806 49.417084
-2.541806 49.418194
-2.540693 49.418194
-2.540693 49.418472
-2.540140 49.418472
-2.540140 49.419304
-2.541250 49.419304
-2.541250 49.419861
-2.540972 49.419861
-2.540972 49.420971
-2.540693 49.420971
-2.540693 49.422085
-2.540972 49.422085
-2.540972 49.422638
-2.540693 49.422638
-2.540693 49.422916
-2.540418 49.422916
-2.540418 49.423195
-2.539584 49.423195
-2.539584 49.423473
-2.539305 49.423473
-2.539305 49.423752
-2.539027 49.423752
-2.539027 49.424305
-2.539305 49.424305
-2.539305 49.424862
-2.539584 49.424862
-2.539584 49.425140
-2.541250 49.425140
-2.541250 49.424862
-2.541806 49.424862
-2.541806 49.425140
-2.542916 49.425140
-2.542916 49.425415
-2.543472 49.425415
-2.543472 49.425694
-2.544584 49.425694
-2.544584 49.425972
-2.545416 49.425972
-2.545416 49.426250
-2.545694 49.426250
-2.545694 49.425972
-2.545972 49.425972
-2.545972 49.426250
-2.547084 49.426250
-2.547084 49.425972
-2.547362 49.425972
-2.547362 49.425415
-2.547916 49.425415
-2.547916 49.425140
-2.548194 49.425140
-2.548194 49.424583
-2.548750 49.424583
-2.548750 49.424305
-2.549028 49.424305
-2.549028 49.424026
-2.549306 49.424026
-2.549306 49.423473
-2.549584 49.423473
-2.549584 49.423195
-2.551250 49.423195
-2.551250 49.423473
-2.551528 49.423473
-2.551528 49.423195
-2.551807 49.423195
-2.551807 49.422638
-2.552360 49.422638
-2.552360 49.422359
-2.552916 49.422359
-2.552916 49.422085
-2.554861 49.422085
-2.554861 49.422359
-2.555695 49.422359
-2.555695 49.422638
-2.556529 49.422638
-2.556527 49.422916
-2.557361 49.422916
-2.557361 49.422638
-2.557639 49.422638
-2.557639 49.422085
-2.557361 49.422085
-2.557361 49.421806
-2.556805 49.421806
-2.556805 49.421528
-2.556527 49.421528
-2.556529 49.420971
-2.556251 49.420971
-2.556249 49.420696
-2.555973 49.420696
-2.555973 49.419582
-2.556251 49.419582
-2.556251 49.419304
-2.557083 49.419304
-2.557083 49.419029
-2.558473 49.419029
-2.558473 49.418751
-2.558749 49.418751
-2.558749 49.418194
-2.559305 49.418194
-2.559305 49.417915
-2.559861 49.417915
-2.559861 49.417641
-2.560139 49.417641
-2.560139 49.417362
-2.560417 49.417362
-2.560417 49.416805
-2.560695 49.416805
-2.560695 49.416527
-2.561249 49.416527
-2.561249 49.416248
-2.561527 49.416248
-2.561527 49.415974
-2.562639 49.415974
-2.562639 49.416248
-2.564305 49.416248
-2.564305 49.417084
-2.564027 49.417084
-2.564027 49.417641
-2.564305 49.417641
-2.564305 49.417915
-2.564583 49.417915
-2.564583 49.418194
-2.565139 49.418194
-2.565139 49.418472
-2.565696 49.418472
-2.565696 49.418751
-2.566249 49.418751
-2.566249 49.419029
-2.566527 49.419029
-2.566527 49.419582
-2.566806 49.419582
-2.566806 49.419861
-2.567084 49.419861
-2.567084 49.420418
-2.567362 49.420418
-2.567362 49.420971
-2.567084 49.420971
-2.567084 49.421528
-2.566806 49.421528
-2.566806 49.422359
-2.567084 49.422359
-2.567084 49.422638
-2.567362 49.422638
-2.567362 49.422916
-2.567918 49.422916
-2.567918 49.422638
-2.569028 49.422638
-2.569028 49.422359
-2.569862 49.422359
-2.569862 49.422638
-2.570140 49.422638
-2.570140 49.422916
-2.570416 49.422916
-2.570416 49.423195
-2.570972 49.423195
-2.570972 49.423473
-2.571806 49.423473
-2.571806 49.423195
-2.572084 49.423195
-2.572084 49.422638
-2.572360 49.422638
-2.572362 49.422916
-2.573472 49.422916
-2.573472 49.423195
-2.574584 49.423195
-2.574584 49.423473
-2.576250 49.423473
-2.576250 49.423752
-2.577362 49.423752
-2.577362 49.423473
-2.578194 49.423473
-2.578194 49.423195
-2.578472 49.423195
-2.578472 49.423752
-2.578750 49.423752
-2.578750 49.424026
-2.579582 49.424026
-2.579582 49.424305
-2.580417 49.424305
-2.580417 49.424583
-2.580973 49.424583
-2.580973 49.424305
-2.581251 49.424305
-2.581251 49.424026
-2.581529 49.424026
-2.581529 49.423473
-2.581805 49.423473
-2.581805 49.423195
-2.582083 49.423195
-2.582083 49.422916
-2.582639 49.422916
-2.582639 49.422359
-2.582361 49.422359
-2.582361 49.422085
-2.582083 49.422085
-2.582083 49.421806
-2.581805 49.421806
-2.581805 49.421249
-2.582083 49.421249
-2.582083 49.420696
-2.582361 49.420696
-2.582361 49.420418
-2.584305 49.420418
-2.584305 49.420696
-2.584583 49.420696
-2.584583 49.419582
-2.584861 49.419582
-2.584861 49.419304
-2.585139 49.419304
-2.585139 49.419029
-2.586527 49.419029
-2.586527 49.419304
-2.587083 49.419304
-2.587083 49.419582
-2.587361 49.419582
-2.587361 49.418751
-2.588473 49.418751
-2.588473 49.419029
-2.588749 49.419029
-2.588749 49.419582
-2.589027 49.419582
-2.589027 49.419304
-2.589305 49.419304
-2.589305 49.419029
-2.590139 49.419029
-2.590139 49.419304
-2.590973 49.419304
-2.590973 49.418751
-2.590695 49.418751
-2.590695 49.418194
-2.590417 49.418194
-2.590417 49.417641
-2.590139 49.417641
-2.590139 49.417362
-2.589861 49.417362
-2.589861 49.416248
-2.590139 49.416248
-2.590139 49.415974
-2.590695 49.415974
-2.590695 49.416248
-2.590973 49.416248
-2.590971 49.416527
-2.591249 49.416527
-2.591249 49.416805
-2.591527 49.416805
-2.591527 49.416527
-2.593193 49.416527
-2.593193 49.416805
-2.593749 49.416805
-2.593749 49.417915
-2.594028 49.417915
-2.594028 49.418194
-2.594306 49.418194
-2.594306 49.417915
-2.595418 49.417915
-2.595416 49.418194
-2.597362 49.418194
-2.597362 49.417915
-2.599306 49.417915
-2.599306 49.418194
-2.601528 49.418194
-2.601528 49.418472
-2.602638 49.418472
-2.602638 49.418751
-2.602916 49.418751
-2.602916 49.419029
-2.603194 49.419029
-2.603194 49.419304
-2.603750 49.419304
-2.603750 49.419029
-2.604306 49.419029
-2.604306 49.418751
-2.605416 49.418751
-2.605416 49.418472
-2.606251 49.418472
-2.606251 49.418751
-2.606529 49.418751
-2.606529 49.419029
-2.607082 49.419029
-2.607082 49.419304
-2.607917 49.419304
-2.607917 49.419582
-2.608195 49.419582
-2.608195 49.419861
-2.608751 49.419861
-2.608751 49.419582
-2.609029 49.419582
-2.609029 49.419304
-2.609305 49.419304
-2.609305 49.419029
-2.609861 49.419029
-2.609861 49.418751
-2.610139 49.418751
-2.610139 49.418472
-2.610417 49.418472
-2.610417 49.418194
-2.610695 49.418194
-2.610695 49.417915
-2.610973 49.417915
-2.610973 49.417641
-2.611251 49.417641
-2.611251 49.417084
-2.612083 49.417084
-2.612083 49.417362
-2.612917 49.417362
-2.612917 49.417641
-2.613195 49.417641
-2.613195 49.417915
-2.613749 49.417915
-2.613749 49.418194
-2.614305 49.418194
-2.614305 49.418472
-2.614861 49.418472
-2.614861 49.419304
-2.615139 49.419304
-2.615139 49.419029
-2.616805 49.419029
-2.616805 49.418751
-2.617917 49.418751
-2.617917 49.419029
-2.619027 49.419029
-2.619027 49.418751
-2.619862 49.418751
-2.619862 49.419029
-2.620418 49.419029
-2.620415 49.419304
-2.620693 49.419304
-2.620693 49.419582
-2.620971 49.419582
-2.620971 49.419861
-2.621528 49.419861
-2.621528 49.420139
-2.623194 49.420139
-2.623194 49.419861
-2.624028 49.419861
-2.624028 49.420139
-2.624584 49.420139
-2.624584 49.420418
-2.626528 49.420418
-2.626528 49.420139
-2.627084 49.420139
-2.627084 49.420418
-2.627362 49.420418
-2.627362 49.420696
-2.627638 49.420696
-2.627638 49.421249
-2.627916 49.421249
-2.627916 49.421806
-2.628194 49.421806
-2.628194 49.422085
-2.629028 49.422085
-2.629028 49.421249
-2.629306 49.421249
-2.629306 49.420971
-2.630138 49.420971
-2.630138 49.421249
-2.630416 49.421249
-2.630416 49.421806
-2.631250 49.421806
-2.631250 49.422085
-2.631528 49.422085
-2.631528 49.422359
-2.631806 49.422359
-2.631806 49.422638
-2.632085 49.422638
-2.632085 49.422916
-2.632638 49.422916
-2.632638 49.423195
-2.632916 49.423195
-2.632916 49.423473
-2.633473 49.423473
-2.633473 49.423195
-2.633751 49.423195
-2.633751 49.422916
-2.634861 49.422916
-2.634861 49.422638
-2.635139 49.422638
-2.635139 49.422359
-2.635417 49.422359
-2.635417 49.422085
-2.636805 49.422085
-2.636805 49.422359
-2.637083 49.422359
-2.637083 49.422085
-2.638473 49.422085
-2.638473 49.422359
-2.639305 49.422359
-2.639305 49.422638
-2.639583 49.422638
-2.639583 49.422916
-2.639861 49.422916
-2.639861 49.423473
-2.640139 49.423473
-2.640139 49.424026
-2.642917 49.424026
-2.642917 49.424305
-2.643473 49.424305
-2.643471 49.424583
-2.643749 49.424583
-2.643749 49.424862
-2.644305 49.424862
-2.644305 49.425140
-2.645139 49.425140
-2.645139 49.424862
-2.645417 49.424862
-2.645417 49.424583
-2.645974 49.424583
-2.645974 49.424862
-2.647084 49.424862
-2.647084 49.425140
-2.647640 49.425140
-2.647640 49.425415
-2.648750 49.425415
-2.648750 49.425140
-2.649028 49.425140
-2.649028 49.424862
-2.649306 49.424862
-2.649306 49.424583
-2.649584 49.424583
-2.649584 49.424305
-2.650140 49.424305
-2.650140 49.424026
-2.650416 49.424026
-2.650416 49.423752
-2.650694 49.423752
-2.650694 49.423473
-2.651806 49.423473
-2.651806 49.423752
-2.652362 49.423752
-2.652362 49.424026
-2.652916 49.424026
-2.652916 49.424305
-2.653472 49.424305
-2.653472 49.424026
-2.654306 49.424026
-2.654306 49.423752
-2.655138 49.423752
-2.655138 49.423473
-2.655694 49.423473
-2.655694 49.423195
-2.656528 49.423195
-2.656528 49.422916
-2.658194 49.422916
-2.658194 49.423195
-2.659028 49.423195
-2.659028 49.423473
-2.659585 49.423473
-2.659585 49.423195
-2.660695 49.423195
-2.660695 49.423473
-2.661251 49.423473
-2.661251 49.423195
-2.664583 49.423195
-2.664583 49.423752
-2.664861 49.423752
-2.664861 49.424026
-2.665139 49.424026
-2.665139 49.424305
-2.665417 49.424305
-2.665417 49.424583
-2.665973 49.424583
-2.665973 49.424305
-2.666527 49.424305
-2.666527 49.423752
-2.666805 49.423752
-2.666805 49.423473
-2.667639 49.423473
-2.667639 49.423752
-2.667917 49.423752
-2.667917 49.424583
-2.668195 49.424583
-2.668195 49.424862
-2.668473 49.424862
-2.668473 49.425140
-2.668751 49.425140
-2.668749 49.425415
-2.669027 49.425415
-2.669027 49.425694
-2.669305 49.425694
-2.669305 49.425972
-2.669861 49.425972
-2.669861 49.426250
-2.670139 49.426250
-2.670139 49.426529
-2.671251 49.426529
-2.671249 49.426807
-2.671527 49.426807
-2.671527 49.427082
-2.672639 49.427082
-2.672639 49.427361
-2.673193 49.427361
-2.673193 49.428471
-2.673471 49.428471
-2.673471 49.429028
-2.674862 49.429028
-2.674862 49.429306
-2.675140 49.429306
-2.675140 49.431252
-2.674862 49.431252
-2.674862 49.431805
-2.675140 49.431805
-2.675140 49.432362
-2.675418 49.432362
-2.675415 49.432915
-2.675694 49.432919
-2.675694 49.433750
-2.675418 49.433750
-2.675415 49.434582
-2.675694 49.434582
-2.675694 49.434860
-2.675972 49.434860
-2.675972 49.435696
-2.675694 49.435696
-2.675694 49.435417
-2.675137 49.435417
-2.675140 49.435139
-2.674306 49.435139
-2.674306 49.435974
-2.674027 49.435974
-2.674027 49.436249
-2.673749 49.436249
-2.673749 49.436527
-2.673193 49.436527
-2.673193 49.436806
-2.672918 49.436806
-2.672918 49.437084
-2.671805 49.437084
-2.671805 49.437637
-2.670417 49.437637
-2.670417 49.436527
-2.670139 49.436527
-2.670139 49.436249
-2.669583 49.436249
-2.669583 49.435974
-2.668751 49.435974
-2.668751 49.436249
-2.668473 49.436249
-2.668473 49.436527
-2.667917 49.436527
-2.667917 49.436806
-2.667361 49.436806
-2.667361 49.437084
-2.667083 49.437084
-2.667083 49.437363
-2.666527 49.437363
-2.666527 49.437084
-2.665973 49.437084
-2.665973 49.436806
-2.665417 49.436806
-2.665417 49.436527
-2.664583 49.436527
-2.664583 49.435974
-2.664305 49.435974
-2.664305 49.435696
-2.663749 49.435696
-2.663751 49.435417
-2.662639 49.435417
-2.662639 49.435696
-2.660973 49.435696
-2.660973 49.435974
-2.660416 49.435974
-2.660416 49.435417
-2.660138 49.435417
-2.660138 49.435139
-2.659582 49.435139
-2.659585 49.434582
-2.659307 49.434582
-2.659307 49.434307
-2.657084 49.434307
-2.657084 49.434582
-2.656806 49.434582
-2.656806 49.434860
-2.656528 49.434860
-2.656528 49.435417
-2.657362 49.435417
-2.657360 49.435696
-2.657638 49.435696
-2.657638 49.436249
-2.657362 49.436249
-2.657362 49.436527
-2.656806 49.436527
-2.656806 49.436806
-2.655972 49.436806
-2.655972 49.437084
-2.654584 49.437084
-2.654584 49.437637
-2.654306 49.437637
-2.654306 49.437916
-2.655694 49.437916
-2.655694 49.437637
-2.656528 49.437637
-2.656528 49.437916
-2.656806 49.437916
-2.656806 49.438473
-2.656528 49.438473
-2.656528 49.438751
-2.655972 49.438751
-2.655972 49.439026
-2.655694 49.439030
-2.655694 49.439304
-2.655416 49.439304
-2.655416 49.439861
-2.655694 49.439861
-2.655694 49.440418
-2.655416 49.440418
-2.655416 49.440693
-2.653750 49.440693
-2.653750 49.440418
-2.652916 49.440418
-2.652916 49.440971
-2.651806 49.440971
-2.651806 49.441250
-2.651528 49.441250
-2.651528 49.441528
-2.651250 49.441528
-2.651250 49.443748
-2.650972 49.443748
-2.650972 49.444584
-2.650694 49.444584
-2.650694 49.445137
-2.650416 49.445137
-2.650416 49.445972
-2.650140 49.445972
-2.650140 49.446804
-2.649862 49.446804
-2.649862 49.448193
-2.650140 49.448193
-2.650138 49.448750
-2.650416 49.448750
-2.650416 49.449306
-2.650694 49.449306
-2.650694 49.449585
-2.650972 49.449585
-2.650972 49.450138
-2.651250 49.450138
-2.651250 49.450974
-2.651528 49.450974
-2.651528 49.452084
-2.651806 49.452084
-2.651806 49.453472
-2.652638 49.453472
-2.652638 49.453751
-2.654860 49.453751
-2.654862 49.453472
-2.655138 49.453472
-2.655138 49.453194
-2.655972 49.453194
-2.655972 49.453472
-2.656250 49.453472
-2.656250 49.453751
-2.656528 49.453751
-2.656528 49.454029
-2.656806 49.454029
-2.656806 49.454304
-2.657362 49.454304
-2.657360 49.454582
-2.659028 49.454582
-2.659028 49.454861
-2.659307 49.454861
-2.659307 49.455139
-2.659863 49.455139
-2.659863 49.454861
-2.661251 49.454861
-2.661251 49.455139
-2.661529 49.455139
-2.661529 49.455971
-2.661251 49.455971
-2.661251 49.456249
-2.660973 49.456249
-2.660973 49.456528
-2.660416 49.456528
-2.660416 49.456806
-2.660138 49.456806
-2.660138 49.457085
-2.659863 49.457085
-2.659863 49.457359
-2.659585 49.457359
-2.659585 49.457638
-2.658472 49.457638
-2.658472 49.458752
-2.658750 49.458752
-2.658750 49.459583
-2.658472 49.459583
-2.658472 49.459862
-2.658194 49.459862
-2.658194 49.460140
-2.657084 49.460140
-2.657084 49.459862
-2.656806 49.459862
-2.656806 49.459305
-2.656528 49.459305
-2.656528 49.459026
-2.655972 49.459026
-2.655972 49.458752
-2.654862 49.458752
-2.654860 49.458473
-2.654306 49.458473
-2.654306 49.458195
-2.654028 49.458195
-2.654028 49.457916
-2.653750 49.457916
-2.653750 49.457638
-2.652916 49.457638
-2.652916 49.457916
-2.652084 49.457916
-2.652084 49.458195
-2.651528 49.458195
-2.651528 49.458473
-2.651250 49.458473
-2.651250 49.458752
-2.650694 49.458752
-2.650694 49.459026
-2.649862 49.459026
-2.649862 49.459305
-2.649306 49.459305
-2.649306 49.459583
-2.648750 49.459583
-2.648750 49.459862
-2.648472 49.459862
-2.648472 49.460140
-2.647918 49.460140
-2.647918 49.460415
-2.647362 49.460415
-2.647362 49.460972
-2.647640 49.460972
-2.647640 49.461250
-2.648193 49.461250
-2.648193 49.461529
-2.648750 49.461529
-2.648750 49.461807
-2.649306 49.461807
-2.649306 49.462082
-2.649862 49.462082
-2.649862 49.462360
-2.650694 49.462360
-2.650694 49.462639
-2.650972 49.462639
-2.650972 49.463196
-2.650694 49.463196
-2.650694 49.463470
-2.648750 49.463470
-2.648750 49.463749
-2.648472 49.463749
-2.648472 49.464027
-2.647640 49.464027
-2.647640 49.463749
-2.647362 49.463749
-2.647362 49.462639
-2.646805 49.462639
-2.646805 49.462360
-2.646527 49.462360
-2.646527 49.462082
-2.646249 49.462082
-2.646249 49.461807
-2.645974 49.461807
-2.645974 49.460972
-2.645696 49.460972
-2.645696 49.460693
-2.645139 49.460693
-2.645139 49.460415
-2.644861 49.460415
-2.644861 49.460693
-2.644583 49.460693
-2.644583 49.461250
-2.644305 49.461250
-2.644305 49.461529
-2.643749 49.461529
-2.643749 49.461807
-2.642083 49.461807
-2.642083 49.461529
-2.641805 49.461529
-2.641805 49.461250
-2.640695 49.461250
-2.640695 49.460972
-2.640139 49.460972
-2.640139 49.460693
-2.639861 49.460693
-2.639861 49.460415
-2.639583 49.460415
-2.639583 49.459862
-2.638751 49.459862
-2.638751 49.459583
-2.637361 49.459583
-2.637361 49.459305
-2.635973 49.459305
-2.635973 49.459583
-2.635695 49.459583
-2.635695 49.459862
-2.634861 49.459862
-2.634861 49.460140
-2.634582 49.460140
-2.634582 49.460415
-2.634304 49.460415
-2.634304 49.460693
-2.634029 49.460693
-2.634029 49.460972
-2.633473 49.460972
-2.633473 49.461250
-2.632916 49.461250
-2.632916 49.461529
-2.632638 49.461529
-2.632638 49.461807
-2.632360 49.461807
-2.632360 49.462082
-2.632085 49.462082
-2.632085 49.462360
-2.631806 49.462360
-2.631806 49.462639
-2.632085 49.462639
-2.632085 49.462917
-2.632360 49.462917
-2.632360 49.463196
-2.632638 49.463196
-2.632638 49.463470
-2.632916 49.463470
-2.632916 49.463749
-2.633194 49.463749
-2.633194 49.465416
-2.632916 49.465416
-2.632916 49.465694
-2.632638 49.465694
-2.632638 49.465973
-2.632360 49.465973
-2.632360 49.466251
-2.631806 49.466251
-2.631806 49.465973
-2.630972 49.465973
-2.630972 49.465694
-2.630694 49.465694
-2.630694 49.465973
-2.630138 49.465973
-2.630138 49.466251
-2.629862 49.466251
-2.629860 49.466526
-2.630138 49.466526
-2.630138 49.466805
-2.630416 49.466805
-2.630416 49.467083
-2.630694 49.467083
-2.630694 49.467918
-2.630416 49.467918
-2.630416 49.468193
-2.629028 49.468193
-2.629028 49.467918
-2.628750 49.467918
-2.628750 49.468193
-2.628194 49.468193
-2.628194 49.468472
-2.627916 49.468472
-2.627916 49.468750
-2.627638 49.468750
-2.627638 49.469028
-2.626528 49.469028
-2.626528 49.468750
-2.626250 49.468750
-2.626250 49.468472
-2.624860 49.468472
-2.624862 49.467640
-2.625138 49.467640
-2.625140 49.467361
-2.625694 49.467361
-2.625694 49.466526
-2.624862 49.466526
-2.624862 49.466618
-2.624862 49.466805
-2.624584 49.466805
-2.624584 49.467083
-2.624028 49.467083
-2.624028 49.467361
-2.623750 49.467361
-2.623750 49.466805
-2.622916 49.466805
-2.622916 49.466526
-2.622640 49.466526
-2.622640 49.465973
-2.623194 49.465973
-2.623194 49.465694
-2.623750 49.465694
-2.623750 49.465416
-2.624028 49.465416
-2.624028 49.465137
-2.624584 49.465137
-2.624584 49.464863
-2.624306 49.464863
-2.624306 49.464584
-2.623472 49.464584
-2.623472 49.464306
-2.623194 49.464306
-2.623194 49.464027
-2.622638 49.464027
-2.622640 49.463749
-2.622362 49.463749
-2.622362 49.463470
-2.621806 49.463470
-2.621806 49.463196
-2.619027 49.463196
-2.619027 49.463470
-2.617083 49.463470
-2.617083 49.463749
-2.616805 49.463749
-2.616805 49.464027
-2.615139 49.464027
-2.615139 49.464306
-2.614583 49.464306
-2.614583 49.464584
-2.612361 49.464584
-2.612361 49.465137
-2.609861 49.465137
-2.609861 49.465416
-2.609029 49.465416
-2.609029 49.465694
-2.608473 49.465694
-2.608473 49.465973
-2.608195 49.465973
-2.608195 49.466526
-2.607917 49.466526
-2.607917 49.467083
-2.607639 49.467083
-2.607639 49.467640
-2.607360 49.467640
-2.607360 49.468193
-2.607082 49.468193
-2.607082 49.468750
-2.606807 49.468750
-2.606807 49.469582
-2.606529 49.469582
-2.606529 49.471249
-2.606807 49.471249
-2.606807 49.471527
-2.607082 49.471527
-2.607082 49.472084
-2.607917 49.472084
-2.607917 49.471806
-2.609029 49.471806
-2.609029 49.472084
-2.610417 49.472084
-2.610417 49.472363
-2.610695 49.472363
-2.610695 49.472637
-2.611251 49.472637
-2.611251 49.472916
-2.611527 49.472916
-2.611527 49.473194
-2.611805 49.473194
-2.611805 49.473473
-2.614861 49.473473
-2.614861 49.473751
-2.615417 49.473751
-2.615417 49.474030
-2.615973 49.474030
-2.615973 49.474861
-2.616251 49.474861
-2.616251 49.476250
-2.614583 49.476250
-2.614583 49.475971
-2.612917 49.475971
-2.612917 49.475693
-2.612083 49.475693
-2.612083 49.475418
-2.610695 49.475418
-2.610695 49.475140
-2.610139 49.475140
-2.610139 49.474861
-2.608751 49.474861
-2.608751 49.475971
-2.608473 49.475971
-2.608473 49.476250
-2.607917 49.476250
-2.607917 49.475971
-2.606807 49.475971
-2.606807 49.476250
-2.606251 49.476250
-2.606251 49.475971
-2.605972 49.475971
-2.605972 49.475693
-2.605694 49.475693
-2.605694 49.474861
-2.605416 49.474861
-2.605416 49.474583
-2.605138 49.474583
-2.605138 49.474030
-2.604582 49.474030
-2.604584 49.473751
-2.604306 49.473751
-2.604306 49.474583
-2.604028 49.474583
-2.604028 49.475971
-2.603750 49.475971
-2.603750 49.476250
-2.602916 49.476250
-2.602916 49.475971
-2.602638 49.475971
-2.602638 49.475693
-2.602084 49.475693
-2.602084 49.475418
-2.601528 49.475418
-2.601528 49.476528
-2.601250 49.476528
-2.601250 49.476807
-2.600138 49.476807
-2.600138 49.476528
-2.599862 49.476528
-2.599862 49.476250
-2.599306 49.476250
-2.599306 49.475971
-2.598472 49.475971
-2.598472 49.475693
-2.595694 49.475693
-2.595694 49.475971
-2.594306 49.475971
-2.594306 49.476250
-2.593749 49.476250
-2.593749 49.476528
-2.592640 49.476528
-2.592640 49.476807
-2.591805 49.476807
-2.591805 49.477638
-2.591527 49.477638
-2.591527 49.478195
-2.591249 49.478195
-2.591249 49.478748
-2.590695 49.478748
-2.590695 49.479027
-2.590417 49.479027
-2.590417 49.479584
-2.590139 49.479584
-2.590139 49.479862
-2.589861 49.479862
-2.589861 49.480141
-2.589305 49.480141
-2.589305 49.480415
-2.589027 49.480415
-2.589027 49.480972
-2.588751 49.480972
-2.588749 49.481529
-2.589027 49.481529
-2.589027 49.481804
-2.589305 49.481804
-2.589305 49.482639
-2.588195 49.482639
-2.588195 49.482918
-2.587917 49.482918
-2.587917 49.483749
-2.587361 49.483749
-2.587361 49.485695
-2.587639 49.485695
-2.587639 49.485973
-2.587917 49.485973
-2.587917 49.486252
-2.589027 49.486252
-2.589027 49.486526
-2.589305 49.486526
-2.589305 49.486805
-2.589861 49.486805
-2.589861 49.487083
-2.590973 49.487083
-2.590973 49.486805
-2.591249 49.486805
-2.591249 49.486526
-2.592083 49.486526
-2.592083 49.486805
-2.593471 49.486805
-2.593471 49.487083
-2.594028 49.487083
-2.594028 49.487362
-2.594584 49.487362
-2.594584 49.487640
-2.594862 49.487640
-2.594862 49.487362
-2.595694 49.487362
-2.595694 49.487640
-2.595972 49.487640
-2.595972 49.488750
-2.595694 49.488750
-2.595694 49.489029
-2.595418 49.489029
-2.595418 49.489307
-2.595140 49.489307
-2.595140 49.489582
-2.594862 49.489582
-2.594862 49.489861
-2.594584 49.489861
-2.594584 49.490139
-2.593749 49.490139
-2.593749 49.489861
-2.593471 49.489861
-2.593471 49.489582
-2.593193 49.489582
-2.593193 49.489029
-2.592918 49.489029
-2.592918 49.488750
-2.592361 49.488750
-2.592361 49.488472
-2.592083 49.488472
-2.592083 49.488194
-2.591249 49.488194
-2.591249 49.488472
-2.590973 49.488472
-2.590973 49.488750
-2.590695 49.488750
-2.590695 49.489029
-2.590417 49.489029
-2.590417 49.489307
-2.588473 49.489307
-2.588473 49.489029
-2.587639 49.489029
-2.587639 49.489307
-2.587917 49.489307
-2.587917 49.490417
-2.587639 49.490417
-2.587639 49.490696
-2.586527 49.490696
-2.586527 49.490417
-2.586251 49.490417
-2.586251 49.490139
-2.585973 49.490139
-2.585973 49.490417
-2.585695 49.490417
-2.585695 49.490696
-2.585139 49.490696
-2.585139 49.490417
-2.584861 49.490417
-2.584861 49.490139
-2.584583 49.490139
-2.584583 49.489861
-2.582361 49.489861
-2.582361 49.489582
-2.582083 49.489582
-2.582083 49.489307
-2.581805 49.489307
-2.581805 49.488750
-2.581526 49.488750
-2.581529 49.487640
-2.581805 49.487640
-2.581805 49.487083
-2.580695 49.487083
-2.580695 49.487362
-2.579860 49.487362
-2.579860 49.487640
-2.580417 49.487640
-2.580417 49.487915
-2.580695 49.487915
-2.580695 49.488472
-2.580973 49.488472
-2.580973 49.489582
-2.581251 49.489582
-2.581251 49.490139
-2.580973 49.490139
-2.580973 49.490417
-2.579582 49.490417
-2.579582 49.490139
-2.579029 49.490139
-2.579029 49.490417
-2.577638 49.490417
-2.577638 49.490696
-2.576528 49.490696
-2.576528 49.490971
-2.576250 49.490971
-2.576250 49.491249
-2.576806 49.491249
-2.576806 49.491528
-2.578472 49.491528
-2.578472 49.491806
-2.579029 49.491806
-2.579029 49.492085
-2.579860 49.492085
-2.579860 49.492363
-2.580138 49.492363
-2.580138 49.492638
-2.580417 49.492638
-2.580417 49.493195
-2.580138 49.493195
-2.580138 49.493473
-2.577916 49.493473
-2.577916 49.493752
-2.577084 49.493752
-2.577084 49.494026
-2.576250 49.494026
-2.576250 49.494305
-2.576528 49.494305
-2.576528 49.495419
-2.576250 49.495419
-2.576250 49.495693
-2.575416 49.495693
-2.575416 49.495419
-2.574584 49.495419
-2.574584 49.495140
-2.573750 49.495140
-2.573750 49.494862
-2.573472 49.494862
-2.573472 49.494305
-2.572916 49.494305
-2.572916 49.494026
-2.571528 49.494026
-2.571528 49.494862
-2.571806 49.494862
-2.571806 49.495140
-2.572084 49.495140
-2.572084 49.495415
-2.572360 49.495419
-2.572362 49.495693
-2.572640 49.495693
-2.572640 49.495972
-2.572916 49.495972
-2.572916 49.496529
-2.573194 49.496529
-2.573194 49.496807
-2.573472 49.496807
-2.573472 49.497360
-2.573194 49.497360
-2.573194 49.497639
-2.572916 49.497639
-2.572916 49.497917
-2.572084 49.497917
-2.572084 49.497639
-2.571250 49.497639
-2.571250 49.497917
-2.570972 49.497917
-2.570972 49.498196
-2.569584 49.498196
-2.569584 49.497917
-2.569028 49.497917
-2.569028 49.497639
-2.568472 49.497639
-2.568472 49.497360
-2.567362 49.497360
-2.567362 49.496807
-2.567084 49.496807
-2.567084 49.496529
-2.566806 49.496529
-2.566806 49.496807
-2.566249 49.496807
-2.566249 49.498196
-2.565974 49.498196
-2.565974 49.498474
-2.565139 49.498474
-2.565139 49.498196
-2.564861 49.498196
-2.564861 49.497917
-2.564583 49.497917
-2.564583 49.497360
-2.563471 49.497360
-2.563471 49.497082
-2.563195 49.497082
-2.563195 49.496250
-2.562917 49.496250
-2.562917 49.495972
-2.562361 49.495972
-2.562361 49.495693
-2.562083 49.495693
-2.562083 49.495140
-2.561805 49.495140
-2.561805 49.495419
-2.560417 49.495419
-2.560417 49.495140
-2.559027 49.495140
-2.559027 49.495419
-2.558749 49.495419
-2.558749 49.495693
-2.558473 49.495693
-2.558473 49.495972
-2.558195 49.495972
-2.558195 49.496529
-2.557917 49.496529
-2.557917 49.497917
-2.558195 49.497917
-2.558195 49.498470
-2.558473 49.498474
-2.558473 49.499306
-2.558195 49.499306
-2.558195 49.499584
-2.557361 49.499584
-2.557361 49.499863
-2.555973 49.499863
-2.555973 49.499584
-2.554304 49.499584
-2.554304 49.499306
-2.552638 49.499306
-2.552638 49.499027
-2.551807 49.499027
-2.551807 49.498749
-2.551528 49.498749
-2.551528 49.498196
-2.551807 49.498196
-2.551807 49.497917
-2.552085 49.497917
-2.552085 49.497360
-2.552360 49.497360
-2.552360 49.497082
-2.552916 49.497082
-2.552916 49.495972
-2.553195 49.495972
-2.553195 49.495140
-2.552638 49.495140
-2.552638 49.494862
-2.552082 49.494862
-2.552085 49.494583
-2.551528 49.494583
-2.551528 49.494305
-2.550416 49.494305
-2.550416 49.494026
-2.550138 49.494026
-2.550138 49.493752
-2.549584 49.493752
-2.549584 49.494026
-2.548194 49.494026
-2.548194 49.493752
-2.547638 49.493752
-2.547638 49.493473
-2.547362 49.493473
-2.547362 49.493195
-2.546806 49.493195
-2.546806 49.492916
-2.546528 49.492916
-2.546528 49.492638
-2.546250 49.492638
-2.546250 49.492085
-2.545972 49.492085
-2.545972 49.491806
-2.545138 49.491806
-2.545138 49.491528
-2.544028 49.491528
-2.544028 49.492363
-2.543750 49.492363
-2.543750 49.492638
-2.543472 49.492638
-2.543472 49.493473
-2.544028 49.493473
-2.544028 49.493752
-2.544306 49.493752
-2.544306 49.494583
-2.543750 49.494583
-2.543750 49.494862
-2.543472 49.494862
-2.543472 49.495972
-2.543194 49.495972
-2.543194 49.496807
-2.544306 49.496807
-2.544306 49.497082
-2.544862 49.497082
-2.544862 49.497360
-2.545138 49.497360
-2.545138 49.498196
-2.544862 49.498196
-2.544862 49.498474
-2.542362 49.498474
-2.542362 49.498749
-2.542084 49.498749
-2.542084 49.500137
-2.541806 49.500137
-2.541806 49.501804
-2.541528 49.501804
-2.541528 49.502083
-2.541250 49.502083
-2.541250 49.502640
-2.541528 49.502640
-2.541528 49.502918
-2.542640 49.502918
-2.542640 49.503193
-2.543750 49.503193
-2.543750 49.504028
-2.544028 49.504028
-2.544028 49.503750
-2.544584 49.503750
-2.544584 49.503471
-2.545416 49.503471
-2.545416 49.503750
-2.545694 49.503750
-2.545694 49.504028
-2.545972 49.504028
-2.545972 49.503750
-2.547362 49.503750
-2.547362 49.504028
-2.547638 49.504028
-2.547638 49.504307
-2.548472 49.504307
-2.548472 49.504581
-2.549306 49.504581
-2.549306 49.504860
-2.549584 49.504860
-2.549584 49.505974
-2.549306 49.505974
-2.549306 49.506527
-2.549028 49.506527
-2.549028 49.506805
-2.547362 49.506805
-2.547362 49.507084
-2.545694 49.507084
-2.545694 49.507362
-2.544862 49.507362
-2.544862 49.507637
-2.544306 49.507637
-2.544306 49.507915
-2.543750 49.507915
-2.543750 49.508194
-2.543194 49.508194
-2.543194 49.508472
-2.542084 49.508472
-2.542084 49.508194
-2.541250 49.508194
-2.541250 49.507915
-2.540693 49.507915
-2.540693 49.508194
-2.540140 49.508194
-2.540140 49.508472
-2.538749 49.508472
-2.538749 49.508194
-2.538471 49.508194
-2.538471 49.508751
-2.538196 49.508751
-2.538196 49.509029
-2.537917 49.509029
-2.537917 49.509304
-2.537083 49.509304
-2.537083 49.509029
-2.536805 49.509029
-2.536805 49.508751
-2.536527 49.508751
-2.536527 49.508472
-2.536249 49.508472
-2.536249 49.508194
-2.535695 49.508194
-2.535695 49.507915
-2.535417 49.507915
-2.535417 49.507637
-2.535139 49.507637
-2.535139 49.507362
-2.534027 49.507362
-2.534027 49.507637
-2.533751 49.507637
-2.533751 49.508194
-2.533473 49.508194
-2.533473 49.508472
-2.533195 49.508472
-2.533195 49.508751
-2.532083 49.508751
-2.532083 49.508472
-2.531805 49.508472
-2.531805 49.509583
-2.531527 49.509583
-2.531527 49.509861
-2.530695 49.509861
-2.530695 49.509583
-2.530417 49.509583
-2.530417 49.509304
-2.530139 49.509304
-2.530139 49.508472
-2.530417 49.508472
-2.530417 49.507637
-2.530695 49.507637
-2.530695 49.507362
-2.530973 49.507362
-2.530973 49.507084
-2.531251 49.507084
-2.531251 49.506805
-2.531527 49.506805
-2.531527 49.506527
-2.531805 49.506527
-2.531805 49.505417
-2.532917 49.505417
-2.532917 49.504860
-2.533195 49.504860
-2.533195 49.504028
-2.532361 49.504028
-2.532361 49.503750
-2.532083 49.503750
-2.532083 49.503471
-2.531527 49.503471
-2.531527 49.503193
-2.530417 49.503193
-2.530417 49.503750
-2.530139 49.503750
-2.530139 49.504028
-2.529583 49.504028
-2.529583 49.503750
-2.528195 49.503750
-2.528195 49.503471
-2.527917 49.503471
-2.527917 49.502918
-2.527639 49.502918
-2.527639 49.502361
-2.527361 49.502361
-2.527361 49.502083
-2.524585 49.502083
-2.524585 49.502361
-2.524028 49.502361
-2.524028 49.502640
-2.523750 49.502640
-2.523750 49.503471
-2.523472 49.503471
-2.523472 49.503750
-2.521806 49.503750
-2.521806 49.504581
-2.521528 49.504585
-2.521528 49.505695
-2.521806 49.505695
-2.521806 49.506248
-2.521528 49.506248
-2.521528 49.506527
-2.520694 49.506527
-2.520694 49.506805
-2.520416 49.506805
-2.520416 49.507084
-2.519584 49.507084
-2.519584 49.507362
-2.519028 49.507362
-2.519028 49.507915
-2.519584 49.507915
-2.519584 49.508194
-2.519862 49.508194
-2.519862 49.509029
-2.519584 49.509029
-2.519584 49.509304
-2.519306 49.509304
-2.519306 49.509583
-2.519028 49.509583
-2.519028 49.509861
-2.518194 49.509861
> guernsey 12
-2.209583 49.697918
-2.209583 49.697639
-2.207917 49.697639
-2.207917 49.696804
-2.208195 49.696804
-2.208195 49.696529
-2.208751 49.696529
-2.208751 49.696251
-2.209861 49.696251
-2.209861 49.696529
-2.210139 49.696529
-2.210139 49.696804
-2.210695 49.696804
-2.210695 49.697083
-2.211251 49.697083
-2.211251 49.697361
-2.212083 49.697361
-2.212083 49.697918
-2.209583 49.697918
> guernsey 13
-2.239305 49.705696
-2.239305 49.705418
-2.238749 49.705418
-2.238749 49.705139
-2.237639 49.705139
-2.237639 49.704861
-2.237083 49.704861
-2.237083 49.704582
-2.236527 49.704582
-2.236527 49.704304
-2.236249 49.704304
-2.236249 49.703472
-2.236527 49.703472
-2.236527 49.703194
-2.241252 49.703194
-2.241252 49.703751
-2.242083 49.703751
-2.242083 49.704861
-2.241805 49.704861
-2.241805 49.705418
-2.241527 49.705418
-2.241527 49.705696
-2.239305 49.705696
> guernsey 14
-2.166806 49.719860
-2.166806 49.719582
-2.166528 49.719582
-2.166528 49.719307
-2.166250 49.719307
-2.166250 49.719028
-2.165972 49.719028
-2.165972 49.718472
-2.165694 49.718472
-2.165694 49.717918
-2.165972 49.717918
-2.165972 49.717361
-2.166250 49.717361
-2.166250 49.717083
-2.166806 49.717083
-2.166806 49.717361
-2.167362 49.717361
-2.167362 49.717640
-2.167638 49.717640
-2.167638 49.717361
-2.168194 49.717361
-2.168194 49.717083
-2.168750 49.717083
-2.168750 49.717361
-2.169028 49.717361
-2.169028 49.717640
-2.169306 49.717640
-2.169306 49.718193
-2.169028 49.718193
-2.169028 49.718472
-2.168750 49.718472
-2.168750 49.718750
-2.168472 49.718750
-2.168472 49.719307
-2.168194 49.719307
-2.168194 49.719582
-2.167362 49.719582
-2.167362 49.719860
-2.166806 49.719860
> guernsey 15
-2.373749 49.722916
-2.373749 49.722637
-2.372639 49.722637
-2.372639 49.722363
-2.372361 49.722363
-2.372361 49.722084
-2.372639 49.722084
-2.372639 49.721806
-2.373195 49.721806
-2.373195 49.721527
-2.373749 49.721527
-2.373749 49.721249
-2.375417 49.721249
-2.375417 49.720974
-2.375695 49.720974
-2.375695 49.720695
-2.376252 49.720695
-2.376252 49.720417
-2.377640 49.720417
-2.377640 49.720974
-2.379028 49.720974
-2.379028 49.720695
-2.379584 49.720695
-2.379584 49.720974
-2.379306 49.720974
-2.379306 49.721806
-2.378471 49.721806
-2.378471 49.722084
-2.378196 49.722084
-2.378196 49.722363
-2.377640 49.722363
-2.377640 49.722637
-2.377083 49.722637
-2.377083 49.722916
-2.373749 49.722916
> guernsey 16
-2.177639 49.733471
-2.177639 49.733196
-2.177082 49.733196
-2.177082 49.732918
-2.176529 49.732918
-2.176529 49.732639
-2.175973 49.732639
-2.175973 49.732361
-2.175416 49.732361
-2.175416 49.732082
-2.174860 49.732082
-2.174860 49.731804
-2.174306 49.731804
-2.174306 49.731529
-2.173750 49.731529
-2.173750 49.731251
-2.174028 49.731251
-2.174028 49.730415
-2.173750 49.730415
-2.173750 49.730141
-2.173194 49.730141
-2.173194 49.729862
-2.172916 49.729862
-2.172916 49.729305
-2.172638 49.729305
-2.172638 49.728748
-2.172084 49.728748
-2.172084 49.729027
-2.171806 49.729027
-2.171806 49.729862
-2.171528 49.729862
-2.171528 49.730141
-2.171250 49.730141
-2.171250 49.730694
-2.170972 49.730694
-2.170972 49.731251
-2.169862 49.731251
-2.169862 49.730972
-2.169306 49.730972
-2.169306 49.730694
-2.169028 49.730694
-2.169028 49.730415
-2.168750 49.730415
-2.168750 49.730141
-2.168472 49.730141
-2.168472 49.730694
-2.167916 49.730694
-2.167916 49.731529
-2.167640 49.731529
-2.167638 49.731804
-2.165972 49.731804
-2.165972 49.731529
-2.165694 49.731529
-2.165694 49.730694
-2.165416 49.730694
-2.165418 49.730415
-2.164862 49.730415
-2.164862 49.730972
-2.164584 49.730972
-2.164584 49.732082
-2.163750 49.732082
-2.163750 49.732639
-2.162362 49.732639
-2.162362 49.732361
-2.161805 49.732361
-2.161805 49.732082
-2.160971 49.732082
-2.160974 49.731804
-2.160417 49.731804
-2.160417 49.731529
-2.160139 49.731529
-2.160139 49.731251
-2.159861 49.731251
-2.159861 49.730972
-2.160695 49.730972
-2.160695 49.730694
-2.161249 49.730694
-2.161249 49.730415
-2.161527 49.730415
-2.161527 49.729862
-2.159583 49.729862
-2.159583 49.730415
-2.158473 49.730415
-2.158473 49.730141
-2.158195 49.730141
-2.158195 49.729027
-2.157917 49.729027
-2.157917 49.728474
-2.157639 49.728474
-2.157639 49.728195
-2.157083 49.728195
-2.157083 49.727917
-2.157639 49.727917
-2.157639 49.727638
-2.158195 49.727638
-2.158195 49.727360
-2.158473 49.727360
-2.158473 49.726807
-2.158195 49.726807
-2.158195 49.726528
-2.157361 49.726528
-2.157361 49.726807
-2.157083 49.726807
-2.157083 49.727085
-2.156805 49.727085
-2.156805 49.727360
-2.155973 49.727360
-2.155973 49.727085
-2.155695 49.727085
-2.155695 49.725971
-2.155973 49.725971
-2.155973 49.725693
-2.156527 49.725693
-2.156527 49.725418
-2.157083 49.725418
-2.157083 49.725140
-2.157639 49.725140
-2.157639 49.724861
-2.158473 49.724861
-2.158473 49.725140
-2.158751 49.725140
-2.158751 49.725418
-2.159305 49.725418
-2.159305 49.724583
-2.159861 49.724583
-2.159861 49.724304
-2.160417 49.724304
-2.160417 49.723751
-2.160695 49.723751
-2.160695 49.723473
-2.161252 49.723473
-2.161252 49.723751
-2.162362 49.723751
-2.162362 49.723473
-2.162640 49.723473
-2.162640 49.723194
-2.162918 49.723194
-2.162918 49.722916
-2.163193 49.722916
-2.163193 49.722363
-2.163471 49.722363
-2.163471 49.721527
-2.163750 49.721527
-2.163750 49.720974
-2.164306 49.720974
-2.164306 49.720695
-2.164584 49.720695
-2.164584 49.720417
-2.166250 49.720417
-2.166250 49.720695
-2.167084 49.720695
-2.167084 49.720974
-2.169028 49.720974
-2.169028 49.721249
-2.169584 49.721249
-2.169584 49.721527
-2.170416 49.721527
-2.170416 49.721806
-2.170972 49.721806
-2.170972 49.722084
-2.171528 49.722084
-2.171528 49.721806
-2.173750 49.721806
-2.173750 49.721527
-2.174028 49.721527
-2.174028 49.721249
-2.174306 49.721249
-2.174306 49.720974
-2.174585 49.720974
-2.174585 49.720695
-2.174306 49.720695
-2.174306 49.720417
-2.173472 49.720417
-2.173472 49.720139
-2.173194 49.720139
-2.173194 49.719860
-2.172638 49.719860
-2.172638 49.719582
-2.172360 49.719582
-2.172362 49.719307
-2.172084 49.719307
-2.172084 49.716251
-2.172362 49.716251
-2.172362 49.715973
-2.174028 49.715973
-2.174028 49.715694
-2.174585 49.715694
-2.174585 49.714027
-2.174860 49.714027
-2.174860 49.713749
-2.175138 49.713749
-2.175138 49.713470
-2.176251 49.713470
-2.176251 49.713749
-2.176529 49.713749
-2.176529 49.714027
-2.178751 49.714027
-2.178751 49.714306
-2.180695 49.714306
-2.180695 49.712917
-2.180973 49.712917
-2.180973 49.712639
-2.180695 49.712639
-2.180695 49.712082
-2.182361 49.712082
-2.182361 49.712360
-2.183195 49.712360
-2.183195 49.711529
-2.183473 49.711529
-2.183473 49.710972
-2.184861 49.710972
-2.184861 49.710693
-2.185417 49.710693
-2.185417 49.710415
-2.185695 49.710415
-2.185695 49.710140
-2.186527 49.710140
-2.186527 49.710415
-2.187083 49.710415
-2.187083 49.709862
-2.186805 49.709862
-2.186805 49.709583
-2.186527 49.709583
-2.186527 49.709026
-2.187083 49.709026
-2.187083 49.708752
-2.187361 49.708752
-2.187361 49.708473
-2.189584 49.708473
-2.189584 49.708195
-2.189862 49.708195
-2.189862 49.707916
-2.190140 49.707916
-2.190140 49.707085
-2.190693 49.707085
-2.190693 49.706806
-2.190972 49.706806
-2.190972 49.706528
-2.191528 49.706528
-2.191528 49.706249
-2.193194 49.706249
-2.193194 49.705971
-2.194862 49.705971
-2.194862 49.705696
-2.196528 49.705696
-2.196528 49.705418
-2.201807 49.705418
-2.201807 49.705139
-2.203473 49.705139
-2.203473 49.704861
-2.204304 49.704861
-2.204304 49.704582
-2.205139 49.704582
-2.205139 49.704304
-2.205417 49.704304
-2.205417 49.704029
-2.205695 49.704029
-2.205695 49.703751
-2.206251 49.703751
-2.206251 49.703472
-2.206527 49.703472
-2.206527 49.703194
-2.206805 49.703194
-2.206805 49.702915
-2.207083 49.702915
-2.207083 49.702641
-2.208195 49.702641
-2.208195 49.702915
-2.208473 49.702915
-2.208473 49.703194
-2.208751 49.703194
-2.208751 49.702915
-2.209583 49.702915
-2.209583 49.702641
-2.210139 49.702641
-2.210139 49.702084
-2.210417 49.702084
-2.210417 49.701805
-2.210695 49.701805
-2.210695 49.701527
-2.210973 49.701527
-2.210973 49.701248
-2.211251 49.701248
-2.211251 49.700974
-2.212361 49.700974
-2.212361 49.700695
-2.212639 49.700695
-2.212639 49.700417
-2.213195 49.700417
-2.213195 49.700695
-2.213473 49.700695
-2.213473 49.700974
-2.215418 49.700974
-2.215418 49.701248
-2.215971 49.701248
-2.215971 49.701527
-2.216249 49.701527
-2.216249 49.701248
-2.217362 49.701248
-2.217362 49.701065
-2.217362 49.700974
-2.217640 49.700974
-2.217640 49.700695
-2.218194 49.700695
-2.218194 49.700974
-2.218750 49.700974
-2.218750 49.701248
-2.219028 49.701248
-2.219028 49.701527
-2.219306 49.701527
-2.219306 49.699860
-2.219584 49.699860
-2.219584 49.699585
-2.219862 49.699585
-2.219862 49.699306
-2.220416 49.699306
-2.220416 49.699585
-2.221528 49.699585
-2.221528 49.699860
-2.222362 49.699860
-2.222362 49.700138
-2.222638 49.700138
-2.222638 49.700417
-2.222916 49.700417
-2.222916 49.700695
-2.223194 49.700695
-2.223194 49.700974
-2.224584 49.700974
-2.224584 49.701248
-2.225138 49.701248
-2.225138 49.701527
-2.225416 49.701527
-2.225416 49.701805
-2.226250 49.701805
-2.226250 49.701527
-2.226528 49.701527
-2.226528 49.701248
-2.227084 49.701248
-2.227084 49.700974
-2.227362 49.700974
-2.227362 49.700695
-2.227638 49.700695
-2.227638 49.700417
-2.228194 49.700417
-2.228194 49.700138
-2.228750 49.700138
-2.228750 49.700417
-2.229860 49.700417
-2.229860 49.700695
-2.231805 49.700695
-2.231805 49.700974
-2.232083 49.700974
-2.232083 49.701248
-2.232639 49.701248
-2.232639 49.701527
-2.232917 49.701527
-2.232917 49.701805
-2.233473 49.701805
-2.233473 49.702362
-2.233751 49.702362
-2.233751 49.702915
-2.234029 49.702915
-2.234027 49.703472
-2.234583 49.703472
-2.234583 49.703751
-2.234861 49.703751
-2.234861 49.704029
-2.234583 49.704029
-2.234583 49.704582
-2.234029 49.704582
-2.234027 49.705418
-2.234583 49.705418
-2.234583 49.705696
-2.234861 49.705696
-2.234861 49.706528
-2.235139 49.706528
-2.235139 49.706806
-2.235695 49.706806
-2.235695 49.707916
-2.235139 49.707916
-2.235139 49.707638
-2.234305 49.707638
-2.234305 49.707916
-2.234029 49.707916
-2.234027 49.708195
-2.234305 49.708195
-2.234305 49.708752
-2.234861 49.708752
-2.234861 49.709026
-2.235139 49.709026
-2.235139 49.709305
-2.235695 49.709305
-2.235695 49.709862
-2.235973 49.709862
-2.235973 49.710693
-2.234861 49.710693
-2.234861 49.710415
-2.234583 49.710415
-2.234583 49.710140
-2.233195 49.710140
-2.233195 49.711529
-2.232917 49.711529
-2.232917 49.711807
-2.232639 49.711807
-2.232639 49.711529
-2.232083 49.711529
-2.232083 49.711250
-2.230695 49.711250
-2.230695 49.711529
-2.230138 49.711529
-2.230138 49.711807
-2.229860 49.711807
-2.229860 49.712082
-2.229585 49.712082
-2.229582 49.713196
-2.231529 49.713196
-2.231529 49.712917
-2.231805 49.712917
-2.231805 49.712639
-2.232083 49.712639
-2.232083 49.712360
-2.235417 49.712360
-2.235417 49.713196
-2.235139 49.713196
-2.235139 49.714584
-2.234861 49.714584
-2.234861 49.714863
-2.230695 49.714863
-2.230695 49.715137
-2.229029 49.715137
-2.229029 49.714863
-2.226528 49.714863
-2.226528 49.715137
-2.225416 49.715137
-2.225416 49.715416
-2.225138 49.715416
-2.225138 49.715694
-2.224584 49.715694
-2.224584 49.715973
-2.223194 49.715973
-2.223194 49.716251
-2.222916 49.716251
-2.222916 49.716526
-2.222362 49.716526
-2.222362 49.716805
-2.222084 49.716805
-2.222084 49.717083
-2.221806 49.717083
-2.221806 49.717361
-2.221528 49.717361
-2.221528 49.719307
-2.222084 49.719307
-2.222084 49.719028
-2.222916 49.719028
-2.222916 49.719307
-2.223750 49.719307
-2.223750 49.720695
-2.223472 49.720695
-2.223472 49.720974
-2.223194 49.720974
-2.223194 49.721249
-2.220694 49.721249
-2.220694 49.721527
-2.219584 49.721527
-2.219584 49.721806
-2.217915 49.721806
-2.217918 49.721527
-2.217362 49.721527
-2.217362 49.721249
-2.216806 49.721249
-2.216806 49.720974
-2.215139 49.720974
-2.215139 49.721249
-2.214027 49.721249
-2.214027 49.720695
-2.213195 49.720695
-2.213195 49.720974
-2.211251 49.720974
-2.211251 49.720695
-2.210139 49.720695
-2.210139 49.720974
-2.209027 49.720974
-2.209027 49.721249
-2.208473 49.721249
-2.208473 49.722637
-2.207917 49.722637
-2.207917 49.722363
-2.207639 49.722363
-2.207639 49.722084
-2.207083 49.722084
-2.207083 49.721806
-2.206527 49.721806
-2.206527 49.721527
-2.205973 49.721527
-2.205973 49.721249
-2.205695 49.721249
-2.205695 49.720974
-2.204861 49.720974
-2.204861 49.721527
-2.204583 49.721527
-2.204583 49.722084
-2.204307 49.722084
-2.204304 49.722916
-2.204861 49.722916
-2.204861 49.723473
-2.205139 49.723473
-2.205139 49.724030
-2.205973 49.724030
-2.205973 49.724304
-2.206527 49.724304
-2.206527 49.725140
-2.206251 49.725140
-2.206251 49.725418
-2.205973 49.725418
-2.205973 49.726250
-2.204583 49.726250
-2.204583 49.725971
-2.203748 49.725971
-2.203751 49.725693
-2.203473 49.725693
-2.203473 49.725418
-2.203195 49.725418
-2.203195 49.725140
-2.202638 49.725140
-2.202638 49.724861
-2.202360 49.724861
-2.202363 49.724583
-2.201807 49.724583
-2.201807 49.724861
-2.201528 49.724861
-2.201528 49.725418
-2.201807 49.725418
-2.201807 49.725693
-2.202085 49.725693
-2.202085 49.725971
-2.202363 49.725971
-2.202363 49.726250
-2.203195 49.726250
-2.203195 49.726807
-2.202363 49.726807
-2.202363 49.726528
-2.201807 49.726528
-2.201807 49.726250
-2.200138 49.726250
-2.200138 49.725971
-2.199028 49.725971
-2.199028 49.725140
-2.199306 49.725140
-2.199306 49.724304
-2.199028 49.724304
-2.199028 49.723473
-2.198750 49.723473
-2.198750 49.723194
-2.198472 49.723194
-2.198472 49.722916
-2.198194 49.722916
-2.198194 49.722363
-2.197916 49.722363
-2.197916 49.721806
-2.197360 49.721806
-2.197360 49.721527
-2.196528 49.721527
-2.196528 49.721249
-2.195972 49.721249
-2.195972 49.720974
-2.194584 49.720974
-2.194584 49.721249
-2.194306 49.721249
-2.194306 49.721527
-2.192640 49.721527
-2.192640 49.721806
-2.190972 49.721806
-2.190972 49.721527
-2.189584 49.721527
-2.189584 49.721806
-2.188474 49.721806
-2.188474 49.722084
-2.188196 49.722084
-2.188196 49.722363
-2.187917 49.722363
-2.187917 49.722637
-2.187639 49.722637
-2.187639 49.722916
-2.187361 49.722916
-2.187361 49.723194
-2.187083 49.723194
-2.187083 49.723751
-2.186249 49.723751
-2.186249 49.724583
-2.186527 49.724583
-2.186527 49.725140
-2.188196 49.725140
-2.188196 49.725693
-2.188752 49.725693
-2.188752 49.728195
-2.185973 49.728195
-2.185973 49.728474
-2.185695 49.728474
-2.185695 49.729305
-2.185973 49.729305
-2.185973 49.730972
-2.184583 49.730972
-2.184583 49.732082
-2.184305 49.732082
-2.184305 49.732639
-2.182917 49.732639
-2.182917 49.732361
-2.182639 49.732361
-2.182639 49.732082
-2.182361 49.732082
-2.182361 49.731804
-2.181805 49.731804
-2.181805 49.731529
-2.181527 49.731529
-2.181527 49.729862
-2.181251 49.729862
-2.181249 49.729305
-2.179305 49.729305
-2.179305 49.729862
-2.179583 49.729862
-2.179583 49.730141
-2.179861 49.730141
-2.179861 49.730415
-2.180139 49.730415
-2.180139 49.730694
-2.180695 49.730694
-2.180695 49.731804
-2.180417 49.731804
-2.180417 49.732082
-2.180139 49.732082
-2.180139 49.732361
-2.179861 49.732361
-2.179861 49.732639
-2.179583 49.732639
-2.179583 49.733196
-2.178751 49.733196
-2.178751 49.733471
-2.177639 49.733471
> guernsey 17
-2.247362 49.733749
-2.247362 49.733471
-2.247084 49.733471
-2.247084 49.733196
-2.246806 49.733196
-2.246806 49.732918
-2.246250 49.732918
-2.246250 49.732639
-2.245972 49.732639
-2.245972 49.731529
-2.246250 49.731529
-2.246250 49.731251
-2.246806 49.731251
-2.246806 49.730141
-2.249584 49.730141
-2.249584 49.729584
-2.249306 49.729584
-2.249306 49.728474
-2.251250 49.728474
-2.251250 49.728748
-2.253194 49.728748
-2.253194 49.728474
-2.254306 49.728474
-2.254306 49.728195
-2.254584 49.728195
-2.254584 49.727917
-2.256529 49.727917
-2.256529 49.728195
-2.256807 49.728195
-2.256804 49.728748
-2.257082 49.728748
-2.257082 49.729027
-2.258195 49.729027
-2.258195 49.728474
-2.259583 49.728474
-2.259583 49.728195
-2.259861 49.728195
-2.259861 49.727638
-2.260139 49.727638
-2.260139 49.727085
-2.260417 49.727085
-2.260417 49.726807
-2.260695 49.726807
-2.260695 49.726528
-2.260973 49.726528
-2.260973 49.726250
-2.262361 49.726250
-2.262361 49.726528
-2.262639 49.726528
-2.262639 49.726807
-2.262917 49.726807
-2.262917 49.727360
-2.263195 49.727360
-2.263195 49.729027
-2.262917 49.729027
-2.262917 49.729305
-2.262639 49.729305
-2.262639 49.729584
-2.262083 49.729584
-2.262083 49.729862
-2.261805 49.729862
-2.261805 49.730141
-2.260139 49.730141
-2.260139 49.730415
-2.259583 49.730415
-2.259583 49.730694
-2.259029 49.730694
-2.259029 49.730972
-2.258751 49.730972
-2.258751 49.731251
-2.258195 49.731251
-2.258195 49.731529
-2.255972 49.731529
-2.255972 49.731804
-2.254584 49.731804
-2.254584 49.732082
-2.253750 49.732082
-2.253750 49.732361
-2.251806 49.732361
-2.251806 49.732639
-2.251528 49.732639
-2.251528 49.732918
-2.251250 49.732918
-2.251250 49.733196
-2.249306 49.733196
-2.249306 49.733471
-2.248750 49.733471
-2.248750 49.733749
-2.247362 49.733749
> guernsey 18
-2.275140 49.735973
-2.275140 49.735695
-2.274862 49.735695
-2.274862 49.735138
-2.273750 49.735138
-2.273750 49.734585
-2.274028 49.734585
-2.274028 49.734306
-2.275972 49.734306
-2.275972 49.734028
-2.276250 49.734028
-2.276250 49.733749
-2.277084 49.733749
-2.277084 49.733471
-2.279028 49.733471
-2.279028 49.733749
-2.279306 49.733749
-2.279306 49.734028
-2.279584 49.734028
-2.279584 49.734859
-2.278194 49.734859
-2.278194 49.735138
-2.277084 49.735138
-2.277084 49.735416
-2.276250 49.735416
-2.276250 49.735973
-2.275140 49.735973
