> gibraltar 0
         -5.340027         36.159748
         -5.341638         36.144817
         -5.339688         36.138210
         -5.343073         36.123436
         -5.339652         36.115261
         -5.343778         36.112404
         -5.349032         36.116863
         -5.351071         36.125759
         -5.355525         36.131386
         -5.356637         36.138241
         -5.355369         36.141945
         -5.357257         36.146946
         -5.352488         36.155098
         -5.353222         36.159798
         -5.340027         36.159748
