> jersey 0
-2.047638893127328 49.149028778076456
-2.047638893127328 49.148750305175895
-2.047082901000863 49.148750305175895
-2.047082901000863 49.148193359375114
-2.04680490493763 49.148193359375114
-2.04680490493763 49.147640228271541
-2.047082901000863 49.147640228271541
-2.047082901000863 49.147361755371151
-2.047360897064095 49.147361755371151
-2.047360897064095 49.14708328247076
-2.04791688919056 49.14708328247076
-2.04791688919056 49.147640228271541
-2.048194885253906 49.147640228271541
-2.048194885253906 49.147914886474723
-2.048748970031681 49.147914886474723
-2.048748970031681 49.147640228271541
-2.050972938537484 49.147640228271541
-2.050972938537484 49.147914886474723
-2.051527023315373 49.147914886474723
-2.051527023315373 49.148750305175895
-2.049026966094914 49.148750305175895
-2.049026966094914 49.149028778076456
-2.047638893127328 49.149028778076456
> jersey 1
-2.122081995010376 49.174583435058594
-2.122081995010376 49.17319488525402
-2.122637987136841 49.17319488525402
-2.122637987136841 49.173473358154411
-2.123194932937622 49.173473358154411
-2.123194932937622 49.173751831054801
-2.124028921127319 49.173751831054801
-2.124028921127319 49.173473358154411
-2.124305009841805 49.173473358154411
-2.124305009841805 49.17319488525402
-2.124026060104256 49.17319488525402
-2.124028921127319 49.172916412353459
-2.123750925064087 49.172916412353459
-2.123750925064087 49.172359466552905
-2.124583005905038 49.172359466552905
-2.124583005905038 49.172637939453068
-2.125416994094735 49.172637939453068
-2.125416994094735 49.172916412353459
-2.125694990157967 49.172916412353459
-2.125694990157967 49.17319488525402
-2.126527070999089 49.17319488525402
-2.126527070999089 49.173751831054801
-2.125138998031503 49.173751831054801
-2.125138998031503 49.174026489257812
-2.124583005905038 49.174026489257812
-2.124583005905038 49.174304962158203
-2.123750925064087 49.174304962158203
-2.123750925064087 49.174583435058594
-2.122081995010376 49.174583435058594
> jersey 2
-2.12291693687439 49.177639007568644
-2.12291693687439 49.177082061767692
-2.122637987136841 49.177082061767692
-2.122637987136841 49.176250457763729
-2.12291693687439 49.176250457763729
-2.12291693687439 49.175971984863338
-2.123472929000854 49.175971984863338
-2.123472929000854 49.175415039062557
-2.124028921127319 49.175415039062557
-2.124028921127319 49.175140380859375
-2.124583005905038 49.175140380859375
-2.124583005905038 49.175415039062557
-2.125416994094735 49.175415039062557
-2.125416994094735 49.174583435058594
-2.126250982284546 49.174583435058594
-2.126250982284546 49.174861907958984
-2.127917051315194 49.174861907958984
-2.127917051315194 49.175693511962947
-2.127639055252018 49.175693511962947
-2.127639055252018 49.175971984863338
-2.127361059188786 49.175971984863338
-2.127361059188786 49.17652893066429
-2.126250982284546 49.17652893066429
-2.126250982284546 49.177360534668082
-2.125694990157967 49.177360534668082
-2.125694990157967 49.177917480469034
-2.125138998031503 49.177917480469034
-2.125138998031503 49.178470611572436
-2.124583005905038 49.178470611572436
-2.124583005905038 49.178749084472827
-2.124305009841805 49.178749084472827
-2.124305009841805 49.17902755737299
-2.123750925064087 49.17902755737299
-2.123750925064087 49.179306030273381
-2.122081995010376 49.179306030273381
-2.122081995010376 49.178195953369197
-2.122359991073608 49.178195953369197
-2.122359991073608 49.177917480469034
-2.122637987136841 49.177917480469034
-2.122637987136841 49.177639007568644
-2.12291693687439 49.177639007568644
> jersey 3
-2.159305095672607 49.184860229492358
-2.159305095672607 49.184581756591797
-2.159027099609375 49.184581756591797
-2.159027099609375 49.183750152588004
-2.159861087799072 49.183750152588004
-2.159861087799072 49.183471679687614
-2.160139083862305 49.183471679687614
-2.160139083862305 49.182918548584212
-2.162362098693734 49.182918548584212
-2.162362098693734 49.183193206787223
-2.162640094756966 49.183193206787223
-2.162640094756966 49.183750152588004
-2.162918090820199 49.183750152588004
-2.162914991378784 49.184028625488565
-2.163192987442017 49.184028625488565
-2.163192987442017 49.184860229492358
-2.16180491447443 49.184860229492358
-2.16180491447443 49.184581756591797
-2.160974025726318 49.184581756591797
-2.160974025726318 49.184860229492358
-2.159305095672607 49.184860229492358
> jersey 4
-2.15958309173584 49.262638092041243
-2.15958309173584 49.262359619140852
-2.159305095672607 49.262359619140852
-2.159305095672607 49.262084960937443
-2.159027099609375 49.262084960937443
-2.159027099609375 49.261528015136889
-2.158749103546143 49.261528015136889
-2.158751010894719 49.261249542236499
-2.157917022705021 49.261249542236499
-2.157917022705021 49.260971069335938
-2.157639026641789 49.260971069335938
-2.157639026641789 49.260692596435547
-2.157083034515324 49.260692596435547
-2.157083034515324 49.260417938232706
-2.156527042388916 49.260417938232706
-2.156527042388916 49.260139465332145
-2.15597295761097 49.260139465332145
-2.15597295761097 49.259860992431754
-2.155416965484562 49.259860992431754
-2.155416965484562 49.260139465332145
-2.15513896942133 49.260139465332145
-2.15513896942133 49.260417938232706
-2.154582977294865 49.260417938232706
-2.154582977294865 49.260139465332145
-2.154304981231633 49.260139465332145
-2.154304981231633 49.260417938232706
-2.1540269851684 49.260417938232706
-2.1540269851684 49.260692596435547
-2.153472900390511 49.260692596435547
-2.153472900390511 49.260971069335938
-2.153194904327279 49.260971069335938
-2.153194904327279 49.262084960937443
-2.152916908264046 49.262084960937443
-2.152916908264046 49.262359619140852
-2.152082920074406 49.262359619140852
-2.152082920074406 49.262084960937443
-2.151804924011174 49.262084960937443
-2.151804924011174 49.261806488037053
-2.151529073715153 49.261806488037053
-2.151526927947941 49.261528015136889
-2.151251077651921 49.261528015136889
-2.151251077651921 49.260971069335938
-2.150973081588688 49.260971069335938
-2.150973081588688 49.261249542236499
-2.150139093398991 49.261249542236499
-2.150139093398991 49.260971069335938
-2.14985990524292 49.260971069335938
-2.14985990524292 49.260139465332145
-2.148472070693856 49.260139465332145
-2.148472070693856 49.259860992431754
-2.147362947463989 49.259860992431754
-2.147362947463989 49.259582519531364
-2.14708399772644 49.259582519531364
-2.14708399772644 49.259304046630973
-2.145972013473511 49.259304046630973
-2.145972013473511 49.259029388427791
-2.145694017410278 49.259029388427791
-2.145694017410278 49.257915496826229
-2.145416021347046 49.257915496826229
-2.145416021347046 49.257083892822266
-2.1451380252837 49.257083892822266
-2.1451380252837 49.256526947021484
-2.144583940505925 49.256526947021484
-2.144583940505925 49.256248474121321
-2.143471956253052 49.256248474121321
-2.143471956253052 49.256526947021484
-2.143193960189819 49.256526947021484
-2.143193960189819 49.256248474121321
-2.142915964126587 49.256248474121321
-2.142915964126587 49.255973815918082
-2.141527891159001 49.255973815918082
-2.141527891159001 49.255695343017521
-2.140971899032536 49.255695343017521
-2.140971899032536 49.255416870117131
-2.14069390296936 49.255416870117131
-2.14069390296936 49.255138397216967
-2.139584064483643 49.255138397216967
-2.139584064483643 49.254859924316577
-2.139028072357178 49.254859924316577
-2.139028072357178 49.254585266113338
-2.137916088104134 49.254581451416016
-2.137916088104134 49.254306793213175
-2.137084007263184 49.254306793213175
-2.137084007263184 49.254028320312784
-2.133193016052189 49.254028320312784
-2.133193016052189 49.254306793213175
-2.132360935211068 49.254306793213175
-2.132360935211068 49.254581451416016
-2.130973100662175 49.254585266113338
-2.130973100662175 49.254859924316577
-2.12958288192749 49.254859924316577
-2.12958288192749 49.254585266113338
-2.128751039504891 49.254581451416016
-2.128751039504891 49.254306793213175
-2.127361059188786 49.254306793213175
-2.127361059188786 49.254028320312784
-2.126805067062321 49.254028320312784
-2.126805067062321 49.253749847412223
-2.125416994094735 49.253749847412223
-2.125416994094735 49.254028320312784
-2.12486100196827 49.254028320312784
-2.12486100196827 49.254306793213175
-2.124305009841805 49.254306793213175
-2.124305009841805 49.254581451416016
-2.123472929000854 49.254585266113338
-2.123472929000854 49.254859924316577
-2.122359991073608 49.254859924316577
-2.122359991073608 49.255138397216967
-2.121529102325326 49.255138397216967
-2.121529102325326 49.254859924316577
-2.120971918106022 49.254859924316577
-2.120971918106022 49.254585266113338
-2.120415925979557 49.254581451416016
-2.120415925979557 49.254306793213175
-2.119859933853093 49.254306793213175
-2.119862079620361 49.254028320312784
-2.119584083557129 49.254028320312784
-2.119584083557129 49.253749847412223
-2.119306087493896 49.253749847412223
-2.119306087493896 49.252639770507869
-2.119584083557129 49.252639770507869
-2.119584083557129 49.251529693603516
-2.119306087493896 49.251525878906307
-2.119306087493896 49.251251220703125
-2.118750095367432 49.251251220703125
-2.118750095367432 49.250972747802734
-2.117916107177734 49.250972747802734
-2.117916107177734 49.250694274902344
-2.116806030273381 49.250694274902344
-2.116806030273381 49.250415802001953
-2.114583969116154 49.250415802001953
-2.114583969116154 49.250694274902344
-2.114027976989689 49.250694274902344
-2.114027976989689 49.250972747802734
-2.113749980926457 49.250972747802734
-2.113749980926457 49.251251220703125
-2.113471984863224 49.251251220703125
-2.113471984863224 49.251525878906307
-2.113193988799992 49.251529693603516
-2.113193988799992 49.251804351806697
-2.11291599273676 49.251804351806697
-2.11291599273676 49.252361297607479
-2.112639904022103 49.252361297607479
-2.112639904022103 49.252639770507869
-2.112083911895638 49.252639770507869
-2.112083911895638 49.252361297607479
-2.111805915832406 49.252361297607479
-2.111805915832406 49.252082824707088
-2.111249923705998 49.252082824707088
-2.111249923705998 49.251804351806697
-2.110693931579533 49.251804351806697
-2.110693931579533 49.251529693603516
-2.110136985778695 49.251525878906307
-2.11014008522028 49.251251220703125
-2.109584093093815 49.251251220703125
-2.109584093093815 49.250972747802734
-2.109026908874512 49.250972747802734
-2.109026908874512 49.250694274902344
-2.108748912811279 49.250694274902344
-2.108748912811279 49.250415802001953
-2.105695009231567 49.250415802001953
-2.105695009231567 49.250694274902344
-2.105139017105103 49.250694274902344
-2.105139017105103 49.251251220703125
-2.10486102104187 49.251251220703125
-2.10486102104187 49.251804351806697
-2.104583024978524 49.251804351806697
-2.104583024978524 49.252082824707088
-2.104305028915292 49.252082824707088
-2.104305028915292 49.253192901611442
-2.104583024978524 49.253192901611442
-2.104583024978524 49.253471374511832
-2.10486102104187 49.253471374511832
-2.10486102104187 49.254306793213175
-2.104583024978524 49.254306793213175
-2.104583024978524 49.254581451416016
-2.104027032852059 49.254581451416016
-2.104027032852059 49.254306793213175
-2.103472948074341 49.254306793213175
-2.103472948074341 49.254859924316577
-2.103194952011108 49.254859924316577
-2.103194952011108 49.255138397216967
-2.102916955947876 49.255138397216967
-2.102916955947876 49.255416870117131
-2.101526975631714 49.255416870117131
-2.101526975631714 49.255138397216967
-2.100694894790593 49.255138397216967
-2.100694894790593 49.255416870117131
-2.10041689872736 49.255416870117131
-2.10041689872736 49.255138397216967
-2.100138902664185 49.255138397216967
-2.100138902664185 49.255416870117131
-2.099304914474487 49.255416870117131
-2.099304914474487 49.255138397216967
-2.097083091735726 49.255138397216967
-2.097083091735726 49.254859924316577
-2.096251010894775 49.254859924316577
-2.096251010894775 49.254585266113338
-2.092361927032471 49.254581451416016
-2.092360019683781 49.254306793213175
-2.092082023620549 49.254306793213175
-2.092083930969125 49.254028320312784
-2.091249942779427 49.254028320312784
-2.091249942779427 49.253749847412223
-2.090693950652962 49.253749847412223
-2.090693950652962 49.253192901611442
-2.090971946716195 49.253192901611442
-2.090971946716195 49.252361297607479
-2.090693950652962 49.252361297607479
-2.090693950652962 49.251804351806697
-2.090137958526554 49.251804351806697
-2.090137958526554 49.250694274902344
-2.089862108230534 49.250694274902344
-2.089862108230534 49.250137329101562
-2.089584112167302 49.250137329101562
-2.089584112167302 49.249862670898551
-2.089862108230534 49.249862670898551
-2.089862108230534 49.249584197998161
-2.089584112167302 49.249584197998161
-2.089584112167302 49.249305725097599
-2.089027881622314 49.249305725097599
-2.089027881622314 49.249027252197209
-2.087637901306039 49.249027252197209
-2.087637901306039 49.248748779297046
-2.08680605888361 49.248748779297046
-2.08680605888361 49.249027252197209
-2.086528062820378 49.249027252197209
-2.086528062820378 49.249305725097599
-2.086250066757145 49.249305725097599
-2.086250066757145 49.249027252197209
-2.08569407463068 49.249027252197209
-2.08569407463068 49.248748779297046
-2.085416078567448 49.248748779297046
-2.085416078567448 49.248474121093807
-2.084861993789559 49.248474121093807
-2.084861993789559 49.248195648193416
-2.084583997726327 49.248195648193416
-2.084583997726327 49.247917175293253
-2.084306001663094 49.247917175293253
-2.084306001663094 49.247638702392862
-2.084028005599862 49.247638702392862
-2.084028005599862 49.246250152587947
-2.084583997726327 49.246250152587947
-2.084583997726327 49.245418548584155
-2.084306001663094 49.245418548584155
-2.084306001663094 49.245140075683594
-2.084028005599862 49.245140075683594
-2.084028005599862 49.244861602783203
-2.083472013473454 49.244861602783203
-2.083472013473454 49.244583129882812
-2.083193063735848 49.244583129882812
-2.083193063735848 49.243473052978629
-2.082915067672616 49.243473052978629
-2.082917928695679 49.243194580078239
-2.082639932632446 49.243194580078239
-2.082639932632446 49.242916107177678
-2.082083940505981 49.242916107177678
-2.082083940505981 49.242637634277287
-2.0815269947052 49.242637634277287
-2.0815269947052 49.24124908447294
-2.081248998641968 49.24124908447294
-2.081248998641968 49.240970611572379
-2.080696105956918 49.240970611572379
-2.080696105956918 49.240695953369141
-2.080416917800846 49.240695953369141
-2.080416917800846 49.240139007568587
-2.080696105956918 49.240139007568587
-2.080696105956918 49.239307403564624
-2.081248998641968 49.239307403564624
-2.081248998641968 49.238471984863281
-2.080696105956918 49.238471984863281
-2.080696105956918 49.238193511962891
-2.079860925674382 49.238193511962891
-2.079860925674382 49.238471984863281
-2.079304933547917 49.238471984863281
-2.079304933547917 49.238750457763672
-2.078748941421509 49.238750457763672
-2.078748941421509 49.239028930664233
-2.077917098999023 49.239028930664233
-2.077917098999023 49.238750457763672
-2.077639102935791 49.238750457763672
-2.077639102935791 49.238193511962891
-2.077083110809326 49.238193511962891
-2.077083110809326 49.2379150390625
-2.076805114746094 49.2379150390625
-2.076805114746094 49.237640380859489
-2.075973033904972 49.237640380859489
-2.075973033904972 49.237361907959098
-2.075139045715332 49.237361907959098
-2.075139045715332 49.237083435058707
-2.074027061462402 49.237083435058707
-2.074027061462402 49.236804962158317
-2.072916984558049 49.236804962158317
-2.072916984558049 49.236526489257756
-2.070694923400822 49.236526489257756
-2.070694923400822 49.236804962158317
-2.070138931274357 49.236804962158317
-2.070138931274357 49.237083435058707
-2.069860935211125 49.237083435058707
-2.069860935211125 49.237361907959098
-2.068193912506104 49.237361907959098
-2.068193912506104 49.237640380859489
-2.067637920379639 49.237640380859489
-2.067637920379639 49.2379150390625
-2.067363023757878 49.2379150390625
-2.067359924316293 49.238471984863281
-2.067637920379639 49.238471984863281
-2.067637920379639 49.239028930664233
-2.065972089767399 49.239028930664233
-2.065972089767399 49.238750457763672
-2.065138101577702 49.238750457763672
-2.065138101577702 49.238471984863281
-2.064584016799927 49.238471984863281
-2.064584016799927 49.239028930664233
-2.064306020736694 49.239028930664233
-2.064306020736694 49.239307403564624
-2.064028024673348 49.239307403564624
-2.064028024673348 49.239582061767635
-2.060693979263306 49.239582061767635
-2.060693979263306 49.239307403564624
-2.06041598319996 49.239307403564624
-2.06041598319996 49.239582061767635
-2.059861898422184 49.239582061767635
-2.059861898422184 49.239860534668026
-2.059027910232544 49.239860534668026
-2.059027910232544 49.240139007568587
-2.058193922042847 49.240139007568587
-2.058193922042847 49.240970611572379
-2.057915925979614 49.240970611572379
-2.057915925979614 49.24124908447294
-2.057362079620361 49.24124908447294
-2.057362079620361 49.241527557373331
-2.056250095367318 49.241527557373331
-2.056250095367318 49.24124908447294
-2.055418014526367 49.24124908447294
-2.055418014526367 49.242362976074276
-2.055140018463135 49.242362976074276
-2.055140018463135 49.242637634277287
-2.054583072662354 49.242637634277287
-2.054583072662354 49.242362976074276
-2.052917003631535 49.242362976074276
-2.052917003631535 49.242637634277287
-2.053194999694767 49.242637634277287
-2.053194999694767 49.243473052978629
-2.052917003631535 49.243473052978629
-2.052917003631535 49.24375152587902
-2.05236101150507 49.24375152587902
-2.05236101150507 49.244026184082031
-2.051805019378605 49.244026184082031
-2.051805019378605 49.244304656982422
-2.05124902725214 49.244304656982422
-2.05124902725214 49.244026184082031
-2.050972938537484 49.244026184082031
-2.050972938537484 49.243473052978629
-2.050694942474252 49.243473052978629
-2.050694942474252 49.242916107177678
-2.050138950347787 49.242916107177678
-2.050138950347787 49.242637634277287
-2.049582958221379 49.242637634277287
-2.049582958221379 49.242362976074276
-2.049026966094914 49.242362976074276
-2.049026966094914 49.242084503173885
-2.048748970031681 49.242084503173885
-2.048748970031681 49.241527557373331
-2.048472881317139 49.241527557373331
-2.048472881317139 49.240970611572379
-2.048194885253906 49.240970611572379
-2.048194885253906 49.240695953369141
-2.047638893127328 49.240695953369141
-2.047638893127328 49.240417480468977
-2.047360897064095 49.240417480468977
-2.047360897064095 49.240139007568587
-2.046526908874398 49.240139007568587
-2.046526908874398 49.240417480468977
-2.046251058578434 49.240417480468977
-2.046251058578434 49.240695953369141
-2.044861078262272 49.240695953369141
-2.044861078262272 49.240970611572379
-2.043751001357919 49.240970611572379
-2.043751001357919 49.240695953369141
-2.043195009231454 49.240695953369141
-2.043195009231454 49.240417480468977
-2.042639017105046 49.240417480468977
-2.042639017105046 49.240139007568587
-2.04236006736744 49.240139007568587
-2.04236006736744 49.239307403564624
-2.042639017105046 49.239307403564624
-2.042639017105046 49.239028930664233
-2.042917013168278 49.239028930664233
-2.042917013168278 49.238750457763672
-2.043195009231454 49.238750457763672
-2.043195009231454 49.237361907959098
-2.043473005294686 49.237361907959098
-2.043473005294686 49.236526489257756
-2.042917013168278 49.236526489257756
-2.042917013168278 49.236251831054744
-2.042639017105046 49.236251831054744
-2.042639017105046 49.236526489257756
-2.041250944137573 49.236526489257756
-2.041250944137573 49.236251831054744
-2.038471937179565 49.236251831054744
-2.038471937179565 49.235973358154354
-2.038193941116333 49.235973358154354
-2.038193941116333 49.236251831054744
-2.037637948989868 49.236251831054744
-2.037637948989868 49.235973358154354
-2.037359952926636 49.235973358154354
-2.037362098693848 49.235694885253963
-2.037084102630615 49.235694885253963
-2.037084102630615 49.234859466553019
-2.036806106567383 49.234859466553019
-2.036806106567383 49.235137939453409
-2.036250114440918 49.235137939453409
-2.036250114440918 49.235416412353572
-2.034584045410156 49.235416412353572
-2.034584045410156 49.235137939453409
-2.033750057220459 49.235137939453409
-2.033750057220459 49.234859466553019
-2.032916069030762 49.234859466553019
-2.032916069030762 49.234584808349609
-2.032361984252873 49.234584808349609
-2.032361984252873 49.234306335449219
-2.03208398818964 49.234306335449219
-2.03208398818964 49.234027862549055
-2.031527996063232 49.234027862549055
-2.031527996063232 49.233749389648665
-2.030972003936768 49.233749389648665
-2.030972003936768 49.233470916748104
-2.029583930969181 49.233470916748104
-2.029583930969181 49.233196258544865
-2.029305934905949 49.233196258544865
-2.029305934905949 49.232639312744311
-2.028470993041935 49.232639312744311
-2.028470993041935 49.232917785644702
-2.028192996978703 49.232917785644702
-2.028192996978703 49.233196258544865
-2.027918100357056 49.233196258544865
-2.027918100357056 49.233470916748104
-2.027640104293823 49.233470916748104
-2.027640104293823 49.233749389648665
-2.026248931884652 49.233749389648665
-2.026248931884652 49.234027862549055
-2.025417089462223 49.234027862549055
-2.025417089462223 49.233749389648665
-2.024305105209294 49.233749389648665
-2.024305105209294 49.233470916748104
-2.023473024368172 49.233470916748104
-2.023473024368172 49.233196258544865
-2.02319502830494 49.233196258544865
-2.02319502830494 49.232639312744311
-2.023473024368172 49.232639312744311
-2.023473024368172 49.23236083984375
-2.024027109146061 49.23236083984375
-2.024027109146061 49.232082366943359
-2.024305105209294 49.232082366943359
-2.024305105209294 49.231803894042969
-2.024861097335759 49.231803894042969
-2.024861097335759 49.230972290039176
-2.024027109146061 49.230972290039176
-2.024027109146061 49.230693817138786
-2.023749113082829 49.230693817138786
-2.023751020431519 49.230415344238395
-2.023473024368172 49.230415344238395
-2.023473024368172 49.230140686035213
-2.02319502830494 49.230140686035213
-2.02319502830494 49.229583740234432
-2.023473024368172 49.229583740234432
-2.023473024368172 49.228748321533487
-2.02319502830494 49.228748321533487
-2.02319502830494 49.227359771728743
-2.022917032241708 49.227359771728743
-2.022917032241708 49.227085113525334
-2.022639036178475 49.227085113525334
-2.022639036178475 49.226806640624943
-2.02208304405201 49.226806640624943
-2.02208304405201 49.22652816772478
-2.021805047988835 49.22652816772478
-2.021805047988835 49.226249694824389
-2.02125096321106 49.226249694824389
-2.02125096321106 49.225971221923828
-2.020694971084595 49.225971221923828
-2.020694971084595 49.225692749023438
-2.020416975021362 49.225692749023438
-2.020416975021362 49.225418090820597
-2.019860982894784 49.225418090820597
-2.019860982894784 49.225139617920036
-2.019304990768319 49.225139617920036
-2.019304990768319 49.225418090820597
-2.018748998641854 49.225418090820597
-2.018750905990601 49.225139617920036
-2.018194913864136 49.225139617920036
-2.018194913864136 49.224861145019645
-2.016804933547974 49.224861145019645
-2.016804933547974 49.224582672119254
-2.016247987747192 49.224582672119254
-2.016251087188607 49.224304199218864
-2.015137910842839 49.224304199218864
-2.015137910842839 49.224029541015682
-2.014307022094727 49.224029541015682
-2.014307022094727 49.223751068115291
-2.013750076293945 49.223751068115291
-2.013750076293945 49.223472595214901
-2.013472080230713 49.223472595214901
-2.013472080230713 49.22319412231451
-2.012638092041016 49.22319412231451
-2.012638092041016 49.222915649414119
-2.011806011199894 49.222915649414119
-2.011806011199894 49.222637176513729
-2.010138034820557 49.222637176513729
-2.010138034820557 49.222362518310547
-2.009860038757324 49.222362518310547
-2.009860038757324 49.221805572509766
-2.011528015136662 49.221805572509766
-2.011528015136662 49.222084045410156
-2.013750076293945 49.222084045410156
-2.013750076293945 49.222362518310547
-2.014029026031494 49.222362518310547
-2.014029026031494 49.222637176513729
-2.014585018157959 49.222637176513729
-2.014581918716374 49.222915649414119
-2.01541709899891 49.222915649414119
-2.01541709899891 49.22319412231451
-2.016529083251839 49.22319412231451
-2.016525983810425 49.223472595214901
-2.017082929611206 49.223472595214901
-2.017082929611206 49.223751068115291
-2.018472909927368 49.223751068115291
-2.018472909927368 49.224029541015682
-2.019026994705087 49.224029541015682
-2.019026994705087 49.224304199218864
-2.019304990768319 49.224304199218864
-2.019304990768319 49.224029541015682
-2.02013897895813 49.224029541015682
-2.02013897895813 49.223751068115291
-2.020694971084595 49.223751068115291
-2.020694971084595 49.22319412231451
-2.020416975021362 49.22319412231451
-2.020416975021362 49.222915649414119
-2.022917032241708 49.222915649414119
-2.022917032241708 49.222637176513729
-2.023473024368172 49.222637176513729
-2.023473024368172 49.22319412231451
-2.023751020431519 49.22319412231451
-2.023751020431519 49.222637176513729
-2.024027109146061 49.222637176513729
-2.024027109146061 49.222084045410156
-2.024861097335759 49.222084045410156
-2.024861097335759 49.221805572509766
-2.025417089462223 49.221805572509766
-2.025417089462223 49.221527099609375
-2.025973081588631 49.221527099609375
-2.025973081588631 49.221248626709212
-2.026248931884652 49.221248626709212
-2.026248931884652 49.220973968505973
-2.025695085525399 49.220973968505973
-2.025695085525399 49.220695495605412
-2.025417089462223 49.220695495605412
-2.025417089462223 49.219581604003906
-2.025695085525399 49.219581604003906
-2.025695085525399 49.219306945801065
-2.026248931884652 49.219306945801065
-2.026248931884652 49.219581604003906
-2.026804924011117 49.219581604003906
-2.026804924011117 49.219028472900675
-2.027082920074463 49.219028472900675
-2.027082920074463 49.218750000000114
-2.027640104293823 49.218750000000114
-2.027640104293823 49.218471527099723
-2.029305934905949 49.218471527099723
-2.029305934905949 49.217918395996321
-2.029027938842717 49.217918395996321
-2.029027938842717 49.21763992309576
-2.028748989105168 49.21763992309576
-2.028748989105168 49.217082977294979
-2.028470993041935 49.217082977294979
-2.028470993041935 49.215972900390625
-2.028192996978703 49.215972900390625
-2.028192996978703 49.215694427490234
-2.027915000915471 49.215694427490234
-2.027918100357056 49.215415954589844
-2.026804924011117 49.215415954589844
-2.026804924011117 49.215137481689453
-2.026526927947884 49.215137481689453
-2.026526927947884 49.21430587768549
-2.026248931884652 49.21430587768549
-2.026248931884652 49.213748931884936
-2.02597093582142 49.213748931884936
-2.025973081588631 49.213195800781307
-2.025695085525399 49.213195800781307
-2.025695085525399 49.212638854980753
-2.025417089462223 49.212638854980753
-2.025417089462223 49.212360382080192
-2.025139093398991 49.212360382080192
-2.025139093398991 49.212081909179801
-2.024305105209294 49.212081909179801
-2.024305105209294 49.212360382080192
-2.024027109146061 49.212360382080192
-2.024027109146061 49.212081909179801
-2.023751020431519 49.212081909179801
-2.023751020431519 49.212360382080192
-2.02319502830494 49.212360382080192
-2.02319502830494 49.212081909179801
-2.022917032241708 49.212081909179801
-2.022917032241708 49.211250305175838
-2.02319502830494 49.211250305175838
-2.02319502830494 49.210971832275447
-2.023473024368172 49.210971832275447
-2.023473024368172 49.210693359375057
-2.024027109146061 49.210693359375057
-2.024027109146061 49.209304809570312
-2.023473024368172 49.209304809570312
-2.023473024368172 49.209026336669922
-2.022917032241708 49.209026336669922
-2.022917032241708 49.208751678466911
-2.022361040115243 49.208751678466911
-2.022361040115243 49.209026336669922
-2.020694971084595 49.209026336669922
-2.020694971084595 49.209304809570312
-2.019860982894784 49.209304809570312
-2.019860982894784 49.209026336669922
-2.019582986831551 49.209026336669922
-2.019582986831551 49.208194732666129
-2.019860982894784 49.208194732666129
-2.019860982894784 49.207916259765568
-2.02013897895813 49.207916259765568
-2.02013897895813 49.207637786865178
-2.020416975021362 49.207637786865178
-2.020416975021362 49.207359313965014
-2.020694971084595 49.207359313965014
-2.020694971084595 49.207084655761776
-2.020972967147827 49.207084655761776
-2.020972967147827 49.206806182861385
-2.02125096321106 49.206806182861385
-2.02125096321106 49.206527709961222
-2.021805047988835 49.206527709961222
-2.021805047988835 49.205417633056868
-2.021527051925602 49.205417633056868
-2.021527051925602 49.204860687255916
-2.020972967147827 49.204860687255916
-2.020972967147827 49.204582214355526
-2.020416975021362 49.204582214355526
-2.020416975021362 49.204303741455135
-2.017916917800903 49.204303741455135
-2.017916917800903 49.204029083252124
-2.017360925674438 49.204029083252124
-2.017360925674438 49.203750610351562
-2.016804933547974 49.203750610351562
-2.016804933547974 49.203472137451172
-2.016525983810425 49.203472137451172
-2.016525983810425 49.203193664550781
-2.016251087188607 49.203193664550781
-2.016251087188607 49.202362060546989
-2.016525983810425 49.202362060546989
-2.016529083251839 49.202083587646598
-2.016804933547974 49.202083587646598
-2.016804933547974 49.201805114746207
-2.016525983810425 49.201805114746207
-2.016529083251839 49.201526641845646
-2.016804933547974 49.201526641845646
-2.016804933547974 49.2001380920413
-2.017082929611206 49.2001380920413
-2.017082929611206 49.1995849609375
-2.016804933547974 49.1995849609375
-2.016804933547974 49.199028015136946
-2.017082929611206 49.199028015136946
-2.017082929611206 49.198471069335994
-2.018472909927368 49.198471069335994
-2.018472909927368 49.198192596435604
-2.019304990768319 49.198192596435604
-2.019304990768319 49.197917938232592
-2.02013897895813 49.197917938232592
-2.02013897895813 49.197639465332202
-2.020416975021362 49.197639465332202
-2.020416975021362 49.197360992431641
-2.020694971084595 49.197360992431641
-2.020694971084595 49.19708251953125
-2.02125096321106 49.19708251953125
-2.02125096321106 49.196529388427848
-2.021527051925602 49.196529388427848
-2.021527051925602 49.196250915527457
-2.022361040115243 49.196250915527457
-2.022361040115243 49.196529388427848
-2.022639036178475 49.196529388427848
-2.022639036178475 49.196804046630859
-2.022917032241708 49.196804046630859
-2.022917032241708 49.197360992431641
-2.022639036178475 49.197360992431641
-2.022639036178475 49.197639465332202
-2.02208304405201 49.197639465332202
-2.02208304405201 49.197917938232592
-2.021527051925602 49.197917938232592
-2.021527051925602 49.198192596435604
-2.020972967147827 49.198192596435604
-2.020972967147827 49.198749542236555
-2.02125096321106 49.198749542236555
-2.02125096321106 49.199028015136946
-2.022361040115243 49.199028015136946
-2.022361040115243 49.198749542236555
-2.02319502830494 49.198749542236555
-2.02319502830494 49.198471069335994
-2.024305105209294 49.198471069335994
-2.024305105209294 49.198192596435604
-2.024861097335759 49.198192596435604
-2.024861097335759 49.197917938232592
-2.025695085525399 49.197917938232592
-2.025695085525399 49.198192596435604
-2.026804924011117 49.198192596435604
-2.026804924011117 49.197917938232592
-2.027082920074463 49.197917938232592
-2.027082920074463 49.197360992431641
-2.028192996978703 49.197360992431641
-2.028192996978703 49.19708251953125
-2.028470993041935 49.19708251953125
-2.028470993041935 49.196804046630859
-2.027915000915471 49.196804046630859
-2.027918100357056 49.196529388427848
-2.028470993041935 49.196529388427848
-2.028470993041935 49.196250915527457
-2.028748989105168 49.196250915527457
-2.028748989105168 49.195972442627067
-2.029027938842717 49.195972442627067
-2.029027938842717 49.195693969726676
-2.029305934905949 49.195693969726676
-2.029305934905949 49.195415496826286
-2.029861927032414 49.195415496826286
-2.029861927032414 49.195137023925724
-2.030139923095646 49.195137023925724
-2.030139923095646 49.194862365722713
-2.030417919158879 49.194862365722713
-2.030417919158879 49.194305419921932
-2.030694007873535 49.194305419921932
-2.030694007873535 49.193748474121378
-2.030972003936768 49.193748474121378
-2.030972003936768 49.192916870117188
-2.03125 49.192916870117188
-2.03125 49.192359924316634
-2.031527996063232 49.192359924316634
-2.031527996063232 49.192081451416072
-2.031805992126408 49.192081451416072
-2.031805992126408 49.190692901611328
-2.03208398818964 49.190692901611328
-2.03208398818964 49.189582824707145
-2.032361984252873 49.189582824707145
-2.032361984252873 49.189861297607536
-2.032638072967529 49.189861297607536
-2.032638072967529 49.189582824707145
-2.032916069030762 49.189582824707145
-2.032916069030762 49.189304351806754
-2.033194065093994 49.189304351806754
-2.033194065093994 49.189025878906364
-2.033472061157227 49.189025878906364
-2.033472061157227 49.188751220703182
-2.033194065093994 49.188751220703182
-2.033194065093994 49.188472747802791
-2.032361984252873 49.188472747802791
-2.032361984252873 49.188194274902401
-2.032638072967529 49.188194274902401
-2.032638072967529 49.186805725097656
-2.032916069030762 49.186805725097656
-2.032916069030762 49.186527252197266
-2.033194065093994 49.186527252197266
-2.033194065093994 49.185974121093864
-2.032638072967529 49.185974121093864
-2.032638072967529 49.185138702392749
-2.032916069030762 49.185138702392749
-2.032916069030762 49.184860229492358
-2.033194065093994 49.184860229492358
-2.033194065093994 49.183750152588004
-2.032916069030762 49.183750152588004
-2.032916069030762 49.18236160278326
-2.032638072967529 49.18236160278326
-2.032638072967529 49.180694580078125
-2.032361984252873 49.180694580078125
-2.032361984252873 49.179306030273381
-2.03208398818964 49.179306030273381
-2.03208398818964 49.178195953369197
-2.031805992126408 49.178195953369197
-2.031805992126408 49.177639007568644
-2.031527996063232 49.177639007568644
-2.031527996063232 49.17680740356468
-2.03125 49.17680740356468
-2.03125 49.176250457763729
-2.030972003936768 49.176250457763729
-2.030972003936768 49.175693511962947
-2.030694007873535 49.175693511962947
-2.030694007873535 49.174861907958984
-2.030416011810303 49.174861907958984
-2.030417919158879 49.174304962158203
-2.030139923095646 49.174304962158203
-2.030139923095646 49.173473358154411
-2.029861927032414 49.173473358154411
-2.029859066009521 49.172084808349666
-2.029583930969181 49.172084808349666
-2.029583930969181 49.170696258544922
-2.029305934905949 49.170696258544922
-2.029305934905949 49.169582366943416
-2.029027938842717 49.169582366943416
-2.029027938842717 49.169029235840014
-2.028192996978703 49.169029235840014
-2.028192996978703 49.168750762939453
-2.027915000915471 49.168750762939453
-2.027918100357056 49.168193817138672
-2.027640104293823 49.168193817138672
-2.027640104293823 49.167915344238281
-2.026804924011117 49.167915344238281
-2.026804924011117 49.16764068603527
-2.026526927947884 49.16764068603527
-2.026526927947884 49.167362213134879
-2.026248931884652 49.167362213134879
-2.026248931884652 49.166805267334098
-2.026526927947884 49.166805267334098
-2.026526927947884 49.166526794433537
-2.027082920074463 49.166526794433537
-2.027082920074463 49.166248321533146
-2.027640104293823 49.166248321533146
-2.027640104293823 49.165973663330135
-2.027918100357056 49.165973663330135
-2.027918100357056 49.165416717529354
-2.028192996978703 49.165416717529354
-2.028192996978703 49.164585113525391
-2.028470993041935 49.164585113525391
-2.028470993041935 49.164306640625
-2.029027938842717 49.164306640625
-2.029027938842717 49.164585113525391
-2.029583930969181 49.164585113525391
-2.029583930969181 49.1648597717288
-2.029861927032414 49.1648597717288
-2.029861927032414 49.16513824462919
-2.030139923095646 49.16513824462919
-2.030139923095646 49.164306640625
-2.030417919158879 49.164306640625
-2.030417919158879 49.164028167724837
-2.030694007873535 49.164028167724837
-2.030694007873535 49.163749694824446
-2.03125 49.163749694824446
-2.03125 49.164028167724837
-2.031527996063232 49.164028167724837
-2.031527996063232 49.164306640625
-2.03208398818964 49.164306640625
-2.03208398818964 49.164028167724837
-2.032638072967529 49.164028167724837
-2.032638072967529 49.163749694824446
-2.032916069030762 49.163749694824446
-2.032916069030762 49.163192749023494
-2.033194065093994 49.163192749023494
-2.033194065093994 49.162918090820483
-2.033472061157227 49.162918090820483
-2.033472061157227 49.162639617920092
-2.035415887832585 49.162639617920092
-2.035415887832585 49.162918090820483
-2.035693883895817 49.162918090820483
-2.035693883895817 49.163192749023494
-2.035972118377572 49.163192749023494
-2.035972118377572 49.163471221923885
-2.036250114440918 49.163471221923885
-2.036250114440918 49.163749694824446
-2.03652811050415 49.163749694824446
-2.03652811050415 49.164028167724837
-2.036806106567383 49.164028167724837
-2.036806106567383 49.164306640625
-2.037084102630615 49.164306640625
-2.037084102630615 49.164585113525391
-2.037362098693848 49.164585113525391
-2.037359952926636 49.1648597717288
-2.037637948989868 49.1648597717288
-2.037637948989868 49.16513824462919
-2.038193941116333 49.16513824462919
-2.038193941116333 49.165416717529354
-2.039027929305973 49.165416717529354
-2.039027929305973 49.165695190429744
-2.039863109588509 49.165695190429744
-2.039860010147095 49.165973663330135
-2.04041600227356 49.165973663330135
-2.04041600227356 49.166248321533146
-2.041528940200806 49.166248321533146
-2.041528940200806 49.166526794433537
-2.04236006736744 49.166526794433537
-2.04236006736744 49.166805267334098
-2.043195009231454 49.166805267334098
-2.043195009231454 49.167083740234489
-2.044028997421151 49.167083740234489
-2.044027090072632 49.167362213134879
-2.044861078262272 49.167362213134879
-2.044861078262272 49.16764068603527
-2.04569506645197 49.16764068603527
-2.04569506645197 49.167915344238281
-2.046526908874398 49.167915344238281
-2.046526908874398 49.168193817138672
-2.04791688919056 49.168193817138672
-2.04791688919056 49.168472290039062
-2.049582958221379 49.168472290039062
-2.049582958221379 49.168750762939453
-2.050972938537484 49.168750762939453
-2.050972938537484 49.169029235840014
-2.056250095367318 49.169029235840014
-2.056250095367318 49.168750762939453
-2.05652809143055 49.168750762939453
-2.05652809143055 49.168472290039062
-2.056806087493783 49.168472290039062
-2.056806087493783 49.168193817138672
-2.057362079620361 49.168193817138672
-2.057362079620361 49.167915344238281
-2.058193922042847 49.167915344238281
-2.058193922042847 49.16764068603527
-2.059027910232544 49.16764068603527
-2.059027910232544 49.167362213134879
-2.059305906295776 49.167362213134879
-2.059305906295776 49.167083740234489
-2.059861898422184 49.167083740234489
-2.059861898422184 49.166805267334098
-2.060971975326538 49.166805267334098
-2.060971975326538 49.166526794433537
-2.061527967453003 49.166526794433537
-2.061527967453003 49.166248321533146
-2.063750028610116 49.166248321533146
-2.063750028610116 49.165973663330135
-2.067363023757878 49.165973663330135
-2.067363023757878 49.165416717529354
-2.067637920379639 49.165416717529354
-2.067637920379639 49.16513824462919
-2.068193912506104 49.16513824462919
-2.068193912506104 49.1648597717288
-2.068751096725464 49.1648597717288
-2.068751096725464 49.164585113525391
-2.069029092788639 49.164585113525391
-2.069029092788639 49.164028167724837
-2.068751096725464 49.164028167724837
-2.068751096725464 49.163471221923885
-2.069029092788639 49.163471221923885
-2.069029092788639 49.163192749023494
-2.069860935211125 49.163192749023494
-2.069860935211125 49.162639617920092
-2.070138931274357 49.162639617920092
-2.070138931274357 49.162361145019531
-2.071528911590462 49.162361145019531
-2.071527004241943 49.162639617920092
-2.071805000305176 49.162639617920092
-2.071805000305176 49.162918090820483
-2.072082996368408 49.162918090820483
-2.072082996368408 49.163192749023494
-2.074305057525635 49.163192749023494
-2.074305057525635 49.162918090820483
-2.074583053588867 49.162918090820483
-2.074583053588867 49.162639617920092
-2.075417041778564 49.162639617920092
-2.075417041778564 49.162361145019531
-2.076251029968205 49.162361145019531
-2.076251029968205 49.162639617920092
-2.076805114746094 49.162639617920092
-2.076805114746094 49.162918090820483
-2.077917098999023 49.162918090820483
-2.077917098999023 49.163192749023494
-2.078473091125488 49.163192749023494
-2.078470945358276 49.163471221923885
-2.079026937484741 49.163471221923885
-2.079026937484741 49.163749694824446
-2.079582929611149 49.163749694824446
-2.079582929611149 49.164028167724837
-2.080138921737614 49.164028167724837
-2.080138921737614 49.164306640625
-2.080416917800846 49.164306640625
-2.080416917800846 49.164585113525391
-2.080696105956918 49.164585113525391
-2.080696105956918 49.1648597717288
-2.080971002578735 49.1648597717288
-2.080971002578735 49.16513824462919
-2.081248998641968 49.16513824462919
-2.081248998641968 49.165695190429744
-2.081804990768433 49.165695190429744
-2.081804990768433 49.165973663330135
-2.082083940505981 49.165973663330135
-2.082083940505981 49.166248321533146
-2.082639932632446 49.166248321533146
-2.082639932632446 49.166526794433537
-2.082917928695679 49.166526794433537
-2.082915067672616 49.166805267334098
-2.083193063735848 49.166805267334098
-2.083193063735848 49.167083740234489
-2.083750009536629 49.167083740234489
-2.083750009536629 49.167362213134879
-2.084583997726327 49.167362213134879
-2.084583997726327 49.16764068603527
-2.084861993789559 49.16764068603527
-2.084861993789559 49.168193817138672
-2.085139989852792 49.168193817138672
-2.085138082504216 49.168750762939453
-2.085416078567448 49.168750762939453
-2.085416078567448 49.169029235840014
-2.08569407463068 49.169029235840014
-2.08569407463068 49.169303894043026
-2.085972070693913 49.169303894043026
-2.085972070693913 49.169582366943416
-2.086250066757145 49.169582366943416
-2.086250066757145 49.169860839843807
-2.086528062820378 49.169860839843807
-2.086528062820378 49.170139312744368
-2.087084054946843 49.170139312744368
-2.087084054946843 49.170417785644759
-2.087362051010018 49.170417785644759
-2.087362051010018 49.170696258544922
-2.087637901306039 49.170696258544922
-2.087637901306039 49.170970916748161
-2.087915897369271 49.170970916748161
-2.087915897369271 49.171249389648722
-2.088193893432504 49.171249389648722
-2.088193893432504 49.171527862549112
-2.088471889495736 49.171527862549112
-2.088471889495736 49.171806335449276
-2.089027881622314 49.171806335449276
-2.089027881622314 49.172084808349666
-2.089306116104069 49.172084808349666
-2.089306116104069 49.172359466552905
-2.089584112167302 49.172359466552905
-2.089584112167302 49.172916412353459
-2.090137958526554 49.172916412353459
-2.090137958526554 49.17319488525402
-2.090971946716195 49.17319488525402
-2.090971946716195 49.173473358154411
-2.091805934905892 49.173473358154411
-2.091805934905892 49.173751831054801
-2.092083930969125 49.173751831054801
-2.092083930969125 49.174304962158203
-2.092361927032471 49.174304962158203
-2.092360019683781 49.174583435058594
-2.092638015747013 49.174583435058594
-2.092638015747013 49.174861907958984
-2.092916011810246 49.174861907958984
-2.092916011810246 49.175140380859375
-2.093194007873478 49.175140380859375
-2.093194007873478 49.175415039062557
-2.094027996063176 49.175415039062557
-2.094027996063176 49.175693511962947
-2.094306945800724 49.175693511962947
-2.094306945800724 49.175971984863338
-2.094584941863957 49.175971984863338
-2.094584941863957 49.176250457763729
-2.096251010894775 49.176250457763729
-2.096251010894775 49.17652893066429
-2.096529006958008 49.17652893066429
-2.096529006958008 49.176250457763729
-2.09958291053772 49.176250457763729
-2.09958291053772 49.17652893066429
-2.099860906600952 49.17652893066429
-2.099860906600952 49.176250457763729
-2.100138902664185 49.176250457763729
-2.100138902664185 49.175971984863338
-2.102638959884644 49.175971984863338
-2.102638959884644 49.176250457763729
-2.103749036788827 49.176250457763729
-2.103749036788827 49.175971984863338
-2.105139017105103 49.175971984863338
-2.105139017105103 49.175693511962947
-2.105417013168335 49.175693511962947
-2.105417013168335 49.175415039062557
-2.105695009231567 49.175415039062557
-2.105695009231567 49.175140380859375
-2.1059730052948 49.175140380859375
-2.1059730052948 49.174026489257812
-2.105695009231567 49.174026489257812
-2.105695009231567 49.172916412353459
-2.1059730052948 49.172916412353459
-2.1059730052948 49.172637939453068
-2.106251001358032 49.172637939453068
-2.106251001358032 49.172359466552905
-2.106527090072575 49.172359466552905
-2.106527090072575 49.171527862549112
-2.106249094009343 49.171527862549112
-2.106251001358032 49.170970916748161
-2.106527090072575 49.170970916748161
-2.106527090072575 49.170139312744368
-2.106805086135751 49.170139312744368
-2.106805086135751 49.169582366943416
-2.107083082198983 49.169582366943416
-2.107083082198983 49.169029235840014
-2.107361078262215 49.169029235840014
-2.107361078262215 49.168750762939453
-2.107639074325448 49.168750762939453
-2.107639074325448 49.168472290039062
-2.108196020126286 49.168472290039062
-2.108196020126286 49.168750762939453
-2.108474016189462 49.168750762939453
-2.108474016189462 49.169303894043026
-2.108196020126286 49.169303894043026
-2.108196020126286 49.169860839843807
-2.107639074325448 49.169860839843807
-2.107639074325448 49.170139312744368
-2.108748912811279 49.170139312744368
-2.108748912811279 49.169860839843807
-2.109026908874512 49.169860839843807
-2.109026908874512 49.169582366943416
-2.110693931579533 49.169582366943416
-2.110693931579533 49.169860839843807
-2.110971927642765 49.169860839843807
-2.110971927642765 49.170139312744368
-2.11152791976923 49.170139312744368
-2.11152791976923 49.171249389648722
-2.112361907958871 49.171249389648722
-2.112361907958871 49.171527862549112
-2.113749980926457 49.171527862549112
-2.113749980926457 49.171806335449276
-2.114861965179387 49.171806335449276
-2.114861965179387 49.172084808349666
-2.116250038146973 49.172084808349666
-2.116250038146973 49.171806335449276
-2.11597204208374 49.171806335449276
-2.11597204208374 49.171527862549112
-2.115694046020508 49.171527862549112
-2.115694046020508 49.171249389648722
-2.115416049957275 49.171249389648722
-2.115416049957275 49.170696258544922
-2.115139961242619 49.170696258544922
-2.115138053894043 49.170417785644759
-2.114861965179387 49.170417785644759
-2.114861965179387 49.169860839843807
-2.114583969116154 49.169860839843807
-2.114583969116154 49.169582366943416
-2.114305973052922 49.169582366943416
-2.114305973052922 49.169303894043026
-2.113749980926457 49.169303894043026
-2.113749980926457 49.169029235840014
-2.113193988799992 49.169029235840014
-2.113193988799992 49.168750762939453
-2.11291599273676 49.168750762939453
-2.11291599273676 49.168472290039062
-2.11152791976923 49.168472290039062
-2.11152791976923 49.168193817138672
-2.110418081283512 49.168193817138672
-2.110418081283512 49.167915344238281
-2.11014008522028 49.167915344238281
-2.11014008522028 49.167362213134879
-2.110418081283512 49.167362213134879
-2.110418081283512 49.167083740234489
-2.111805915832406 49.167083740234489
-2.111805915832406 49.167362213134879
-2.113193988799992 49.167362213134879
-2.113193988799992 49.16764068603527
-2.113471984863224 49.16764068603527
-2.113471984863224 49.167915344238281
-2.114027976989689 49.167915344238281
-2.114027976989689 49.168193817138672
-2.114583969116154 49.168193817138672
-2.114583969116154 49.168472290039062
-2.114861965179387 49.168472290039062
-2.114861965179387 49.168750762939453
-2.115139961242619 49.168750762939453
-2.115139961242619 49.169029235840014
-2.115416049957275 49.169029235840014
-2.115416049957275 49.169303894043026
-2.115694046020508 49.169303894043026
-2.115694046020508 49.169582366943416
-2.11597204208374 49.169582366943416
-2.11597204208374 49.169860839843807
-2.116250038146973 49.169860839843807
-2.116250038146973 49.170417785644759
-2.116528034210148 49.170417785644759
-2.116528034210148 49.170696258544922
-2.116806030273381 49.170696258544922
-2.116806030273381 49.170970916748161
-2.117084026336613 49.170970916748161
-2.117084026336613 49.171249389648722
-2.117362022399846 49.171249389648722
-2.11736011505127 49.171527862549112
-2.117638111114502 49.171527862549112
-2.117638111114502 49.172359466552905
-2.117916107177734 49.172359466552905
-2.117916107177734 49.17319488525402
-2.116528034210148 49.17319488525402
-2.116528034210148 49.172916412353459
-2.114583969116154 49.172916412353459
-2.114583969116154 49.173751831054801
-2.114861965179387 49.173751831054801
-2.114861965179387 49.174026489257812
-2.116806030273381 49.174026489257812
-2.116806030273381 49.174861907958984
-2.116528034210148 49.174861907958984
-2.116528034210148 49.175140380859375
-2.115694046020508 49.175140380859375
-2.115694046020508 49.175415039062557
-2.115139961242619 49.175415039062557
-2.115139961242619 49.175971984863338
-2.114861965179387 49.175971984863338
-2.114861965179387 49.176250457763729
-2.115139961242619 49.176250457763729
-2.115139961242619 49.17652893066429
-2.115416049957275 49.17652893066429
-2.115416049957275 49.17680740356468
-2.115694046020508 49.17680740356468
-2.115694046020508 49.17652893066429
-2.116806030273381 49.17652893066429
-2.116806030273381 49.176250457763729
-2.117084026336613 49.176250457763729
-2.117084026336613 49.175971984863338
-2.117916107177734 49.175971984863338
-2.117916107177734 49.177082061767692
-2.118194103240967 49.177082061767692
-2.118194103240967 49.177360534668082
-2.118750095367432 49.177360534668082
-2.118750095367432 49.177917480469034
-2.119028091430664 49.177917480469034
-2.119028091430664 49.178195953369197
-2.119306087493896 49.178195953369197
-2.119306087493896 49.178749084472827
-2.119584083557129 49.178749084472827
-2.119584083557129 49.180694580078125
-2.119862079620361 49.180694580078125
-2.119862079620361 49.181251525878906
-2.119584083557129 49.181251525878906
-2.119584083557129 49.181804656982479
-2.119306087493896 49.181804656982479
-2.119306087493896 49.18236160278326
-2.119028091430664 49.18236160278326
-2.119028091430664 49.183471679687614
-2.118750095367432 49.183471679687614
-2.118750095367432 49.183750152588004
-2.118472099304199 49.183750152588004
-2.118472099304199 49.184028625488565
-2.117916107177734 49.184028625488565
-2.117916107177734 49.184307098388956
-2.117638111114502 49.184307098388956
-2.117638111114502 49.184860229492358
-2.117362022399846 49.184860229492358
-2.117362022399846 49.185138702392749
-2.117084026336613 49.185138702392749
-2.117084026336613 49.185417175292912
-2.117362022399846 49.185417175292912
-2.117362022399846 49.186527252197266
-2.117916107177734 49.186527252197266
-2.117916107177734 49.186805725097656
-2.118194103240967 49.186805725097656
-2.118194103240967 49.187084197998047
-2.117916107177734 49.187084197998047
-2.117916107177734 49.18791580200201
-2.118194103240967 49.18791580200201
-2.118194103240967 49.188194274902401
-2.118472099304199 49.188194274902401
-2.118472099304199 49.188751220703182
-2.119028091430664 49.188751220703182
-2.119028091430664 49.189025878906364
-2.120137929916325 49.189025878906364
-2.120137929916325 49.189304351806754
-2.12069392204279 49.189304351806754
-2.12069392204279 49.189582824707145
-2.121249914169255 49.189582824707145
-2.121249914169255 49.189861297607536
-2.122081995010376 49.189861297607536
-2.122081995010376 49.190139770507926
-2.122359991073608 49.190139770507926
-2.122359991073608 49.190418243408487
-2.12291693687439 49.190418243408487
-2.12291693687439 49.190692901611328
-2.123194932937622 49.190692901611328
-2.123194932937622 49.190971374511719
-2.123750925064087 49.190971374511719
-2.123748064041024 49.19124984741228
-2.124305009841805 49.19124984741228
-2.124305009841805 49.191528320312671
-2.124583005905038 49.191528320312671
-2.124583005905038 49.191806793212834
-2.126250982284546 49.191806793212834
-2.126250982284546 49.192081451416072
-2.126527070999089 49.192081451416072
-2.126527070999089 49.192359924316634
-2.127083063125554 49.192359924316634
-2.127083063125554 49.192638397217024
-2.127917051315194 49.192638397217024
-2.127917051315194 49.192916870117188
-2.128751039504891 49.192916870117188
-2.128751039504891 49.193195343017578
-2.129026889800912 49.193195343017578
-2.129026889800912 49.193473815917969
-2.129304885864258 49.193473815917969
-2.129304885864258 49.194026947021541
-2.129861116409245 49.194026947021541
-2.129861116409245 49.194305419921932
-2.130695104598942 49.194305419921932
-2.130695104598942 49.194583892822322
-2.131526947021371 49.194583892822322
-2.131526947021371 49.194862365722713
-2.1326389312743 49.194862365722713
-2.1326389312743 49.195137023925724
-2.133193016052189 49.195137023925724
-2.133193016052189 49.195415496826286
-2.134027004241887 49.195415496826286
-2.134027004241887 49.195693969726676
-2.134860992431527 49.195693969726676
-2.134860992431527 49.195972442627067
-2.136806011199951 49.195972442627067
-2.136806011199951 49.195693969726676
-2.137084007263184 49.195693969726676
-2.137084007263184 49.195972442627067
-2.138472080230713 49.195972442627067
-2.138472080230713 49.196250915527457
-2.141805887222233 49.196250915527457
-2.141805887222233 49.196529388427848
-2.142362117767334 49.196529388427848
-2.142362117767334 49.196804046630859
-2.144027948379517 49.196804046630859
-2.144027948379517 49.196529388427848
-2.146528005599976 49.196529388427848
-2.146528005599976 49.196804046630859
-2.147638082504159 49.196804046630859
-2.147638082504159 49.19708251953125
-2.148472070693856 49.19708251953125
-2.148472070693856 49.196804046630859
-2.149029016494637 49.196804046630859
-2.149029016494637 49.196529388427848
-2.149585008621102 49.196529388427848
-2.149585008621102 49.196804046630859
-2.150973081588688 49.196804046630859
-2.150973081588688 49.196529388427848
-2.152638912200814 49.196529388427848
-2.152638912200814 49.196250915527457
-2.155694961547795 49.196250915527457
-2.155694961547795 49.195972442627067
-2.156249046325684 49.195972442627067
-2.156249046325684 49.195693969726676
-2.157639026641789 49.195693969726676
-2.157639026641789 49.195415496826286
-2.158473014831486 49.195415496826286
-2.158473014831486 49.195137023925724
-2.160139083862305 49.195137023925724
-2.160139083862305 49.194862365722713
-2.160695075988713 49.194862365722713
-2.160695075988713 49.194583892822322
-2.16180491447443 49.194583892822322
-2.16180491447443 49.194305419921932
-2.162082910537663 49.194305419921932
-2.162082910537663 49.194026947021541
-2.162918090820199 49.194026947021541
-2.162918090820199 49.193748474121378
-2.163470983505249 49.193748474121378
-2.163470983505249 49.193473815917969
-2.164305925369263 49.193473815917969
-2.164305925369263 49.193195343017578
-2.165417909622192 49.193195343017578
-2.165417909622192 49.192916870117188
-2.165693998336678 49.192916870117188
-2.165693998336678 49.192638397217024
-2.165971994399911 49.192638397217024
-2.165971994399911 49.192359924316634
-2.166249990463143 49.192359924316634
-2.166249990463143 49.191528320312671
-2.167083978652954 49.191528320312671
-2.167083978652954 49.19124984741228
-2.167638063430729 49.19124984741228
-2.167638063430729 49.190692901611328
-2.167916059493962 49.190692901611328
-2.167916059493962 49.190418243408487
-2.168194055557194 49.190418243408487
-2.168194055557194 49.189861297607536
-2.16847205162037 49.189861297607536
-2.16847205162037 49.188751220703182
-2.167916059493962 49.188751220703182
-2.167916059493962 49.188472747802791
-2.167638063430729 49.188472747802791
-2.167638063430729 49.18791580200201
-2.167361974716187 49.18791580200201
-2.167361974716187 49.187362670898438
-2.167083978652954 49.187362670898438
-2.167083978652954 49.187084197998047
-2.166805982589722 49.187084197998047
-2.166805982589722 49.186805725097656
-2.166249990463143 49.186805725097656
-2.166249990463143 49.186527252197266
-2.165971994399911 49.186527252197266
-2.165971994399911 49.186248779297102
-2.165693998336678 49.186248779297102
-2.165693998336678 49.185695648193303
-2.167083978652954 49.185695648193303
-2.167083978652954 49.185417175292912
-2.167916059493962 49.185417175292912
-2.167916059493962 49.184581756591797
-2.168194055557194 49.184581756591797
-2.168194055557194 49.184028625488565
-2.16847205162037 49.184028625488565
-2.16847205162037 49.183193206787223
-2.168750047683602 49.183193206787223
-2.168750047683602 49.182640075683651
-2.16847205162037 49.182640075683651
-2.16847205162037 49.182083129882869
-2.167638063430729 49.182083129882869
-2.167638063430729 49.181804656982479
-2.167361974716187 49.181804656982479
-2.167361974716187 49.181526184082088
-2.167083978652954 49.181526184082088
-2.167083978652954 49.180416107177734
-2.167361974716187 49.180416107177734
-2.167361974716187 49.180137634277344
-2.167638063430729 49.180137634277344
-2.167638063430729 49.179862976074332
-2.167916059493962 49.179862976074332
-2.167916059493962 49.179584503173942
-2.168194055557194 49.179584503173942
-2.168194055557194 49.17902755737299
-2.16847205162037 49.17902755737299
-2.16847205162037 49.178749084472827
-2.168750047683602 49.178749084472827
-2.168750047683602 49.177917480469034
-2.16847205162037 49.177917480469034
-2.16847205162037 49.177639007568644
-2.167638063430729 49.177639007568644
-2.167638063430729 49.177360534668082
-2.167361974716187 49.177360534668082
-2.167361974716187 49.177082061767692
-2.167083978652954 49.177082061767692
-2.167083978652954 49.17652893066429
-2.167361974716187 49.17652893066429
-2.167361974716187 49.176250457763729
-2.166805982589722 49.176250457763729
-2.166805982589722 49.17652893066429
-2.166527986526489 49.17652893066429
-2.166527986526489 49.176250457763729
-2.166249990463143 49.176250457763729
-2.166249990463143 49.175971984863338
-2.165971994399911 49.175971984863338
-2.165971994399911 49.175693511962947
-2.164861917495728 49.175693511962947
-2.164861917495728 49.175971984863338
-2.164305925369263 49.175971984863338
-2.164305925369263 49.175693511962947
-2.163749933242798 49.175693511962947
-2.163749933242798 49.175415039062557
-2.163470983505249 49.175415039062557
-2.163470983505249 49.175140380859375
-2.163192987442017 49.175140380859375
-2.163192987442017 49.174026489257812
-2.163470983505249 49.174026489257812
-2.163470983505249 49.173751831054801
-2.16402792930603 49.173751831054801
-2.16402792930603 49.172637939453068
-2.163470983505249 49.172637939453068
-2.163470983505249 49.171806335449276
-2.163192987442017 49.171806335449276
-2.163192987442017 49.171527862549112
-2.162914991378784 49.171527862549112
-2.162918090820199 49.170970916748161
-2.163192987442017 49.170970916748161
-2.163192987442017 49.170417785644759
-2.163470983505249 49.170417785644759
-2.163470983505249 49.169860839843807
-2.163749933242798 49.169860839843807
-2.163749933242798 49.169303894043026
-2.163470983505249 49.169303894043026
-2.163470983505249 49.169029235840014
-2.162914991378784 49.169029235840014
-2.162918090820199 49.168193817138672
-2.163749933242798 49.168193817138672
-2.163749933242798 49.168472290039062
-2.164861917495728 49.168472290039062
-2.164861917495728 49.168193817138672
-2.16513991355896 49.168193817138672
-2.16513991355896 49.16764068603527
-2.165417909622192 49.16764068603527
-2.165417909622192 49.167362213134879
-2.165693998336678 49.167362213134879
-2.165693998336678 49.166805267334098
-2.165971994399911 49.166805267334098
-2.165971994399911 49.166248321533146
-2.166249990463143 49.166248321533146
-2.166249990463143 49.165973663330135
-2.166527986526489 49.165973663330135
-2.166527986526489 49.165695190429744
-2.166805982589722 49.165695190429744
-2.166805982589722 49.165416717529354
-2.167361974716187 49.165416717529354
-2.167361974716187 49.16513824462919
-2.168194055557194 49.16513824462919
-2.168194055557194 49.1648597717288
-2.170694112777653 49.1648597717288
-2.170694112777653 49.16513824462919
-2.171250104904118 49.16513824462919
-2.171250104904118 49.165416717529354
-2.17152810096735 49.165416717529354
-2.17152810096735 49.165973663330135
-2.172362089156991 49.165973663330135
-2.172362089156991 49.166248321533146
-2.173193931579476 49.166248321533146
-2.173193931579476 49.166526794433537
-2.173471927642822 49.166526794433537
-2.173471927642822 49.167362213134879
-2.173193931579476 49.167362213134879
-2.173193931579476 49.16764068603527
-2.172637939453011 49.16764068603527
-2.172637939453011 49.167362213134879
-2.171806097030583 49.167362213134879
-2.171806097030583 49.168193817138672
-2.17152810096735 49.168193817138672
-2.17152810096735 49.168472290039062
-2.172084093093758 49.168472290039062
-2.172084093093758 49.168750762939453
-2.172637939453011 49.168750762939453
-2.172637939453011 49.168472290039062
-2.17430591583252 49.168472290039062
-2.17430591583252 49.168750762939453
-2.174585103988647 49.168750762939453
-2.174585103988647 49.169029235840014
-2.174860000610295 49.169029235840014
-2.174860000610295 49.169303894043026
-2.175137996673527 49.169303894043026
-2.175137996673527 49.169860839843807
-2.175415992736703 49.169860839843807
-2.175415992736703 49.170139312744368
-2.175693988799935 49.170139312744368
-2.175693988799935 49.170696258544922
-2.175972938537541 49.170696258544922
-2.175972938537541 49.170970916748161
-2.178472995758 49.170970916748161
-2.178472995758 49.171249389648722
-2.179583072662354 49.171249389648722
-2.179583072662354 49.170970916748161
-2.179861068725586 49.170970916748161
-2.179861068725586 49.171249389648722
-2.180139064788818 49.171249389648722
-2.180139064788818 49.170970916748161
-2.180417060852051 49.170970916748161
-2.180417060852051 49.170139312744368
-2.180695056915283 49.170139312744368
-2.180695056915283 49.169860839843807
-2.181526899337712 49.169860839843807
-2.181526899337712 49.169303894043026
-2.181804895400944 49.169303894043026
-2.181804895400944 49.169029235840014
-2.182360887527409 49.169029235840014
-2.182360887527409 49.168193817138672
-2.183473110198975 49.168193817138672
-2.183473110198975 49.168472290039062
-2.18430495262146 49.168472290039062
-2.18430495262146 49.168750762939453
-2.185416936874333 49.168750762939453
-2.185416936874333 49.168472290039062
-2.185694932937565 49.168472290039062
-2.185694932937565 49.168193817138672
-2.185972929000798 49.168193817138672
-2.185972929000798 49.167915344238281
-2.186249017715454 49.167915344238281
-2.186249017715454 49.16764068603527
-2.187361001968384 49.16764068603527
-2.187361001968384 49.167915344238281
-2.18847393989563 49.167915344238281
-2.18847393989563 49.168193817138672
-2.189305067062264 49.168193817138672
-2.189305067062264 49.168472290039062
-2.189584016799813 49.168472290039062
-2.189584016799813 49.168750762939453
-2.189862012863045 49.168750762939453
-2.189862012863045 49.170417785644759
-2.189584016799813 49.170417785644759
-2.189584016799813 49.170696258544922
-2.189305067062264 49.170696258544922
-2.189305067062264 49.170970916748161
-2.189027070999032 49.170970916748161
-2.189027070999032 49.171249389648722
-2.187916994094849 49.171249389648722
-2.187916994094849 49.171527862549112
-2.188195943832397 49.171527862549112
-2.188195943832397 49.171806335449276
-2.18847393989563 49.171806335449276
-2.18847393989563 49.172084808349666
-2.188751935958862 49.172084808349666
-2.188751935958862 49.17319488525402
-2.189584016799813 49.17319488525402
-2.189584016799813 49.173473358154411
-2.190140008926278 49.173473358154411
-2.190140008926278 49.173751831054801
-2.19041800498951 49.173751831054801
-2.19041800498951 49.174304962158203
-2.190140008926278 49.174304962158203
-2.190140008926278 49.174583435058594
-2.189584016799813 49.174583435058594
-2.189584016799813 49.174304962158203
-2.18847393989563 49.174304962158203
-2.18847393989563 49.174583435058594
-2.188751935958862 49.174583435058594
-2.188751935958862 49.174861907958984
-2.189305067062264 49.174861907958984
-2.189305067062264 49.175971984863338
-2.189027070999032 49.175971984863338
-2.189027070999032 49.176250457763729
-2.187083005905151 49.176250457763729
-2.187083005905151 49.17652893066429
-2.185694932937565 49.17652893066429
-2.185694932937565 49.17680740356468
-2.1851389408111 49.17680740356468
-2.1851389408111 49.177082061767692
-2.184860944747925 49.177082061767692
-2.184860944747925 49.177360534668082
-2.1851389408111 49.177360534668082
-2.1851389408111 49.177639007568644
-2.185416936874333 49.177639007568644
-2.185416936874333 49.178195953369197
-2.185694932937565 49.178195953369197
-2.185694932937565 49.178470611572436
-2.185972929000798 49.178470611572436
-2.185971021652222 49.17902755737299
-2.186527013778687 49.17902755737299
-2.186527013778687 49.179306030273381
-2.186249017715454 49.179306030273381
-2.186249017715454 49.179584503173942
-2.186527013778687 49.179584503173942
-2.186527013778687 49.179862976074332
-2.187083005905151 49.179862976074332
-2.187083005905151 49.180694580078125
-2.187361001968384 49.180694580078125
-2.187361001968384 49.180973052978516
-2.187638998031616 49.180973052978516
-2.187638998031616 49.181251525878906
-2.188751935958862 49.181251525878906
-2.188751935958862 49.180973052978516
-2.190692901611328 49.180973052978516
-2.190692901611328 49.181251525878906
-2.190972089767399 49.181251525878906
-2.190972089767399 49.181804656982479
-2.191250085830632 49.181804656982479
-2.191250085830632 49.18236160278326
-2.190972089767399 49.18236160278326
-2.190972089767399 49.182640075683651
-2.191250085830632 49.182640075683651
-2.191250085830632 49.183193206787223
-2.191528081893864 49.183193206787223
-2.191528081893864 49.183471679687614
-2.192362070083561 49.183471679687614
-2.192362070083561 49.183750152588004
-2.192915916442757 49.183750152588004
-2.192915916442757 49.184028625488565
-2.193749904632455 49.184028625488565
-2.193749904632455 49.184307098388956
-2.195693969726506 49.184307098388956
-2.195693969726506 49.184581756591797
-2.197083950042611 49.184581756591797
-2.197083950042611 49.184860229492358
-2.197916030883732 49.184860229492358
-2.197916030883732 49.185138702392749
-2.198194026946965 49.185138702392749
-2.198194026946965 49.184860229492358
-2.199028015136662 49.184860229492358
-2.199028015136662 49.185138702392749
-2.200416088104248 49.185138702392749
-2.200416088104248 49.184581756591797
-2.20069408416748 49.184581756591797
-2.20069408416748 49.184307098388956
-2.201528072357121 49.184307098388956
-2.201528072357121 49.183750152588004
-2.201250076293888 49.183750152588004
-2.201250076293888 49.183471679687614
-2.200972080230713 49.183471679687614
-2.200972080230713 49.183193206787223
-2.20069408416748 49.183193206787223
-2.20069408416748 49.182918548584212
-2.200416088104248 49.182918548584212
-2.200416088104248 49.182083129882869
-2.20069408416748 49.182083129882869
-2.20069408416748 49.181526184082088
-2.200972080230713 49.181526184082088
-2.200972080230713 49.180973052978516
-2.202363014221191 49.180973052978516
-2.202359914779606 49.181251525878906
-2.202915906906071 49.181251525878906
-2.202915906906071 49.180973052978516
-2.203195095062142 49.180973052978516
-2.203195095062142 49.180694580078125
-2.203473091125375 49.180694580078125
-2.203473091125375 49.180416107177734
-2.203751087188721 49.180416107177734
-2.203751087188721 49.179584503173942
-2.204025983810425 49.179584503173942
-2.204025983810425 49.17902755737299
-2.203751087188721 49.17902755737299
-2.203751087188721 49.177917480469034
-2.204025983810425 49.177917480469034
-2.204029083251953 49.177639007568644
-2.205694913864136 49.177639007568644
-2.205694913864136 49.177917480469034
-2.205972909927368 49.177917480469034
-2.205972909927368 49.178470611572436
-2.206250905990544 49.178470611572436
-2.206248998641854 49.178749084472827
-2.207082986831665 49.178749084472827
-2.207082986831665 49.178470611572436
-2.20763897895813 49.178470611572436
-2.20763897895813 49.178195953369197
-2.208194971084595 49.178195953369197
-2.208194971084595 49.177917480469034
-2.208472967147827 49.177917480469034
-2.208472967147827 49.177360534668082
-2.20875096321106 49.177360534668082
-2.20875096321106 49.17680740356468
-2.209305047988778 49.17680740356468
-2.209305047988778 49.17652893066429
-2.209861040115243 49.17652893066429
-2.209861040115243 49.176250457763729
-2.20958304405201 49.176250457763729
-2.20958304405201 49.175415039062557
-2.209861040115243 49.175415039062557
-2.209861040115243 49.175140380859375
-2.211527109146061 49.175140380859375
-2.211527109146061 49.175971984863338
-2.211805105209294 49.175971984863338
-2.211805105209294 49.17652893066429
-2.212083101272526 49.17652893066429
-2.212083101272526 49.17680740356468
-2.212639093398934 49.17680740356468
-2.212639093398934 49.177082061767692
-2.213195085525399 49.177082061767692
-2.213195085525399 49.17680740356468
-2.21430492401123 49.17680740356468
-2.21430492401123 49.177082061767692
-2.214582920074463 49.177082061767692
-2.214582920074463 49.17680740356468
-2.215692996978703 49.17680740356468
-2.215692996978703 49.17652893066429
-2.216248989105111 49.17652893066429
-2.216248989105111 49.176250457763729
-2.216526985168343 49.176250457763729
-2.216526985168343 49.175971984863338
-2.216805934905949 49.175971984863338
-2.216805934905949 49.175693511962947
-2.217083930969181 49.175693511962947
-2.217083930969181 49.175415039062557
-2.217361927032414 49.175415039062557
-2.217361927032414 49.175140380859375
-2.217917919158822 49.175140380859375
-2.217917919158822 49.174861907958984
-2.21875 49.174861907958984
-2.21875 49.174583435058594
-2.221528053283691 49.174583435058594
-2.221528053283691 49.174304962158203
-2.221806049346924 49.174304962158203
-2.221806049346924 49.174026489257812
-2.222915887832585 49.174026489257812
-2.222915887832585 49.173751831054801
-2.22402811050415 49.173751831054801
-2.22402811050415 49.173473358154411
-2.224306106567383 49.173473358154411
-2.224306106567383 49.17319488525402
-2.224862098693848 49.17319488525402
-2.224862098693848 49.173473358154411
-2.225137948989868 49.173473358154411
-2.225137948989868 49.173751831054801
-2.226249933242741 49.173751831054801
-2.226249933242741 49.174026489257812
-2.227361917495671 49.174026489257812
-2.227361917495671 49.174304962158203
-2.228471994400024 49.174304962158203
-2.228471994400024 49.174583435058594
-2.230417013168221 49.174583435058594
-2.230417013168221 49.174861907958984
-2.230973005294686 49.174861907958984
-2.230973005294686 49.175140380859375
-2.231805086135807 49.175140380859375
-2.231805086135807 49.175415039062557
-2.23208308219904 49.175415039062557
-2.23208308219904 49.176250457763729
-2.232361078262272 49.176250457763729
-2.232361078262272 49.17652893066429
-2.233751058578378 49.17652893066429
-2.233751058578378 49.17680740356468
-2.23402905464161 49.17680740356468
-2.234026908874398 49.177082061767692
-2.234582901000863 49.177082061767692
-2.234582901000863 49.177360534668082
-2.235138893127441 49.177360534668082
-2.235138893127441 49.177639007568644
-2.235416889190674 49.177639007568644
-2.235416889190674 49.177917480469034
-2.235694885253906 49.177917480469034
-2.235694885253906 49.178195953369197
-2.235972881317139 49.178195953369197
-2.235972881317139 49.17902755737299
-2.236248970031681 49.17902755737299
-2.236248970031681 49.179306030273381
-2.236526966094914 49.179306030273381
-2.236526966094914 49.179584503173942
-2.236804962158146 49.179584503173942
-2.236804962158146 49.179306030273381
-2.237082958221322 49.179306030273381
-2.237082958221322 49.17902755737299
-2.237360954284554 49.17902755737299
-2.237360954284554 49.178749084472827
-2.237638950347787 49.178749084472827
-2.237638950347787 49.178470611572436
-2.238194942474252 49.178470611572436
-2.238194942474252 49.177917480469034
-2.238472938537484 49.177917480469034
-2.238472938537484 49.177639007568644
-2.23874902725214 49.177639007568644
-2.23874902725214 49.177360534668082
-2.239583015441838 49.177360534668082
-2.239583015441838 49.177639007568644
-2.240139007568303 49.177639007568644
-2.240139007568303 49.177917480469034
-2.240417003631535 49.177917480469034
-2.240417003631535 49.178195953369197
-2.240972995757943 49.178195953369197
-2.240972995757943 49.178470611572436
-2.241251945495549 49.178470611572436
-2.241249084472656 49.17902755737299
-2.241527080535889 49.17902755737299
-2.241527080535889 49.179584503173942
-2.241805076599064 49.179584503173942
-2.241805076599064 49.179862976074332
-2.242083072662297 49.179862976074332
-2.242083072662297 49.180137634277344
-2.242361068725529 49.180137634277344
-2.242361068725529 49.180416107177734
-2.244584083557129 49.180416107177734
-2.244584083557129 49.180694580078125
-2.244862079620361 49.180694580078125
-2.244862079620361 49.181526184082088
-2.245140075683594 49.181526184082088
-2.245140075683594 49.182083129882869
-2.244862079620361 49.182083129882869
-2.244862079620361 49.18236160278326
-2.24402809143055 49.18236160278326
-2.24402809143055 49.182640075683651
-2.242361068725529 49.182640075683651
-2.242361068725529 49.182918548584212
-2.242083072662297 49.182918548584212
-2.242083072662297 49.183193206787223
-2.241805076599064 49.183193206787223
-2.241805076599064 49.183471679687614
-2.241527080535889 49.183471679687614
-2.241527080535889 49.183750152588004
-2.241251945495549 49.183750152588004
-2.241251945495549 49.184028625488565
-2.240694999694711 49.184028625488565
-2.240694999694711 49.184581756591797
-2.240417003631535 49.184581756591797
-2.240417003631535 49.184860229492358
-2.236248970031681 49.184860229492358
-2.236248970031681 49.185138702392749
-2.236526966094914 49.185138702392749
-2.236526966094914 49.185695648193303
-2.236804962158146 49.185695648193303
-2.236804962158146 49.185970306396712
-2.237082958221322 49.185974121093864
-2.237082958221322 49.186248779297102
-2.237360954284554 49.186248779297102
-2.237360954284554 49.186527252197266
-2.237638950347787 49.186527252197266
-2.237638950347787 49.186805725097656
-2.237916946411019 49.186805725097656
-2.237916946411019 49.187084197998047
-2.238194942474252 49.187084197998047
-2.238194942474252 49.18791580200201
-2.238472938537484 49.18791580200201
-2.238472938537484 49.188472747802791
-2.238194942474252 49.188472747802791
-2.238194942474252 49.188751220703182
-2.237360954284554 49.188751220703182
-2.237360954284554 49.188472747802791
-2.237082958221322 49.188472747802791
-2.237082958221322 49.188194274902401
-2.236526966094914 49.188194274902401
-2.236526966094914 49.18791580200201
-2.235694885253906 49.18791580200201
-2.235694885253906 49.188194274902401
-2.235416889190674 49.188194274902401
-2.235416889190674 49.188472747802791
-2.234860897064095 49.188472747802791
-2.234860897064095 49.188751220703182
-2.234026908874398 49.188751220703182
-2.23402905464161 49.188472747802791
-2.233751058578378 49.188472747802791
-2.233748912811166 49.188194274902401
-2.232917070388737 49.188194274902401
-2.232917070388737 49.188751220703182
-2.232639074325505 49.188751220703182
-2.232639074325505 49.189304351806754
-2.232361078262272 49.189304351806754
-2.232361078262272 49.189582824707145
-2.231805086135807 49.189582824707145
-2.231805086135807 49.189304351806754
-2.231525897979736 49.189304351806754
-2.231528997421151 49.189029693603572
-2.230695009231454 49.189029693603572
-2.230695009231454 49.189304351806754
-2.22986006736744 49.189304351806754
-2.22986006736744 49.189582824707145
-2.229584932327271 49.189582824707145
-2.229584932327271 49.190139770507926
-2.229306936264038 49.190139770507926
-2.229306936264038 49.190418243408487
-2.229028940200806 49.190418243408487
-2.229028940200806 49.190692901611328
-2.228749990463257 49.190692901611328
-2.228749990463257 49.192081451416072
-2.229028940200806 49.192081451416072
-2.229028940200806 49.193748474121378
-2.227083921432438 49.193748474121378
-2.227083921432438 49.194305419921932
-2.228193998336792 49.194305419921932
-2.228193998336792 49.194862365722713
-2.22791600227356 49.194862365722713
-2.22791600227356 49.194583892822322
-2.226805925369206 49.194583892822322
-2.226805925369206 49.195415496826286
-2.227361917495671 49.195415496826286
-2.227361917495671 49.195693969726676
-2.227083921432438 49.195693969726676
-2.227083921432438 49.195972442627067
-2.227361917495671 49.195972442627067
-2.227361917495671 49.196804046630859
-2.227083921432438 49.196804046630859
-2.227083921432438 49.19708251953125
-2.226805925369206 49.19708251953125
-2.226805925369206 49.198471069335994
-2.226527929305973 49.198471069335994
-2.226527929305973 49.198749542236555
-2.225971937179509 49.198749542236555
-2.225971937179509 49.199028015136946
-2.224584102630615 49.199028015136946
-2.224584102630615 49.1995849609375
-2.224862098693848 49.1995849609375
-2.224862098693848 49.199859619140909
-2.224584102630615 49.199859619140909
-2.224584102630615 49.200416564941463
-2.224306106567383 49.200416564941463
-2.224306106567383 49.201526641845646
-2.224584102630615 49.201526641845646
-2.224584102630615 49.202083587646598
-2.224306106567383 49.202083587646598
-2.224306106567383 49.202362060546989
-2.223472118377686 49.202362060546989
-2.223472118377686 49.202640533447379
-2.223750114440918 49.202640533447379
-2.223750114440918 49.203193664550781
-2.223472118377686 49.203193664550781
-2.223472118377686 49.203472137451172
-2.223750114440918 49.203472137451172
-2.223750114440918 49.204860687255916
-2.223472118377686 49.204860687255916
-2.223472118377686 49.205139160156477
-2.223750114440918 49.205139160156477
-2.223750114440918 49.205417633056868
-2.22402811050415 49.205417633056868
-2.22402811050415 49.206527709961222
-2.224306106567383 49.206527709961222
-2.224306106567383 49.207637786865178
-2.224584102630615 49.207637786865178
-2.224584102630615 49.208751678466911
-2.224306106567383 49.208751678466911
-2.224306106567383 49.209026336669922
-2.22402811050415 49.209026336669922
-2.22402811050415 49.209304809570312
-2.224584102630615 49.209304809570312
-2.224584102630615 49.210693359375057
-2.224862098693848 49.210693359375057
-2.224862098693848 49.211528778076399
-2.225137948989868 49.211528778076399
-2.225137948989868 49.212638854980753
-2.225415945053101 49.212638854980753
-2.225415945053101 49.213195800781307
-2.225693941116276 49.213195800781307
-2.225693941116276 49.214027404785099
-2.226527929305973 49.214027404785099
-2.226527929305973 49.21430587768549
-2.226805925369206 49.21430587768549
-2.226805925369206 49.214584350586051
-2.227083921432438 49.214584350586051
-2.227083921432438 49.216251373291016
-2.227361917495671 49.216251373291016
-2.227361917495671 49.217082977294979
-2.227083921432438 49.217082977294979
-2.227083921432438 49.217918395996321
-2.227361917495671 49.217918395996321
-2.227360010147095 49.218750000000114
-2.227638006210327 49.218750000000114
-2.227638006210327 49.219581604003906
-2.22791600227356 49.219581604003906
-2.22791600227356 49.220417022705021
-2.228193998336792 49.220417022705021
-2.228193998336792 49.221248626709212
-2.228471994400024 49.221248626709212
-2.228471994400024 49.221805572509766
-2.228749990463257 49.221805572509766
-2.228749990463257 49.222084045410156
-2.229028940200806 49.222084045410156
-2.229028940200806 49.222362518310547
-2.229306936264038 49.222362518310547
-2.229306936264038 49.222637176513729
-2.229584932327271 49.222637176513729
-2.229584932327271 49.22319412231451
-2.22986006736744 49.22319412231451
-2.22986006736744 49.223472595214901
-2.230138063430786 49.223472595214901
-2.230138063430786 49.223751068115291
-2.230417013168221 49.223751068115291
-2.230417013168221 49.224029541015682
-2.230695009231454 49.224029541015682
-2.230695009231454 49.224304199218864
-2.230973005294686 49.224304199218864
-2.230973005294686 49.224582672119254
-2.231805086135807 49.224582672119254
-2.231805086135807 49.224861145019645
-2.23208308219904 49.224861145019645
-2.23208308219904 49.225692749023438
-2.232361078262272 49.225692749023438
-2.232361078262272 49.226249694824389
-2.232639074325505 49.226249694824389
-2.232639074325505 49.226806640624943
-2.232917070388737 49.226806640624943
-2.232917070388737 49.227085113525334
-2.23319506645197 49.227085113525334
-2.23319506645197 49.227359771728743
-2.233473062515202 49.227359771728743
-2.233473062515202 49.227638244629134
-2.233751058578378 49.227638244629134
-2.233751058578378 49.227916717529297
-2.233473062515202 49.227916717529297
-2.233473062515202 49.228473663330078
-2.23430490493763 49.228473663330078
-2.23430490493763 49.228748321533487
-2.234582901000863 49.228748321533487
-2.234582901000863 49.229305267334041
-2.234860897064095 49.229305267334041
-2.234860897064095 49.229583740234432
-2.235694885253906 49.229583740234432
-2.235694885253906 49.230140686035213
-2.235972881317139 49.230140686035213
-2.235972881317139 49.230693817138786
-2.236526966094914 49.230693817138786
-2.236526966094914 49.230972290039176
-2.236804962158146 49.230972290039176
-2.236804962158146 49.231250762939567
-2.237082958221322 49.231250762939567
-2.237082958221322 49.231529235839957
-2.238194942474252 49.231529235839957
-2.238194942474252 49.23236083984375
-2.238472938537484 49.23236083984375
-2.238472938537484 49.232639312744311
-2.23874902725214 49.232639312744311
-2.23874902725214 49.233196258544865
-2.239027023315373 49.233196258544865
-2.239027023315373 49.233470916748104
-2.239305019378605 49.233470916748104
-2.239305019378605 49.233749389648665
-2.239583015441838 49.233749389648665
-2.239583015441838 49.234027862549055
-2.240417003631535 49.234027862549055
-2.240417003631535 49.234306335449219
-2.240694999694711 49.234306335449219
-2.240694999694711 49.236804962158317
-2.240972995757943 49.236804962158317
-2.240972995757943 49.237083435058707
-2.241251945495549 49.237083435058707
-2.241249084472656 49.237361907959098
-2.241527080535889 49.237361907959098
-2.241527080535889 49.237640380859489
-2.241805076599064 49.237640380859489
-2.241805076599064 49.2379150390625
-2.242361068725529 49.2379150390625
-2.242361068725529 49.238193511962891
-2.243474006652775 49.238193511962891
-2.243474006652775 49.238471984863281
-2.243748903274479 49.238471984863281
-2.243748903274479 49.238750457763672
-2.24402809143055 49.238750457763672
-2.24402809143055 49.239028930664233
-2.245140075683594 49.239028930664233
-2.245140075683594 49.239860534668026
-2.245418071746826 49.239860534668026
-2.245414972305241 49.240139007568587
-2.245693922042847 49.240139007568587
-2.245693922042847 49.239860534668026
-2.246249914169312 49.239860534668026
-2.246249914169312 49.240139007568587
-2.247083902358952 49.240139007568587
-2.247083902358952 49.239860534668026
-2.248193979263306 49.239860534668026
-2.248193979263306 49.239582061767635
-2.248471975326538 49.239582061767635
-2.248471975326538 49.239307403564624
-2.249027967453003 49.239307403564624
-2.249027967453003 49.238750457763672
-2.249305963516235 49.238750457763672
-2.249305963516235 49.238471984863281
-2.251528024673462 49.238471984863281
-2.251528024673462 49.238750457763672
-2.251806020736694 49.238750457763672
-2.251806020736694 49.239307403564624
-2.251528024673462 49.239307403564624
-2.251528024673462 49.239860534668026
-2.251250028610229 49.239860534668026
-2.251250028610229 49.240970611572379
-2.252362012863159 49.240970611572379
-2.25236010551447 49.24124908447294
-2.252638101577702 49.24124908447294
-2.252638101577702 49.241806030273494
-2.252362012863159 49.241806030273494
-2.252362012863159 49.242084503173885
-2.251806020736694 49.242084503173885
-2.251806020736694 49.242362976074276
-2.251528024673462 49.242362976074276
-2.251528024673462 49.242637634277287
-2.251250028610229 49.242637634277287
-2.251250028610229 49.243473052978629
-2.251528024673462 49.243473052978629
-2.251528024673462 49.244026184082031
-2.251806020736694 49.244026184082031
-2.251806020736694 49.244304656982422
-2.252362012863159 49.244304656982422
-2.25236010551447 49.244583129882812
-2.252638101577702 49.244583129882812
-2.252638101577702 49.244861602783203
-2.252916097640934 49.244861602783203
-2.252916097640934 49.245140075683594
-2.25319409370411 49.245140075683594
-2.25319409370411 49.245414733886776
-2.253472089767342 49.245418548584155
-2.253472089767342 49.245971679687557
-2.25319409370411 49.245971679687557
-2.25319409370411 49.246250152587947
-2.253472089767342 49.246250152587947
-2.253472089767342 49.246528625488509
-2.253750085830575 49.246528625488509
-2.253750085830575 49.246807098388899
-2.254028081893807 49.246807098388899
-2.254028081893807 49.247081756591911
-2.25430607795704 49.247081756591911
-2.25430607795704 49.247360229492301
-2.254028081893807 49.247360229492301
-2.254028081893807 49.247638702392862
-2.25430607795704 49.247638702392862
-2.25430607795704 49.247917175293253
-2.254584074020272 49.247917175293253
-2.254584074020272 49.248470306396655
-2.254863023757821 49.248474121093807
-2.254859924316406 49.248748779297046
-2.255137920379639 49.248748779297046
-2.255137920379639 49.249862670898551
-2.254863023757821 49.249862670898551
-2.254863023757821 49.252082824707088
-2.254584074020272 49.252082824707088
-2.254584074020272 49.25291824340843
-2.25430607795704 49.25291824340843
-2.25430607795704 49.253192901611442
-2.254028081893807 49.253192901611442
-2.254028081893807 49.253471374511832
-2.253750085830575 49.253471374511832
-2.253750085830575 49.253749847412223
-2.252916097640934 49.253749847412223
-2.252916097640934 49.254028320312784
-2.251806020736694 49.254028320312784
-2.251806020736694 49.255138397216967
-2.251528024673462 49.255138397216967
-2.251528024673462 49.255416870117131
-2.250416040420419 49.255416870117131
-2.250416040420419 49.255695343017521
-2.2498619556427 49.255695343017521
-2.2498619556427 49.255973815918082
-2.249583959579468 49.255973815918082
-2.249583959579468 49.256248474121321
-2.249305963516235 49.256248474121321
-2.249305963516235 49.256526947021484
-2.248749971389771 49.256526947021484
-2.248749971389771 49.257083892822266
-2.248471975326538 49.257083892822266
-2.248471975326538 49.257362365722656
-2.248193979263306 49.257362365722656
-2.248193979263306 49.258193969726619
-2.247915983200073 49.258193969726619
-2.247915983200073 49.25847244262701
-2.247361898422184 49.25847244262701
-2.247361898422184 49.258750915527401
-2.245693922042847 49.258750915527401
-2.245693922042847 49.25847244262701
-2.245140075683594 49.25847244262701
-2.245140075683594 49.258750915527401
-2.243474006652775 49.258750915527401
-2.243474006652775 49.259029388427791
-2.242918014526367 49.259029388427791
-2.242918014526367 49.258750915527401
-2.241251945495549 49.258750915527401
-2.241251945495549 49.25847244262701
-2.240139007568303 49.25847244262701
-2.240139007568303 49.258193969726619
-2.23986101150507 49.258193969726619
-2.23986101150507 49.257637023925838
-2.239027023315373 49.257637023925838
-2.239027023315373 49.257362365722656
-2.239305019378605 49.257362365722656
-2.239305019378605 49.257083892822266
-2.237082958221322 49.257083892822266
-2.237082958221322 49.256805419921875
-2.236526966094914 49.256805419921875
-2.236526966094914 49.256526947021484
-2.235972881317139 49.256526947021484
-2.235972881317139 49.256248474121321
-2.234026908874398 49.256248474121321
-2.23402905464161 49.255973815918082
-2.233751058578378 49.255973815918082
-2.233751058578378 49.256248474121321
-2.23319506645197 49.256248474121321
-2.23319506645197 49.255973815918082
-2.232917070388737 49.255973815918082
-2.232917070388737 49.256248474121321
-2.232639074325505 49.256248474121321
-2.232639074325505 49.256526947021484
-2.231251001357919 49.256526947021484
-2.231251001357919 49.257083892822266
-2.230973005294686 49.257083892822266
-2.230973005294686 49.257637023925838
-2.230695009231454 49.257637023925838
-2.230695009231454 49.258193969726619
-2.230973005294686 49.258193969726619
-2.230973005294686 49.258750915527401
-2.230695009231454 49.258750915527401
-2.230695009231454 49.259304046630973
-2.230973005294686 49.259304046630973
-2.230973005294686 49.259860992431754
-2.230695009231454 49.259860992431754
-2.230695009231454 49.260139465332145
-2.229028940200806 49.260139465332145
-2.229028940200806 49.260417938232706
-2.228471994400024 49.260417938232706
-2.228471994400024 49.260971069335938
-2.228193998336792 49.260971069335938
-2.228193998336792 49.261249542236499
-2.227361917495671 49.261249542236499
-2.227361917495671 49.261528015136889
-2.226249933242741 49.261528015136889
-2.226249933242741 49.261249542236499
-2.225971937179509 49.261249542236499
-2.225971937179509 49.260692596435547
-2.225693941116276 49.260692596435547
-2.225693941116276 49.260417938232706
-2.225971937179509 49.260417938232706
-2.225971937179509 49.260139465332145
-2.226249933242741 49.260139465332145
-2.226249933242741 49.259304046630973
-2.225971937179509 49.259304046630973
-2.225971937179509 49.258750915527401
-2.225415945053101 49.258750915527401
-2.225415945053101 49.25847244262701
-2.223750114440918 49.25847244262701
-2.223750114440918 49.258193969726619
-2.223193883895817 49.258193969726619
-2.223193883895817 49.257915496826229
-2.222637891769352 49.257915496826229
-2.222637891769352 49.257637023925838
-2.221528053283691 49.257637023925838
-2.221528053283691 49.257362365722656
-2.220972061157227 49.257362365722656
-2.220972061157227 49.257083892822266
-2.220694065093994 49.257083892822266
-2.220694065093994 49.256805419921875
-2.220416069030762 49.256805419921875
-2.220416069030762 49.256248474121321
-2.219027996063176 49.256248474121321
-2.219027996063176 49.255973815918082
-2.218194007873535 49.255973815918082
-2.218194007873535 49.255695343017521
-2.217915058135929 49.255695343017521
-2.217917919158822 49.255416870117131
-2.217083930969181 49.255416870117131
-2.217083930969181 49.255138397216967
-2.215970993041879 49.255138397216967
-2.215970993041879 49.254859924316577
-2.214582920074463 49.254859924316577
-2.214582920074463 49.254585266113338
-2.21430492401123 49.254581451416016
-2.21430492401123 49.254306793213175
-2.21347093582142 49.254306793213175
-2.213473081588631 49.254028320312784
-2.212917089462167 49.254028320312784
-2.212917089462167 49.254306793213175
-2.212083101272526 49.254306793213175
-2.212083101272526 49.254581451416016
-2.211805105209294 49.254581451416016
-2.211805105209294 49.254306793213175
-2.211251020431519 49.254306793213175
-2.211251020431519 49.254028320312784
-2.210695028305054 49.254028320312784
-2.210695028305054 49.253749847412223
-2.210417032241708 49.253749847412223
-2.210417032241708 49.253192901611442
-2.210139036178475 49.253192901611442
-2.210139036178475 49.252639770507869
-2.209861040115243 49.252639770507869
-2.209861040115243 49.252361297607479
-2.20958304405201 49.252361297607479
-2.20958304405201 49.252082824707088
-2.209027051925545 49.252082824707088
-2.209027051925545 49.252361297607479
-2.208472967147827 49.252361297607479
-2.208472967147827 49.252082824707088
-2.206804990768319 49.252082824707088
-2.206804990768319 49.251251220703125
-2.206526994705087 49.251251220703125
-2.206526994705087 49.250694274902344
-2.206250905990544 49.250694274902344
-2.206250905990544 49.250415802001953
-2.205694913864136 49.250415802001953
-2.205694913864136 49.250137329101562
-2.205416917800903 49.250137329101562
-2.205416917800903 49.249862670898551
-2.204860925674438 49.249862670898551
-2.204860925674438 49.249584197998161
-2.204303979873657 49.249584197998161
-2.204303979873657 49.249305725097599
-2.203473091125375 49.249305725097599
-2.203473091125375 49.249027252197209
-2.202915906906071 49.249027252197209
-2.202915906906071 49.248748779297046
-2.202637910842839 49.248748779297046
-2.202637910842839 49.248474121093807
-2.202359914779606 49.248474121093807
-2.202363014221191 49.248195648193416
-2.202637910842839 49.248195648193416
-2.202637910842839 49.247917175293253
-2.201528072357121 49.247917175293253
-2.201528072357121 49.247638702392862
-2.201250076293888 49.247638702392862
-2.201250076293888 49.247360229492301
-2.200972080230713 49.247360229492301
-2.200972080230713 49.247638702392862
-2.199862003326359 49.247638702392862
-2.199862003326359 49.247917175293253
-2.199584007263127 49.247917175293253
-2.199584007263127 49.248195648193416
-2.199028015136662 49.248195648193416
-2.199028015136662 49.248474121093807
-2.198472023010197 49.248474121093807
-2.198472023010197 49.248748779297046
-2.197083950042611 49.248748779297046
-2.197083950042611 49.248474121093807
-2.196805953979379 49.248474121093807
-2.196805953979379 49.247917175293253
-2.195415973663273 49.247917175293253
-2.195415973663273 49.248195648193416
-2.195693969726506 49.248195648193416
-2.195693969726506 49.248470306396655
-2.195971965789738 49.248474121093807
-2.195971965789738 49.248748779297046
-2.195415973663273 49.248748779297046
-2.195415973663273 49.249027252197209
-2.194861888885498 49.249027252197209
-2.194861888885498 49.249584197998161
-2.194583892822266 49.249584197998161
-2.194583892822266 49.249862670898551
-2.192915916442757 49.249862670898551
-2.192915916442757 49.249584197998161
-2.192362070083561 49.249584197998161
-2.192362070083561 49.249305725097599
-2.192084074020329 49.249305725097599
-2.192084074020329 49.249027252197209
-2.191528081893864 49.249027252197209
-2.191528081893864 49.248748779297046
-2.190692901611328 49.248748779297046
-2.190692901611328 49.249027252197209
-2.189862012863045 49.249027252197209
-2.189862012863045 49.248748779297046
-2.188751935958862 49.248748779297046
-2.188751935958862 49.249027252197209
-2.187916994094849 49.249027252197209
-2.187916994094849 49.249305725097599
-2.187638998031616 49.249305725097599
-2.187638998031616 49.249862670898551
-2.186249017715454 49.249862670898551
-2.186249017715454 49.249305725097599
-2.185971021652222 49.249305725097599
-2.185972929000798 49.249027252197209
-2.185416936874333 49.249027252197209
-2.185416936874333 49.248748779297046
-2.1851389408111 49.248748779297046
-2.1851389408111 49.249027252197209
-2.184026956558228 49.249027252197209
-2.184026956558228 49.248748779297046
-2.183473110198975 49.248748779297046
-2.183473110198975 49.249305725097599
-2.183195114135742 49.249305725097599
-2.183195114135742 49.249584197998161
-2.181804895400944 49.249584197998161
-2.181804895400944 49.249862670898551
-2.181526899337712 49.249862670898551
-2.181526899337712 49.250137329101562
-2.180973052978516 49.250137329101562
-2.180973052978516 49.250415802001953
-2.180695056915283 49.250415802001953
-2.180695056915283 49.250694274902344
-2.180417060852051 49.250694274902344
-2.180417060852051 49.250972747802734
-2.179583072662354 49.250972747802734
-2.179583072662354 49.250694274902344
-2.178472995758 49.250694274902344
-2.178472995758 49.250415802001953
-2.175415992736703 49.250415802001953
-2.175415992736703 49.251804351806697
-2.175137996673527 49.251804351806697
-2.175137996673527 49.252082824707088
-2.174860000610295 49.252082824707088
-2.174860000610295 49.252361297607479
-2.174585103988647 49.252361297607479
-2.174585103988647 49.252639770507869
-2.17430591583252 49.252639770507869
-2.17430591583252 49.25291824340843
-2.173749923706055 49.25291824340843
-2.173749923706055 49.253192901611442
-2.173471927642822 49.253192901611442
-2.173471927642822 49.253471374511832
-2.173193931579476 49.253471374511832
-2.173193931579476 49.253749847412223
-2.172915935516244 49.253749847412223
-2.172915935516244 49.254028320312784
-2.172362089156991 49.254028320312784
-2.172362089156991 49.254306793213175
-2.171250104904118 49.254306793213175
-2.171250104904118 49.255138397216967
-2.170972108840886 49.255138397216967
-2.170972108840886 49.255416870117131
-2.170694112777653 49.255416870117131
-2.170694112777653 49.255695343017521
-2.169862031936532 49.255695343017521
-2.169862031936532 49.255973815918082
-2.169028043746835 49.255973815918082
-2.169028043746835 49.256248474121321
-2.168750047683602 49.256248474121321
-2.168750047683602 49.256805419921875
-2.16847205162037 49.256805419921875
-2.16847205162037 49.257083892822266
-2.168194055557194 49.257083892822266
-2.168194055557194 49.257362365722656
-2.167361974716187 49.257362365722656
-2.167361974716187 49.257637023925838
-2.166805982589722 49.257637023925838
-2.166805982589722 49.257915496826229
-2.166527986526489 49.257915496826229
-2.166527986526489 49.258193969726619
-2.165417909622192 49.258193969726619
-2.165417909622192 49.25847244262701
-2.164861917495728 49.25847244262701
-2.164861917495728 49.258193969726619
-2.160139083862305 49.258193969726619
-2.160139083862305 49.259304046630973
-2.160417079925537 49.259304046630973
-2.160417079925537 49.259860992431754
-2.160695075988713 49.259860992431754
-2.160695075988713 49.260692596435547
-2.160974025726318 49.260692596435547
-2.160974025726318 49.260971069335938
-2.161252021789551 49.260971069335938
-2.161252021789551 49.262084960937443
-2.160974025726318 49.262084960937443
-2.160974025726318 49.262359619140852
-2.160695075988713 49.262359619140852
-2.160695075988713 49.262638092041243
-2.15958309173584 49.262638092041243
> jersey 5
-1.926805973052922 49.288192749023551
-1.926805973052922 49.28791809082054
-1.926527976989689 49.28791809082054
-1.926527976989689 49.286804199218807
-1.926249980926457 49.286804199218807
-1.926249980926457 49.285694122314453
-1.925971984863224 49.285694122314453
-1.925971984863224 49.285415649414062
-1.925693988800049 49.285415649414062
-1.925693988800049 49.285137176513672
-1.925415992736816 49.285137176513672
-1.925415992736816 49.284862518310661
-1.925137996673584 49.284862518310661
-1.925137996673584 49.28458404541027
-1.924862027168217 49.28458404541027
-1.924862027168217 49.284027099609318
-1.924584031104985 49.284027099609318
-1.924584031104985 49.283473968505916
-1.924862027168217 49.283473968505916
-1.924862027168217 49.283195495605526
-1.925693988800049 49.283195495605526
-1.925693988800049 49.282917022705362
-1.926249980926457 49.282917022705362
-1.926249980926457 49.282360076904411
-1.926527976989689 49.282360076904411
-1.926527976989689 49.28208160400402
-1.927361965179387 49.28208160400402
-1.927361965179387 49.282360076904411
-1.927638053894043 49.282360076904411
-1.927638053894043 49.28791809082054
-1.927361965179387 49.28791809082054
-1.927361965179387 49.288192749023551
-1.926805973052922 49.288192749023551
> jersey 6
-1.929306030273438 49.292915344238338
-1.929306030273438 49.292640686035156
-1.929028034210205 49.292640686035156
-1.929028034210205 49.292083740234375
-1.928750038146973 49.292083740234375
-1.928750038146973 49.291805267333984
-1.92847204208374 49.291805267333984
-1.92847204208374 49.29124832153343
-1.928194046020508 49.29124832153343
-1.928194046020508 49.290973663330192
-1.927638053894043 49.290973663330192
-1.927638053894043 49.290695190429631
-1.927361965179387 49.290695190429631
-1.927361965179387 49.290138244629077
-1.92847204208374 49.290138244629077
-1.92847204208374 49.29041671752924
-1.928750038146973 49.29041671752924
-1.928750038146973 49.290695190429631
-1.929584026336613 49.290695190429631
-1.929584026336613 49.290973663330192
-1.929862022399846 49.290973663330192
-1.92985999584198 49.29124832153343
-1.931527972221318 49.29124832153343
-1.931527972221318 49.291526794433594
-1.93180596828455 49.291526794433594
-1.93180596828455 49.292362213134766
-1.931527972221318 49.292362213134766
-1.931527972221318 49.292640686035156
-1.93097198009491 49.292640686035156
-1.93097198009491 49.292915344238338
-1.929306030273438 49.292915344238338
