> lithuania 0
         20.941515         55.277954
         20.955006         55.290192
         20.994389         55.334965
         21.002268         55.345379
         21.042675         55.398712
         21.064106         55.444332
         21.072111         55.464035
         21.091084         55.510662
         21.103292         55.581161
         21.103664         55.587975
         21.106003         55.630596
         21.095457         55.708015
         21.091759         55.712776
         21.082756         55.724354
         21.089039         55.724438
         21.097431         55.722946
         21.116423         55.704838
         21.134924         55.678982
         21.130623         55.664909
         21.131750         55.655159
         21.135044         55.642395
         21.134485         55.623566
         21.132780         55.606750
         21.134043         55.591850
         21.128431         55.581333
         21.131180         55.569324
         21.132122         55.556072
         21.126558         55.542538
         21.118301         55.527691
         21.117056         55.519970
         21.119879         55.514019
         21.114952         55.507370
         21.112013         55.502010
         21.114742         55.496861
         21.120907         55.486588
         21.102367         55.468529
         21.103020         55.462898
         21.095316         55.455742
         21.096815         55.448933
         21.091667         55.444294
         21.095484         55.442013
         21.090858         55.439014
         21.103489         55.434235
         21.112801         55.421253
         21.109636         55.417904
         21.090769         55.409119
         21.097921         55.402519
         21.088064         55.395683
         21.076471         55.391613
         21.074583         55.389523
         21.082163         55.385365
         21.085222         55.383457
         21.058365         55.364265
         21.060904         55.360725
         21.057936         55.355766
         21.064051         55.351955
         21.064425         55.348740
         21.057831         55.338390
         21.058298         55.334366
         21.062906         55.331306
         21.047758         55.327503
         21.035152         55.320156
         21.025560         55.317364
         21.018555         55.316696
         21.011127         55.313583
         21.009203         55.305832
         21.005724         55.305294
         20.999710         55.302235
         21.002298         55.298294
         21.002020         55.294647
         20.996662         55.292019
         20.990318         55.291775
         20.985386         55.291584
         20.979374         55.288525
         20.976887         55.285599
         20.982201         55.282574
         20.987701         55.277935
         20.988373         55.272251
         20.988373         55.272251
         20.945900         55.277229
         20.941515         55.277954
> lithuania 1
         22.000000         56.404209
         22.000000         56.414803
         22.000000         56.414803
         22.052568         56.417068
         22.091095         56.422031
         22.114912         56.425552
         22.144039         56.425980
         22.174995         56.420574
         22.202745         56.418453
         22.225641         56.411057
         22.244827         56.405098
         22.259220         56.404083
         22.286703         56.409718
         22.317923         56.410305
         22.336943         56.401318
         22.342440         56.394043
         22.367449         56.401012
         22.367449         56.401012
         22.402401         56.407116
         22.432240         56.408085
         22.460203         56.404232
         22.474846         56.405613
         22.499022         56.397682
         22.527517         56.392010
         22.551113         56.391434
         22.583113         56.390713
         22.604002         56.382462
         22.632471         56.376762
         22.637623         56.365185
         22.672304         56.360981
         22.685575         56.355721
         22.698313         56.357822
         22.718924         56.367142
         22.735687         56.373909
         22.735687         56.373909
         22.771065         56.367569
         22.806808         56.367249
         22.841864         56.369247
         22.882719         56.373562
         22.914825         56.378269
         22.924864         56.384567
         22.930042         56.396420
         22.933287         56.407497
         22.945444         56.413986
         22.959480         56.414051
         22.975218         56.408279
         22.990271         56.404839
         23.004097         56.401882
         23.015574         56.392128
         23.014263         56.366856
         23.030342         56.329960
         23.039894         56.323029
         23.079416         56.320572
         23.098158         56.307869
         23.108118         56.306957
         23.133986         56.318237
         23.157764         56.329327
         23.179893         56.346252
         23.174728         56.364357
         23.249866         56.373360
         23.277414         56.375168
         23.302591         56.381557
         23.329422         56.382095
         23.366390         56.381111
         23.425014         56.368217
         23.435638         56.357162
         23.473955         56.347290
         23.500755         56.340012
         23.536127         56.332859
         23.561550         56.334427
         23.646057         56.364307
         23.671190         56.367016
         23.704943         56.368099
         23.728451         56.369713
         23.752607         56.368931
         23.776789         56.365700
         23.779123         56.361698
         23.774982         56.353664
         23.766899         56.343903
         23.762884         56.333084
         23.768507         56.326210
         23.773458         56.324177
         23.781460         56.324841
         23.797338         56.338394
         23.806644         56.341263
         23.820719         56.342777
         23.833950         56.340378
         23.860500         56.335228
         23.910662         56.338303
         23.930513         56.332241
         23.949007         56.331306
         23.982552         56.330547
         24.014774         56.330021
         24.036570         56.316418
         24.061718         56.294697
         24.066515         56.278667
         24.077507         56.277458
         24.092449         56.277966
         24.099400         56.275379
         24.110575         56.268597
         24.134665         56.260403
         24.157600         56.256653
         24.171921         56.257099
         24.203287         56.262047
         24.246637         56.279106
         24.283327         56.290390
         24.302343         56.297123
         24.328999         56.298519
         24.359034         56.289005
         24.384470         56.277729
         24.404856         56.276524
         24.429998         56.263821
         24.438835         56.258575
         24.455963         56.257809
         24.468649         56.262280
         24.498873         56.271942
         24.527748         56.276958
         24.561392         56.283028
         24.577738         56.290558
         24.583590         56.294842
         24.578093         56.306984
         24.579321         56.314754
         24.593079         56.325222
         24.613180         56.335476
         24.633635         56.352032
         24.633863         56.356236
         24.639595         56.363647
         24.652905         56.370934
         24.684235         56.373993
         24.704401         56.379002
         24.711231         56.381954
         24.718290         56.394344
         24.731840         56.398151
         24.758789         56.401211
         24.793449         56.401001
         24.807463         56.405529
         24.812246         56.411816
         24.818720         56.413689
         24.831741         56.406631
         24.853794         56.406517
         24.864807         56.410465
         24.874096         56.416382
         24.873779         56.422985
         24.869423         56.430687
         24.867540         56.438568
         24.873367         56.443184
         24.890749         56.446899
         24.908768         56.442642
         24.911928         56.437294
         24.907400         56.427197
         24.906507         56.417717
         24.917297         56.401421
         24.947926         56.372974
         24.965801         56.355797
         24.966618         56.336330
         24.965927         56.320591
         24.973524         56.309639
         24.995892         56.302555
         25.000000         56.300800
         25.007742         56.297489
         25.017874         56.294392
         25.029844         56.283405
         25.039400         56.274685
         25.049980         56.272316
         25.064400         56.261505
         25.069290         56.256630
         25.070744         56.236866
         25.072136         56.225464
         25.078213         56.215446
         25.084621         56.201271
         25.089642         56.198498
         25.097414         56.186512
         25.115343         56.184666
         25.147604         56.177574
         25.172226         56.173759
         25.192059         56.174480
         25.206112         56.178619
         25.227854         56.184692
         25.239161         56.184448
         25.252867         56.176361
         25.260338         56.170967
         25.276945         56.169353
         25.296255         56.155735
         25.307173         56.148842
         25.320927         56.145977
         25.330528         56.150482
         25.343822         56.155247
         25.369333         56.155636
         25.397924         56.159023
         25.406914         56.157909
         25.422953         56.147526
         25.431108         56.152969
         25.448332         56.156948
         25.461237         56.155052
         25.474043         56.147926
         25.487331         56.147102
         25.503931         56.148243
         25.512550         56.151623
         25.515501         56.158092
         25.515604         56.163322
         25.521994         56.165501
         25.531071         56.166821
         25.546824         56.166157
         25.554640         56.161816
         25.562143         56.144569
         25.566805         56.140358
         25.596518         56.138550
         25.623472         56.137943
         25.642509         56.136444
         25.655443         56.140102
         25.667938         56.145817
         25.677261         56.148880
         25.683706         56.147923
         25.685005         56.138958
         25.684780         56.131283
         25.691195         56.127537
         25.697655         56.120659
         25.696886         56.112602
         25.695202         56.097172
         25.697603         56.091763
         25.708721         56.083458
         25.736364         56.079391
         25.747105         56.072800
         25.757944         56.068649
         25.773766         56.064484
         25.786474         56.063240
         25.808643         56.058445
         25.820990         56.053001
         25.832787         56.041252
         25.851212         56.027504
         25.857443         56.018520
         25.858513         56.007454
         25.860748         56.000000
         25.860748         56.000000
         25.900000         56.000000
         25.914660         56.000000
         25.914660         56.000000
         25.917248         55.999340
         25.953327         55.992241
         25.983967         55.979073
         26.020004         55.968922
         26.052349         55.942585
         26.106157         55.897995
         26.168949         55.868534
         26.206627         55.856304
         26.229828         55.836010
         26.247438         55.796509
         26.254507         55.784348
         26.279388         55.758980
         26.307953         55.745735
         26.347363         55.741547
         26.368649         55.722244
         26.377474         55.711082
         26.379177         55.703991
         26.400639         55.700871
         26.423956         55.702797
         26.463299         55.697563
         26.481091         55.689388
         26.527414         55.673985
         26.539864         55.668858
         26.572121         55.670712
         26.615084         55.670471
         26.619671         55.674351
         26.631617         55.657852
         26.627617         55.635559
         26.625505         55.618324
         26.625134         55.598038
         26.628399         55.580769
         26.617453         55.569672
         26.599371         55.559631
         26.593786         55.547489
         26.573879         55.534409
         26.538021         55.529526
         26.516462         55.523548
         26.516352         55.516445
         26.532379         55.512306
         26.549889         55.489891
         26.554628         55.452324
         26.557371         55.402588
         26.558952         55.390400
         26.546392         55.385391
         26.523077         55.376381
         26.508711         55.369350
         26.494459         55.369419
         26.476538         55.362400
         26.465790         55.358391
         26.455061         55.355396
         26.449648         55.350346
         26.454918         55.345249
         26.476227         55.341091
         26.502871         55.336903
         26.529558         55.335754
         26.540257         55.336712
         26.552635         55.331573
         26.565025         55.327450
         26.572180         55.329437
         26.582876         55.330395
         26.586384         55.327332
         26.593431         55.323231
         26.602402         55.327240
         26.620348         55.335255
         26.629137         55.329113
         26.647108         55.338142
         26.659590         55.339081
         26.665047         55.345135
         26.680912         55.336918
         26.703932         55.330681
         26.718132         55.328556
         26.728746         55.325443
         26.748409         55.329369
         26.778624         55.327129
         26.787521         55.327065
         26.798042         55.319885
         26.810566         55.322838
         26.824545         55.311569
         26.845848         55.309380
         26.852724         55.299179
         26.863297         55.295036
         26.871943         55.284821
         26.852386         55.284973
         26.820196         55.277096
         26.768360         55.264275
         26.743311         55.256329
         26.730453         55.236115
         26.726421         55.212795
         26.712057         55.204769
         26.685419         55.203930
         26.674654         55.197906
         26.676250         55.188763
         26.691956         55.175465
         26.693506         55.164291
         26.677357         55.154243
         26.657839         55.153347
         26.636440         55.146374
         26.615103         55.142437
         26.602806         55.148602
         26.554924         55.146835
         26.525003         55.160187
         26.498323         55.154232
         26.482176         55.141113
         26.467783         55.125957
         26.446640         55.134174
         26.436108         55.141327
         26.397215         55.148598
         26.372452         55.152756
         26.326248         55.141766
         26.301294         55.127640
         26.262152         55.109493
         26.262066         55.100357
         26.276138         55.091179
         26.272480         55.079006
         26.254667         55.065865
         26.245567         55.037468
         26.227665         55.011124
         26.220301         55.000000
         26.216932         54.994911
         26.183310         54.984844
         26.133821         54.975819
         26.105549         54.969780
         26.093147         54.960667
         26.080721         54.945457
         26.071873         54.939381
         26.036600         54.938416
         26.018999         54.947575
         25.994337         54.957752
         25.981991         54.958778
         25.967855         54.949650
         25.943151         54.943577
         25.907873         54.937496
         25.865686         54.922688
         25.854902         54.912033
         25.851830         54.891613
         25.801062         54.857857
         25.776484         54.838310
         25.751940         54.815205
         25.744299         54.800102
         25.741304         54.774353
         25.753626         54.761932
         25.758272         54.746845
         25.758314         54.730862
         25.758343         54.720207
         25.750702         54.710434
         25.740005         54.697990
         25.737011         54.675789
         25.740150         54.650928
         25.749388         54.634068
         25.755592         54.603878
         25.763268         54.593231
         25.749577         54.568352
         25.719090         54.546116
         25.685543         54.532749
         25.668856         54.509632
         25.643068         54.480278
         25.624855         54.465145
         25.621874         54.453594
         25.621916         54.446487
         25.637209         54.436749
         25.635769         54.421646
         25.629717         54.414528
         25.608416         54.411819
         25.605425         54.402931
         25.603981         54.390495
         25.590403         54.372700
         25.567671         54.360210
         25.557125         54.346859
         25.557230         54.332649
         25.561834         54.326443
         25.575541         54.322037
         25.593815         54.315861
         25.633314         54.315941
         25.660635         54.321323
         25.691027         54.320484
         25.704727         54.313396
         25.718487         54.289433
         25.727446         54.278912
         25.745941         54.275513
         25.762493         54.270405
         25.766405         54.261868
         25.774204         54.253902
         25.792685         54.250500
         25.806303         54.247093
         25.808254         54.241402
         25.804375         54.236843
         25.783968         54.233982
         25.776205         54.228283
         25.782053         54.220314
         25.794712         54.204380
         25.792784         54.196976
         25.789888         54.187294
         25.793791         54.176479
         25.791864         54.168507
         25.779249         54.167927
         25.759830         54.172466
         25.741398         54.170170
         25.714258         54.161026
         25.695860         54.151890
         25.677460         54.145027
         25.662933         54.140450
         25.653238         54.139862
         25.641567         54.146103
         25.633793         54.148937
         25.615349         54.151176
         25.599833         54.150574
         25.567778         54.156761
         25.540600         54.158401
         25.525909         54.175442
         25.521967         54.182835
         25.528698         54.190826
         25.554871         54.196590
         25.575203         54.205181
         25.578043         54.216007
         25.577002         54.226257
         25.574055         54.230804
         25.580822         54.235943
         25.585648         54.241081
         25.584618         54.249619
         25.554270         54.277443
         25.543510         54.284817
         25.526886         54.295021
         25.520954         54.306393
         25.519903         54.315498
         25.513063         54.318325
         25.502367         54.316586
         25.495636         54.306885
         25.490818         54.301178
         25.476223         54.300564
         25.460642         54.301083
         25.447992         54.300468
         25.429544         54.295849
         25.401457         54.283218
         25.372353         54.275703
         25.330572         54.271542
         25.314035         54.271465
         25.297466         54.273666
         25.287731         54.274193
         25.276073         54.272999
         25.258646         54.267220
         25.240152         54.264160
         25.233292         54.258018
         25.216175         54.240627
         25.157974         54.188396
         25.118460         54.165768
         25.075556         54.141071
         25.053141         54.134815
         25.020151         54.137646
         25.000000         54.147026
         24.992149         54.150681
         24.969353         54.162731
         24.952013         54.162605
         24.938250         54.157410
         24.921070         54.150154
         24.884947         54.137657
         24.848600         54.135323
         24.829685         54.129059
         24.819439         54.122864
         24.807844         54.101387
         24.803234         54.077934
         24.814072         54.059704
         24.835224         54.043594
         24.840828         54.026337
         24.842852         54.014137
         24.834728         53.992691
         24.814352         53.978264
         24.764727         53.960522
         24.749249         53.958344
         24.733526         53.965324
         24.725033         53.960155
         24.713116         53.953934
         24.699255         53.955841
         24.690458         53.961864
         24.700508         53.973160
         24.717224         53.993679
         24.718624         54.005909
         24.706224         54.016991
         24.682001         54.017776
         24.632210         54.006088
         24.562183         53.978889
         24.517904         53.959068
         24.463818         53.923840
         24.433258         53.909233
         24.385099         53.905605
         24.315975         53.909840
         24.246645         53.919125
         24.211731         53.929859
         24.186792         53.949883
         24.155249         53.961666
         24.136267         53.961399
         24.121111         53.952019
         24.090479         53.941399
         24.037098         53.938576
         23.999111         53.939022
         23.962214         53.953728
         23.935738         53.966553
         23.918482         53.966282
         23.920670         53.956131
         23.905422         53.949780
         23.874277         53.951313
         23.851610         53.956036
         23.846388         53.956966
         23.834745         53.947609
         23.821335         53.939240
         23.807686         53.935955
         23.800936         53.932789
         23.815168         53.923862
         23.825949         53.914875
         23.822939         53.905659
         23.805902         53.901302
         23.786753         53.905052
         23.765076         53.925049
         23.742260         53.932804
         23.686983         53.933872
         23.666710         53.925362
         23.636105         53.916660
         23.613646         53.917267
         23.600826         53.931290
         23.577869         53.941048
         23.555067         53.947750
         23.505951         53.966591
         23.491119         53.988594
         23.495140         54.009083
         23.512762         54.023754
         23.516418         54.037720
         23.511978         54.091480
         23.503487         54.124752
         23.498285         54.138546
         23.488670         54.151821
         23.470547         54.158417
         23.443548         54.164837
         23.424349         54.177052
         23.410074         54.188602
         23.399973         54.201752
         23.387379         54.214523
         23.356070         54.230392
         23.327477         54.237625
         23.296095         54.241753
         23.256430         54.247868
         23.240450         54.254478
         23.224669         54.269772
         23.212770         54.282112
         23.197540         54.288296
         23.188646         54.288105
         23.177309         54.291332
         23.166435         54.298912
         23.159128         54.308739
         23.147839         54.311096
         23.138338         54.308716
         23.117970         54.302189
         23.099720         54.297440
         23.084095         54.297958
         23.068785         54.304993
         23.048990         54.312363
         23.047218         54.316662
         23.054060         54.325504
         23.057791         54.336445
         23.060329         54.343014
         23.050365         54.347565
         23.029383         54.350128
         23.010654         54.352303
         23.001278         54.359035
         22.999207         54.367672
         23.002333         54.376427
         22.995745         54.385830
         22.982765         54.390739
         22.971502         54.392212
         22.963570         54.388554
         22.955578         54.385761
         22.948030         54.387321
         22.941908         54.389782
         22.933376         54.394791
         22.925707         54.398083
         22.914684         54.396084
         22.907875         54.397659
         22.899990         54.403988
         22.889538         54.415028
         22.884651         54.420986
         22.875486         54.424240
         22.864956         54.425724
         22.854548         54.425472
         22.837759         54.420723
         22.817478         54.412842
         22.798136         54.402378
         22.799067         54.399796
         22.805292         54.396042
         22.816624         54.393715
         22.819258         54.388134
         22.817341         54.383743
         22.804537         54.375610
         22.789639         54.365688
         22.787792         54.365253
         22.787792         54.365253
         22.771879         54.373955
         22.765991         54.385571
         22.757261         54.401531
         22.745106         54.429657
         22.730337         54.447422
         22.708654         54.456184
         22.707697         54.457520
         22.707697         54.457520
         22.702080         54.465332
         22.694508         54.498962
         22.691429         54.517509
         22.689919         54.537567
         22.705973         54.559540
         22.706850         54.570347
         22.699379         54.579960
         22.686083         54.588444
         22.691425         54.595932
         22.697613         54.603439
         22.719082         54.609863
         22.720221         54.617245
         22.731293         54.627327
         22.746067         54.633087
         22.751427         54.640572
         22.754042         54.650928
         22.750967         54.658203
         22.737474         54.669140
         22.738907         54.672604
         22.747950         54.682766
         22.746981         54.682823
         22.746225         54.682735
         22.745455         54.682743
         22.744707         54.682854
         22.744019         54.683052
         22.743422         54.683334
         22.742947         54.683685
         22.742445         54.684525
         22.742607         54.685406
         22.742933         54.685810
         22.743406         54.686165
         22.743999         54.686447
         22.744686         54.686649
         22.743044         54.690132
         22.731997         54.692154
         22.728859         54.694370
         22.729506         54.698978
         22.732693         54.709389
         22.739584         54.723335
         22.749788         54.732773
         22.767269         54.737801
         22.772007         54.740784
         22.778307         54.749550
         22.795057         54.751110
         22.809788         54.753193
         22.821131         54.760929
         22.830706         54.765751
         22.844452         54.767807
         22.851925         54.774300
         22.851431         54.781174
         22.861013         54.785992
         22.869852         54.787354
         22.887695         54.787777
         22.886255         54.794056
         22.881054         54.797375
         22.876678         54.803009
         22.885319         54.807232
         22.892805         54.813721
         22.884462         54.819263
         22.885876         54.827328
         22.885386         54.834202
         22.871084         54.839600
         22.870592         54.846474
         22.872955         54.855141
         22.861252         54.865761
         22.849171         54.867767
         22.854345         54.878792
         22.859106         54.881775
         22.860641         54.888126
         22.857290         54.893208
         22.854765         54.900608
         22.845655         54.902683
         22.820013         54.912968
         22.806389         54.908619
         22.795242         54.911217
         22.788351         54.923672
         22.781961         54.929253
         22.762581         54.921890
         22.759386         54.924683
         22.758917         54.930981
         22.769390         54.937553
         22.767059         54.942085
         22.745913         54.945004
         22.740551         54.950035
         22.734066         54.956760
         22.731344         54.966446
         22.710569         54.977402
         22.700571         54.977726
         22.693645         54.976978
         22.692169         54.983253
         22.683592         54.991070
         22.671860         54.987904
         22.671785         54.975849
         22.661053         54.972710
         22.651211         54.983936
         22.637735         55.000000
         22.631422         55.007526
         22.612461         55.020237
         22.585573         55.070034
         22.580896         55.071815
         22.580896         55.071815
         22.574846         55.074120
         22.548450         55.069954
         22.523369         55.062061
         22.493912         55.052307
         22.469070         55.047878
         22.450754         55.049988
         22.419456         55.056660
         22.394762         55.056561
         22.375887         55.059223
         22.347281         55.063641
         22.301615         55.066990
         22.275885         55.067127
         22.232321         55.063564
         22.197519         55.057926
         22.189627         55.055962
         22.162523         55.054588
         22.141712         55.050507
         22.131313         55.037170
         22.120054         55.027866
         22.108353         55.025627
         22.071045         55.026188
         22.047884         55.035774
         22.034975         55.049023
         22.037100         55.061676
         22.042490         55.078629
         22.034540         55.085522
         22.002916         55.087284
         21.970278         55.076420
         21.952063         55.075645
         21.907003         55.084106
         21.879011         55.093719
         21.849991         55.098675
         21.821566         55.120014
         21.783867         55.119850
         21.748646         55.127945
         21.727987         55.138439
         21.716940         55.149914
         21.692709         55.163918
         21.667141         55.173923
         21.653358         55.182343
         21.627361         55.187889
         21.603558         55.188816
         21.589304         55.193268
         21.575375         55.198719
         21.555807         55.200275
         21.535542         55.196129
         21.521603         55.189240
         21.502081         55.194489
         21.482779         55.209854
         21.462656         55.216557
         21.445583         55.231010
         21.434189         55.252811
         21.411676         55.277431
         21.388639         55.290680
         21.354273         55.284775
         21.324516         55.272366
         21.302496         55.260475
         21.276489         55.245701
         21.276489         55.245701
         21.266535         55.250111
         21.278725         55.259838
         21.280207         55.264439
         21.274994         55.269554
         21.273684         55.275383
         21.273842         55.279934
         21.280661         55.281319
         21.278734         55.283710
         21.283859         55.285412
         21.290722         55.283386
         21.294519         55.288071
         21.296793         55.288532
         21.306959         55.292686
         21.316301         55.292263
         21.315948         55.295471
         21.321901         55.298717
         21.296539         55.293827
         21.300194         55.299831
         21.291895         55.308819
         21.293026         55.313599
         21.288429         55.319115
         21.299759         55.324829
         21.289167         55.324448
         21.286001         55.326038
         21.284323         55.329197
         21.259832         55.337219
         21.262445         55.346596
         21.257339         55.353611
         21.259012         55.356514
         21.263670         55.356495
         21.271389         55.358856
         21.264254         55.366177
         21.256361         55.368355
         21.249445         55.367725
         21.242678         55.365772
         21.238865         55.358246
         21.229662         55.354309
         21.221798         55.353268
         21.198101         55.345196
         21.191565         55.344200
         21.189449         55.345257
         21.214621         55.372707
         21.230412         55.395370
         21.232288         55.399837
         21.241350         55.403893
         21.250799         55.420483
         21.250183         55.431293
         21.254501         55.440590
         21.252005         55.446930
         21.259396         55.460739
         21.252216         55.471649
         21.248962         55.484734
         21.244038         55.496742
         21.240944         55.503059
         21.233917         55.507206
         21.235838         55.511337
         21.233891         55.518036
         21.222893         55.520344
         21.217392         55.521500
         21.213408         55.525074
         21.210649         55.528362
         21.211380         55.532448
         21.211920         55.538223
         21.208895         55.543865
         21.211218         55.549706
         21.206602         55.564091
         21.187014         55.584023
         21.181444         55.590927
         21.170933         55.614910
         21.149172         55.654255
         21.145395         55.667259
         21.139872         55.683544
         21.136444         55.693470
         21.114622         55.712502
         21.104279         55.722942
         21.085041         55.730816
         21.082939         55.750866
         21.078394         55.766285
         21.070539         55.777725
         21.065468         55.796070
         21.065271         55.796776
         21.065161         55.817108
         21.058828         55.834305
         21.060032         55.867695
         21.054161         55.874619
         21.048199         55.911011
         21.049849         55.920193
         21.062513         55.943150
         21.070471         55.978542
         21.078693         56.000000
         21.079088         56.003162
         21.077816         56.031910
         21.072735         56.060291
         21.071428         56.063431
         21.071428         56.063431
         21.091927         56.069065
         21.111435         56.076103
         21.128706         56.080578
         21.139898         56.081539
         21.154301         56.081264
         21.168489         56.079353
         21.194157         56.075676
         21.209518         56.081863
         21.215288         56.086159
         21.215288         56.086159
         21.240166         56.118919
         21.241224         56.122757
         21.228489         56.143963
         21.227562         56.149586
         21.232162         56.157276
         21.239279         56.160591
         21.258974         56.163048
         21.258974         56.163048
         21.259836         56.163387
         21.272903         56.168541
         21.329975         56.213043
         21.354876         56.226307
         21.381472         56.229286
         21.397980         56.233643
         21.414028         56.238228
         21.428242         56.242355
         21.456837         56.251362
         21.462273         56.257118
         21.465471         56.265751
         21.472828         56.276947
         21.481783         56.286861
         21.488619         56.289070
         21.488619         56.289070
         21.500982         56.291676
         21.524727         56.290501
         21.531185         56.291317
         21.547972         56.296303
         21.560614         56.304199
         21.605654         56.322166
         21.649082         56.317726
         21.659742         56.316635
         21.684881         56.311600
         21.697563         56.310921
         21.725254         56.314674
         21.725254         56.314674
         21.738676         56.321224
         21.752131         56.328442
         21.775753         56.336716
         21.800419         56.342812
         21.800419         56.342812
         21.819715         56.356102
         21.830160         56.360474
         21.839766         56.362236
         21.840279         56.362328
         21.857067         56.368435
         21.885534         56.360512
         21.904100         56.361355
         21.936232         56.367203
         21.957895         56.377018
         21.972418         56.378227
         21.972418         56.378227
         21.979822         56.382351
         21.988894         56.390137
         21.994154         56.400764
         22.000000         56.404209
