> luxembourg 0
          5.967428         50.158684
          5.964563         50.159805
          5.962637         50.172070
          5.974896         50.177029
          5.996220         50.177193
          6.020256         50.184685
          6.025583         50.184952
          6.029886         50.182926
          6.032246         50.170139
          6.037641         50.166523
          6.055127         50.162300
          6.062666         50.157784
          6.068706         50.157822
          6.076835         50.160393
          6.081025         50.164764
          6.082993         50.174610
          6.109837         50.172501
          6.112531         50.172291
          6.122571         50.166637
          6.116974         50.161118
          6.122045         50.154976
          6.116152         50.145794
          6.125510         50.138081
          6.138020         50.132904
          6.140916         50.129265
          6.132123         50.123951
          6.129340         50.120274
          6.134029         50.115505
          6.130974         50.106567
          6.126056         50.103336
          6.133970         50.096531
          6.129737         50.094902
          6.125111         50.095787
          6.118750         50.094147
          6.121715         50.086166
          6.117933         50.078598
          6.125485         50.072014
          6.119193         50.066261
          6.118885         50.063286
          6.130735         50.053761
          6.136190         50.044880
          6.131711         50.036621
          6.133881         50.033894
          6.148533         50.025757
          6.138380         50.017921
          6.147985         50.015236
          6.151926         50.012291
          6.152682         50.009094
          6.142329         50.000000
          6.150381         49.997421
          6.153271         49.993553
          6.158266         49.991070
          6.169263         49.989536
          6.172482         49.987270
          6.167353         49.975124
          6.170629         49.968971
          6.180672         49.959660
          6.196922         49.961353
          6.199116         49.956337
          6.203750         49.953850
          6.217570         49.952099
          6.219777         49.945938
          6.226949         49.938663
          6.226015         49.929287
          6.235010         49.917679
          6.230485         49.912395
          6.242685         49.898518
          6.249069         49.896725
          6.257265         49.891281
          6.263013         49.883770
          6.276847         49.879040
          6.285668         49.879768
          6.294761         49.869545
          6.304866         49.869122
          6.314365         49.872135
          6.322686         49.854805
          6.324182         49.847496
          6.322464         49.843376
          6.326740         49.839737
          6.335925         49.838863
          6.348498         49.850807
          6.367202         49.851116
          6.408456         49.819057
          6.413733         49.818310
          6.425762         49.816608
          6.442361         49.814156
          6.450137         49.812355
          6.456482         49.812603
          6.469449         49.822475
          6.477592         49.818848
          6.481146         49.815430
          6.492105         49.812263
          6.503392         49.812073
          6.508698         49.810032
          6.513667         49.805702
          6.518558         49.811890
          6.527001         49.814884
          6.528460         49.808029
          6.524280         49.800934
          6.514461         49.793591
          6.507079         49.790825
          6.516647         49.783997
          6.513185         49.775532
          6.517948         49.768875
          6.521017         49.764584
          6.518574         49.761375
          6.506280         49.756538
          6.502097         49.750813
          6.501794         49.744411
          6.504301         49.738934
          6.515297         49.727997
          6.516395         49.722286
          6.503329         49.727734
          6.499460         49.727264
          6.495972         49.723141
          6.502003         49.716988
          6.499584         49.711266
          6.490837         49.704838
          6.476134         49.695419
          6.466657         49.692875
          6.450588         49.680019
          6.444312         49.673828
          6.440101         49.672897
          6.427531         49.663254
          6.431076         49.660069
          6.436700         49.660088
          6.438089         49.661922
          6.444474         49.655544
          6.441737         49.647079
          6.432032         49.632187
          6.425839         49.617996
          6.409000         49.607029
          6.402131         49.600079
          6.388473         49.596596
          6.383237         49.593601
          6.379090         49.587185
          6.386192         49.578987
          6.382374         49.574860
          6.369737         49.575264
          6.364522         49.570667
          6.381465         49.560684
          6.385372         49.555901
          6.382939         49.546741
          6.375701         49.541237
          6.365262         49.533649
          6.363259         49.524044
          6.373340         49.498260
          6.370933         49.493908
          6.373446         49.487980
          6.370512         49.466942
          6.374592         49.458843
          6.361137         49.459587
          6.355145         49.463448
          6.336911         49.466106
          6.329148         49.471558
          6.325945         49.476112
          6.304214         49.477837
          6.300622         49.485363
          6.293637         49.483727
          6.285499         49.490543
          6.282638         49.495327
          6.283614         49.501503
          6.267133         49.502560
          6.265703         49.504841
          6.254086         49.509121
          6.247769         49.509773
          6.239039         49.507439
          6.234345         49.507664
          6.226066         49.508053
          6.212820         49.502953
          6.206873         49.502232
          6.176687         49.505939
          6.161676         49.502193
          6.157166         49.499195
          6.164286         49.491470
          6.155911         49.489361
          6.148284         49.484058
          6.139410         49.491772
          6.130976         49.493546
          6.124326         49.470650
          6.109341         49.466209
          6.094321         49.464054
          6.083811         49.464439
          6.060358         49.464275
          6.055154         49.461498
          6.047944         49.453217
          6.045958         49.446575
          6.038224         49.448578
          6.028329         49.453991
          6.015067         49.451836
          6.007014         49.452003
          6.002039         49.456081
          5.996414         49.457409
          5.993290         49.456013
          5.985565         49.457325
          5.981634         49.461636
          5.977054         49.463200
          5.969115         49.475708
          5.971267         49.481419
          5.973017         49.491737
          5.959690         49.492546
          5.940643         49.499249
          5.923100         49.500477
          5.916758         49.502254
          5.898251         49.499126
          5.890553         49.498604
          5.885612         49.500389
          5.870576         49.498890
          5.859981         49.502911
          5.852774         49.512215
          5.850229         49.516537
          5.843161         49.519215
          5.838151         49.523968
          5.837736         49.526936
          5.841848         49.531315
          5.839666         49.534954
          5.843059         49.540241
          5.838794         49.543381
          5.833342         49.542683
          5.825970         49.539051
          5.820006         49.538994
          5.816000         49.540245
          5.816617         49.546627
          5.874566         49.576401
          5.869178         49.582294
          5.873611         49.588505
          5.867616         49.589825
          5.855351         49.588802
          5.852353         49.597691
          5.853709         49.599987
          5.876009         49.608181
          5.876102         49.620525
          5.885583         49.629852
          5.887119         49.631363
          5.887015         49.636391
          5.899978         49.638329
          5.905885         49.641579
          5.905457         49.645065
          5.902823         49.653896
          5.904525         49.656651
          5.907189         49.663990
          5.909974         49.665382
          5.900047         49.669415
          5.859755         49.679123
          5.860144         49.679783
          5.864508         49.687164
          5.867433         49.698620
          5.887591         49.710678
          5.872486         49.726089
          5.865393         49.728542
          5.857644         49.728703
          5.845769         49.724255
          5.829835         49.728455
          5.827955         49.733925
          5.831607         49.744015
          5.831135         49.749496
          5.820072         49.756023
          5.814599         49.763889
          5.788751         49.800995
          5.781446         49.796581
          5.770487         49.797848
          5.753967         49.795631
          5.752457         49.814819
          5.748833         49.818897
          5.749605         49.831020
          5.739861         49.840069
          5.747885         49.844032
          5.750909         49.850464
          5.751106         49.857094
          5.760534         49.861530
          5.753601         49.871063
          5.758132         49.873619
          5.777246         49.871746
          5.785294         49.875023
          5.782353         49.880024
          5.772295         49.887245
          5.761956         49.891258
          5.749213         49.892281
          5.734550         49.899677
          5.748791         49.910107
          5.758668         49.915539
          5.762749         49.917786
          5.763151         49.930817
          5.770500         49.934090
          5.775634         49.941452
          5.771902         49.949875
          5.780142         49.960697
          5.786431         49.964188
          5.795593         49.965874
          5.807314         49.963924
          5.813251         49.967407
          5.811375         49.972191
          5.815211         49.974739
          5.821217         49.975254
          5.833860         49.979710
          5.839632         49.990963
          5.828932         49.994526
          5.825154         50.000000
          5.823445         50.002476
          5.821087         50.012970
          5.824557         50.016201
          5.850234         50.024662
          5.857816         50.034557
          5.857738         50.038216
          5.869233         50.047688
          5.868806         50.051113
          5.857282         50.059471
          5.856125         50.063805
          5.859543         50.069778
          5.873231         50.076527
          5.882457         50.076378
          5.888769         50.079861
          5.890811         50.083992
          5.888522         50.091747
          5.891793         50.097176
          5.896412         50.104843
          5.897321         50.112396
          5.904619         50.119999
          5.916946         50.124901
          5.958300         50.134609
          5.961836         50.153839
          5.967428         50.158684
