> monaco 0
          7.406805         43.731960
          7.401752         43.734489
          7.396748         43.740494
          7.395747         43.744495
          7.404754         43.753502
          7.417764         43.762508
          7.427772         43.767513
          7.436778         43.769516
          7.444784         43.767513
          7.452286         43.761887
          7.452286         43.761887
          7.446741         43.757500
          7.411071         43.736675
          7.406805         43.731960
