20.6266	41.9423
20.6311	41.9412
20.6377	41.9408
20.6394	41.9407
20.6526	41.9407
20.667	41.9486
20.6729	41.9554
20.6753	41.9634
20.6751	41.9701
20.6746	41.9812
20.6731	41.9883
20.676	42
20.6761	42.0001
20.6815	42.0096
20.6927	42.0224
20.7026	42.0359
20.7113	42.0427
20.7228	42.0482
20.7294	42.0527
20.7389	42.0591
20.751	42.0658
20.7601	42.068
20.7649	42.0692
20.7778	42.0725
20.7942	42.0765
20.8083	42.0807
20.8206	42.0883
20.8319	42.0979
20.8407	42.1024
20.8602	42.1147
20.8713	42.1234
20.875	42.1254
20.8885	42.1329
20.9032	42.1424
20.9113	42.1489
20.9227	42.1588
20.933	42.1629
20.9477	42.1666
20.9723	42.1764
20.9825	42.18
21	42.186
21.0703	42.2103
21.0922	42.2201
21.1068	42.2268
21.1199	42.2316
21.1431	42.2375
21.1589	42.2352
21.1692	42.2313
21.1772	42.223
21.1835	42.2183
21.1845	42.2173
21.1902	42.2111
21.1926	42.2038
21.1978	42.1924
21.2015	42.1843
21.207	42.1757
21.2197	42.1617
21.2334	42.156
21.2501	42.1546
21.263	42.1565
21.2762	42.1574
21.2906	42.1615
21.2909	42.1617
21.2976	42.1656
21.2997	42.1668
21.3036	42.169
21.3093	42.173
21.3202	42.1808
21.3275	42.1868
21.3346	42.1926
21.3461	42.1997
21.353	42.2019
21.3589	42.2038
21.3697	42.2063
21.3762	42.2083
21.3862	42.2113
21.3964	42.2206
21.4066	42.2281
21.4172	42.2363
21.4284	42.2436
21.4424	42.2511
21.4524	42.2558
21.4654	42.2576
21.4805	42.2553
21.4951	42.2516
21.5106	42.2484
21.5273	42.2468
21.5424	42.2466
21.5643	42.2477
21.5668	42.2478
21.5904	42.2496
21.6372	42.2522
21.6914	42.2561
21.7059	42.2573
21.708	42.2574
21.7132	42.2578
21.7164	42.2581
21.7278	42.2557
21.7446	42.2509
21.7631	42.2493
21.7759	42.2538
21.7928	42.2583
21.8069	42.2617
21.8201	42.2673
21.8304	42.2727
21.8396	42.276
21.8513	42.2789
21.8542	42.2794
21.8676	42.2814
21.8784	42.2801
21.8927	42.2753
21.9026	42.2722
21.9157	42.2673
21.9284	42.2638
21.9399	42.2591
21.9538	42.256
21.9693	42.2541
21.9852	42.2593
21.9997	42.2615
22	42.2616
22.0104	42.2644
22.0269	42.2707
22.0414	42.2748
22.0567	42.2783
22.0703	42.2794
22.0854	42.2795
22.0987	42.2778
22.12	42.273
22.1426	42.2702
22.1593	42.2674
22.1843	42.2676
22.1966	42.2702
22.2014	42.2717
22.2144	42.2756
22.2297	42.2817
22.2404	42.2893
22.2455	42.2974
22.2485	42.3066
22.2514	42.3185
22.2537	42.33
22.2579	42.3405
22.2648	42.3506
22.2731	42.3576
22.2863	42.3618
22.2978	42.3568
22.3037	42.3523
22.3143	42.3451
22.3283	42.3392
22.3438	42.3329
22.3584	42.3287
22.3738	42.3267
22.3738	42.3267
22.3767	42.3264
22.3719	42.3258
22.3675	42.325
22.3639	42.323
22.3636	42.32
22.3669	42.3175
22.37	42.3153
22.3739	42.3133
22.3781	42.3114
22.3811	42.3092
22.3836	42.3064
22.3861	42.3039
22.3894	42.3014
22.3925	42.2992
22.3964	42.2972
22.3997	42.295
22.4008	42.2917
22.4011	42.2878
22.4028	42.2847
22.4053	42.2822
22.4078	42.2794
22.4111	42.2772
22.4133	42.2744
22.4158	42.2717
22.4183	42.2692
22.4208	42.2664
22.4233	42.2639
22.4272	42.262
22.4319	42.2603
22.4358	42.2583
22.4383	42.2556
22.4403	42.2528
22.4419	42.2497
22.4444	42.2469
22.4461	42.2439
22.4486	42.2414
22.4519	42.2389
22.4542	42.2364
22.4561	42.2333
22.4578	42.2303
22.4594	42.2272
22.4614	42.2242
22.4631	42.2211
22.4656	42.2186
22.4681	42.2158
22.4706	42.2131
22.4736	42.2108
22.4778	42.2089
22.4817	42.2067
22.4861	42.2053
22.4917	42.2042
22.4961	42.2028
22.4994	42.2003
22.5025	42.1981
22.5044	42.195
22.5053	42.1917
22.5064	42.1883
22.5067	42.1845
22.5064	42.1803
22.5067	42.1767
22.507	42.1728
22.508	42.1695
22.5097	42.1664
22.5122	42.1636
22.5139	42.1606
22.515	42.1572
22.5161	42.1539
22.5178	42.1508
22.5211	42.1486
22.525	42.1467
22.5294	42.145
22.5333	42.1431
22.538	42.1414
22.5433	42.1403
22.5481	42.1386
22.5528	42.1372
22.5567	42.1353
22.5597	42.1331
22.5622	42.1303
22.5656	42.1281
22.5686	42.1253
22.5719	42.1233
22.5758	42.1211
22.5789	42.1192
22.5828	42.1172
22.5867	42.1153
22.5906	42.1131
22.5939	42.1111
22.5978	42.1089
22.6017	42.1072
22.6056	42.1053
22.6094	42.1033
22.6136	42.1022
22.6169	42.1008
22.6231	42.1
22.6283	42.0989
22.6325	42.0967
22.6356	42.0944
22.6386	42.0922
22.6406	42.0892
22.6431	42.0864
22.6461	42.0842
22.6494	42.0817
22.6525	42.0797
22.6564	42.0778
22.6603	42.0758
22.6642	42.0736
22.6689	42.0722
22.6719	42.07
22.6753	42.0675
22.6797	42.0661
22.6858	42.0653
22.6906	42.0658
22.6944	42.0672
22.6972	42.07
22.7014	42.0714
22.7058	42.0722
22.7114	42.0719
22.7167	42.0706
22.7206	42.0686
22.7225	42.0656
22.7242	42.0625
22.7267	42.06
22.7275	42.0581
22.7297	42.0553
22.7322	42.0528
22.7356	42.0503
22.7408	42.0492
22.7464	42.0489
22.7525	42.0478
22.7586	42.0472
22.7639	42.0458
22.7683	42.0444
22.7739	42.0431
22.7789	42.0433
22.7839	42.0436
22.7881	42.0447
22.7911	42.0472
22.7947	42.0492
22.7995	42.0497
22.8033	42.0478
22.8036	42.0442
22.8039	42.0403
22.8047	42.0369
22.8058	42.0336
22.8092	42.0311
22.8131	42.0292
22.8175	42.0278
22.8231	42.0275
22.8286	42.0269
22.8328	42.0283
22.8369	42.0297
22.8408	42.0308
22.8456	42.0314
22.8506	42.0319
22.8567	42.0311
22.8614	42.0294
22.8644	42.0272
22.8656	42.0233
22.8644	42.0203
22.862	42.0172
22.8597	42.0139
22.8594	42.0097
22.8603	42.0064
22.8628	42.0036
22.8647	42.0005
22.8655	42
22.8678	41.9983
22.8703	41.9956
22.8719	41.9925
22.8736	41.9894
22.8747	41.9861
22.8756	41.9839
22.8772	41.9811
22.878	41.9778
22.8786	41.9747
22.8775	41.9703
22.8772	41.9661
22.8767	41.9619
22.877	41.9583
22.8772	41.9544
22.8783	41.9506
22.877	41.9461
22.8758	41.9417
22.877	41.9383
22.878	41.9347
22.8797	41.9319
22.8814	41.9289
22.8839	41.9261
22.8864	41.9233
22.8886	41.9208
22.8911	41.9181
22.8928	41.915
22.8947	41.9119
22.8956	41.9086
22.8958	41.9047
22.8956	41.9006
22.895	41.8967
22.8947	41.8925
22.895	41.8886
22.8958	41.8853
22.8978	41.8819
22.8994	41.8792
22.9025	41.8767
22.9072	41.8753
22.9117	41.8736
22.9144	41.8719
22.9175	41.8697
22.92	41.8669
22.9217	41.8639
22.9242	41.8611
22.9267	41.8586
22.9283	41.8556
22.9308	41.8528
22.9319	41.8494
22.9336	41.8464
22.9347	41.8431
22.935	41.8392
22.9358	41.8358
22.9361	41.8317
22.9358	41.8278
22.9361	41.8242
22.9369	41.8208
22.9372	41.8169
22.9392	41.8139
22.9408	41.8108
22.9425	41.8078
22.945	41.805
22.9475	41.8025
22.9506	41.8003
22.9536	41.7978
22.9561	41.795
22.9586	41.7925
22.9603	41.7894
22.9619	41.7864
22.9622	41.7825
22.9619	41.7786
22.9644	41.7758
22.9675	41.7733
22.9722	41.7719
22.9781	41.7711
22.9831	41.7714
22.9886	41.7706
22.9942	41.7706
22.9997	41.7703
23	41.7702
23.005	41.7692
23.0097	41.7675
23.0128	41.7653
23.0147	41.7622
23.0164	41.7592
23.0172	41.7556
23.0183	41.7522
23.02	41.7492
23.0217	41.7461
23.0242	41.7433
23.0258	41.7406
23.0275	41.7375
23.03	41.7347
23.0317	41.7317
23.0328	41.7283
23.0322	41.7242
23.0314	41.7203
23.0297	41.7167
23.0278	41.7133
23.0256	41.7097
23.0228	41.7067
23.0208	41.7033
23.0186	41.7
23.0161	41.6972
23.0139	41.6936
23.0114	41.6908
23.0086	41.6881
23.0056	41.6856
23.0031	41.6828
23.0003	41.6797
23	41.6795
22.9972	41.6775
22.9947	41.6744
22.9919	41.6717
22.9894	41.6689
22.9869	41.6658
22.9855	41.6614
22.9853	41.6572
22.9855	41.6536
22.9853	41.6503
22.9814	41.6489
22.9767	41.6483
22.9717	41.6481
22.9672	41.6472
22.9631	41.6458
22.9594	41.6442
22.9564	41.6417
22.9542	41.6383
22.9525	41.6344
22.9522	41.6303
22.9517	41.6261
22.9528	41.6225
22.9531	41.6189
22.9533	41.6153
22.9528	41.6111
22.9525	41.6069
22.9519	41.6028
22.9517	41.5986
22.9519	41.595
22.9522	41.5911
22.9539	41.5881
22.9569	41.5858
22.9594	41.5831
22.9611	41.58
22.9628	41.5769
22.9647	41.5736
22.9656	41.5706
22.9672	41.5675
22.9697	41.5647
22.9708	41.5614
22.9711	41.5578
22.97	41.5531
22.9678	41.5497
22.9653	41.5469
22.9617	41.545
22.9586	41.5428
22.9572	41.5397
22.9558	41.535
22.9569	41.5314
22.9581	41.5283
22.9589	41.525
22.9606	41.522
22.9631	41.5192
22.9656	41.5164
22.9667	41.5131
22.9669	41.5094
22.9653	41.5053
22.9625	41.5025
22.96	41.4997
22.9583	41.4956
22.9581	41.4914
22.9583	41.4878
22.9586	41.4839
22.9589	41.4803
22.9592	41.4764
22.96	41.4731
22.9611	41.4697
22.9619	41.4661
22.9631	41.4628
22.9647	41.4597
22.9672	41.4572
22.9697	41.4544
22.9719	41.4517
22.9744	41.4492
22.9761	41.4461
22.9758	41.4419
22.9731	41.4389
22.9706	41.4361
22.9675	41.4336
22.965	41.4308
22.9617	41.4281
22.9592	41.4253
22.9569	41.4217
22.9558	41.4172
22.9569	41.4139
22.9586	41.4108
22.9603	41.4078
22.9619	41.4047
22.9644	41.4019
22.9653	41.3986
22.965	41.3944
22.9628	41.3911
22.9619	41.3875
22.9631	41.3842
22.9639	41.3806
22.9656	41.3775
22.9667	41.3739
22.9661	41.3697
22.9647	41.3658
22.9631	41.3622
22.9608	41.3586
22.9583	41.3558
22.9556	41.3531
22.9522	41.3508
22.9489	41.3489
22.9456	41.3467
22.9425	41.3447
22.9383	41.3433
22.9347	41.3414
22.9347	41.3414
22.9325	41.3422
22.9264	41.3431
22.9214	41.3431
22.9158	41.3433
22.9108	41.3431
22.9056	41.3433
22.9	41.3436
22.895	41.3433
22.8894	41.3439
22.8844	41.3436
22.8794	41.3433
22.8744	41.3431
22.8694	41.3428
22.8647	41.3422
22.8597	41.3419
22.8553	41.3411
22.8503	41.3408
22.8453	41.3408
22.8403	41.3406
22.8356	41.3397
22.8305	41.3394
22.825	41.34
22.8219	41.3422
22.8189	41.3444
22.8172	41.3475
22.8131	41.3486
22.8086	41.3478
22.8039	41.3467
22.8014	41.3439
22.7997	41.34
22.7972	41.3372
22.7936	41.3356
22.7894	41.3342
22.7855	41.3328
22.7814	41.3317
22.7783	41.3292
22.7753	41.3269
22.7722	41.3244
22.7697	41.3217
22.7672	41.3186
22.7644	41.3158
22.7619	41.3128
22.7597	41.3094
22.7594	41.3053
22.7606	41.3019
22.7636	41.2997
22.7653	41.2964
22.765	41.2925
22.7644	41.2883
22.7633	41.2839
22.7608	41.2811
22.7578	41.2786
22.7581	41.2747
22.7583	41.2711
22.7592	41.2678
22.7611	41.2647
22.7619	41.2611
22.7622	41.2575
22.7619	41.2533
22.7608	41.2489
22.7603	41.2447
22.7592	41.2403
22.7581	41.2358
22.7583	41.2319
22.7581	41.2278
22.7569	41.2233
22.7558	41.2189
22.7547	41.2145
22.7525	41.2108
22.7519	41.2067
22.7525	41.2031
22.7514	41.1983
22.75	41.1939
22.7489	41.1894
22.7478	41.185
22.7475	41.1808
22.7464	41.1764
22.7458	41.1722
22.7447	41.1678
22.7436	41.1633
22.7419	41.1592
22.74	41.1558
22.7378	41.1525
22.7358	41.1489
22.7328	41.1467
22.7292	41.1447
22.7253	41.1436
22.7206	41.1428
22.715	41.1431
22.7106	41.1447
22.7067	41.1467
22.7044	41.1492
22.7019	41.1519
22.6994	41.1544
22.6969	41.1572
22.6947	41.16
22.6928	41.1631
22.6911	41.1661
22.6886	41.1686
22.6869	41.1717
22.6847	41.1744
22.6828	41.1775
22.6811	41.1806
22.6786	41.1831
22.6764	41.1858
22.6725	41.1878
22.6675	41.1875
22.6631	41.1867
22.6583	41.1858
22.6539	41.1853
22.6497	41.1839
22.6458	41.1825
22.6422	41.1808
22.6403	41.1772
22.6397	41.1733
22.64	41.1695
22.6403	41.1656
22.6422	41.1628
22.6431	41.1592
22.6411	41.1558
22.6383	41.1528
22.6358	41.15
22.6328	41.1478
22.6292	41.1458
22.6258	41.1439
22.6228	41.1417
22.6197	41.1392
22.6167	41.1369
22.6131	41.135
22.6106	41.1319
22.6075	41.1294
22.6044	41.1275
22.6008	41.1253
22.5978	41.1233
22.5942	41.1211
22.5903	41.1197
22.5855	41.1194
22.5808	41.1197
22.5764	41.1217
22.5717	41.123
22.5678	41.125
22.5642	41.1267
22.5603	41.1289
22.5564	41.1306
22.5525	41.1328
22.5469	41.1331
22.5414	41.1333
22.5364	41.1333
22.5319	41.1325
22.5275	41.1317
22.523	41.1306
22.5189	41.1294
22.515	41.1281
22.5103	41.1275
22.5064	41.1261
22.5022	41.125
22.4983	41.1236
22.4939	41.1225
22.4892	41.1222
22.4847	41.1211
22.4792	41.1217
22.4742	41.1211
22.4689	41.1217
22.4642	41.1233
22.4583	41.1239
22.4536	41.1233
22.4503	41.1211
22.4453	41.1211
22.4403	41.1211
22.4347	41.1211
22.4294	41.1225
22.425	41.1239
22.4197	41.1253
22.415	41.1267
22.4106	41.1281
22.4058	41.13
22.4028	41.1319
22.4003	41.135
22.3986	41.138
22.395	41.1383
22.3914	41.1367
22.3861	41.1369
22.3814	41.1383
22.3758	41.1386
22.3714	41.138
22.3678	41.1361
22.3625	41.1364
22.3575	41.1361
22.3525	41.1358
22.3478	41.1353
22.3433	41.1344
22.3397	41.1325
22.3367	41.1303
22.3342	41.1272
22.3297	41.1289
22.3272	41.1314
22.3261	41.135
22.3253	41.1383
22.3247	41.1419
22.3239	41.1456
22.3228	41.1489
22.3211	41.1519
22.3186	41.1544
22.3139	41.1553
22.3097	41.1539
22.3047	41.1533
22.2986	41.1542
22.2928	41.155
22.2875	41.1561
22.2814	41.1569
22.2756	41.1578
22.2717	41.1597
22.2686	41.1619
22.2667	41.165
22.265	41.1681
22.2625	41.1706
22.2567	41.1714
22.2517	41.1711
22.2469	41.1706
22.2439	41.1681
22.2411	41.1658
22.2375	41.1639
22.2325	41.1636
22.2264	41.1644
22.2211	41.1656
22.2167	41.1672
22.2106	41.1681
22.2056	41.1678
22.2017	41.1664
22.1986	41.1642
22.195	41.1622
22.1906	41.1614
22.185	41.1617
22.1811	41.1614
22.1767	41.1606
22.1728	41.1592
22.1686	41.1578
22.1656	41.1556
22.1631	41.1525
22.1606	41.1497
22.1583	41.1464
22.1558	41.1433
22.1533	41.1406
22.1508	41.1375
22.1486	41.1342
22.1461	41.1311
22.1431	41.1289
22.14	41.1264
22.1361	41.125
22.1311	41.125
22.1258	41.1261
22.122	41.1281
22.1194	41.1306
22.1169	41.1333
22.1147	41.1358
22.1108	41.1378
22.1047	41.1386
22.0997	41.1383
22.0942	41.1386
22.0883	41.1394
22.0836	41.1411
22.0814	41.1436
22.0803	41.1472
22.0806	41.1511
22.078	41.1539
22.0756	41.1567
22.0717	41.1586
22.0667	41.1583
22.0639	41.1558
22.0611	41.1531
22.0578	41.1511
22.0547	41.1486
22.0511	41.1469
22.0475	41.145
22.0447	41.1436
22.0411	41.1417
22.0383	41.1392
22.0347	41.1375
22.0311	41.1356
22.0272	41.1342
22.0231	41.1331
22.0186	41.1319
22.0131	41.1325
22.0072	41.1333
22.0011	41.1342
22	41.1342
21.9956	41.1344
21.9897	41.1353
21.9847	41.135
21.9806	41.1336
21.9772	41.1317
21.9736	41.13
21.9706	41.1275
21.9669	41.1253
21.9633	41.1233
21.9603	41.1208
21.9569	41.1192
21.9533	41.1172
21.9503	41.115
21.9467	41.1131
21.9433	41.1111
21.9403	41.1089
21.9372	41.1061
21.9336	41.1042
21.9306	41.1017
21.9269	41.1
21.9236	41.0981
21.9197	41.0972
21.9161	41.0953
21.9144	41.0914
21.9131	41.0872
21.9119	41.0828
21.9103	41.0789
21.9092	41.0744
21.9097	41.0706
21.9106	41.0672
21.9117	41.0639
21.9128	41.06
21.9139	41.0569
21.9136	41.0533
21.9119	41.0492
21.9094	41.0469
21.9067	41.0444
21.9025	41.0431
21.8981	41.0425
21.8936	41.0417
21.8894	41.0403
21.8869	41.0369
21.8872	41.0336
21.8869	41.0294
21.8839	41.0269
21.88	41.0258
21.8758	41.0244
21.8725	41.0225
21.8689	41.0206
21.8653	41.0189
21.862	41.0169
21.8589	41.0147
21.8564	41.0117
21.8542	41.0083
21.8522	41.0047
21.8506	41.0008
21.8498	41
21.8481	40.9981
21.8447	40.9961
21.8411	40.9942
21.8375	40.9922
21.8342	40.9906
21.83	40.9892
21.8261	40.9878
21.8219	40.9864
21.8181	40.9853
21.8142	40.9839
21.8106	40.9819
21.8069	40.9803
21.8042	40.9778
21.8019	40.9744
21.8022	40.9703
21.8042	40.9675
21.8058	40.9644
21.8075	40.9614
21.8094	40.9586
21.8089	40.9544
21.8064	40.9514
21.8039	40.9486
21.8008	40.9461
21.7983	40.9431
21.7958	40.9403
21.7944	40.9364
21.7922	40.9328
21.7883	40.9317
21.7842	40.9303
21.7803	40.9289
21.7758	40.9281
21.7714	40.9272
21.7669	40.9264
21.7619	40.9261
21.7558	40.9269
21.7514	40.9286
21.7453	40.9294
21.7394	40.9303
21.7333	40.9308
21.7289	40.9325
21.7242	40.9339
21.7211	40.9364
21.7181	40.9386
21.7133	40.94
21.708	40.9403
21.7031	40.94
21.6983	40.9392
21.6944	40.938
21.6914	40.9356
21.6881	40.9336
21.685	40.9314
21.6814	40.9294
21.6778	40.9275
21.6753	40.9247
21.6744	40.9203
21.6747	40.9164
21.6758	40.9131
21.677	40.9097
21.6778	40.9061
21.6767	40.9031
21.6725	40.9019
21.6672	40.9022
21.6617	40.9022
21.6567	40.9019
21.6511	40.9022
21.6467	40.9014
21.6422	40.9008
21.6386	40.8989
21.6367	40.8953
21.6342	40.8925
21.6305	40.8906
21.6256	40.8903
21.6211	40.8894
21.6181	40.8872
21.6155	40.8842
21.6117	40.8831
21.6061	40.8831
21.6036	40.8803
21.6022	40.8764
21.6	40.8725
21.5964	40.8733
21.5836	40.8725
21.5797	40.8722
21.5736	40.8731
21.57	40.875
21.5675	40.8775
21.5642	40.8794
21.5617	40.8825
21.5586	40.8847
21.5556	40.8869
21.5517	40.8889
21.5483	40.8911
21.5458	40.8939
21.5436	40.8964
21.5417	40.8994
21.5392	40.9022
21.5367	40.9047
21.5336	40.9072
21.5297	40.9089
21.525	40.9097
21.5189	40.9103
21.5136	40.9106
21.5086	40.9103
21.5036	40.91
21.4981	40.9103
21.493	40.91
21.4878	40.9103
21.4822	40.9106
21.4767	40.9108
21.4717	40.9106
21.4672	40.9097
21.4625	40.9103
21.4564	40.9111
21.4511	40.9122
21.4467	40.9139
21.4414	40.915
21.4369	40.9164
21.4317	40.9175
21.4256	40.9183
21.4197	40.9192
21.4155	40.9178
21.4122	40.9158
21.4092	40.9136
21.4056	40.9117
21.4025	40.9092
21.3997	40.907
21.3972	40.9039
21.3942	40.9017
21.3917	40.8986
21.3886	40.8964
21.3861	40.8933
21.3831	40.8908
21.3806	40.8881
21.3775	40.8856
21.3747	40.8833
21.3717	40.8806
21.3686	40.878
21.3647	40.8767
21.3606	40.8758
21.3567	40.8744
21.3522	40.8736
21.3478	40.8725
21.3431	40.8719
21.3383	40.8717
21.3333	40.8711
21.3289	40.8706
21.3242	40.8697
21.3192	40.8694
21.3147	40.8683
21.3097	40.8683
21.3047	40.8681
21.3	40.8678
21.295	40.8672
21.29	40.8672
21.2844	40.8672
21.2794	40.8672
21.2744	40.8669
21.27	40.8658
21.2661	40.8644
21.2625	40.8628
21.2586	40.8614
21.2547	40.8631
21.2522	40.8658
21.2511	40.8694
21.2494	40.8725
21.2461	40.8747
21.2417	40.8761
21.2369	40.8778
21.2325	40.8792
21.2272	40.8803
21.2225	40.8819
21.2167	40.8828
21.2117	40.8825
21.2072	40.8817
21.2036	40.8794
21.2003	40.8778
21.1961	40.8764
21.1914	40.8761
21.1858	40.8764
21.1808	40.8761
21.1769	40.8747
21.1739	40.8722
21.1708	40.8697
21.1683	40.8669
21.1653	40.8644
21.1628	40.8617
21.16	40.8589
21.1553	40.8583
21.1508	40.8575
21.1367	40.8572
21.1214	40.8572
21.1058	40.8569
21.0906	40.8569
21.0753	40.8567
21.06	40.8567
21.0444	40.8561
21.0292	40.8561
21.0136	40.8561
21	40.8561
20.9831	40.8561
20.9839	40.8567
20.9833	40.8569
20.9839	40.8683
20.9842	40.8803
20.9842	40.8917
20.9839	40.8936
20.9819	40.8958
20.9794	40.8983
20.9769	40.9011
20.9744	40.9036
20.9719	40.9064
20.9689	40.9086
20.965	40.9103
20.9611	40.9122
20.9572	40.9142
20.9525	40.9156
20.9486	40.9175
20.9442	40.9192
20.938	40.9197
20.9322	40.9206
20.9267	40.9208
20.9217	40.9206
20.9172	40.9197
20.9128	40.9189
20.9083	40.9181
20.9033	40.9178
20.8972	40.9183
20.8933	40.9203
20.8889	40.9217
20.885	40.9236
20.8803	40.9253
20.8758	40.9267
20.8711	40.9281
20.8667	40.9297
20.8628	40.9317
20.8589	40.9333
20.8536	40.9344
20.8483	40.9356
20.8444	40.9344
20.8408	40.9325
20.8383	40.9294
20.8353	40.9267
20.8328	40.9236
20.8303	40.9208
20.8283	40.9172
20.8258	40.9144
20.8239	40.9108
20.8208	40.9086
20.8181	40.9061
20.815	40.9036
20.8119	40.9011
20.8075	40.9003
20.8025	40.9
20.7964	40.9008
20.7919	40.9022
20.7867	40.9033
20.7806	40.9042
20.7753	40.9044
20.7703	40.9042
20.7647	40.9044
20.7592	40.9044
20.7533	40.9053
20.7481	40.9064
20.7433	40.9078
20.7389	40.9094
20.735	40.9111
20.7339	40.9119
20.7297	40.9239
20.7256	40.9361
20.7208	40.9483
20.7167	40.9603
20.7119	40.9725
20.7078	40.9847
20.7031	40.9967
20.7019	41
20.6989	41.0089
20.6947	41.0211
20.69	41.0328
20.6858	41.045
20.6811	41.0572
20.677	41.0694
20.6722	41.0817
20.67	41.0881
20.6669	41.0886
20.6611	41.0897
20.655	41.09
20.65	41.09
20.645	41.0897
20.6392	41.0906
20.6342	41.09
20.6292	41.0897
20.6236	41.09
20.6181	41.09
20.6125	41.0906
20.6067	41.0911
20.6019	41.0928
20.5975	41.0939
20.5942	41.0964
20.5917	41.0989
20.5892	41.1017
20.5872	41.1047
20.5855	41.1075
20.5831	41.1103
20.5811	41.1131
20.5794	41.1164
20.5797	41.1203
20.5828	41.1225
20.5861	41.1247
20.59	41.1261
20.5942	41.1275
20.5967	41.1303
20.5975	41.1339
20.5964	41.1375
20.5942	41.1394
20.5917	41.1422
20.59	41.145
20.5875	41.1478
20.5855	41.1508
20.5839	41.1539
20.5819	41.1567
20.58	41.1597
20.5783	41.1628
20.5758	41.1653
20.5725	41.1678
20.5695	41.17
20.5669	41.1725
20.5644	41.1753
20.5617	41.1778
20.5592	41.1803
20.5575	41.1833
20.5556	41.1864
20.5539	41.1894
20.5506	41.1917
20.5461	41.1931
20.5422	41.195
20.5389	41.1972
20.5369	41.2003
20.5358	41.2036
20.5347	41.2067
20.5336	41.2103
20.5325	41.2139
20.5308	41.2167
20.5289	41.2197
20.5272	41.2228
20.5253	41.2258
20.5228	41.2283
20.5208	41.2311
20.5183	41.2339
20.5172	41.2375
20.5183	41.2419
20.5192	41.2461
20.5189	41.2503
20.5169	41.2533
20.515	41.2561
20.5133	41.2592
20.5114	41.2622
20.5111	41.2661
20.5119	41.2706
20.5136	41.2744
20.5131	41.2783
20.5119	41.2814
20.5108	41.285
20.5089	41.2881
20.5078	41.2914
20.5067	41.2947
20.505	41.2978
20.5039	41.3011
20.5025	41.3044
20.5008	41.3072
20.4997	41.3108
20.4986	41.3144
20.4975	41.3178
20.4956	41.3206
20.4944	41.3242
20.4933	41.3275
20.4928	41.3311
20.495	41.3344
20.4958	41.3392
20.4961	41.3433
20.4975	41.3472
20.5022	41.3481
20.5053	41.3458
20.5086	41.3436
20.5125	41.3414
20.5172	41.3408
20.5206	41.3428
20.5228	41.3461
20.5242	41.3503
20.5267	41.3531
20.5297	41.3556
20.5331	41.3575
20.5372	41.3589
20.5392	41.3622
20.5411	41.3658
20.5436	41.3683
20.5469	41.3706
20.55	41.3731
20.5514	41.3767
20.5525	41.3814
20.5528	41.3855
20.5536	41.3903
20.5553	41.3947
20.5572	41.3981
20.5603	41.4005
20.5622	41.4039
20.5625	41.4081
20.5614	41.4114
20.5589	41.4142
20.5556	41.4164
20.5531	41.4189
20.55	41.4211
20.5467	41.4236
20.5442	41.4261
20.5417	41.4286
20.5406	41.4322
20.5372	41.4344
20.5325	41.4358
20.5267	41.4367
20.5211	41.4367
20.5158	41.4378
20.5119	41.4397
20.5092	41.4425
20.5075	41.4453
20.5078	41.4494
20.5103	41.4525
20.5097	41.4561
20.5086	41.4597
20.507	41.4625
20.505	41.4656
20.5031	41.4686
20.5019	41.4719
20.5008	41.4753
20.4992	41.4783
20.4972	41.4811
20.4947	41.4839
20.4928	41.4869
20.4911	41.49
20.4892	41.493
20.4853	41.4947
20.48	41.4961
20.4747	41.4972
20.4697	41.4978
20.4686	41.5011
20.4689	41.5053
20.4678	41.5083
20.4653	41.5111
20.462	41.5133
20.4594	41.5161
20.4569	41.5186
20.4558	41.522
20.4561	41.5261
20.4575	41.5303
20.4594	41.5336
20.4625	41.5361
20.4644	41.5394
20.4661	41.5436
20.4661	41.5478
20.465	41.5511
20.4625	41.5536
20.4661	41.5556
20.4706	41.5564
20.475	41.5572
20.4803	41.5572
20.4842	41.5586
20.4886	41.5597
20.4933	41.5606
20.4978	41.5614
20.5022	41.5625
20.5067	41.5633
20.5114	41.5642
20.5158	41.565
20.5197	41.5664
20.5233	41.5681
20.5269	41.57
20.5294	41.5731
20.5322	41.5756
20.5358	41.5775
20.5394	41.5792
20.5439	41.58
20.5478	41.5814
20.5519	41.5828
20.5553	41.5845
20.5578	41.5878
20.5575	41.5914
20.5564	41.5947
20.5553	41.5981
20.5533	41.6008
20.5517	41.6042
20.5489	41.6069
20.5478	41.6103
20.5461	41.6131
20.545	41.6167
20.5439	41.6197
20.5419	41.6231
20.5408	41.6264
20.5389	41.6294
20.5364	41.6319
20.5339	41.6347
20.5306	41.6369
20.5275	41.6392
20.5256	41.6422
20.5253	41.6458
20.5239	41.6492
20.5242	41.6533
20.5225	41.6564
20.5206	41.6594
20.5203	41.6631
20.5214	41.6664
20.5239	41.6692
20.5258	41.6728
20.5281	41.6761
20.5289	41.6806
20.53	41.6853
20.5308	41.6897
20.5311	41.6939
20.5308	41.6975
20.5297	41.7011
20.5278	41.7039
20.5258	41.7067
20.5247	41.7103
20.523	41.7133
20.5211	41.7164
20.5192	41.7186
20.5172	41.7214
20.5153	41.7244
20.5142	41.7278
20.5144	41.7319
20.5156	41.7364
20.5164	41.7403
20.5169	41.7439
20.5186	41.7483
20.52	41.7522
20.5222	41.7556
20.5247	41.7583
20.5272	41.7617
20.5297	41.7644
20.5311	41.7686
20.5322	41.7731
20.5336	41.7769
20.5361	41.78
20.54	41.7814
20.5436	41.7833
20.5461	41.7861
20.5497	41.7881
20.5547	41.7883
20.5597	41.7886
20.5642	41.7894
20.5672	41.7919
20.5689	41.7961
20.5692	41.8
20.5678	41.8036
20.5667	41.8069
20.565	41.81
20.5644	41.81
20.5625	41.8128
20.5614	41.8164
20.5594	41.8194
20.5592	41.8231
20.5581	41.8264
20.5575	41.8303
20.5572	41.8339
20.5572	41.8381
20.5575	41.8422
20.5578	41.8464
20.5583	41.8506
20.5583	41.8547
20.5586	41.8589
20.5594	41.8625
20.5611	41.8664
20.5631	41.8697
20.5661	41.8722
20.5692	41.8747
20.5731	41.8761
20.5772	41.8775
20.5817	41.878
20.5855	41.8794
20.5892	41.8817
20.5917	41.8844
20.5906	41.8881
20.5886	41.8908
20.5869	41.8939
20.585	41.8969
20.5839	41.9003
20.5822	41.9033
20.5808	41.9067
20.5806	41.9106
20.5808	41.9147
20.5811	41.9189
20.5831	41.9222
20.5861	41.9247
20.5886	41.9275
20.5922	41.9294
20.5953	41.9319
20.5992	41.9333
20.6033	41.9347
20.6072	41.9361
20.6114	41.9375
20.6147	41.9392
20.6178	41.9417
20.6266	41.9423
