> malta 0
14.265500 36.073647
14.273381 36.073189
14.282650 36.065586
14.288246 36.064507
14.293988 36.066864
14.297613 36.065842
14.304693 36.059902
14.313525 36.061939
14.318583 36.054909
14.329062 36.049328
14.339612 36.038929
14.341153 36.035442
14.338993 36.031147
14.335835 36.029865
14.329659 36.030502
14.324763 36.028122
14.317712 36.028099
14.306808 36.030251
14.301453 36.023758
14.296296 36.021843
14.279011 36.019817
14.271000 36.017067
14.269917 36.017136
14.264251 36.017490
14.257609 36.020432
14.248043 36.020935
14.238933 36.025555
14.224551 36.025505
14.220160 36.028381
14.216746 36.034439
14.208956 36.036953
14.198185 36.035652
14.195755 36.038242
14.196641 36.046017
14.194108 36.052967
14.197062 36.062977
14.191588 36.067028
14.191582 36.073681
14.213333 36.080769
14.221272 36.082016
14.232779 36.080544
14.248036 36.081028
14.258076 36.078217
14.263517 36.073475
14.265500 36.073647
> malta 1
14.339380 36.007511
14.334905 36.008331
14.328647 36.013561
14.328261 36.017700
14.336596 36.021355
14.344431 36.019978
14.350307 36.012466
14.344760 36.008041
14.339380 36.007511
> malta 2
14.430474 35.951134
14.439741 35.956818
14.444745 35.955288
14.453702 35.947678
14.456879 35.949417
14.464478 35.942993
14.477983 35.942581
14.482973 35.940823
14.494926 35.931053
14.497772 35.925461
14.495688 35.923000
14.494888 35.917751
14.499533 35.920818
14.504908 35.921341
14.515772 35.912521
14.515678 35.910458
14.506044 35.909149
14.513824 35.906845
14.522884 35.907944
14.521937 35.899487
14.517865 35.897472
14.510359 35.892502
14.508824 35.889656
14.515627 35.890736
14.520741 35.895424
14.529403 35.896500
14.530809 35.902653
14.537765 35.900829
14.557910 35.891945
14.577627 35.873894
14.572671 35.870152
14.577257 35.865879
14.568903 35.855587
14.575917 35.855137
14.577190 35.846153
14.575431 35.844601
14.569500 35.844101
14.570159 35.833984
14.567293 35.826736
14.566184 35.827232
14.562883 35.828709
14.557240 35.840584
14.552330 35.843948
14.546594 35.835411
14.541235 35.835117
14.537749 35.832703
14.537727 35.826050
14.545568 35.819157
14.543860 35.812557
14.535601 35.810291
14.519053 35.811260
14.493120 35.816189
14.479282 35.821201
14.469132 35.826595
14.457236 35.825085
14.447778 35.827435
14.430622 35.827496
14.425927 35.829472
14.421174 35.836494
14.415698 35.839870
14.407330 35.841499
14.396684 35.848927
14.385002 35.852028
14.370850 35.862999
14.362307 35.867153
14.357446 35.871883
14.346964 35.876781
14.344010 35.880077
14.343353 35.883717
14.341512 35.893913
14.335632 35.901196
14.337296 35.907112
14.343290 35.909000
14.343700 35.911968
14.337618 35.921093
14.343884 35.922745
14.346028 35.933231
14.345314 35.936234
14.336446 35.946129
14.342661 35.953056
14.343472 35.958767
14.341617 35.967995
14.338308 35.969700
14.326449 35.969128
14.324006 35.971264
14.328988 35.975704
14.331531 35.981045
14.333945 35.986111
14.336849 35.988091
14.343324 35.987900
14.364393 35.992783
14.371379 35.997852
14.376406 35.996788
14.380399 35.991394
14.378881 35.988914
14.359030 35.979641
14.355744 35.975380
14.357554 35.971657
14.361969 35.969460
14.376189 35.972481
14.390582 35.972969
14.395888 35.971893
14.401567 35.966450
14.401155 35.963482
14.398424 35.960655
14.393185 35.955231
14.393395 35.953621
14.408920 35.954304
14.430117 35.962154
14.432226 35.958878
14.430474 35.951134
