> netherlands 0
4.794034 53.004353
4.793219 53.003292
4.788996 53.004597
4.785655 53.003170
4.782890 52.997406
4.776536 52.995701
4.766305 52.995991
4.763784 52.993206
4.757431 52.991501
4.731158 52.986942
4.723403 52.990929
4.722514 52.991871
4.713843 53.001057
4.708460 53.010799
4.708437 53.019260
4.723827 53.062283
4.734145 53.076633
4.742537 53.083633
4.748520 53.093567
4.764260 53.108257
4.829708 53.169205
4.853017 53.183292
4.859114 53.182934
4.875915 53.172447
4.877703 53.166302
4.883793 53.158367
4.883793 53.158367
4.896858 53.153797
4.909789 53.135704
4.903601 53.120747
4.905921 53.110950
4.903364 53.101681
4.902311 53.097862
4.902293 53.080711
4.883029 53.070354
4.876102 53.055382
4.856668 53.040672
4.843346 53.033600
4.822306 53.029835
4.799653 53.011631
4.794034 53.004353
> netherlands 1
4.850349 52.414814
4.851360 52.418438
4.854307 52.418491
4.857877 52.417831
4.857422 52.414940
4.866262 52.415092
4.867492 52.414032
4.865250 52.411469
4.867118 52.409336
4.873584 52.409809
4.873766 52.405846
4.866695 52.405724
4.850349 52.414814
> netherlands 2
3.974735 51.798645
3.972144 51.795467
3.968479 51.795151
3.961713 51.797276
3.962052 51.801361
3.974735 51.798645
> netherlands 3
3.914000 51.771183
3.910206 51.772923
3.921257 51.778683
3.927795 51.785934
3.934538 51.789989
3.939731 51.789429
3.951977 51.782169
3.969001 51.775024
3.968012 51.773170
3.951559 51.777126
3.931389 51.775726
3.914000 51.771183
> netherlands 4
3.865898 51.770706
3.867553 51.766155
3.863100 51.761009
3.874673 51.758549
3.877438 51.755642
3.875116 51.751694
3.851147 51.757969
3.840164 51.757008
3.834612 51.751835
3.832413 51.746059
3.833995 51.738773
3.833995 51.738773
3.842888 51.737854
3.846314 51.736107
3.885275 51.742561
3.896829 51.740330
3.915446 51.731171
3.928938 51.733101
3.936372 51.731907
3.977479 51.733578
3.987543 51.725578
3.993252 51.716560
3.997151 51.712994
4.002405 51.711285
4.010299 51.702549
4.019288 51.687885
4.026035 51.685753
4.048916 51.684227
4.074016 51.676342
4.079514 51.672073
4.111595 51.668503
4.107151 51.662910
4.106471 51.655804
4.102300 51.651817
4.102436 51.649532
4.097519 51.645760
4.084888 51.642040
4.064446 51.627838
4.051437 51.630512
4.044879 51.629673
4.026941 51.622849
3.974746 51.612232
3.959470 51.620655
3.948896 51.626484
3.942086 51.634106
3.942086 51.634106
3.941370 51.635227
3.934427 51.628883
3.928303 51.632854
3.924487 51.629326
3.924487 51.629326
3.907876 51.630753
3.898067 51.634861
3.895061 51.635933
3.891132 51.645676
3.891059 51.652538
3.883343 51.658298
3.876386 51.669342
3.863894 51.674984
3.855132 51.674080
3.829824 51.678940
3.822627 51.682190
3.822820 51.690434
3.820101 51.692654
3.808144 51.695557
3.784784 51.681919
3.778163 51.681980
3.768042 51.679432
3.761299 51.675827
3.760046 51.672592
3.754283 51.670841
3.726480 51.668976
3.726480 51.668976
3.716957 51.668499
3.697350 51.675770
3.685317 51.685066
3.681480 51.692745
3.680054 51.702782
3.682215 51.708786
3.692384 51.721413
3.700057 51.727566
3.716642 51.732574
3.753056 51.738323
3.772193 51.742706
3.774443 51.743221
3.793169 51.743927
3.820265 51.740490
3.820265 51.740490
3.826758 51.753696
3.825356 51.758240
3.843234 51.760746
3.865898 51.770706
> netherlands 5
4.017243 51.727196
4.009867 51.727482
4.000274 51.739841
3.984680 51.753887
3.985527 51.758026
3.999892 51.757908
4.002551 51.756599
4.004274 51.746571
4.008739 51.739811
4.016384 51.735184
4.019265 51.730217
4.017243 51.727196
> netherlands 6
4.275669 51.754787
4.355996 51.735107
4.356155 51.732136
4.354000 51.731174
4.337663 51.727177
4.323738 51.726204
4.323738 51.726204
4.322002 51.727707
4.296348 51.735924
4.275906 51.746246
4.268273 51.751118
4.269210 51.754112
4.275669 51.754787
> netherlands 7
3.941307 51.741180
3.937033 51.744740
3.938388 51.746601
3.944520 51.748581
3.966940 51.749119
3.966744 51.746368
3.956993 51.743389
3.941307 51.741180
> netherlands 8
3.923038 51.733723
3.921811 51.735218
3.916639 51.735550
3.913907 51.737999
3.915230 51.740318
3.921434 51.741158
3.933057 51.737778
3.934965 51.734398
3.923038 51.733723
> netherlands 9
4.360667 51.716671
4.345581 51.716816
4.339616 51.718296
4.339616 51.718296
4.343814 51.722271
4.348529 51.723511
4.360948 51.718277
4.360667 51.716671
> netherlands 10
3.726567 51.656849
3.732269 51.654022
3.725151 51.650635
3.720245 51.652565
3.721525 51.655346
3.726567 51.656849
> netherlands 11
3.718314 51.643131
3.723617 51.640751
3.720917 51.637249
3.711821 51.630604
3.703360 51.630840
3.698159 51.626354
3.689886 51.623848
3.692288 51.620937
3.685576 51.617096
3.683844 51.620941
3.688264 51.626095
3.713486 51.643921
3.718314 51.643131
> netherlands 12
4.146165 51.337460
4.150285 51.337772
4.150849 51.338985
4.151199 51.339741
4.140833 51.345158
4.132298 51.353886
4.135053 51.356693
4.144097 51.358044
4.148967 51.355865
4.160833 51.345802
4.156665 51.351963
4.158951 51.353573
4.168488 51.344688
4.172926 51.345440
4.170242 51.349911
4.176221 51.351440
4.184565 51.345905
4.188181 51.346443
4.185709 51.351425
4.176907 51.354210
4.176106 51.355934
4.199372 51.354931
4.199568 51.357906
4.185501 51.358894
4.167327 51.360168
4.157979 51.364075
4.155879 51.368835
4.157894 51.371853
4.163608 51.374043
4.170886 51.374432
4.173893 51.372898
4.175355 51.366524
4.181449 51.362083
4.184976 51.364220
4.180679 51.369160
4.180780 51.373737
4.186849 51.369755
4.190416 51.371204
4.188462 51.373451
4.188891 51.378723
4.191352 51.380379
4.209009 51.378021
4.214242 51.375851
4.226862 51.359192
4.238886 51.352180
4.238886 51.352180
4.192048 51.315170
4.117880 51.269653
4.081012 51.258656
4.054939 51.246796
4.031373 51.247192
4.028100 51.247246
3.996337 51.240837
3.987455 51.231438
3.971389 51.221573
3.948777 51.215664
3.939692 51.216461
3.929985 51.222569
3.923254 51.220848
3.913034 51.209751
3.895924 51.207756
3.884904 51.208843
3.882752 51.212395
3.888717 51.217365
3.890972 51.224648
3.885277 51.227936
3.879013 51.227425
3.870539 51.219810
3.864033 51.213966
3.845011 51.211910
3.803222 51.214573
3.790823 51.219738
3.788564 51.236694
3.790832 51.251541
3.794011 51.257126
3.790910 51.262371
3.778818 51.266857
3.768566 51.264515
3.757600 51.272469
3.755910 51.272568
3.741911 51.273411
3.729337 51.272892
3.714146 51.274536
3.692010 51.281311
3.658956 51.283478
3.652379 51.287243
3.641110 51.287613
3.633249 51.290142
3.604026 51.303574
3.593386 51.306538
3.588558 51.305019
3.586085 51.301338
3.586838 51.291046
3.583928 51.289585
3.579270 51.291649
3.568621 51.296364
3.564752 51.296768
3.553523 51.292828
3.543875 51.289799
3.525888 51.295631
3.522356 51.295185
3.520880 51.292904
3.530055 51.250706
3.499144 51.246353
3.459818 51.244667
3.447698 51.245506
3.437677 51.247612
3.432661 51.248665
3.426131 51.258781
3.419618 51.261509
3.402501 51.272362
3.381565 51.285625
3.364625 51.298862
3.364932 51.301968
3.368082 51.303783
3.373062 51.303249
3.374023 51.304996
3.362550 51.318401
3.384041 51.331440
3.386742 51.339088
3.383442 51.346210
3.375598 51.355259
3.369472 51.374611
3.369472 51.374611
3.379923 51.381325
3.428847 51.393291
3.446330 51.392166
3.474797 51.397556
3.511527 51.410034
3.523878 51.411064
3.526927 51.409321
3.564728 51.401897
3.569582 51.399311
3.575358 51.396236
3.594103 51.389427
3.606261 51.387924
3.635727 51.379108
3.656041 51.375763
3.675769 51.375603
3.684293 51.373768
3.718057 51.354977
3.731053 51.351654
3.748328 51.349815
3.769212 51.343033
3.777365 51.352169
3.816110 51.345608
3.819663 51.347069
3.847106 51.340210
3.860961 51.340328
3.870038 51.341011
3.880424 51.349739
3.899341 51.356384
3.914124 51.364986
3.939185 51.366974
3.944159 51.369152
3.955386 51.370567
3.966293 51.388912
3.967450 51.399693
3.975315 51.408348
3.996363 51.407681
4.008259 51.407303
4.017195 51.404541
4.024713 51.401058
4.032017 51.395050
4.048293 51.373463
4.058732 51.369816
4.082155 51.368759
4.091417 51.366455
4.099841 51.359783
4.113837 51.357586
4.122890 51.352528
4.127935 51.347382
4.146165 51.337460
> netherlands 13
4.248818 51.376225
4.258958 51.359432
4.269454 51.354397
4.260144 51.351219
4.244604 51.348598
4.238886 51.352180
4.238886 51.352180
4.247643 51.359089
4.246518 51.362991
4.228956 51.372116
4.230547 51.375519
4.248818 51.376225
> netherlands 14
          4.129076         51.359077
          4.124218         51.361027
          4.122194         51.364414
          4.124545         51.367897
          4.143320         51.365120
          4.144301         51.360794
          4.129076         51.359077
> netherlands 16
6.596749 53.536610
6.584669 53.537590
6.570467 53.543510
6.576188 53.548775
6.585371 53.551071
6.609890 53.551334
6.615551 53.548573
6.602243 53.547668
6.591546 53.541256
6.596749 53.536610
> netherlands 17
6.505011 53.536533
6.499619 53.540867
6.495812 53.537430
6.485859 53.536720
6.475108 53.540581
6.452091 53.545097
6.444843 53.541191
6.439867 53.540722
6.437925 53.544144
6.441308 53.552151
6.444736 53.554676
6.452012 53.555149
6.465068 53.551296
6.494217 53.546795
6.505738 53.542477
6.508440 53.539284
6.505011 53.536533
> netherlands 18
6.162759 53.472878
6.156322 53.468575
6.147183 53.466015
6.146865 53.461670
6.134730 53.454983
6.130915 53.454506
6.128965 53.457008
6.130412 53.462502
6.135688 53.467556
6.134395 53.470352
6.134107 53.470978
6.127669 53.466827
6.125315 53.470703
6.125986 53.476875
6.134616 53.487888
6.145975 53.495945
6.158535 53.500580
6.283165 53.511417
6.287230 53.511536
6.309567 53.512203
6.334854 53.510006
6.339483 53.506596
6.325388 53.500378
6.315066 53.499424
6.305166 53.495045
6.277649 53.492199
6.265885 53.484150
6.245304 53.478123
6.199162 53.475864
6.199162 53.475864
6.178404 53.475536
6.162759 53.472878
> netherlands 19
5.849037 53.446690
5.825302 53.444542
5.808590 53.439842
5.795945 53.441341
5.789083 53.440601
5.762619 53.444500
5.753852 53.443516
5.731599 53.446983
5.725147 53.445103
5.708993 53.433765
5.693045 53.429741
5.668627 53.428379
5.653815 53.429333
5.646811 53.429783
5.625592 53.437359
5.625592 53.437359
5.617723 53.445740
5.616392 53.452583
5.622365 53.457897
5.616933 53.460819
5.618382 53.463802
5.624050 53.466370
5.633504 53.470345
5.645370 53.469997
5.672299 53.463840
5.689567 53.461479
5.723243 53.460400
5.829061 53.464684
5.829761 53.464729
5.922618 53.471077
5.948617 53.471481
5.960501 53.469959
5.974361 53.465023
5.957292 53.457825
5.915538 53.459339
5.914823 53.459366
5.890112 53.452564
5.849037 53.446690
> netherlands 20
6.050385 53.446747
6.045381 53.448776
6.045295 53.453804
6.041752 53.459724
6.045544 53.461575
6.061968 53.462585
6.068169 53.457592
6.066678 53.455299
6.063218 53.456421
6.058314 53.452507
6.054121 53.451797
6.050385 53.446747
> netherlands 21
5.130466 53.292286
5.126925 53.295208
5.127972 53.297737
5.139525 53.304523
5.151947 53.308575
5.153947 53.306087
5.152517 53.303555
5.134999 53.293262
5.130466 53.292286
> netherlands 22
5.383422 53.059616
5.373716 53.062817
5.364283 53.073223
5.365687 53.076668
5.380574 53.073410
5.386158 53.064789
5.383422 53.059616
> netherlands 23
5.102432 52.451813
5.098262 52.453358
5.098157 52.456100
5.104335 52.460762
5.106612 52.469711
5.109958 52.470215
5.120628 52.464874
5.140406 52.465832
5.142342 52.464027
5.140907 52.462406
5.134207 52.461628
5.102432 52.451813
> netherlands 24
5.242081 53.367344
5.225688 53.366909
5.216442 53.358791
5.208873 53.357094
5.205516 53.354992
5.205616 53.352253
5.193218 53.347065
5.184136 53.345116
5.172649 53.346340
5.163346 53.350330
5.155968 53.363949
5.157652 53.369915
5.190572 53.387947
5.200574 53.396305
5.211943 53.399876
5.200236 53.400639
5.209834 53.404198
5.224397 53.402782
5.270102 53.406322
5.299762 53.410110
5.373827 53.422863
5.392033 53.426350
5.538733 53.454346
5.556289 53.455433
5.575929 53.450371
5.577910 53.447876
5.566695 53.444298
5.562377 53.442924
5.553595 53.442608
5.548765 53.437759
5.524157 53.429741
5.515706 53.431255
5.504387 53.426338
5.495636 53.425106
5.488857 53.421833
5.480871 53.420609
5.474664 53.423740
5.469685 53.424145
5.474892 53.416203
5.464287 53.416588
5.454991 53.421158
5.449760 53.421352
5.449822 53.419533
5.468220 53.409504
5.463729 53.406483
5.392740 53.404869
5.392740 53.404869
5.364408 53.395554
5.328266 53.380276
5.318666 53.381992
5.308021 53.380722
5.301279 53.376984
5.291803 53.375042
5.284484 53.377010
5.265409 53.376778
5.252169 53.373413
5.242081 53.367344
> netherlands 25
6.611357 53.445362
6.632858 53.450123
6.643546 53.454475
6.666083 53.460438
6.720741 53.469151
6.747890 53.470074
6.776572 53.466644
6.797602 53.461384
6.809960 53.465481
6.814810 53.467091
6.827426 53.464340
6.827421 53.458920
6.827421 53.458172
6.816329 53.451778
6.822061 53.448120
6.843533 53.447701
6.843528 53.450348
6.835825 53.453140
6.835445 53.454739
6.838891 53.459763
6.845008 53.459301
6.880149 53.444191
6.876311 53.436424
6.877440 53.427967
6.872067 53.415173
6.878368 53.409641
6.887695 53.401447
6.887667 53.389561
6.903221 53.353436
6.926074 53.343807
6.948140 53.330521
6.974039 53.325447
6.981648 53.322464
6.985061 53.318573
6.993122 53.317787
7.001820 53.316940
7.002569 53.314198
7.007127 53.311443
7.019682 53.307991
7.073369 53.303062
7.092465 53.310097
7.093583 53.306438
7.083554 53.299198
7.083554 53.299198
7.082475 53.297554
7.088089 53.283142
7.084186 53.269207
7.103136 53.257729
7.113772 53.255184
7.132783 53.253300
7.158981 53.246586
7.165466 53.248623
7.182922 53.243534
7.213281 53.238529
7.213281 53.238529
7.215339 53.225067
7.219500 53.222313
7.222814 53.209274
7.218892 53.192776
7.220740 53.188255
7.227938 53.185719
7.216483 53.178669
7.205822 53.175503
7.197052 53.163593
7.192390 53.157257
7.183894 53.137856
7.184618 53.133053
7.202677 53.113117
7.204514 53.105568
7.202089 53.086376
7.209929 53.042400
7.216590 53.004963
7.210863 52.998352
7.185874 52.944252
7.165218 52.923336
7.115944 52.873341
7.089423 52.850769
7.094264 52.839558
7.076054 52.815365
7.075584 52.813820
7.071462 52.800285
7.073296 52.790226
7.070054 52.741314
7.062733 52.688698
7.056458 52.643497
7.047043 52.635509
7.034282 52.634159
7.012535 52.638081
7.002422 52.643353
6.988915 52.644283
6.964520 52.642479
6.951380 52.639294
6.936824 52.638920
6.934119 52.638847
6.917239 52.642059
6.911241 52.647324
6.905612 52.647781
6.899986 52.651443
6.870336 52.651680
6.864330 52.648483
6.849694 52.648712
6.835431 52.651684
6.823798 52.648708
6.803531 52.649620
6.792643 52.652359
6.779507 52.652351
6.769381 52.648460
6.755495 52.648678
6.745367 52.646614
6.740493 52.645008
6.734879 52.639748
6.724002 52.638592
6.713900 52.629894
6.725933 52.620533
6.727451 52.614594
6.722265 52.594471
6.723401 52.590584
6.764679 52.567986
6.766183 52.565018
6.763941 52.562729
6.753082 52.561348
6.730225 52.564529
6.727231 52.563843
6.719778 52.551716
6.706927 52.552834
6.683441 52.554874
6.706387 52.526096
6.702403 52.489059
6.708397 52.485863
6.722241 52.482906
6.759336 52.466003
6.760792 52.465336
6.772010 52.462601
6.853107 52.463081
6.856097 52.462395
6.856846 52.455307
6.912511 52.446373
6.942385 52.439495
6.948705 52.440132
6.956962 52.443596
6.967814 52.451817
6.981681 52.467804
6.989919 52.472824
6.997005 52.467327
7.006307 52.454285
7.013337 52.433929
7.024891 52.427738
7.039375 52.407597
7.059519 52.405048
7.066213 52.399776
7.078031 52.374149
7.077338 52.367813
7.076080 52.356319
7.061483 52.343773
7.057714 52.334179
7.040853 52.311344
7.034120 52.303810
7.036669 52.289173
7.032174 52.281864
7.045864 52.262180
7.052904 52.255310
7.064404 52.248428
7.065879 52.245682
7.059159 52.239979
7.041645 52.230865
7.029373 52.229969
7.010417 52.231369
7.002985 52.232296
6.995174 52.231392
6.990335 52.229111
6.982694 52.220455
6.974298 52.209236
6.961266 52.197132
6.957908 52.190506
6.950841 52.185940
6.938208 52.182980
6.916667 52.181622
6.908492 52.177738
6.906631 52.173168
6.897715 52.167686
6.883603 52.158546
6.874694 52.136135
6.856882 52.124714
6.831662 52.122883
6.762679 52.122169
6.757163 52.102272
6.749012 52.099979
6.747537 52.097237
6.751266 52.088093
6.740167 52.081226
6.734136 52.079651
6.733131 52.079391
6.719423 52.078918
6.700540 52.075237
6.697587 52.072262
6.698714 52.068150
6.690231 52.058537
6.692876 52.044361
6.714718 52.045074
6.723988 52.040741
6.753251 52.033451
6.771782 52.021805
6.779927 52.019749
6.791940 52.013657
6.802884 52.008099
6.812882 51.998959
6.813257 51.994614
6.827311 51.993015
6.833602 51.985470
6.832498 51.979298
6.835829 51.971066
6.832137 51.965122
6.828073 51.963291
6.802948 51.958942
6.799270 51.946823
6.787850 51.927155
6.775606 51.919556
6.770147 51.916168
6.757602 51.913418
6.750236 51.906551
6.741013 51.904716
6.732911 51.898304
6.727378 51.897614
6.720733 51.898293
6.711864 51.902168
6.709328 51.904282
6.697056 51.914497
6.680802 51.916992
6.672318 51.915379
6.635838 51.902058
6.585697 51.893497
6.560299 51.884068
6.549590 51.885639
6.532743 51.876923
6.528274 51.874611
6.511333 51.871361
6.507689 51.865635
6.500727 51.860126
6.479381 51.855488
6.467927 51.858196
6.458261 51.867085
6.454567 51.867756
6.442447 51.862457
6.434706 51.862202
6.428011 51.868122
6.420971 51.871525
6.406223 51.871014
6.395110 51.875774
6.393378 51.865021
6.403466 51.859726
6.411542 51.855488
6.412680 51.852291
6.408326 51.845413
6.410210 51.841305
6.409974 51.828041
6.400733 51.830982
6.391459 51.836891
6.370448 51.837265
6.366311 51.844791
6.358873 51.850708
6.352215 51.852737
6.324558 51.853302
6.314043 51.849209
6.314043 51.849209
6.302638 51.867817
6.294034 51.871819
6.280828 51.875221
6.274826 51.874619
6.267023 51.869617
6.260419 51.869019
6.252216 51.870819
6.225404 51.868217
6.214784 51.872658
6.214784 51.872658
6.196580 51.881477
6.191351 51.885792
6.193100 51.892204
6.174109 51.903530
6.167160 51.899376
6.151209 51.904541
6.143355 51.902496
6.123182 51.903000
6.111476 51.896751
6.134074 51.891403
6.149010 51.880291
6.148728 51.874802
6.155435 51.870495
6.162885 51.865738
6.162254 51.858875
6.167259 51.845184
6.142874 51.848698
6.100800 51.851639
6.075947 51.862503
6.068843 51.865841
6.059411 51.857086
6.059481 51.853199
6.054304 51.851715
6.023541 51.842892
6.018480 51.837597
5.999791 51.831978
5.975032 51.835453
5.964746 51.833778
5.956235 51.835541
5.952670 51.829571
5.951712 51.822247
5.953720 51.814030
5.970048 51.807980
5.967929 51.803391
5.976196 51.794991
5.974401 51.792690
5.982589 51.788177
5.990780 51.783436
5.989608 51.767879
5.984170 51.763721
5.960103 51.752796
5.957216 51.750031
5.961080 51.740685
5.996420 51.738888
6.032311 51.727024
6.037498 51.722870
6.040519 51.720448
6.054572 51.715740
6.042109 51.713829
6.035177 51.711037
6.031641 51.703465
6.037269 51.697102
6.032944 51.692497
6.031927 51.687920
6.033627 51.675354
6.055776 51.668873
6.112827 51.660557
6.120595 51.656944
6.121748 51.653751
6.120996 51.652962
6.113451 51.645012
6.104259 51.624146
6.098448 51.620678
6.096731 51.613808
6.098344 51.605129
6.123849 51.592484
6.132456 51.581562
6.161282 51.565956
6.173289 51.549759
6.180353 51.540226
6.202109 51.529602
6.208404 51.524605
6.218888 51.507973
6.219506 51.490139
6.226669 51.474857
6.225495 51.454269
6.217498 51.451256
6.217450 51.437744
6.217425 51.430676
6.210691 51.416233
6.210080 51.407997
6.212361 51.401608
6.232772 51.403774
6.217995 51.390434
6.226643 51.372189
6.225337 51.361206
6.207256 51.350590
6.196131 51.338409
6.180830 51.337864
6.171047 51.333920
6.162820 51.323811
6.160032 51.315563
6.134565 51.290485
6.128196 51.279015
6.101940 51.259869
6.076711 51.245758
6.076459 51.245094
6.075667 51.243008
6.086096 51.228668
6.084688 51.225914
6.075247 51.225166
6.070936 51.222168
6.076252 51.187901
6.085176 51.175842
6.091030 51.173367
6.115298 51.177406
6.125345 51.185017
6.168361 51.199226
6.183401 51.189709
6.150121 51.180367
6.143648 51.176212
6.155707 51.171482
6.171409 51.165859
6.174009 51.161987
6.172235 51.159233
6.157431 51.153885
6.127449 51.144558
6.098506 51.138885
6.094904 51.137260
6.085648 51.126682
6.073743 51.122715
6.064331 51.121510
6.054385 51.109550
6.034979 51.099586
6.019052 51.098099
6.000384 51.088131
5.999200 51.086975
5.984371 51.072464
5.972541 51.065746
5.968506 51.049709
5.956324 51.042984
5.942256 51.040131
5.934977 51.041901
5.922351 51.057121
5.916311 51.068966
5.909756 51.070511
5.887603 51.055695
5.882720 51.054436
5.865627 51.050022
5.881836 51.037354
5.877732 51.026115
5.880393 51.020191
5.896878 51.010956
5.898840 51.003654
5.904710 50.999813
5.905596 50.992046
5.903141 50.988369
5.892068 50.981644
5.900101 50.978054
5.925310 50.983288
5.942518 50.990971
5.951918 50.991272
5.962903 50.984497
5.970168 50.982952
5.997954 50.986359
6.002612 50.986290
6.028347 50.985893
6.033132 50.981354
6.029228 50.977211
6.023102 50.976025
6.013184 50.964748
6.007111 50.960819
6.017720 50.954033
6.017509 50.945801
6.021249 50.938969
6.026357 50.936260
6.056797 50.931213
6.061913 50.927818
6.085093 50.924316
6.087027 50.916782
6.086000 50.913349
6.080297 50.908966
6.079280 50.905071
6.081508 50.901428
6.077034 50.889549
6.088489 50.882019
6.094222 50.875217
6.084918 50.870583
6.079212 50.866657
6.077266 50.853840
6.074401 50.852676
6.066087 50.853764
6.050875 50.857319
6.045871 50.854767
6.033638 50.853081
6.025766 50.849598
6.020935 50.837673
6.028336 50.827206
6.023125 50.816422
6.008936 50.804203
5.998468 50.805267
5.988281 50.810452
5.981106 50.808796
5.978031 50.800083
5.984588 50.796246
5.992186 50.794476
6.019852 50.778671
6.025306 50.775738
6.026129 50.770027
6.023048 50.761318
6.025336 50.754246
6.002635 50.755680
5.983216 50.754852
5.975988 50.756397
5.970453 50.763443
5.959287 50.763813
5.944252 50.759583
5.929898 50.757408
5.922757 50.754608
5.917723 50.754341
5.908316 50.756779
5.901890 50.754211
5.895418 50.753929
5.890682 50.756634
5.888052 50.761871
5.889764 50.765999
5.884979 50.770992
5.876418 50.767262
5.865289 50.765793
5.862970 50.764580
5.852831 50.759285
5.849442 50.766113
5.846162 50.767914
5.816875 50.757595
5.807503 50.758198
5.792415 50.772465
5.782759 50.769630
5.773758 50.784866
5.766202 50.784569
5.750574 50.775501
5.741392 50.768097
5.740136 50.760540
5.732641 50.760323
5.728265 50.760197
5.721635 50.766304
5.708449 50.760914
5.704450 50.762474
5.696654 50.757595
5.691628 50.757088
5.683246 50.761120
5.700408 50.780041
5.700293 50.784615
5.692761 50.797573
5.697607 50.805397
5.695707 50.809265
5.690205 50.813095
5.672067 50.828186
5.652022 50.838554
5.646850 50.860634
5.646503 50.873146
5.650246 50.875374
5.662972 50.882954
5.673647 50.882107
5.681150 50.886040
5.688500 50.895744
5.692757 50.907341
5.721553 50.912460
5.730214 50.930840
5.745173 50.941586
5.750997 50.952232
5.757018 50.955181
5.750702 50.963779
5.749165 50.963440
5.727966 50.958733
5.721745 50.963482
5.735139 50.976135
5.736564 50.980000
5.760642 50.992760
5.767952 51.005348
5.774980 51.029484
5.761122 51.034157
5.761000 51.038967
5.769943 51.051373
5.774282 51.057388
5.775641 51.064140
5.783230 51.066143
5.794040 51.061436
5.801489 51.069210
5.801348 51.074986
5.805744 51.082729
5.799444 51.090366
5.799326 51.095177
5.805369 51.098125
5.820678 51.097309
5.832861 51.099354
5.835736 51.107079
5.814192 51.112648
5.814006 51.120350
5.818386 51.129055
5.836649 51.133080
5.844184 51.137962
5.850147 51.144756
5.850133 51.145340
5.849967 51.152454
5.837474 51.158554
5.828456 51.158772
5.825273 51.160885
5.806073 51.159264
5.803821 51.161640
5.803680 51.167416
5.798448 51.168297
5.800500 51.172195
5.794257 51.176949
5.749508 51.189976
5.726585 51.187813
5.711371 51.183804
5.696208 51.185623
5.674488 51.188225
5.668360 51.192352
5.604710 51.198925
5.594402 51.209938
5.581220 51.219906
5.559061 51.227943
5.555914 51.246933
5.557067 51.265526
5.557220 51.267998
5.537505 51.279705
5.485156 51.302135
5.468176 51.287754
5.446481 51.279789
5.430389 51.278366
5.418489 51.267281
5.400365 51.269955
5.350379 51.277302
5.340505 51.264214
5.326271 51.265232
5.257897 51.264263
5.244501 51.260021
5.235381 51.262318
5.224761 51.270260
5.225321 51.271362
5.242819 51.305744
5.221122 51.315952
5.207333 51.321823
5.166219 51.315536
5.150722 51.315300
5.138374 51.317135
5.140530 51.328098
5.129225 51.352619
5.101112 51.376472
5.095727 51.379936
5.076533 51.392277
5.095932 51.424973
5.087670 51.453182
5.079907 51.468849
5.053327 51.468830
5.046000 51.473568
5.043504 51.486889
5.037688 51.486389
5.031758 51.482384
5.014983 51.471039
5.020742 51.457367
5.016975 51.454472
5.013991 51.448349
5.000000 51.439739
4.929434 51.396313
4.924907 51.396236
4.901496 51.413239
4.898526 51.413876
4.891035 51.415485
4.867202 51.412636
4.851600 51.413979
4.803794 51.411491
4.786877 51.413208
4.775040 51.417038
4.772391 51.431969
4.784633 51.433411
4.829782 51.423706
4.828670 51.433811
4.824711 51.435356
4.823978 51.436340
4.815439 51.447773
4.817688 51.457344
4.828095 51.460335
4.827131 51.471531
4.834146 51.480068
4.832283 51.482059
4.825428 51.484116
4.816741 51.495544
4.786657 51.500664
4.781890 51.505436
4.761375 51.500195
4.751486 51.489887
4.745466 51.486927
4.734377 51.481468
4.730106 51.477448
4.729982 51.470715
4.714938 51.456974
4.713906 51.450508
4.703923 51.443588
4.700611 51.437920
4.685869 51.427544
4.655051 51.424980
4.647518 51.423153
4.589514 51.431747
4.577472 51.433529
4.561154 51.428150
4.556704 51.427502
4.547040 51.440758
4.540606 51.460812
4.542592 51.474312
4.540372 51.482395
4.485394 51.477608
4.476812 51.478550
4.468296 51.469959
4.454842 51.469673
4.440645 51.466568
4.423976 51.459480
4.378135 51.444466
4.383982 51.436180
4.386587 51.421658
4.399104 51.406231
4.432970 51.377247
4.429513 51.374928
4.432626 51.367146
4.415902 51.361736
4.388291 51.358891
4.380978 51.361534
4.376152 51.361588
4.363947 51.361721
4.353884 51.365421
4.345229 51.375885
4.339637 51.379684
4.248818 51.376225
4.248818 51.376225
4.245615 51.382710
4.248034 51.391685
4.239470 51.402767
4.230397 51.406635
4.211100 51.405525
4.206528 51.408859
4.206528 51.408859
4.200938 51.410793
4.190423 51.409416
4.179805 51.403461
4.168524 51.402752
4.153415 51.398754
4.142068 51.399185
4.128736 51.402317
4.128736 51.402317
4.118646 51.406204
4.077791 51.412491
4.077791 51.412491
4.057983 51.418770
4.050362 51.430031
4.037792 51.438435
4.033438 51.437874
4.020832 51.440781
4.009938 51.445560
3.979713 51.461315
3.976047 51.461456
3.967115 51.458038
3.951076 51.457195
3.932153 51.449871
3.927666 51.445644
3.930945 51.440002
3.923506 51.430439
3.921851 51.425648
3.921034 51.423283
3.914098 51.417393
3.901496 51.397175
3.882810 51.398087
3.879396 51.400059
3.857153 51.393784
3.813606 51.389484
3.790401 51.403538
3.779505 51.408066
3.778199 51.411236
3.770455 51.412853
3.756707 51.415718
3.751707 51.413986
3.733253 51.416710
3.727108 51.421127
3.726465 51.425232
3.718504 51.434864
3.683649 51.452713
3.689636 51.456078
3.695175 51.455307
3.699867 51.461609
3.694397 51.466732
3.690248 51.463188
3.676466 51.461449
3.674082 51.458870
3.667050 51.460056
3.660667 51.457138
3.660172 51.453693
3.657927 51.453480
3.649997 51.452736
3.643115 51.447052
3.634204 51.443157
3.629015 51.444160
3.615177 51.443329
3.607464 51.443806
3.603858 51.448288
3.588451 51.443748
3.588451 51.443748
3.579354 51.442505
3.577948 51.442314
3.561953 51.451260
3.552299 51.453285
3.530622 51.464813
3.514979 51.483837
3.493677 51.499950
3.466912 51.510410
3.446597 51.522652
3.436056 51.526474
3.436758 51.536793
3.445240 51.545933
3.470961 51.555161
3.492881 51.566307
3.502930 51.570370
3.526376 51.579830
3.535463 51.580997
3.553879 51.590206
3.571782 51.596420
3.581605 51.597603
3.590938 51.595337
3.608167 51.595577
3.627180 51.591282
3.659645 51.593983
3.672625 51.597301
3.688678 51.598640
3.702136 51.600368
3.714472 51.597027
3.719878 51.593048
3.719878 51.593048
3.727218 51.593010
3.743896 51.595963
3.749131 51.594494
3.755142 51.597855
3.769351 51.599365
3.781500 51.598759
3.784172 51.599220
3.817417 51.604935
3.824834 51.603748
3.840101 51.605965
3.859844 51.601421
3.870029 51.597095
3.875451 51.592655
3.886234 51.578960
3.893733 51.576397
3.904024 51.564522
3.901343 51.560566
3.879940 51.557064
3.872902 51.546822
3.872902 51.546822
3.871337 51.542664
3.871337 51.542664
3.883381 51.543419
3.898132 51.541950
3.907076 51.545376
3.925369 51.545822
3.930299 51.543194
3.944726 51.529358
3.966149 51.532391
3.981345 51.529549
4.007144 51.521008
4.015638 51.519836
4.027380 51.513477
4.034194 51.510902
4.053609 51.503563
4.064075 51.487789
4.060668 51.483589
4.068606 51.473248
4.091355 51.459812
4.102555 51.449772
4.123838 51.442249
4.132289 51.441525
4.143601 51.435600
4.154253 51.434696
4.157732 51.437748
4.166897 51.440033
4.166897 51.440033
4.172867 51.441521
4.182758 51.446815
4.188473 51.449875
4.194290 51.450462
4.198437 51.448265
4.208635 51.448948
4.210720 51.444416
4.222770 51.444679
4.231060 51.447231
4.238956 51.449379
4.242397 51.446709
4.253033 51.452660
4.258511 51.452774
4.262642 51.450806
4.271356 51.451908
4.274492 51.448086
4.287337 51.453850
4.297487 51.455437
4.295928 51.470505
4.287639 51.481541
4.288356 51.486511
4.288433 51.487049
4.288433 51.487049
4.285232 51.492016
4.272777 51.498844
4.261984 51.502045
4.253911 51.508965
4.221634 51.516502
4.212150 51.509430
4.206691 51.508854
4.192130 51.513794
4.188303 51.516685
4.162946 51.524590
4.155371 51.522587
4.143195 51.524147
4.138632 51.527020
4.126790 51.522861
4.076938 51.529732
4.064628 51.539516
4.062510 51.544273
4.055164 51.549026
4.049544 51.552666
4.033261 51.555260
4.023613 51.569221
4.001789 51.577209
3.994888 51.577240
3.989212 51.580082
3.986337 51.585045
3.988548 51.590820
3.993872 51.593693
4.000044 51.594418
4.020374 51.598209
4.028531 51.596798
4.071910 51.613594
4.088428 51.613518
4.101064 51.610832
4.115042 51.604053
4.122415 51.603569
4.122415 51.603569
4.160436 51.605762
4.180080 51.605000
4.183599 51.604904
4.178607 51.611584
4.182539 51.612785
4.182539 51.612785
4.183254 51.615894
4.161137 51.612640
4.152208 51.614731
4.127234 51.615086
4.121538 51.624565
4.115823 51.628098
4.108030 51.629524
4.105206 51.633808
4.107527 51.642651
4.116794 51.648945
4.139752 51.651978
4.148989 51.651039
4.170765 51.642830
4.202094 51.634369
4.202094 51.634369
4.215030 51.632820
4.220374 51.635685
4.233350 51.633450
4.255767 51.633015
4.274909 51.632053
4.285492 51.633194
4.310087 51.639889
4.336721 51.642960
4.343150 51.646297
4.355095 51.648895
4.355095 51.648895
4.363358 51.652893
4.377849 51.656620
4.387047 51.663212
4.402852 51.683895
4.405321 51.689808
4.405321 51.689808
4.403079 51.693508
4.391718 51.685959
4.389124 51.686363
4.396410 51.694519
4.387121 51.696388
4.383656 51.692429
4.375700 51.689980
4.367280 51.677044
4.367280 51.677044
4.360187 51.670902
4.351546 51.668732
4.333366 51.664169
4.320419 51.659096
4.269894 51.656197
4.254686 51.658848
4.229145 51.668823
4.223589 51.669617
4.212228 51.675549
4.197785 51.677521
4.191742 51.680363
4.176234 51.681622
4.167842 51.686928
4.156557 51.697659
4.139346 51.702766
4.109251 51.708038
4.098343 51.705959
4.092005 51.707417
4.075888 51.706360
4.068475 51.707333
4.060133 51.711491
4.056870 51.710728
4.056870 51.710728
4.053780 51.713173
4.053024 51.719563
4.045732 51.730606
4.037840 51.739346
4.036659 51.746643
4.027950 51.744610
4.024899 51.746368
4.021510 51.753613
4.024979 51.763073
4.024800 51.771996
4.020971 51.780373
4.010180 51.788128
4.002526 51.798702
3.990745 51.799877
3.990745 51.799877
3.983717 51.798946
3.975566 51.799667
3.969153 51.802032
3.952212 51.801857
3.946512 51.798744
3.916162 51.795036
3.911289 51.790569
3.911289 51.790569
3.905785 51.790207
3.889525 51.779510
3.883259 51.779587
3.876491 51.781708
3.875463 51.774818
3.869727 51.772388
3.868795 51.774891
3.866605 51.780777
3.871811 51.785713
3.862565 51.797611
3.859733 51.807156
3.863028 51.813187
3.869695 51.818386
3.884064 51.824230
3.921736 51.829041
3.948846 51.837704
3.979779 51.844391
3.986465 51.844593
4.014756 51.845444
4.012134 51.840118
4.024652 51.834461
4.036967 51.826054
4.040621 51.826595
4.040808 51.829575
4.046164 51.832443
4.048784 51.831818
4.051125 51.823635
4.046040 51.822372
4.049958 51.818573
4.055341 51.820988
4.062010 51.820454
4.074190 51.814098
4.106472 51.804306
4.115631 51.799023
4.124277 51.796879
4.131710 51.795036
4.156281 51.784374
4.156281 51.784374
4.189969 51.775051
4.189969 51.775051
4.198323 51.777065
4.206917 51.767025
4.206917 51.767025
4.214370 51.760483
4.221854 51.758358
4.228428 51.752777
4.248047 51.744278
4.259334 51.733307
4.276532 51.721779
4.307757 51.715801
4.315886 51.711868
4.315886 51.711868
4.321355 51.709221
4.341070 51.705055
4.357964 51.705402
4.373621 51.708241
4.379352 51.711102
4.383772 51.710964
4.389928 51.705826
4.397741 51.711018
4.400704 51.710621
4.401857 51.698727
4.405489 51.697693
4.409363 51.699814
4.415238 51.699932
4.421621 51.704407
4.427166 51.703831
4.415371 51.697418
4.416701 51.693901
4.416701 51.693901
4.419295 51.692692
4.428283 51.696533
4.438493 51.698109
4.443789 51.697521
4.443789 51.697521
4.447863 51.694633
4.463063 51.690804
4.483236 51.685719
4.500216 51.684219
4.569913 51.686687
4.597517 51.693378
4.600197 51.691143
4.605371 51.690552
4.603726 51.694180
4.616013 51.698524
4.630881 51.710464
4.640399 51.711323
4.640399 51.711323
4.631063 51.724102
4.631063 51.724102
4.614031 51.716789
4.598673 51.714310
4.598673 51.714310
4.563104 51.705547
4.525744 51.702782
4.512958 51.708485
4.480512 51.717464
4.451429 51.718040
4.439286 51.719646
4.439286 51.719646
4.421504 51.720646
4.408845 51.723598
4.372754 51.738194
4.360845 51.740696
4.352488 51.745560
4.348444 51.745476
4.335686 51.750015
4.308218 51.754250
4.275455 51.762520
4.275455 51.762520
4.255205 51.767540
4.237932 51.779984
4.237777 51.782726
4.248038 51.783630
4.254125 51.786736
4.252867 51.789455
4.245283 51.786777
4.234091 51.789280
4.226039 51.794827
4.208681 51.802002
4.200545 51.802509
4.182841 51.807590
4.182841 51.807590
4.175948 51.813641
4.156721 51.820995
4.144257 51.819801
4.135695 51.821213
4.135695 51.821213
4.129382 51.821983
4.126494 51.827183
4.121857 51.824562
4.113921 51.827816
4.100215 51.828876
4.089986 51.833450
4.081827 51.840359
4.059387 51.839386
4.059958 51.842144
4.069640 51.846714
4.071630 51.850422
4.067407 51.859249
4.058322 51.869106
4.035160 51.885735
4.033448 51.889584
4.035791 51.893528
4.038797 51.895348
4.043270 51.898048
4.056352 51.913681
4.060041 51.913769
4.061636 51.917923
4.048236 51.925625
4.043920 51.923695
4.042354 51.919079
4.039062 51.918545
4.031972 51.925705
4.034218 51.931248
4.029284 51.939369
4.028961 51.944626
4.024577 51.949787
4.021401 51.959324
4.014458 51.963966
4.020612 51.972118
4.025956 51.975449
4.031866 51.975586
4.035664 51.980022
4.040862 51.982307
4.047193 51.985092
4.064656 51.983891
4.078589 51.979862
4.084352 51.976334
4.087678 51.970230
4.084232 51.966034
4.076445 51.972492
4.066911 51.971130
4.070415 51.968235
4.059324 51.965805
4.036274 51.966736
4.037336 51.964333
4.045563 51.963413
4.039738 51.959908
4.040763 51.958065
4.058259 51.963535
4.066112 51.963726
4.077505 51.961075
4.079612 51.955215
4.081504 51.949955
4.078060 51.945759
4.074179 51.942696
4.047852 51.937969
4.043512 51.942448
4.039918 51.940762
4.045178 51.933334
4.054460 51.932632
4.074127 51.937431
4.097805 51.938869
4.097805 51.938869
4.099446 51.940521
4.099446 51.940521
4.089738 51.942135
4.089108 51.946465
4.089791 51.947399
4.097695 51.945061
4.098898 51.949661
4.091978 51.954082
4.098418 51.970016
4.103863 51.971741
4.120429 51.966850
4.120429 51.966850
4.127125 51.978672
4.127125 51.978672
4.098526 51.986721
4.132147 52.000065
4.153015 52.017948
4.161751 52.025433
4.265980 52.101357
4.280837 52.114254
4.282263 52.115059
4.310340 52.130886
4.339552 52.153221
4.372147 52.182255
4.403450 52.215366
4.428134 52.240791
4.495549 52.327511
4.511230 52.347630
4.546855 52.402969
4.568079 52.444897
4.568947 52.446609
4.575097 52.465710
4.581447 52.465824
4.585342 52.462696
4.590980 52.462112
4.594478 52.466980
4.601848 52.469170
4.603818 52.467148
4.610225 52.466122
4.645064 52.467655
4.639297 52.472973
4.634989 52.472054
4.625515 52.474628
4.617679 52.474262
4.606323 52.477028
4.588782 52.476254
4.586292 52.473690
4.579940 52.473576
4.579487 52.475166
4.605777 52.533745
4.610929 52.551418
4.618925 52.578812
4.623593 52.613663
4.629073 52.632057
4.630483 52.657013
4.635633 52.675949
4.640678 52.694477
4.645107 52.726170
4.645107 52.726170
4.654982 52.764027
4.659178 52.767578
4.659178 52.767578
4.665472 52.772903
4.677463 52.789806
4.707398 52.857788
4.714958 52.881474
4.715925 52.887653
4.718439 52.903717
4.721842 52.951797
4.730426 52.962234
4.736711 52.965313
4.782380 52.967213
4.782197 52.966221
4.782197 52.966221
4.781179 52.960659
4.787334 52.958672
4.792233 52.958458
4.803360 52.963211
4.807180 52.962360
4.807960 52.953453
4.799789 52.941887
4.799282 52.936390
4.817078 52.910381
4.830215 52.903732
4.848570 52.898537
4.854797 52.894295
4.878069 52.888714
4.883947 52.889267
4.901379 52.890907
4.906543 52.893730
4.938274 52.902218
4.957372 52.915085
4.965259 52.925262
4.973036 52.929039
5.000000 52.935116
5.005608 52.936378
5.019701 52.933609
5.032376 52.937908
5.041540 52.935524
5.046349 52.938110
5.052875 52.932850
5.056107 52.930244
5.051352 52.926289
5.058679 52.922504
5.077725 52.898994
5.083528 52.895416
5.086324 52.890884
5.093595 52.879093
5.121982 52.847015
5.122635 52.839706
5.110135 52.781910
5.111019 52.778492
5.120249 52.773361
5.126390 52.770241
5.129178 52.766163
5.128606 52.761356
5.132173 52.756599
5.142498 52.752167
5.149608 52.743118
5.155742 52.739998
5.173406 52.740463
5.181535 52.744457
5.197293 52.756096
5.204014 52.757557
5.264901 52.755680
5.276632 52.753719
5.278147 52.750938
5.279994 52.747543
5.286826 52.745800
5.291940 52.739231
5.290978 52.723213
5.295407 52.714577
5.303100 52.709412
5.302832 52.706207
5.298501 52.700897
5.287394 52.695957
5.289418 52.691666
5.295261 52.691036
5.295339 52.688915
5.281771 52.678123
5.278203 52.680195
5.273403 52.687553
5.253905 52.686394
5.246817 52.672882
5.245451 52.670280
5.246050 52.663883
5.239192 52.656025
5.197860 52.636051
5.181347 52.636063
5.164820 52.626240
5.137239 52.621296
5.131947 52.622364
5.130182 52.629433
5.122125 52.634121
5.106302 52.635735
5.096811 52.638577
5.094438 52.641743
5.086560 52.641632
5.070615 52.636608
5.052843 52.640011
5.030178 52.634197
5.025082 52.630238
5.022667 52.624943
5.027411 52.609459
5.025700 52.605320
5.028470 52.601700
5.027161 52.596878
5.042196 52.576969
5.039425 52.571213
5.047836 52.566990
5.052508 52.562481
5.053061 52.561298
5.058643 52.549305
5.062538 52.545475
5.064757 52.536587
5.076888 52.523037
5.084590 52.517429
5.089396 52.509262
5.088822 52.504681
5.084171 52.499126
5.079816 52.495636
5.068758 52.491364
5.067965 52.482891
5.075429 52.473618
5.071433 52.470589
5.066237 52.469601
5.042394 52.467430
5.044405 52.463799
5.045163 52.463863
5.057073 52.464897
5.055081 52.458462
5.058559 52.445934
5.089291 52.443626
5.097247 52.440765
5.083337 52.433250
5.079173 52.424957
5.067607 52.414959
5.059797 52.414162
5.043496 52.401348
5.036088 52.399872
5.025784 52.386684
5.023255 52.385807
5.018587 52.384190
5.018587 52.384190
5.017497 52.379246
5.013541 52.375526
5.001780 52.380386
5.000000 52.379955
4.987738 52.376976
4.983254 52.377136
4.963078 52.386894
4.941752 52.388172
4.914306 52.384090
4.910499 52.385860
4.906319 52.387623
4.900327 52.396908
4.903824 52.402451
4.902991 52.404495
4.896038 52.401184
4.882854 52.412643
4.872021 52.412701
4.870438 52.415859
4.861393 52.422298
4.851779 52.422131
4.848426 52.425278
4.842263 52.427090
4.838578 52.423859
4.825101 52.425224
4.821227 52.429722
4.814650 52.426411
4.770374 52.430710
4.770374 52.430710
4.771401 52.424553
4.771401 52.424553
4.774978 52.419807
4.777858 52.405678
4.781237 52.405273
4.783186 52.411713
4.795116 52.412037
4.793532 52.414680
4.784514 52.415394
4.778493 52.424671
4.779892 52.426754
4.784642 52.427109
4.797403 52.425339
4.803635 52.422115
4.812542 52.423405
4.818899 52.414818
4.823146 52.403221
4.820162 52.400185
4.814638 52.399910
4.814431 52.398121
4.826071 52.396179
4.836002 52.397968
4.835312 52.400276
4.832649 52.401119
4.831682 52.409302
4.826191 52.410362
4.820956 52.418968
4.823140 52.422264
4.841849 52.420525
4.839312 52.414425
4.850700 52.413502
4.872220 52.399437
4.876304 52.399960
4.879878 52.403675
4.886936 52.395782
4.896389 52.392956
4.900458 52.385017
4.909201 52.381264
4.916910 52.380833
4.931948 52.382957
4.941329 52.381565
4.949916 52.380291
4.951672 52.378567
4.948573 52.376198
4.958012 52.373501
4.960470 52.368633
4.962290 52.369732
4.957114 52.377655
4.958101 52.380875
4.962501 52.382771
4.981585 52.372307
4.970045 52.371677
4.965329 52.368404
4.965329 52.368404
4.980093 52.363136
4.994575 52.364727
4.996513 52.362926
4.995234 52.357647
5.000000 52.352757
5.008627 52.349152
5.014980 52.348789
5.029406 52.351746
5.034651 52.351135
5.041557 52.346203
5.035348 52.342911
5.035519 52.338570
5.063356 52.341717
5.073478 52.340260
5.087142 52.343655
5.101727 52.342487
5.119228 52.333126
5.134211 52.329346
5.138752 52.329277
5.139668 52.330971
5.145568 52.336460
5.141708 52.340065
5.134179 52.342022
5.136482 52.350285
5.136363 52.363548
5.134625 52.370155
5.125741 52.378269
5.125622 52.381470
5.129215 52.385178
5.156464 52.395153
5.162681 52.398666
5.164777 52.402584
5.204481 52.419804
5.211135 52.421722
5.213021 52.421555
5.215631 52.421322
5.228066 52.428802
5.249186 52.436031
5.262770 52.440678
5.288846 52.454037
5.313579 52.463261
5.317584 52.466511
5.353381 52.480888
5.377323 52.492374
5.391797 52.495972
5.414245 52.509571
5.424114 52.515549
5.430179 52.525219
5.443379 52.534283
5.464874 52.554184
5.483890 52.557133
5.500728 52.557770
5.556634 52.592487
5.567019 52.598927
5.626449 52.605907
5.639802 52.611519
5.647665 52.612049
5.651871 52.608891
5.661525 52.612637
5.633825 52.639359
5.625451 52.643852
5.610846 52.656746
5.607461 52.656944
5.602454 52.661697
5.597187 52.662102
5.591839 52.665482
5.595488 52.669403
5.597038 52.681538
5.598589 52.735512
5.596776 52.746925
5.605134 52.771927
5.607299 52.773907
5.669143 52.830372
5.683062 52.831413
5.693550 52.834023
5.715762 52.835133
5.719120 52.836533
5.717528 52.839947
5.699330 52.844131
5.678229 52.843716
5.664324 52.841988
5.660674 52.852016
5.651431 52.859474
5.645009 52.859871
5.635744 52.853615
5.618858 52.850483
5.607531 52.851059
5.593286 52.847950
5.583441 52.835735
5.560146 52.832592
5.560146 52.832592
5.547699 52.833321
5.471316 52.854019
5.462255 52.854378
5.462255 52.854378
5.450547 52.854935
5.428124 52.848286
5.406845 52.853535
5.387203 52.863972
5.381141 52.867191
5.373540 52.868935
5.361256 52.887081
5.365184 52.893986
5.379600 52.903526
5.390820 52.906857
5.398746 52.906948
5.406565 52.910465
5.410203 52.914848
5.408546 52.931522
5.399877 52.942856
5.401700 52.944935
5.411058 52.947784
5.413175 52.952606
5.410693 52.959438
5.414399 52.961433
5.414399 52.961433
5.414927 52.969090
5.402765 52.995014
5.406295 53.013344
5.406295 53.013344
5.404082 53.025211
5.397503 53.029709
5.405271 53.035511
5.403378 53.044819
5.393925 53.040848
5.386823 53.043991
5.380442 53.053978
5.383422 53.059616
5.383422 53.059616
5.398569 53.055782
5.400012 53.058086
5.394743 53.066231
5.383268 53.083958
5.379677 53.101292
5.383963 53.109570
5.399526 53.121178
5.408654 53.132484
5.415402 53.159306
5.413782 53.174606
5.417077 53.178528
5.427158 53.179424
5.421341 53.187946
5.432148 53.207043
5.444668 53.220207
5.471197 53.235809
5.499701 53.249596
5.501293 53.250320
5.509464 53.254040
5.521558 53.257534
5.528335 53.259491
5.559724 53.280151
5.561105 53.285194
5.569258 53.293274
5.598211 53.307041
5.614805 53.313370
5.664346 53.320396
5.664346 53.320396
5.677897 53.319893
5.685801 53.323849
5.696824 53.325089
5.735639 53.339668
5.765968 53.351048
5.788747 53.355576
5.796297 53.359062
5.821708 53.365662
5.830386 53.370071
5.861923 53.376251
5.882742 53.384403
5.894135 53.387226
5.925267 53.386040
5.925267 53.386040
5.965713 53.396858
5.986637 53.400879
6.006596 53.402473
6.006596 53.402473
6.034626 53.407803
6.051044 53.407898
6.074677 53.410549
6.090734 53.409496
6.090734 53.409496
6.096789 53.412956
6.143468 53.407261
6.169568 53.414261
6.183415 53.417969
6.195292 53.415283
6.201717 53.410694
6.233021 53.416016
6.236525 53.416611
6.247942 53.419857
6.283178 53.411774
6.300063 53.404526
6.312379 53.395660
6.312379 53.395660
6.335568 53.405113
6.382072 53.416553
6.382072 53.416553
6.388900 53.418770
6.435468 53.422562
6.459504 53.426506
6.483556 53.428623
6.502287 53.427063
6.502287 53.427063
6.548872 53.431267
6.566420 53.436325
6.597357 53.439568
6.611357 53.445362
> netherlands 26
4.941486 51.431747
4.935766 51.429218
4.925197 51.433895
4.923812 51.435894
4.928256 51.437996
4.928149 51.440426
4.923474 51.443584
4.924645 51.446438
4.954222 51.451801
4.941486 51.431747
> netherlands 27
5.000000 53.288094
5.001843 53.288887
5.037541 53.301060
5.062794 53.308044
5.071527 53.308853
5.099474 53.305580
5.101529 53.301723
5.096737 53.297543
5.068179 53.297146
5.055913 53.289433
5.038666 53.282558
5.036335 53.282082
5.011093 53.276905
5.000000 53.273884
4.973814 53.266758
4.970513 53.263737
4.979654 53.254498
4.985379 53.254128
4.987356 53.252327
4.985549 53.250011
4.964669 53.239647
4.945820 53.235477
4.921187 53.215443
4.905624 53.214748
4.895234 53.217564
4.888909 53.217194
4.873991 53.216320
4.863218 53.219124
4.859498 53.217236
4.854704 53.222420
4.859905 53.225243
4.879712 53.233326
4.900104 53.236843
4.918793 53.244671
4.938484 53.255943
4.958441 53.270191
4.986631 53.282337
5.000000 53.288094
