> san_marino 0
         12.510036         43.999805
         12.515565         43.995659
         12.513440         43.993977
         12.504829         43.982956
         12.501759         43.979141
         12.498927         43.973183
         12.497916         43.968700
         12.498126         43.965481
         12.499820         43.962246
         12.507591         43.953354
         12.507243         43.951427
         12.506830         43.947151
         12.505889         43.945236
         12.497154         43.929291
         12.497992         43.927349
         12.496435         43.924583
         12.491508         43.917801
         12.484417         43.907616
         12.481426         43.906586
         12.461356         43.898724
         12.458074         43.897907
         12.453641         43.898396
         12.449822         43.899738
         12.441965         43.905411
         12.437860         43.907177
         12.434622         43.908077
         12.431373         43.908550
         12.428113         43.908596
         12.421269         43.907616
         12.415309         43.906406
         12.411780         43.907524
         12.409134         43.908417
         12.406565         43.912308
         12.403521         43.920918
         12.407909         43.930286
         12.407953         43.932003
         12.407755         43.935860
         12.401868         43.949436
         12.405552         43.954311
         12.411544         43.956589
         12.417882         43.960789
         12.420265         43.961189
         12.432477         43.962952
         12.441464         43.966263
         12.452010         43.972328
         12.461137         43.980770
         12.463561         43.982670
         12.470767         43.985783
         12.477090         43.989124
         12.487563         43.992195
         12.493264         43.994473
         12.497780         43.996765
         12.510036         43.999805
