>
88.105476 26.539040
88.105049 26.535849
88.106216 26.536015
88.102020 26.534389
88.101303 26.535303
88.100655 26.536129
88.103020 26.539236
88.105431 26.539408
88.105476 26.539040
>
84.119720 27.513521
84.125885 27.510807
84.131973 27.511702
84.132019 27.511709
84.140923 27.517643
84.145897 27.516897
84.148010 27.518637
84.148720 27.517815
84.152855 27.516661
84.152969 27.516628
84.153015 27.516615
84.151985 27.512299
84.153351 27.510061
84.152313 27.509609
84.151451 27.505562
84.151489 27.504097
84.151016 27.503513
84.152016 27.500616
84.147514 27.496016
84.147514 27.495968
84.148384 27.495274
84.147537 27.492636
84.150993 27.488811
84.150993 27.486181
84.150993 27.485704
84.153976 27.485828
84.154922 27.484819
84.155838 27.483839
84.165817 27.483616
84.169258 27.481604
84.169434 27.480618
84.169632 27.479490
84.173225 27.478870
84.173721 27.475561
84.173729 27.475513
84.174606 27.475147
84.177673 27.473871
84.178207 27.473650
84.178284 27.473667
84.182014 27.474510
84.182060 27.474520
84.184563 27.473152
84.186111 27.472305
84.186157 27.472301
84.190895 27.471899
84.193253 27.469046
84.196602 27.473028
84.197319 27.472416
84.201714 27.471916
84.207916 27.469416
84.211014 27.465199
84.206047 27.459356
84.209503 27.456455
84.209892 27.456127
84.210388 27.452812
84.210381 27.452776
84.208817 27.446415
84.210579 27.442461
84.210640 27.442333
84.221703 27.440220
84.222404 27.441427
84.222427 27.441471
84.223068 27.447020
84.223068 27.447428
84.226006 27.450121
84.226059 27.450132
84.227524 27.450457
84.229118 27.450815
84.232544 27.454718
84.233757 27.456127
84.237289 27.454332
84.241333 27.452299
84.241463 27.452330
84.246185 27.454512
84.247246 27.453701
84.248299 27.452896
84.252769 27.453268
84.256248 27.451900
84.256920 27.449215
84.260307 27.446550
84.261581 27.445545
84.260880 27.439840
84.260727 27.438604
84.264076 27.435251
84.264122 27.435240
84.268303 27.434130
84.270203 27.431540
84.274765 27.428661
84.275742 27.421120
84.275749 27.421072
84.280319 27.415215
84.279739 27.409525
84.281227 27.406418
84.277626 27.400826
84.278740 27.395233
84.284584 27.396351
84.285622 27.395319
84.286575 27.394363
84.287506 27.391459
84.287598 27.391270
84.287636 27.391230
84.287941 27.390900
84.293411 27.385042
84.295891 27.384172
84.297508 27.384544
84.299744 27.388647
84.302727 27.390263
84.306831 27.387651
84.307899 27.387434
84.312920 27.386410
84.318359 27.382782
84.319633 27.381935
84.321167 27.381680
84.330818 27.380116
84.333206 27.378189
84.334297 27.377337
84.339218 27.377579
84.339920 27.377615
84.341217 27.377234
84.348679 27.375044
84.349113 27.374916
84.359077 27.373529
84.360641 27.373360
84.361458 27.373466
84.374420 27.375814
84.374931 27.376467
84.389717 27.372118
84.390015 27.371826
84.393944 27.368017
84.399162 27.370129
84.400009 27.369703
84.408234 27.370129
84.412468 27.368250
84.416214 27.370516
84.422531 27.369633
84.426384 27.371744
84.434349 27.370043
84.437408 27.369389
84.443314 27.370016
84.446014 27.368416
84.446762 27.364910
84.447716 27.364212
84.454330 27.362968
84.459595 27.361977
84.459938 27.361927
84.464027 27.359097
84.466896 27.359566
84.467255 27.358782
84.468239 27.356627
84.468277 27.356609
84.471725 27.354996
84.474922 27.357027
84.475098 27.358198
84.478104 27.362288
84.488022 27.358324
84.504547 27.355589
84.505096 27.355139
84.505219 27.355116
84.512169 27.354353
84.512520 27.354315
84.516731 27.352608
84.522919 27.353516
84.535706 27.349884
84.535744 27.349880
84.567184 27.347263
84.588676 27.341026
84.588715 27.341019
84.603722 27.338440
84.610916 27.335815
84.611923 27.336451
84.616608 27.337046
84.617767 27.337296
84.622017 27.338207
84.620743 27.337570
84.624474 27.336079
84.645218 27.306015
84.684120 27.236416
84.687851 27.228830
84.687607 27.227539
84.691681 27.222265
84.691620 27.218016
84.693062 27.214802
84.689415 27.213915
84.689331 27.213879
84.688972 27.213047
84.687050 27.212927
84.686981 27.212923
84.689468 27.208822
84.682755 27.200369
84.685715 27.196415
84.684013 27.188215
84.682518 27.185915
84.682594 27.185593
84.683624 27.185707
84.683014 27.183733
84.684738 27.184046
84.685120 27.184114
84.685295 27.183706
84.686111 27.183844
84.685860 27.182419
84.686485 27.180983
84.686531 27.180935
84.687355 27.180115
84.683647 27.179886
84.685867 27.177629
84.685829 27.177597
84.677917 27.170115
84.681831 27.170019
84.682014 27.170050
84.683128 27.168558
84.682785 27.167931
84.682388 27.167191
84.679520 27.166216
84.679199 27.162788
84.679123 27.162350
84.679245 27.162256
84.683624 27.158989
84.686485 27.160604
84.688683 27.158642
84.688820 27.158518
84.688850 27.158491
84.688576 27.158205
84.684494 27.154018
84.684563 27.153179
84.684624 27.152401
84.682518 27.151815
84.685371 27.149805
84.685631 27.145128
84.685715 27.143215
84.682259 27.135750
84.681694 27.135447
84.680641 27.134880
84.679527 27.132891
84.680511 27.132694
84.681389 27.132519
84.680519 27.130293
84.680023 27.129038
84.680519 27.128113
84.681015 27.127174
84.678703 27.124121
84.677536 27.122576
84.677414 27.120464
84.679024 27.118969
84.679153 27.118849
84.679115 27.115015
84.674828 27.113882
84.672104 27.109911
84.673203 27.107050
84.676918 27.108658
84.676888 27.108543
84.678017 27.109015
84.675919 27.105179
84.677788 27.102924
84.676933 27.099955
84.676926 27.099913
84.676422 27.095484
84.672318 27.098015
84.669708 27.093372
84.668465 27.093805
84.666847 27.094366
84.666603 27.092253
84.668579 27.092861
84.672569 27.090887
84.671730 27.090290
84.670830 27.089643
84.668869 27.090221
84.668709 27.090218
84.668221 27.087406
84.666962 27.088062
84.665359 27.088898
84.666298 27.087315
84.666977 27.086164
84.665466 27.086567
84.663620 27.084915
84.660416 27.083317
84.660019 27.082312
84.657326 27.084023
84.657280 27.084051
84.657021 27.083443
84.656288 27.081690
84.660889 27.080322
84.658653 27.078939
84.658463 27.079035
84.655563 27.080278
84.655220 27.079159
84.655296 27.077465
84.654816 27.077822
84.654297 27.078211
84.652008 27.077066
84.651833 27.076984
84.650818 27.074514
84.649704 27.076347
84.648460 27.075352
84.649590 27.070908
84.649597 27.070868
84.646515 27.064816
84.646500 27.064760
84.647461 27.063671
84.645149 27.059521
84.645119 27.059416
84.647964 27.058327
84.647331 27.057125
84.648369 27.051378
84.648460 27.051119
84.648415 27.051113
84.645348 27.050718
84.646591 27.048756
84.646614 27.048716
84.644852 27.047247
84.644852 27.047197
84.654190 27.043118
84.661232 27.040039
84.661507 27.039934
84.665901 27.038216
84.675186 27.034607
84.675400 27.034529
84.684128 27.031359
84.703636 27.026762
84.708008 27.023735
84.708099 27.023672
84.711716 27.021215
84.711952 27.021175
84.716187 27.021294
84.716499 27.020420
84.718719 27.019554
84.718788 27.019529
84.720528 27.017992
84.720619 27.017916
84.720825 27.017302
84.721031 27.017317
84.721527 27.015203
84.725136 27.013464
84.725433 27.013447
84.729736 27.013216
84.730820 27.014015
84.731842 27.014708
84.740173 27.011227
84.740219 27.011208
84.754463 27.004698
84.758934 27.002651
84.762779 27.004908
84.762848 27.005039
84.764404 27.008741
84.764084 27.009706
84.766220 27.013115
84.773094 27.016636
84.774826 27.017532
84.784660 27.013962
84.784729 27.013702
84.787590 27.008326
84.788391 27.010731
84.789009 27.008617
84.791000 27.008617
84.790672 27.007853
84.790916 27.007814
84.790779 27.007421
84.789619 27.004015
84.789604 27.003939
84.790009 27.002901
84.788513 26.998302
84.790627 26.998550
84.790627 26.997610
84.790916 26.997515
84.793114 26.999420
84.794106 26.997805
84.793396 26.997482
84.792740 26.997185
84.795723 26.995569
84.795738 26.995604
84.795830 26.995808
84.799324 27.003895
84.800293 27.003574
84.800316 27.003614
84.800362 27.003551
84.801193 27.003273
84.802429 27.000416
84.802818 27.001173
84.804672 27.004765
84.805496 27.005150
84.809715 27.007515
84.809692 27.007797
84.809143 27.007996
84.808891 27.010233
84.809418 27.011017
84.809891 27.011724
84.810959 27.011122
84.812241 27.011209
84.812370 27.011425
84.812653 27.012606
84.812744 27.014582
84.809120 27.013716
84.810913 27.017799
84.812744 27.018063
84.813416 27.018116
84.813942 27.019276
84.813866 27.020300
84.814384 27.020241
84.814415 27.020315
84.814453 27.020233
84.814987 27.020174
84.815620 27.017916
84.815781 27.018042
84.819832 27.020424
84.822189 27.020426
84.824799 27.021044
84.831886 27.019304
84.839340 27.014458
84.844345 27.012537
84.848419 27.011017
84.849731 27.010513
84.856865 27.007996
84.857033 27.007725
84.857483 27.007002
84.855469 27.006172
84.855400 27.006144
84.854218 27.002214
84.854195 27.002102
84.854874 27.001534
84.854004 26.999172
84.853485 26.998840
84.853416 26.998516
84.856201 26.998516
84.856491 26.998516
84.859970 26.997433
84.859261 26.996542
84.858978 26.996189
84.859718 26.995451
84.860222 26.994947
84.859848 26.992338
84.859718 26.992332
84.859718 26.991802
84.859718 26.991316
84.859344 26.990536
84.859596 26.990349
84.858871 26.989540
84.857483 26.987988
84.857986 26.986496
84.859978 26.987951
84.861214 26.988857
84.861153 26.988298
84.861092 26.987740
84.868423 26.983515
84.868660 26.983988
84.869331 26.983597
84.871155 26.983763
84.871155 26.982718
84.871155 26.982519
84.873184 26.981810
84.873642 26.981649
84.890793 26.977177
84.890915 26.976315
84.891037 26.975437
84.892784 26.974419
84.892410 26.971087
84.893646 26.969595
84.895020 26.969347
84.894623 26.970810
84.894272 26.972080
84.896873 26.972584
84.896919 26.972616
84.898666 26.971630
84.900856 26.970465
84.910385 26.968184
84.912788 26.967607
84.919373 26.968725
84.919418 26.968716
84.926208 26.967358
84.931526 26.968491
84.931564 26.968500
84.945717 26.963615
84.955536 26.959404
84.958519 26.960649
84.958878 26.960800
84.958916 26.960796
84.964485 26.960276
84.964981 26.959446
84.965118 26.959415
84.966652 26.958254
84.968086 26.958038
84.968025 26.957216
84.971779 26.951866
84.971817 26.951815
84.980515 26.940018
84.977058 26.939278
84.979774 26.936787
84.979904 26.936525
84.980019 26.936415
84.979988 26.936359
84.980392 26.935545
84.978775 26.931816
84.977310 26.931749
84.976044 26.931692
84.972321 26.928715
84.974052 26.925852
84.972824 26.925297
84.971573 26.924732
84.973030 26.922979
84.974052 26.921749
84.973206 26.920965
84.973213 26.920916
84.972885 26.917053
84.972939 26.916779
84.972862 26.916759
84.969826 26.916033
84.980614 26.914816
84.991295 26.913361
84.996780 26.912613
85.001793 26.911894
85.003883 26.909571
85.003342 26.909090
85.002762 26.908577
85.002914 26.906216
85.004387 26.903130
84.998039 26.906340
84.995308 26.905346
84.995186 26.903919
84.995056 26.902487
85.006119 26.894783
85.021919 26.892815
85.025131 26.891428
85.031914 26.891550
85.031967 26.891548
85.044113 26.891165
85.045815 26.891115
85.054291 26.888996
85.054626 26.888945
85.055450 26.888817
85.054733 26.888336
85.053589 26.887575
85.053589 26.886084
85.055061 26.886404
85.056450 26.886705
85.058960 26.885799
85.061256 26.885973
85.061668 26.887077
85.062416 26.886705
85.062042 26.885090
85.057419 26.881115
85.056076 26.884468
85.055725 26.884493
85.054695 26.884567
85.054337 26.884592
85.052841 26.882977
85.050606 26.884966
85.051971 26.882107
85.053436 26.882261
85.054337 26.882355
85.054459 26.880989
85.048233 26.878305
85.048134 26.878231
85.045387 26.879375
85.043518 26.877115
85.044319 26.874903
85.044266 26.874908
85.042168 26.874622
85.042114 26.874615
85.040054 26.877281
85.039711 26.877710
85.039673 26.877758
85.039665 26.877556
85.039551 26.875521
85.038307 26.874775
85.031609 26.875017
85.031517 26.875021
85.030106 26.870300
85.032310 26.867422
85.028854 26.866228
85.028893 26.866026
85.029602 26.862597
85.030434 26.862320
85.031097 26.862099
85.030983 26.859188
85.031013 26.859015
85.030975 26.858994
85.024635 26.856258
85.024445 26.855433
85.025864 26.855101
85.046120 26.850716
85.046173 26.850712
85.046135 26.850666
85.059677 26.848927
85.060226 26.849405
85.058945 26.852308
85.058968 26.852392
85.059807 26.855637
85.060570 26.854746
85.060616 26.854815
85.063423 26.853786
85.064651 26.855263
85.063156 26.856134
85.063660 26.856878
85.065269 26.857998
85.064651 26.856134
85.067139 26.856258
85.063782 26.853523
85.065620 26.849316
85.068130 26.850666
85.068138 26.850712
85.068619 26.853615
85.068878 26.853693
85.077606 26.856312
85.078537 26.856592
85.078568 26.856754
85.078667 26.856688
85.079147 26.857336
85.078941 26.857624
85.079918 26.858383
85.080017 26.858515
85.080063 26.858494
85.080963 26.857828
85.082794 26.856497
85.083786 26.856878
85.083534 26.856066
85.084511 26.855841
85.085655 26.856382
85.085724 26.855558
85.085899 26.853523
85.089684 26.853333
85.086548 26.855148
85.089630 26.856506
85.089264 26.857483
85.088882 26.858494
85.091614 26.859715
85.091553 26.859831
85.087769 26.865082
85.088341 26.866102
85.088364 26.866140
85.088882 26.867069
85.089973 26.867069
85.090958 26.867638
85.090744 26.868063
85.091370 26.867876
85.091614 26.868015
85.091988 26.867949
85.091988 26.868561
85.098320 26.866816
85.101685 26.870798
85.112518 26.871416
85.113365 26.872166
85.122917 26.871317
85.123184 26.871315
85.126854 26.870270
85.136337 26.867596
85.143318 26.870798
85.156013 26.870316
85.167671 26.868322
85.167717 26.868324
85.178612 26.868935
85.186897 26.869509
85.191315 26.869816
85.197708 26.866594
85.197746 26.866573
85.195091 26.863306
85.195015 26.863214
85.193130 26.849714
85.193123 26.849669
85.193619 26.843815
85.196007 26.841719
85.192627 26.829544
85.188545 26.824451
85.188545 26.824413
85.188423 26.821213
85.179230 26.814888
85.179115 26.811914
85.179855 26.808039
85.184303 26.799452
85.181717 26.798098
85.182587 26.795488
85.191177 26.793793
85.191414 26.793715
85.195099 26.790796
85.195114 26.790758
85.197014 26.784916
85.195015 26.779333
85.199715 26.769316
85.201546 26.768888
85.202721 26.768616
85.208298 26.761051
85.212540 26.761686
85.212494 26.761108
85.212288 26.758703
85.216148 26.757923
85.230415 26.761314
85.234116 26.763216
85.234177 26.763205
85.241982 26.761593
85.250519 26.759830
85.250557 26.759840
85.255165 26.760941
85.259117 26.758915
85.259636 26.756094
85.259857 26.756006
85.262520 26.755014
85.285767 26.753656
85.286606 26.753609
85.287247 26.753550
85.302513 26.752117
85.304077 26.752386
85.306114 26.752737
85.320107 26.748899
85.320145 26.748867
85.324509 26.745003
85.324715 26.744818
85.324753 26.744783
85.324974 26.744858
85.325188 26.744932
85.329102 26.746275
85.328636 26.745544
85.327988 26.744535
85.336319 26.741415
85.357193 26.760195
85.359306 26.760941
85.360573 26.761576
85.363525 26.763052
85.365364 26.760756
85.366013 26.759945
85.371719 26.758116
85.377060 26.760593
85.377113 26.760616
85.380302 26.765041
85.386139 26.774019
85.394218 26.775215
85.399063 26.777975
85.399124 26.778009
85.404617 26.782715
85.408020 26.789026
85.409637 26.791138
85.411591 26.790932
85.419075 26.790121
85.419113 26.790102
85.422081 26.788561
85.427406 26.785795
85.431114 26.786215
85.431297 26.786337
85.434738 26.789896
85.435936 26.789358
85.437225 26.788776
85.448700 26.783468
85.449776 26.783768
85.454819 26.781698
85.455742 26.782314
85.455635 26.781893
85.460617 26.784115
85.460991 26.784365
85.460335 26.784925
85.466179 26.788776
85.466789 26.788292
85.466820 26.788315
85.475220 26.789915
85.480118 26.793219
85.481209 26.799532
85.481522 26.801359
85.481590 26.801950
85.481628 26.801939
85.487831 26.800501
85.498314 26.798115
85.498207 26.800158
85.497368 26.801205
85.498116 26.801954
85.498116 26.802015
85.499191 26.808006
85.498741 26.809158
85.500206 26.809851
85.500725 26.810820
85.499977 26.811892
85.502090 26.813135
85.503883 26.813740
85.505814 26.815016
85.510445 26.816025
85.511292 26.816242
85.514610 26.815590
85.522118 26.814116
85.532295 26.824566
85.532333 26.824604
85.535294 26.827686
85.545090 26.837866
85.547096 26.837133
85.555626 26.834028
85.558182 26.839802
85.559914 26.843716
85.567924 26.840734
85.574295 26.856630
85.576424 26.859232
85.577629 26.860703
85.577652 26.860731
85.580383 26.859215
85.581413 26.856115
85.584732 26.858494
85.588585 26.852282
85.587837 26.851297
85.587517 26.846960
85.594139 26.850046
85.602119 26.853817
85.609215 26.857016
85.621643 26.869339
85.626221 26.873415
85.628616 26.873072
85.636688 26.871902
85.638550 26.867815
85.644615 26.852915
85.653915 26.850426
85.653954 26.850416
85.682541 26.842960
85.704773 26.832634
85.704811 26.832607
85.723320 26.820015
85.723343 26.819981
85.731018 26.807816
85.730919 26.802616
85.732620 26.800116
85.736717 26.795616
85.737114 26.783915
85.737343 26.777718
85.735725 26.769640
85.731026 26.749750
85.736351 26.737204
85.732872 26.735588
85.732407 26.734718
85.733719 26.730413
85.733742 26.730368
85.730515 26.729515
85.731750 26.725025
85.731117 26.724909
85.730385 26.724775
85.728416 26.719416
85.730133 26.717443
85.727142 26.709362
85.728645 26.705763
85.728615 26.705715
85.726784 26.702904
85.727150 26.700047
85.726524 26.699703
85.725784 26.699301
85.727592 26.695211
85.727631 26.695124
85.727623 26.695082
85.725647 26.686407
85.725639 26.686365
85.727654 26.684635
85.726936 26.683867
85.727119 26.683516
85.726906 26.681971
85.727150 26.681778
85.725937 26.674845
85.725815 26.673944
85.728767 26.673576
85.727814 26.670115
85.731628 26.666834
85.733116 26.667112
85.732651 26.666187
85.738617 26.663658
85.738716 26.663616
85.737206 26.657187
85.734619 26.654316
85.735977 26.652817
85.737595 26.652077
85.737213 26.651449
85.737518 26.651115
85.737869 26.650770
85.738335 26.650957
85.749153 26.639648
85.755325 26.637548
85.755363 26.637537
85.761948 26.635921
85.767609 26.632107
85.767670 26.632069
85.769096 26.631203
85.771767 26.629583
85.776039 26.628851
85.802216 26.624363
85.803833 26.623493
85.805466 26.615194
85.805573 26.614670
85.811905 26.609329
85.818321 26.603819
85.819824 26.602524
85.819862 26.602520
85.832626 26.601252
85.832695 26.601578
85.833534 26.610941
85.834610 26.610775
85.834618 26.610815
85.835152 26.610779
85.842079 26.610296
85.853317 26.609516
85.855621 26.604702
85.856506 26.599541
85.859970 26.589586
85.850693 26.576534
85.851509 26.571938
85.852119 26.568415
85.855247 26.569593
85.858887 26.571671
85.859688 26.571268
85.859818 26.571316
85.859871 26.571178
85.860626 26.570801
85.860893 26.568577
85.870506 26.574633
85.870552 26.574663
85.870605 26.574724
85.872925 26.579376
85.873985 26.578878
85.874016 26.578915
85.878014 26.580915
85.881332 26.582510
85.881752 26.583477
85.885811 26.582462
85.888924 26.582430
85.893234 26.594543
85.894829 26.594337
85.896286 26.594662
85.897316 26.594017
85.902725 26.594543
85.902756 26.594713
85.903000 26.600378
85.903809 26.600178
85.903816 26.600216
85.911629 26.604170
85.911911 26.604332
85.911949 26.604328
85.914818 26.604015
85.916176 26.608580
85.916214 26.608616
85.919029 26.609318
85.924118 26.609715
85.929100 26.610312
85.928726 26.611315
85.930191 26.612782
85.931213 26.615116
85.931084 26.616285
85.935020 26.613214
85.940239 26.615828
85.940414 26.615915
85.942619 26.612915
85.950340 26.613220
85.949669 26.616003
85.948486 26.620884
85.948517 26.620916
85.951714 26.624363
85.952782 26.624186
85.952820 26.624216
85.957146 26.628939
85.957588 26.629423
85.957603 26.629473
85.956726 26.633102
85.954697 26.637163
85.955521 26.638113
85.955696 26.643625
85.957306 26.645615
85.958801 26.648970
85.959671 26.648853
85.959717 26.648916
85.961639 26.649956
85.962524 26.651081
85.963417 26.650919
85.963898 26.650833
85.965416 26.650215
85.966125 26.651218
85.967117 26.652615
85.970016 26.651617
85.970322 26.652035
85.972321 26.654816
85.975456 26.654558
85.977974 26.657652
85.978188 26.657917
85.980629 26.657608
85.986961 26.656809
85.989990 26.656425
86.002174 26.654562
86.008133 26.655930
86.008240 26.655869
86.012817 26.654015
86.014687 26.658634
86.014229 26.659285
86.020599 26.660675
86.021019 26.660816
86.030739 26.666422
86.050400 26.661295
86.057220 26.659515
86.065025 26.658083
86.072014 26.656799
86.076210 26.649513
86.076256 26.649492
86.090019 26.643015
86.090355 26.642874
86.119972 26.630434
86.120018 26.630430
86.129837 26.629616
86.131500 26.629478
86.140739 26.628714
86.143219 26.616409
86.142418 26.616224
86.139114 26.607967
86.138420 26.606209
86.144836 26.604729
86.148941 26.608456
86.157387 26.609600
86.157425 26.609606
86.163605 26.614546
86.169319 26.613924
86.171005 26.614983
86.173920 26.616816
86.175819 26.615490
86.177216 26.614515
86.177322 26.614500
86.178268 26.615168
86.184853 26.613426
86.188606 26.614450
86.188911 26.614534
86.188957 26.614532
86.194550 26.614422
86.196289 26.612432
86.195663 26.610941
86.195541 26.611027
86.195213 26.610415
86.197777 26.607710
86.198891 26.600729
86.198219 26.597815
86.198212 26.597752
86.199020 26.597521
86.197838 26.595148
86.197815 26.595015
86.199417 26.593300
86.201706 26.595608
86.203018 26.596916
86.203758 26.594738
86.203995 26.594040
86.207970 26.596153
86.208015 26.596115
86.210617 26.592716
86.213692 26.592472
86.214417 26.592415
86.217216 26.591108
86.217415 26.591015
86.217560 26.590822
86.219612 26.588110
86.223083 26.589663
86.226112 26.591059
86.226265 26.591015
86.230247 26.591026
86.231209 26.591803
86.231934 26.591560
86.233398 26.592024
86.233696 26.592798
86.236816 26.590416
86.236839 26.590721
86.237320 26.597315
86.236923 26.597645
86.238083 26.598280
86.239532 26.600124
86.239655 26.601248
86.241028 26.601124
86.242455 26.602076
86.242516 26.603113
86.245514 26.602516
86.244751 26.605474
86.245766 26.605726
86.245819 26.606415
86.246315 26.606890
86.245995 26.607586
86.247116 26.609077
86.247734 26.608238
86.247917 26.608416
86.251122 26.609009
86.251030 26.610361
86.250099 26.612061
86.250923 26.612186
86.252434 26.613445
86.254570 26.616783
86.255074 26.615580
86.255119 26.615616
86.262894 26.615292
86.273834 26.616556
86.277931 26.617031
86.289040 26.614376
86.289383 26.614330
86.295212 26.612930
86.308006 26.618647
86.310242 26.619640
86.324791 26.619356
86.329262 26.619268
86.330040 26.619154
86.346565 26.615904
86.346039 26.615042
86.345596 26.613911
86.343819 26.611515
86.343765 26.611448
86.343056 26.611687
86.341324 26.608231
86.342712 26.606470
86.343300 26.605722
86.355019 26.604317
86.358833 26.603859
86.360725 26.603338
86.387459 26.596655
86.395943 26.594534
86.396294 26.594446
86.397240 26.595284
86.399376 26.592793
86.399513 26.592716
86.399414 26.590763
86.399353 26.588697
86.397339 26.584858
86.432655 26.572666
86.447975 26.569721
86.457886 26.567818
86.488327 26.549427
86.501129 26.541597
86.503273 26.541252
86.518166 26.538849
86.524117 26.543213
86.528091 26.542755
86.530586 26.542519
86.533813 26.540516
86.544220 26.538115
86.547234 26.534637
86.552948 26.529915
86.554108 26.523338
86.556801 26.523951
86.556816 26.523916
86.558174 26.522654
86.558220 26.522615
86.557785 26.520575
86.558044 26.517736
86.557274 26.518158
86.557220 26.517916
86.563316 26.509315
86.563766 26.509285
86.566566 26.501549
86.566902 26.500723
86.571220 26.498816
86.572044 26.497459
86.572838 26.497604
86.572777 26.496895
86.580597 26.494822
86.582893 26.494440
86.589767 26.493307
86.590355 26.493254
86.598190 26.490644
86.605499 26.488630
86.607758 26.488012
86.614708 26.486118
86.615089 26.486544
86.617599 26.485155
86.622215 26.483616
86.622261 26.483580
86.623413 26.483810
86.623817 26.482279
86.624748 26.481504
86.625648 26.481573
86.625816 26.481014
86.628220 26.480616
86.628235 26.480572
86.629265 26.477131
86.629387 26.476728
86.630501 26.478590
86.631866 26.477472
86.629875 26.475111
86.628578 26.469435
86.628517 26.469116
86.632362 26.469145
86.631142 26.467928
86.631615 26.467716
86.631798 26.467609
86.631744 26.467779
86.632614 26.468275
86.634132 26.466269
86.636307 26.465021
86.636833 26.465790
86.640938 26.465168
86.640877 26.464365
86.641220 26.464315
86.679176 26.453684
86.679420 26.453621
86.679459 26.453611
86.692619 26.450615
86.695747 26.450884
86.697632 26.448912
86.697609 26.448765
86.697906 26.448597
86.698479 26.448267
86.698006 26.444433
86.697983 26.444220
86.699837 26.443079
86.700935 26.442440
86.702156 26.437265
86.702202 26.437082
86.710228 26.436104
86.712565 26.435823
86.722588 26.434620
86.728180 26.425402
86.729668 26.424406
86.730469 26.425650
86.731033 26.426519
86.731903 26.426085
86.732773 26.425650
86.732262 26.424160
86.731659 26.422419
86.732620 26.422215
86.733521 26.422045
86.735016 26.424015
86.739487 26.423040
86.739815 26.424215
86.740105 26.425276
86.743088 26.424314
86.745720 26.426916
86.749176 26.428003
86.749542 26.433231
86.746696 26.433603
86.746445 26.434597
86.749680 26.435841
86.752419 26.441015
86.755516 26.441681
86.755890 26.446117
86.755890 26.446156
86.759453 26.446997
86.762726 26.447771
86.762726 26.447815
86.762848 26.451218
86.763039 26.451231
86.766579 26.450876
86.766930 26.451508
86.767197 26.451996
86.766594 26.452541
86.765831 26.453238
86.766235 26.453705
86.766579 26.454109
86.764954 26.455467
86.767456 26.458189
86.767700 26.458458
86.770203 26.458874
86.771515 26.459093
86.771553 26.459099
86.782608 26.454357
86.803238 26.447149
86.823799 26.441813
86.829346 26.440374
86.835800 26.438698
86.837540 26.440687
86.838440 26.440268
86.838516 26.440315
86.840385 26.442184
86.840416 26.442215
86.840515 26.442139
86.842506 26.441433
86.842201 26.440825
86.841888 26.440189
86.845367 26.439928
86.845917 26.440748
86.846985 26.442303
86.849472 26.442053
86.847855 26.444042
86.848351 26.447895
86.852081 26.448267
86.853035 26.447819
86.854195 26.447273
86.858414 26.448143
86.859528 26.451212
86.859589 26.451307
86.862396 26.454233
86.862396 26.454977
86.862396 26.455849
86.863106 26.455944
86.863304 26.455971
86.864258 26.456097
86.864166 26.456213
86.863388 26.457214
86.867714 26.457216
86.867241 26.455227
86.868393 26.455688
86.869102 26.455973
86.869034 26.455173
86.868980 26.454481
86.871315 26.454115
86.873207 26.455227
86.873718 26.454201
86.873947 26.453735
86.875320 26.453735
86.878426 26.455227
86.878052 26.456280
86.877678 26.457340
86.881615 26.456738
86.881767 26.456812
86.884766 26.459328
86.885544 26.459269
86.886375 26.459204
86.887016 26.461081
86.896416 26.461716
86.897560 26.467033
86.897247 26.467924
86.896942 26.468773
86.894714 26.468916
86.896072 26.471756
86.895485 26.471815
86.894829 26.471880
86.895500 26.472889
86.895821 26.473372
86.895210 26.474346
86.894577 26.475359
86.894974 26.475538
86.895950 26.475981
86.894936 26.475981
86.894211 26.475981
86.895103 26.477736
86.892624 26.481438
86.894112 26.485786
86.895966 26.486788
86.895576 26.487289
86.906509 26.487911
86.932228 26.489317
86.932045 26.490286
86.930870 26.496485
86.935097 26.516493
86.947021 26.516743
86.947350 26.517313
86.949165 26.520525
86.949249 26.520597
86.949570 26.520599
86.961830 26.520006
86.962654 26.521538
86.963676 26.523453
86.968399 26.523329
86.968300 26.522789
86.968147 26.521961
86.977592 26.519724
86.981819 26.524820
86.993217 26.522837
86.996315 26.523916
86.996368 26.523935
87.002357 26.526148
87.017715 26.531815
87.022583 26.539732
87.035881 26.556597
87.044830 26.567944
87.047310 26.586956
87.050667 26.586817
87.050720 26.586813
87.074280 26.585466
87.074364 26.584431
87.074402 26.583975
87.075478 26.577303
87.075516 26.577015
87.075119 26.541615
87.078415 26.537016
87.082207 26.522949
87.088120 26.485292
87.093918 26.450016
87.111565 26.436834
87.130150 26.423025
87.141510 26.414589
87.163712 26.404417
87.165016 26.403816
87.173447 26.403032
87.191475 26.405109
87.188835 26.413961
87.203819 26.413296
87.205353 26.413227
87.213814 26.412849
87.214462 26.410116
87.213913 26.409689
87.213921 26.409416
87.216675 26.407990
87.219719 26.406416
87.221420 26.402916
87.226120 26.405516
87.226151 26.405571
87.226387 26.408375
87.227615 26.408504
87.228661 26.410048
87.228630 26.410488
87.229057 26.410631
87.229317 26.411015
87.229622 26.411297
87.229126 26.411606
87.230446 26.412071
87.231239 26.412352
87.231239 26.412817
87.231239 26.413347
87.247612 26.413988
87.247658 26.413990
87.250374 26.413595
87.250313 26.412519
87.250366 26.412436
87.252518 26.409115
87.255943 26.410082
87.258705 26.410860
87.264183 26.407778
87.268600 26.405294
87.268646 26.405270
87.268112 26.390820
87.266808 26.386274
87.266800 26.386234
87.268288 26.374405
87.268387 26.373611
87.274826 26.372341
87.286118 26.373077
87.291885 26.373428
87.291924 26.373430
87.299461 26.368715
87.303810 26.365997
87.308792 26.368294
87.314827 26.371073
87.314873 26.371094
87.314919 26.371115
87.315903 26.367250
87.315910 26.367205
87.324318 26.359909
87.338257 26.351471
87.340492 26.350119
87.343414 26.347515
87.347153 26.349602
87.350166 26.351334
87.355614 26.356148
87.360855 26.360779
87.360832 26.360823
87.355904 26.371836
87.357201 26.378935
87.358864 26.387871
87.364082 26.396570
87.364113 26.396620
87.371292 26.407755
87.378639 26.406740
87.385139 26.413029
87.391029 26.418697
87.414337 26.421530
87.421623 26.422419
87.422859 26.422365
87.430199 26.422045
87.433800 26.424532
87.445511 26.432741
87.464714 26.438913
87.464752 26.438925
87.469093 26.440065
87.487129 26.436983
87.488510 26.436747
87.498207 26.435087
87.518929 26.430620
87.539299 26.420687
87.550018 26.418215
87.555321 26.405415
87.573616 26.396816
87.590225 26.392214
87.590553 26.390251
87.590881 26.387995
87.589737 26.382236
87.589653 26.381813
87.608414 26.380602
87.614632 26.389830
87.630386 26.393469
87.630898 26.393587
87.645836 26.393349
87.654388 26.393213
87.652771 26.405518
87.652809 26.405531
87.680817 26.415443
87.680862 26.415459
87.680824 26.416700
87.680237 26.435095
87.680916 26.435095
87.681732 26.435095
87.694519 26.435316
87.700645 26.428343
87.701019 26.427916
87.708580 26.427391
87.712173 26.427118
87.712212 26.427099
87.715904 26.425276
87.716087 26.424009
87.716278 26.422667
87.718513 26.421549
87.719719 26.421803
87.720879 26.422045
87.722771 26.419823
87.724312 26.418819
87.724854 26.418940
87.726341 26.415211
87.725319 26.412216
87.729790 26.410273
87.736122 26.407522
87.736160 26.407505
87.741631 26.417198
87.743279 26.417475
87.749916 26.418516
87.755699 26.408945
87.756317 26.407915
87.768860 26.412096
87.768097 26.412973
87.770714 26.414963
87.770088 26.418566
87.770821 26.418499
87.773346 26.421228
87.773567 26.421549
87.773605 26.421503
87.775558 26.419188
87.778786 26.421549
87.775757 26.420267
87.775558 26.420181
87.776085 26.421017
87.777893 26.425171
87.773071 26.427141
87.777664 26.426907
87.777367 26.427441
87.775055 26.429750
87.775719 26.430416
87.776299 26.430994
87.778419 26.429615
87.778435 26.429710
87.780281 26.435591
87.779709 26.436167
87.779671 26.436203
87.779160 26.436710
87.778069 26.435827
87.777168 26.435095
87.776306 26.435402
87.775429 26.435717
87.777039 26.440407
87.780281 26.442303
87.779022 26.442442
87.778038 26.442551
87.779129 26.447397
87.776421 26.450115
87.781525 26.450380
87.780418 26.453316
87.780403 26.453363
87.784874 26.453712
87.786613 26.457716
87.790184 26.461695
87.788353 26.462713
87.788414 26.463198
87.788605 26.464796
87.788780 26.464973
87.789017 26.466116
87.789597 26.465094
87.790962 26.463926
87.792458 26.465542
87.791016 26.465969
87.789398 26.466448
87.789101 26.466536
87.788979 26.467653
87.792213 26.468916
87.793541 26.466455
87.793640 26.466600
87.794945 26.468525
87.813957 26.461565
87.817856 26.459614
87.819687 26.458731
87.827713 26.451906
87.827759 26.451887
87.832214 26.449915
87.830719 26.439816
87.844307 26.437429
87.851219 26.436214
87.853508 26.444904
87.853600 26.444956
87.863724 26.449728
87.863541 26.450752
87.865128 26.452631
87.862419 26.453716
87.860710 26.455994
87.861053 26.458830
87.861191 26.458904
87.862175 26.459452
87.861229 26.460398
87.860680 26.460943
87.860809 26.463428
87.865128 26.464058
87.866043 26.467623
87.888145 26.476229
87.889549 26.482052
87.890152 26.484552
87.890289 26.485123
87.890633 26.486420
87.902527 26.477127
87.902542 26.477089
87.908920 26.464315
87.912102 26.457449
87.903450 26.450260
87.901199 26.448391
87.926003 26.446455
87.926674 26.446404
87.928162 26.440065
87.928116 26.440016
87.925804 26.437456
87.922668 26.435921
87.919960 26.434597
87.919876 26.434416
87.919121 26.430716
87.924156 26.429234
87.926674 26.428881
87.927437 26.428268
87.927620 26.428215
87.927635 26.428108
87.928535 26.427389
87.929260 26.418245
87.929306 26.417948
87.934998 26.417696
87.968315 26.396816
87.980728 26.394581
87.993286 26.392471
87.993614 26.392376
87.994156 26.392220
87.994522 26.382662
87.995026 26.369354
87.995758 26.369354
87.996269 26.369354
87.996193 26.368380
87.999985 26.365013
88.000374 26.364727
88.004967 26.366247
88.004715 26.365616
88.004471 26.364880
88.006714 26.364416
88.008324 26.361401
88.010185 26.360779
88.032555 26.364632
88.032936 26.365707
88.031044 26.368345
88.030319 26.368856
88.029999 26.369810
88.029694 26.370720
88.030724 26.371273
88.031128 26.372110
88.030693 26.373331
88.031738 26.373705
88.032089 26.374941
88.031563 26.376438
88.032410 26.376076
88.032417 26.376116
88.033897 26.378181
88.030823 26.378706
88.029823 26.381199
88.029694 26.381533
88.032059 26.382900
88.032646 26.382490
88.032715 26.382515
88.033905 26.384657
88.034668 26.387995
88.035820 26.388117
88.037025 26.388243
88.037155 26.391724
88.039017 26.390015
88.040497 26.392714
88.040382 26.393587
88.042488 26.393835
88.043800 26.394579
88.042992 26.395079
88.044556 26.394981
88.044983 26.394955
88.045013 26.395212
88.045105 26.395948
88.046165 26.395788
88.047592 26.395575
88.047020 26.396217
88.046600 26.396694
88.047501 26.396919
88.049080 26.397316
88.048470 26.398350
88.047836 26.399427
88.049919 26.400816
88.050217 26.400749
88.052933 26.400297
88.053062 26.400124
88.054176 26.398682
88.054756 26.400217
88.054924 26.400671
88.055710 26.400608
88.058029 26.400421
88.057404 26.401302
88.056786 26.402163
88.057938 26.402739
88.058777 26.403156
88.058487 26.404240
88.058151 26.405518
88.059464 26.405928
88.059875 26.406630
88.059395 26.407505
88.060532 26.407505
88.062614 26.409416
88.062752 26.409403
88.066483 26.410364
88.066734 26.409023
88.066978 26.407755
88.068672 26.408758
88.069710 26.409370
88.070396 26.408495
88.071075 26.407629
88.073906 26.407743
88.072090 26.412804
88.072075 26.412849
88.081116 26.419815
88.086243 26.425898
88.087402 26.429996
88.087509 26.430365
88.087524 26.430408
88.090691 26.433462
88.091232 26.433989
88.097404 26.437443
88.099014 26.443048
88.099411 26.452120
88.096161 26.459003
88.094429 26.462677
88.095505 26.463568
88.096680 26.464548
88.096970 26.464577
88.102051 26.465790
88.105949 26.466707
88.106247 26.467903
88.100410 26.472252
88.106995 26.471756
88.107094 26.471867
88.109230 26.475925
88.102928 26.479445
88.102890 26.479460
88.103737 26.483509
88.103752 26.483564
88.108322 26.489107
88.108192 26.489225
88.105804 26.491329
88.102921 26.494116
88.103020 26.498598
88.101280 26.505434
88.095184 26.504314
88.093681 26.505907
88.092957 26.506680
88.092918 26.506716
88.093399 26.507044
88.099113 26.510916
88.098045 26.514809
88.097710 26.516132
88.099556 26.516623
88.105515 26.518215
88.105904 26.520128
88.107239 26.526312
88.107323 26.527016
88.107491 26.528423
88.105255 26.530413
88.106148 26.535624
88.108192 26.535221
88.110306 26.530241
88.115143 26.530190
88.123543 26.520140
88.132179 26.512581
88.137657 26.514193
88.141296 26.511791
88.145393 26.510971
88.147697 26.516640
88.150902 26.516920
88.155067 26.515772
88.157440 26.518742
88.165382 26.521641
88.166023 26.534460
88.168266 26.537361
88.170631 26.536503
88.173828 26.532829
88.178680 26.530870
88.179626 26.534491
88.179131 26.536991
88.182426 26.542931
88.185738 26.544140
88.190506 26.544310
88.196686 26.543560
88.198990 26.541752
88.199242 26.538721
88.201492 26.538601
88.204056 26.539551
88.204941 26.537251
88.207420 26.535221
88.214561 26.535589
88.215347 26.537910
88.211090 26.538691
88.209663 26.540722
88.212357 26.541670
88.216896 26.541561
88.220802 26.546280
88.219223 26.548592
88.213890 26.550770
88.215393 26.557268
88.221809 26.553230
88.231201 26.551983
88.231148 26.539211
88.233360 26.532370
88.225822 26.526640
88.218651 26.523701
88.206657 26.514980
88.206360 26.510061
88.199829 26.510651
88.193863 26.508011
88.186340 26.500071
88.179207 26.493980
88.179039 26.490580
88.183403 26.488400
88.182953 26.485260
88.191643 26.483080
88.193756 26.472021
88.214790 26.469730
88.216942 26.472651
88.212646 26.474581
88.213158 26.477779
88.226227 26.476252
88.225960 26.472021
88.221123 26.466848
88.215340 26.465731
88.224602 26.455750
88.228973 26.447151
88.233887 26.446251
88.236649 26.449310
88.243401 26.449301
88.248352 26.438801
88.252197 26.433790
88.259636 26.430670
88.262756 26.428089
88.265610 26.423380
88.267906 26.421753
88.268349 26.417921
88.263153 26.415010
88.255386 26.415880
88.235817 26.396170
88.230446 26.393961
88.229248 26.389851
88.231712 26.384901
88.237610 26.375378
88.243126 26.374090
88.245117 26.375998
88.251266 26.375858
88.254898 26.374470
88.261642 26.380030
88.267593 26.381161
88.269943 26.378880
88.273979 26.377281
88.281898 26.360130
88.289902 26.356911
88.291916 26.353910
88.289139 26.351139
88.283363 26.349310
88.279350 26.346350
88.281700 26.339809
88.279556 26.335531
88.276260 26.332493
88.272438 26.330540
88.269760 26.332689
88.268593 26.337009
88.265266 26.336491
88.261131 26.337851
88.258011 26.334240
88.256310 26.330118
88.253708 26.327761
88.248199 26.326538
88.244698 26.316290
88.239128 26.313198
88.236450 26.305401
88.234161 26.306681
88.231773 26.310358
88.226906 26.303970
88.226776 26.296650
88.224586 26.289400
88.221016 26.288219
88.219002 26.285671
88.214981 26.284931
88.214256 26.281681
88.211159 26.280001
88.204102 26.279591
88.194489 26.274130
88.189369 26.275101
88.183372 26.274681
88.176903 26.261728
88.167061 26.257200
88.163116 26.257530
88.158829 26.256910
88.144447 26.252800
88.140648 26.249640
88.140633 26.245729
88.137413 26.243771
88.135933 26.237150
88.138802 26.230820
88.135826 26.228210
88.131050 26.226810
88.126129 26.226919
88.125603 26.227900
88.119957 26.227949
88.111877 26.226210
88.113907 26.223980
88.116013 26.222980
88.108383 26.217051
88.105728 26.216400
88.102463 26.212250
88.097183 26.206430
88.093597 26.206539
88.089691 26.203232
88.087593 26.197971
88.087242 26.194441
88.081627 26.192350
88.072983 26.185390
88.074829 26.181280
88.071419 26.178793
88.069832 26.175718
88.067101 26.177629
88.063431 26.176670
88.058647 26.173759
88.052330 26.171673
88.048363 26.174641
88.046181 26.177881
88.040466 26.176811
88.037437 26.177700
88.032333 26.173519
88.033630 26.170290
88.028526 26.167290
88.026627 26.162800
88.017517 26.155560
88.011742 26.154791
88.010780 26.149290
88.015091 26.142908
88.013069 26.140871
88.006813 26.143290
87.999107 26.140390
87.996033 26.141790
87.988403 26.148611
87.982109 26.159180
87.974792 26.152861
87.969536 26.154409
87.964058 26.151979
87.963341 26.148890
87.968697 26.147871
87.968773 26.139351
87.970970 26.137140
87.967842 26.131830
87.957130 26.128860
87.958687 26.125698
87.967407 26.125372
87.975632 26.121630
87.969353 26.109310
87.958237 26.108829
87.954948 26.105682
87.954407 26.102793
87.958130 26.100851
87.957657 26.097090
87.962730 26.094721
87.965706 26.091921
87.969482 26.091648
87.970253 26.087351
87.972191 26.084850
87.968132 26.081362
87.964012 26.083250
87.959846 26.084040
87.950523 26.083040
87.943008 26.084690
87.937881 26.084461
87.936943 26.079750
87.938210 26.076761
87.934700 26.070520
87.931129 26.068951
87.922539 26.071810
87.921860 26.076872
87.916527 26.079699
87.917503 26.088011
87.912933 26.090973
87.895729 26.079870
87.892563 26.080351
87.889282 26.075100
87.888268 26.071939
87.884720 26.071520
87.876060 26.066191
87.877693 26.057911
87.875206 26.055578
87.863251 26.056101
87.849152 26.044970
87.842117 26.044481
87.841263 26.041208
87.841652 26.032301
87.838928 26.022871
87.840622 26.019770
87.833336 26.001093
87.830757 25.992161
87.827202 25.992340
87.826042 25.988312
87.826187 25.983683
87.829880 25.971880
87.831261 25.964100
87.830978 25.962231
87.825386 25.958721
87.827049 25.953581
87.826576 25.950043
87.823906 25.946451
87.824806 25.943661
87.828308 25.941111
87.827110 25.937780
87.829933 25.935452
87.826813 25.931850
87.823509 25.931351
87.817871 25.933020
87.806961 25.929918
87.805733 25.928431
87.803581 25.920721
87.807457 25.918270
87.807480 25.915831
87.803558 25.913948
87.803757 25.912149
87.807800 25.908991
87.810661 25.914000
87.811867 25.913179
87.816467 25.912708
87.817261 25.909189
87.816803 25.904871
87.813660 25.899952
87.814590 25.898842
87.818916 25.897160
87.820267 25.893761
87.817963 25.888451
87.815521 25.887960
87.815506 25.885540
87.817062 25.883341
87.818283 25.881481
87.819862 25.880980
87.822838 25.871468
87.834541 25.868740
87.843147 25.868711
87.850433 25.867071
87.855896 25.864731
87.865280 25.867552
87.867661 25.864450
87.870689 25.866001
87.872238 25.859659
87.878746 25.858459
87.881218 25.858410
87.884819 25.864653
87.899452 25.859831
87.901382 25.856241
87.904831 25.853088
87.910912 25.851749
87.897346 25.839600
87.897423 25.834520
87.895309 25.833179
87.892616 25.835081
87.889359 25.832802
87.887650 25.832870
87.883400 25.828609
87.884338 25.827311
87.890968 25.826509
87.893799 25.829161
87.896439 25.829090
87.897957 25.827650
87.893852 25.825062
87.898743 25.820141
87.904457 25.818920
87.910507 25.814810
87.909477 25.810692
87.907600 25.809393
87.903137 25.814131
87.902008 25.813141
87.902039 25.811010
87.901192 25.810699
87.899277 25.811590
87.896729 25.811060
87.895020 25.804689
87.899071 25.805502
87.901886 25.803989
87.903053 25.801870
87.901596 25.800501
87.899193 25.800249
87.898003 25.799271
87.900948 25.780310
87.897743 25.771811
87.898468 25.769760
87.901253 25.769239
87.904976 25.771961
87.918663 25.774040
87.928627 25.767851
87.929199 25.772091
87.932396 25.771320
87.937347 25.767941
87.937523 25.758301
87.941643 25.755951
87.942017 25.753231
87.938629 25.748541
87.943863 25.748140
87.944153 25.743813
87.951027 25.738621
87.956657 25.735441
87.960480 25.732121
87.961998 25.729698
87.960999 25.724682
87.971657 25.720070
87.979668 25.718460
87.981842 25.721701
87.987793 25.723671
87.987709 25.720020
87.992561 25.719130
87.997177 25.711910
88.001968 25.709101
88.006767 25.706511
88.016670 25.704712
88.017517 25.702499
88.014313 25.697481
88.014343 25.694351
88.016159 25.691719
88.022392 25.691523
88.026779 25.698921
88.030167 25.698811
88.032196 25.696470
88.034752 25.694031
88.039856 25.698139
88.043327 25.694693
88.045189 25.690001
88.048630 25.690571
88.050819 25.685801
88.049103 25.681471
88.044678 25.676970
88.043137 25.673889
88.045387 25.659801
88.048882 25.657990
88.048767 25.655430
88.043976 25.652580
88.045372 25.648109
88.048538 25.643909
88.047318 25.643023
88.046143 25.644411
88.044487 25.642879
88.044388 25.639660
88.042946 25.639000
88.040161 25.641912
88.035820 25.640980
88.035553 25.636831
88.040817 25.636120
88.043480 25.632071
88.054298 25.632860
88.047493 25.627621
88.043770 25.628229
88.039429 25.627300
88.036942 25.622009
88.035027 25.617050
88.037247 25.615578
88.040428 25.610460
88.039307 25.608490
88.041397 25.605499
88.036057 25.602402
88.029701 25.600039
88.031311 25.598263
88.035652 25.596981
88.039833 25.597361
88.038589 25.595041
88.031219 25.591011
88.031387 25.587500
88.026497 25.585901
88.021027 25.586922
88.021942 25.582920
88.030022 25.574341
88.025269 25.569092
88.028183 25.566311
88.033928 25.565901
88.038246 25.563881
88.035477 25.560381
88.033440 25.561451
88.029617 25.559481
88.030426 25.557549
88.027046 25.553270
88.029823 25.550390
88.037880 25.546181
88.035713 25.536730
88.039093 25.533190
88.042473 25.532061
88.046051 25.534330
88.048843 25.533331
88.050743 25.530519
88.055977 25.529930
88.058121 25.528709
88.057487 25.525671
88.066879 25.516420
88.068863 25.513048
88.064911 25.508512
88.063850 25.506170
88.066429 25.505039
88.071259 25.504881
88.072853 25.503901
88.069817 25.501883
88.068123 25.496799
88.068153 25.489849
88.070412 25.480501
88.065933 25.481152
88.061676 25.485590
88.055801 25.483881
88.052963 25.486629
88.049477 25.486151
88.049339 25.482719
88.046333 25.482611
88.042137 25.485390
88.036606 25.486542
88.038628 25.491558
88.034508 25.492731
88.031227 25.485991
88.027550 25.486141
88.028687 25.488970
88.020287 25.495380
88.015732 25.500500
88.009949 25.500971
88.007927 25.502831
88.011673 25.507561
88.007477 25.510391
88.003777 25.504820
88.003006 25.499691
88.004242 25.494040
87.998352 25.495399
87.992767 25.497850
87.986633 25.502630
87.984962 25.508110
87.980553 25.515850
87.987808 25.520720
87.988197 25.522600
87.987648 25.523941
87.986038 25.524830
87.972260 25.523230
87.969147 25.526070
87.964088 25.533081
87.955612 25.538050
87.952393 25.536461
87.942879 25.534678
87.938049 25.535290
87.933548 25.534962
87.926048 25.536213
87.924110 25.535648
87.919632 25.530840
87.916100 25.531910
87.914406 25.530939
87.914566 25.525230
87.913750 25.523769
87.908157 25.524120
87.903030 25.519051
87.906319 25.513668
87.902718 25.511221
87.904808 25.507339
87.900513 25.507231
87.898987 25.504301
87.895851 25.504721
87.895020 25.509941
87.888153 25.512770
87.885323 25.517090
87.879219 25.515970
87.880478 25.513321
87.881363 25.505569
87.869881 25.503000
87.868729 25.497183
87.863487 25.493429
87.860863 25.486052
87.860527 25.477831
87.863907 25.470320
87.864288 25.467890
87.863472 25.465389
87.850677 25.468349
87.849556 25.464991
87.833817 25.464573
87.833809 25.458811
87.827690 25.458832
87.825600 25.457541
87.827347 25.451590
87.824966 25.449390
87.825783 25.445261
87.821716 25.443022
87.820923 25.439772
87.819229 25.437538
87.808647 25.434191
87.806801 25.434778
87.798309 25.441870
87.793320 25.442200
87.792603 25.445620
87.786522 25.448700
87.781326 25.444651
87.779640 25.436600
87.776512 25.428970
87.770111 25.428768
87.765862 25.424292
87.771202 25.418530
87.772423 25.414911
87.771271 25.411558
87.769981 25.409830
87.767982 25.408770
87.764137 25.408979
87.762138 25.412062
87.759750 25.410089
87.759102 25.405041
87.763817 25.404900
87.766449 25.403530
87.763069 25.395611
87.762558 25.389000
87.762688 25.386230
87.765701 25.377991
87.773796 25.371950
87.776718 25.370850
87.788826 25.372250
87.787361 25.354860
87.784866 25.344601
87.781593 25.338400
87.783981 25.332430
87.791443 25.322330
87.797287 25.322081
87.801628 25.323400
87.811073 25.319160
87.820351 25.312820
87.828926 25.303421
87.831146 25.302160
87.840370 25.298380
87.850410 25.297438
87.851379 25.292500
87.853302 25.289370
87.855011 25.289530
87.856163 25.282970
87.856522 25.277773
87.854286 25.267910
87.851379 25.269070
87.849968 25.267281
87.849747 25.261480
87.851036 25.257961
87.849251 25.253428
87.847290 25.252251
87.845551 25.252258
87.841583 25.253580
87.835533 25.249811
87.832283 25.244650
87.830246 25.239660
87.824936 25.236551
87.822777 25.234341
87.833801 25.213369
87.836838 25.203110
87.836647 25.199261
87.832306 25.200781
87.829659 25.204050
87.821198 25.208090
87.810043 25.211733
87.801346 25.218241
87.787582 25.220490
87.787537 25.228621
87.785446 25.236313
87.785202 25.240459
87.783676 25.242990
87.783310 25.246178
87.769119 25.246658
87.762833 25.249289
87.730873 25.253151
87.721062 25.253441
87.707787 25.256409
87.706871 25.259781
87.707970 25.271360
87.705917 25.274570
87.700966 25.277773
87.696411 25.278870
87.691307 25.281391
87.689072 25.284941
87.690308 25.291220
87.694786 25.295410
87.691406 25.298601
87.693497 25.303053
87.688240 25.304770
87.680649 25.304279
87.680870 25.307671
87.684097 25.308050
87.684151 25.310131
87.658783 25.309731
87.651787 25.307249
87.634033 25.312351
87.631790 25.311861
87.625977 25.318611
87.626221 25.315720
87.622673 25.310801
87.613617 25.315538
87.606880 25.311380
87.599892 25.314663
87.589256 25.321890
87.589287 25.323790
87.581161 25.328039
87.580467 25.332321
87.587662 25.340548
87.580070 25.348391
87.578918 25.346783
87.579483 25.343931
87.571442 25.340509
87.567108 25.333891
87.547447 25.330940
87.546806 25.323650
87.544121 25.322901
87.541122 25.304251
87.538498 25.296230
87.539749 25.281618
87.535629 25.280109
87.529427 25.279619
87.525520 25.280981
87.512871 25.292143
87.498871 25.292290
87.490067 25.305201
87.486382 25.296070
87.481506 25.295172
87.487579 25.277611
87.494476 25.275431
87.491959 25.271431
87.495590 25.265301
87.495720 25.262480
87.494843 25.259691
87.487556 25.261999
87.472641 25.240883
87.473053 25.231430
87.471817 25.222380
87.472160 25.194670
87.467636 25.193142
87.466858 25.195650
87.461929 25.195150
87.457832 25.197800
87.455116 25.197500
87.416603 25.214911
87.409492 25.215139
87.407646 25.219009
87.402153 25.221411
87.396622 25.225719
87.391777 25.227518
87.386482 25.225710
87.383301 25.223471
87.377136 25.222618
87.373947 25.218531
87.369888 25.205050
87.368462 25.206900
87.358017 25.211220
87.355080 25.213409
87.347778 25.213173
87.330452 25.217070
87.330536 25.222191
87.323456 25.223091
87.318336 25.201241
87.315979 25.196951
87.315742 25.192989
87.317116 25.188681
87.316017 25.186300
87.310646 25.169821
87.313011 25.169260
87.314377 25.167370
87.315033 25.165041
87.314369 25.162760
87.310417 25.160330
87.309639 25.153551
87.307976 25.150291
87.302292 25.145321
87.301720 25.143900
87.303436 25.143209
87.302391 25.140591
87.303429 25.138142
87.299881 25.134590
87.297913 25.134661
87.293266 25.114351
87.294876 25.113819
87.294868 25.111919
87.292809 25.104691
87.295357 25.099701
87.291107 25.089270
87.285606 25.090919
87.274887 25.092190
87.270248 25.093639
87.264442 25.097778
87.263077 25.100821
87.258751 25.104610
87.250557 25.105850
87.249237 25.105379
87.245331 25.099081
87.241066 25.100800
87.239861 25.099461
87.233879 25.085821
87.227089 25.087570
87.217957 25.088543
87.215637 25.090191
87.211357 25.089600
87.210716 25.085251
87.208321 25.083321
87.199867 25.079441
87.197472 25.073650
87.187767 25.066999
87.184319 25.067011
87.176643 25.064020
87.173843 25.058002
87.173256 25.056471
87.168480 25.048950
87.165039 25.045870
87.164970 25.042820
87.158340 25.031000
87.152321 25.026520
87.149048 25.026239
87.146767 25.024311
87.144203 25.017971
87.143883 25.010790
87.144493 25.006430
87.145973 25.003559
87.146477 24.999870
87.153687 24.990971
87.152992 24.983130
87.152031 24.974440
87.151917 24.968613
87.152580 24.962999
87.150757 24.955750
87.148773 24.949381
87.148590 24.942120
87.152130 24.936531
87.155312 24.931681
87.154617 24.926517
87.152687 24.923950
87.149712 24.921223
87.147629 24.917801
87.146507 24.912863
87.147743 24.908171
87.148773 24.905090
87.150230 24.903170
87.154327 24.900110
87.156960 24.896090
87.158226 24.889551
87.158119 24.885632
87.156540 24.880701
87.154533 24.876471
87.149643 24.872400
87.147926 24.867868
87.147339 24.862408
87.151688 24.863081
87.150978 24.858431
87.144516 24.859221
87.138817 24.859261
87.132736 24.859579
87.129807 24.857491
87.127319 24.854483
87.123337 24.852991
87.119156 24.853970
87.114471 24.855530
87.109497 24.850788
87.106049 24.847330
87.104622 24.844460
87.102409 24.839258
87.099693 24.834761
87.097549 24.829851
87.094971 24.826200
87.091217 24.823561
87.087753 24.823042
87.084236 24.823221
87.080360 24.824362
87.078568 24.822250
87.077301 24.818142
87.077606 24.814220
87.077133 24.811821
87.077301 24.808350
87.080780 24.809511
87.081383 24.807381
87.083450 24.806589
87.086327 24.805910
87.088867 24.804090
87.090729 24.802670
87.093956 24.804411
87.096603 24.804028
87.096672 24.801493
87.095680 24.797600
87.092880 24.792292
87.091232 24.788111
87.088043 24.785238
87.085602 24.782471
87.082848 24.779228
87.082542 24.772970
87.082542 24.767982
87.083397 24.764521
87.084869 24.761499
87.086311 24.758320
87.085083 24.755810
87.083092 24.753660
87.080971 24.751690
87.081207 24.750759
87.081612 24.748341
87.079826 24.746590
87.076462 24.745491
87.074547 24.744720
87.073593 24.743071
87.073990 24.740549
87.076363 24.739929
87.075768 24.738150
87.075607 24.736420
87.077049 24.735661
87.078476 24.736151
87.080406 24.736980
87.081322 24.735943
87.081192 24.732651
87.081383 24.729259
87.082352 24.726999
87.081856 24.724541
87.080292 24.721970
87.077721 24.718800
87.076607 24.714600
87.073677 24.712521
87.072647 24.710911
87.071251 24.707350
87.071381 24.703131
87.070877 24.698851
87.070633 24.694500
87.069328 24.691250
87.067017 24.688473
87.063812 24.685040
87.061317 24.681520
87.060173 24.677219
87.058922 24.672251
87.054733 24.670601
87.055321 24.665091
87.054756 24.660690
87.052376 24.655512
87.051010 24.649271
87.050400 24.643440
87.048813 24.637011
87.045807 24.630898
87.044403 24.624031
87.045921 24.620171
87.046707 24.617401
87.046730 24.614210
87.048347 24.610149
87.050468 24.606770
87.044632 24.605398
87.043007 24.608931
87.040863 24.611050
87.038727 24.612541
87.036713 24.613251
87.035927 24.611771
87.034973 24.610109
87.032600 24.609898
87.030113 24.609520
87.027519 24.609320
87.026436 24.611233
87.026466 24.616051
87.026352 24.620083
87.024353 24.621099
87.021446 24.619621
87.016701 24.617800
87.015587 24.613300
87.012917 24.609093
87.010201 24.606260
86.992607 24.619181
86.990143 24.620710
86.990089 24.620029
86.988152 24.620199
86.985497 24.621630
86.980118 24.624670
86.971191 24.630301
86.965561 24.631868
86.958427 24.629431
86.953476 24.627651
86.945503 24.626560
86.944748 24.631170
86.947548 24.635868
86.948616 24.642761
86.938843 24.643070
86.930092 24.642820
86.933441 24.635721
86.936058 24.630371
86.934143 24.626520
86.929268 24.626440
86.923866 24.624331
86.918938 24.619410
86.918968 24.613480
86.917862 24.610790
86.910019 24.601143
86.908951 24.596989
86.904678 24.595140
86.901237 24.591570
86.898079 24.586540
86.897957 24.580530
86.900658 24.576151
86.903221 24.571529
86.901222 24.566799
86.906357 24.563370
86.906441 24.559891
86.906502 24.555300
86.906296 24.549261
86.907158 24.543381
86.911179 24.538679
86.905830 24.540972
86.901176 24.544493
86.898422 24.549751
86.893089 24.554838
86.886726 24.554029
86.884140 24.554480
86.883987 24.560358
86.879097 24.563051
86.876396 24.567320
86.873207 24.564980
86.869492 24.561380
86.861610 24.560270
86.857452 24.556610
86.854637 24.550461
86.847107 24.552971
86.838806 24.554070
86.838692 24.558620
86.838577 24.562780
86.837051 24.568281
86.831528 24.568050
86.825592 24.566000
86.821472 24.568319
86.818253 24.569340
86.813583 24.568201
86.808716 24.563770
86.804993 24.564121
86.800293 24.564602
86.800186 24.565929
86.800339 24.568701
86.801201 24.571968
86.803223 24.574360
86.807617 24.576851
86.806259 24.581141
86.804886 24.585381
86.804466 24.590651
86.805779 24.594501
86.801781 24.597460
86.800186 24.598579
86.798668 24.601143
86.798088 24.603470
86.797493 24.605740
86.796608 24.608521
86.794357 24.612091
86.791847 24.615311
86.785606 24.617201
86.785851 24.613092
86.787361 24.610929
86.790321 24.608450
86.792511 24.605181
86.794296 24.600700
86.794373 24.596830
86.786903 24.599371
86.786476 24.604580
86.784073 24.610281
86.780853 24.614840
86.777122 24.619761
86.775192 24.619511
86.775513 24.615580
86.769127 24.616482
86.754051 24.614759
86.750862 24.617979
86.744598 24.602880
86.745651 24.589500
86.739510 24.586493
86.735077 24.580841
86.731583 24.575800
86.718620 24.578213
86.709908 24.573540
86.695366 24.568911
86.686638 24.570440
86.681519 24.565069
86.677673 24.566113
86.668396 24.560640
86.655937 24.563198
86.645760 24.567223
86.641266 24.576118
86.634201 24.576679
86.627167 24.579620
86.618286 24.584492
86.618858 24.594700
86.606918 24.594351
86.607918 24.599319
86.609367 24.601921
86.609680 24.602530
86.609299 24.607410
86.602921 24.605068
86.599983 24.599491
86.594856 24.597071
86.589767 24.592690
86.583893 24.585320
86.583153 24.572781
86.578239 24.567871
86.568047 24.562799
86.561707 24.563110
86.558319 24.559290
86.554642 24.559271
86.557930 24.548479
86.551338 24.543421
86.546692 24.535040
86.540573 24.536621
86.536148 24.536440
86.530449 24.532930
86.523529 24.535749
86.505722 24.517700
86.497528 24.497978
86.498123 24.487270
86.495323 24.485279
86.490280 24.484371
86.490807 24.478750
86.488777 24.474270
86.489746 24.467602
86.484489 24.458820
86.491127 24.454050
86.490990 24.446953
86.491943 24.439301
86.488197 24.433861
86.488586 24.425001
86.482079 24.424980
86.473396 24.422762
86.465828 24.421881
86.463676 24.418501
86.465683 24.413790
86.463669 24.407751
86.467117 24.395161
86.465683 24.385000
86.461800 24.376720
86.455048 24.373968
86.452209 24.368629
86.446327 24.368441
86.434151 24.376860
86.430702 24.376131
86.425148 24.378119
86.415588 24.379210
86.401016 24.396271
86.398697 24.400290
86.381233 24.412350
86.373268 24.415852
86.367897 24.424250
86.362717 24.426790
86.353500 24.442060
86.350723 24.443710
86.347816 24.440498
86.332733 24.440191
86.319496 24.440161
86.315559 24.443911
86.303757 24.444839
86.299576 24.448990
86.298820 24.454262
86.300903 24.456800
86.279137 24.462002
86.281837 24.470478
86.285576 24.476803
86.293877 24.476431
86.297737 24.482521
86.298241 24.488998
86.301628 24.493540
86.303497 24.498272
86.309731 24.506363
86.312416 24.508471
86.310562 24.513823
86.307518 24.526360
86.303307 24.527731
86.301338 24.531979
86.308167 24.540833
86.309837 24.547340
86.304047 24.558290
86.309822 24.563101
86.308098 24.565720
86.310989 24.568180
86.319366 24.574459
86.318573 24.578920
86.322693 24.580561
86.322861 24.584091
86.312233 24.585880
86.310051 24.581560
86.301666 24.583151
86.292633 24.586090
86.288353 24.584339
86.280403 24.584181
86.273788 24.582748
86.276123 24.579081
86.276886 24.574200
86.273483 24.575621
86.269707 24.577801
86.266258 24.581951
86.264137 24.575838
86.261528 24.576900
86.257477 24.583130
86.248550 24.585131
86.242882 24.592138
86.238747 24.596800
86.230263 24.602270
86.217377 24.611771
86.216560 24.602800
86.215706 24.591171
86.194939 24.585161
86.165657 24.583681
86.156967 24.589239
86.152267 24.599710
86.144630 24.603060
86.133293 24.603540
86.130760 24.608931
86.125587 24.611820
86.123230 24.619690
86.122009 24.623932
86.121857 24.630051
86.118248 24.641891
86.123131 24.647930
86.126320 24.654221
86.128487 24.665979
86.125946 24.670801
86.130028 24.671459
86.133598 24.675510
86.132011 24.680389
86.129097 24.690031
86.124443 24.705160
86.118637 24.711651
86.115967 24.718880
86.110947 24.724028
86.109299 24.732241
86.105537 24.735970
86.086578 24.746321
86.063187 24.751671
86.060417 24.747681
86.055038 24.746349
86.042709 24.743872
86.039070 24.741320
86.036819 24.743830
86.036011 24.747341
86.041550 24.747900
86.045357 24.751911
86.049843 24.755781
86.053001 24.761749
86.052887 24.767710
86.052643 24.773190
86.050583 24.779541
86.047882 24.778290
86.043053 24.777401
86.038979 24.776670
86.034439 24.776171
86.031792 24.772753
86.027786 24.770290
86.022758 24.769381
86.019676 24.767761
86.013977 24.768999
86.009567 24.768000
86.006111 24.765680
85.999977 24.751381
85.977257 24.747631
85.975891 24.745970
85.972717 24.736290
85.970169 24.733580
85.966133 24.732290
85.960648 24.731701
85.950302 24.732119
85.942703 24.734421
85.927673 24.740499
85.920967 24.744560
85.910507 24.753670
85.904572 24.761280
85.901688 24.769861
85.887177 24.785589
85.889679 24.791651
85.877777 24.800291
85.864029 24.805429
85.853813 24.807640
85.841942 24.808060
85.827217 24.809643
85.822578 24.808950
85.818031 24.806961
85.812607 24.799360
85.810661 24.794498
85.785728 24.798681
85.779236 24.800489
85.777237 24.798950
85.769402 24.802872
85.768593 24.804041
85.768799 24.808811
85.765450 24.812510
85.760750 24.815071
85.758278 24.815088
85.747276 24.819920
85.736740 24.822651
85.735008 24.821383
85.732521 24.816483
85.729790 24.808491
85.728310 24.800661
85.722969 24.798908
85.720993 24.786961
85.712311 24.783333
85.709801 24.780991
85.709198 24.775639
85.704781 24.768831
85.703468 24.763493
85.703560 24.757450
85.705536 24.751621
85.708130 24.747690
85.705338 24.740051
85.704773 24.728729
85.703438 24.725370
85.698753 24.721069
85.696396 24.717251
85.696663 24.713472
85.687057 24.700891
85.679657 24.693768
85.649529 24.687040
85.648262 24.681881
85.650467 24.679241
85.659973 24.674730
85.659760 24.670313
85.660797 24.667580
85.663330 24.664713
85.663719 24.660980
85.660698 24.650602
85.661186 24.646641
85.663643 24.644470
85.664330 24.641041
85.665703 24.636261
85.668953 24.630529
85.672127 24.619400
85.670578 24.599430
85.672386 24.598181
85.673523 24.595631
85.673248 24.592941
85.670311 24.588093
85.664703 24.581930
85.644279 24.578291
85.632797 24.580561
85.621986 24.583858
85.615448 24.582930
85.608521 24.585039
85.607880 24.590790
85.598251 24.597570
85.591141 24.597059
85.581963 24.600100
85.576576 24.603010
85.569893 24.600220
85.565201 24.596661
85.562851 24.591270
85.561386 24.583670
85.562218 24.580990
85.567116 24.578220
85.565758 24.571661
85.568291 24.565201
85.564453 24.561850
85.556587 24.560640
85.556259 24.556820
85.554611 24.556129
85.552330 24.559410
85.543808 24.564480
85.539017 24.565870
85.536797 24.565241
85.536461 24.563801
85.538200 24.561451
85.539871 24.556141
85.540352 24.550348
85.536461 24.536011
85.534187 24.532190
85.518303 24.524549
85.514816 24.527828
85.504356 24.529730
85.502419 24.531429
85.503197 24.535723
85.502548 24.542879
85.499977 24.543890
85.497467 24.546881
85.497520 24.548500
85.494461 24.550619
85.489441 24.549150
85.486481 24.550751
85.480949 24.548120
85.472153 24.547791
85.456589 24.539211
85.446556 24.539980
85.442307 24.539450
85.442131 24.539385
85.433273 24.536079
85.427536 24.537291
85.411026 24.545113
85.406616 24.545662
85.403053 24.544941
85.395172 24.541281
85.388603 24.537081
85.383369 24.535191
85.382782 24.532532
85.370270 24.529581
85.361160 24.529713
85.345818 24.528000
85.337906 24.527990
85.331551 24.526241
85.322502 24.525579
85.318558 24.524630
85.312531 24.526581
85.297348 24.528641
85.288048 24.528400
85.282516 24.526690
85.279358 24.519100
85.279808 24.513882
85.281929 24.509161
85.282372 24.503759
85.281036 24.499750
85.281967 24.497200
85.269562 24.498371
85.254440 24.497931
85.246498 24.495291
85.239418 24.488823
85.235329 24.479851
85.228539 24.479410
85.223923 24.471189
85.215782 24.472549
85.203262 24.472950
85.199249 24.467390
85.190521 24.468580
85.182602 24.468660
85.176323 24.467979
85.169876 24.466091
85.167503 24.467360
85.163239 24.467190
85.152893 24.464149
85.150673 24.462870
85.149277 24.459280
85.149910 24.455853
85.152603 24.453751
85.158730 24.451250
85.161331 24.443291
85.163727 24.441420
85.164841 24.435801
85.166260 24.433491
85.168839 24.431789
85.169380 24.429470
85.164391 24.427691
85.157860 24.424160
85.155296 24.418011
85.147957 24.418188
85.126930 24.411510
85.120667 24.408440
85.118988 24.409140
85.115059 24.409019
85.109329 24.398821
85.098671 24.393921
85.095947 24.390772
85.092453 24.381521
85.089417 24.379200
85.080681 24.380751
85.065483 24.386761
85.071007 24.399693
85.069199 24.401199
85.070389 24.405180
85.073021 24.406540
85.074547 24.408463
85.073753 24.412998
85.075676 24.421751
85.076157 24.439871
85.069069 24.435659
85.064613 24.430590
85.060410 24.424608
85.057487 24.416483
85.053291 24.415131
85.042236 24.418280
85.039543 24.424128
85.035736 24.423113
85.032097 24.425350
85.020668 24.422020
85.014603 24.419121
85.010696 24.416080
84.990402 24.412230
84.968567 24.375950
84.947937 24.371771
84.934952 24.376459
84.925339 24.378040
84.912979 24.375650
84.903313 24.372311
84.898033 24.372129
84.894417 24.375040
84.900513 24.382080
84.898178 24.393820
84.891907 24.398531
84.882347 24.417103
84.877899 24.422630
84.880043 24.432041
84.878052 24.443790
84.880173 24.462801
84.876251 24.462790
84.872719 24.465820
84.867447 24.466921
84.862930 24.457642
84.859749 24.456640
84.857033 24.457582
84.857338 24.460770
84.847481 24.465931
84.841988 24.455471
84.834396 24.452520
84.830627 24.459209
84.832733 24.461161
84.833458 24.469589
84.827187 24.470119
84.827927 24.486000
84.832626 24.511480
84.819496 24.524820
84.801643 24.521118
84.795326 24.529491
84.789703 24.521549
84.783676 24.517710
84.779900 24.504850
84.762978 24.501768
84.742020 24.496458
84.740067 24.488270
84.724907 24.472950
84.717506 24.468828
84.712929 24.468632
84.706528 24.472359
84.694077 24.461800
84.684059 24.459200
84.678917 24.456343
84.674011 24.441141
84.666229 24.431190
84.665848 24.428431
84.668388 24.426291
84.667793 24.412960
84.662949 24.410610
84.660118 24.395981
84.658257 24.393742
84.643051 24.398611
84.628853 24.400171
84.622887 24.403950
84.619293 24.402060
84.615211 24.403811
84.612511 24.401213
84.600967 24.400978
84.594200 24.404011
84.589920 24.404381
84.581848 24.401461
84.580063 24.410419
84.572479 24.412340
84.565392 24.407471
84.561218 24.401840
84.559120 24.397108
84.564308 24.389891
84.565781 24.383940
84.556038 24.379723
84.545853 24.373699
84.541679 24.376711
84.521523 24.376261
84.524063 24.368761
84.527962 24.364830
84.526711 24.361021
84.518822 24.353161
84.519379 24.345840
84.525490 24.339479
84.517410 24.333670
84.514191 24.323608
84.510696 24.317171
84.503197 24.315411
84.504547 24.305901
84.501236 24.298809
84.502296 24.294550
84.496887 24.292721
84.493538 24.287041
84.484207 24.296921
84.487511 24.298840
84.488747 24.302170
84.487061 24.304832
84.478569 24.302891
84.475349 24.302563
84.468399 24.305290
84.465111 24.308390
84.461967 24.317551
84.454536 24.338650
84.446663 24.339701
84.444916 24.334181
84.417427 24.331362
84.418167 24.342360
84.422539 24.359150
84.394943 24.367790
84.399788 24.374640
84.397667 24.377411
84.392029 24.375750
84.385017 24.379341
84.382217 24.389700
84.373772 24.390991
84.367256 24.386959
84.361366 24.386633
84.355301 24.390961
84.346962 24.392071
84.335861 24.395830
84.337982 24.401291
84.331627 24.404650
84.325867 24.410931
84.327797 24.416571
84.327789 24.422161
84.324867 24.423670
84.318237 24.420219
84.315056 24.423452
84.319397 24.429251
84.327492 24.427729
84.330658 24.428431
84.330399 24.431190
84.314987 24.447510
84.293213 24.450823
84.290222 24.458080
84.285263 24.465919
84.294189 24.480761
84.308243 24.486900
84.321709 24.489758
84.325653 24.496710
84.326347 24.502720
84.321686 24.513180
84.319107 24.522310
84.312843 24.526770
84.311928 24.533758
84.309448 24.539541
84.302010 24.547253
84.297432 24.563143
84.292976 24.565990
84.279976 24.563360
84.269226 24.564253
84.271896 24.554022
84.280090 24.551920
84.278282 24.547470
84.268593 24.546860
84.269447 24.541368
84.264748 24.540571
84.262741 24.537111
84.258469 24.537691
84.257141 24.530750
84.248528 24.531590
84.249947 24.535740
84.248299 24.538761
84.241089 24.543221
84.234261 24.543579
84.235008 24.553181
84.220680 24.550331
84.217491 24.535170
84.208923 24.537161
84.206207 24.545330
84.200500 24.549440
84.199913 24.557020
84.188301 24.555321
84.186958 24.549301
84.181587 24.547060
84.172882 24.547131
84.172821 24.541981
84.182396 24.523609
84.186417 24.522499
84.182259 24.518341
84.182266 24.515631
84.179260 24.510420
84.171371 24.509790
84.161140 24.512583
84.153641 24.517641
84.155891 24.519482
84.155716 24.524340
84.164406 24.533712
84.160660 24.538240
84.149559 24.540300
84.146057 24.540300
84.136292 24.529362
84.137016 24.518181
84.139961 24.504801
84.136543 24.502541
84.129013 24.500681
84.124908 24.498320
84.122581 24.486670
84.109779 24.481400
84.100922 24.487902
84.096970 24.495722
84.089096 24.504128
84.086586 24.514631
84.089691 24.533930
84.088707 24.536079
84.084297 24.538700
84.078339 24.545010
84.077240 24.552481
84.073677 24.557581
84.074677 24.564751
84.072479 24.569601
84.067741 24.571030
84.065262 24.575060
84.059746 24.576981
84.062653 24.583719
84.061363 24.589371
84.058083 24.588362
84.052933 24.587961
84.051422 24.591520
84.053116 24.594700
84.047859 24.606508
84.044876 24.606960
84.046738 24.612289
84.038239 24.619410
84.033249 24.618959
84.032051 24.621578
84.028992 24.622641
84.026787 24.627743
84.024170 24.629061
84.019638 24.626820
84.015663 24.627602
84.014526 24.631639
84.001968 24.635401
83.992210 24.638033
83.979240 24.615129
83.972351 24.596628
83.964882 24.587641
83.957581 24.576328
83.948181 24.566511
83.936493 24.555920
83.933006 24.551743
83.928459 24.547911
83.924072 24.546209
83.917931 24.545790
83.902748 24.542440
83.878853 24.536501
83.868042 24.532881
83.857689 24.537560
83.848076 24.536310
83.841492 24.534500
83.827400 24.533150
83.816231 24.531260
83.808952 24.528950
83.799011 24.529881
83.794487 24.529449
83.788033 24.527170
83.781746 24.523581
83.748657 24.510530
83.730736 24.508791
83.716690 24.504950
83.702370 24.507339
83.695679 24.510611
83.682457 24.515581
83.670807 24.514771
83.662529 24.515680
83.644836 24.516180
83.600159 24.513241
83.592407 24.514891
83.571213 24.517010
83.547256 24.524031
83.542442 24.526180
83.535042 24.525579
83.523842 24.525921
83.509506 24.527540
83.498169 24.527060
83.497620 24.528971
83.493202 24.536079
83.493416 24.542070
83.504959 24.544390
83.517181 24.549170
83.517937 24.554941
83.524590 24.567301
83.524002 24.575022
83.525146 24.580198
83.524986 24.585039
83.523506 24.587820
83.519997 24.591011
83.517220 24.598730
83.517433 24.603230
83.525558 24.613689
83.534531 24.615601
83.538437 24.621630
83.541718 24.624559
83.541412 24.626181
83.538910 24.627743
83.520683 24.630011
83.524193 24.642099
83.523941 24.644350
83.521690 24.644531
83.515907 24.642820
83.507172 24.649370
83.502510 24.648710
83.499718 24.649410
83.497520 24.651661
83.497047 24.659220
83.499481 24.668480
83.502182 24.671581
83.513191 24.678921
83.513702 24.681150
83.512650 24.683411
83.509171 24.684750
83.499901 24.694530
83.495712 24.696220
83.494987 24.702681
83.492050 24.705160
83.489609 24.705858
83.485893 24.702711
83.483353 24.702959
83.480713 24.705732
83.479973 24.709938
83.480370 24.716209
83.483276 24.722771
83.483322 24.731070
83.482452 24.734940
83.479843 24.737831
83.475327 24.738020
83.471748 24.735670
83.466957 24.734528
83.462433 24.735130
83.453087 24.733320
83.444672 24.740450
83.441467 24.744030
83.434242 24.756849
83.425423 24.763111
83.419418 24.769871
83.411293 24.775320
83.403442 24.776670
83.394096 24.779470
83.386803 24.784220
83.386337 24.786591
83.388496 24.791540
83.392548 24.797110
83.389900 24.801851
83.390060 24.804420
83.395599 24.810991
83.395668 24.815599
83.394928 24.820210
83.391312 24.823158
83.389633 24.827150
83.390388 24.833080
83.389153 24.836071
83.385277 24.840071
83.382507 24.840260
83.380760 24.843031
83.381020 24.844460
83.378647 24.846140
83.368271 24.863180
83.355751 24.868650
83.353996 24.870611
83.357246 24.873528
83.363167 24.876970
83.364243 24.878580
83.363869 24.880440
83.361801 24.882339
83.356232 24.884310
83.354897 24.885538
83.355057 24.887480
83.356178 24.889219
83.359627 24.890181
83.360016 24.891850
83.351387 24.903061
83.351212 24.906233
83.352028 24.907841
83.355988 24.909840
83.357307 24.911402
83.358032 24.913990
83.357353 24.919241
83.358521 24.937401
83.357613 24.945990
83.357903 24.951630
83.357018 24.955353
83.349380 24.959530
83.346298 24.962950
83.343933 24.963881
83.338463 24.963551
83.340523 24.974819
83.340408 24.979219
83.345932 24.992090
83.346199 24.995960
83.344879 25.002621
83.343872 25.010483
83.342087 25.011461
83.339096 25.011890
83.327652 25.016321
83.319656 25.015541
83.318176 25.017321
83.316071 25.027340
83.316498 25.038382
83.317841 25.041651
83.323456 25.048052
83.321457 25.052431
83.321922 25.055830
83.324951 25.055971
83.326241 25.055389
83.327118 25.053391
83.330170 25.050980
83.332108 25.050501
83.333809 25.050991
83.333603 25.058031
83.331238 25.059830
83.327782 25.061001
83.331207 25.073353
83.332222 25.082460
83.333511 25.084791
83.336693 25.086349
83.338028 25.088060
83.340317 25.098650
83.340126 25.112400
83.342888 25.112480
83.347839 25.110800
83.353760 25.110373
83.357361 25.124191
83.357628 25.127920
83.352127 25.131220
83.353996 25.140171
83.353439 25.149160
83.352470 25.151821
83.350807 25.153391
83.343208 25.158670
83.345093 25.166691
83.346733 25.169600
83.348137 25.178600
83.342247 25.178860
83.338013 25.179911
83.335358 25.181393
83.335861 25.183571
83.341217 25.185551
83.343948 25.187403
83.347397 25.193041
83.349609 25.198940
83.355972 25.198662
83.360260 25.196350
83.366623 25.200331
83.372101 25.201111
83.374557 25.202511
83.377708 25.209660
83.379578 25.211750
83.381737 25.210798
83.385353 25.206030
83.388222 25.207008
83.389992 25.211639
83.389900 25.214121
83.391136 25.215590
83.395050 25.216909
83.395973 25.222521
83.397278 25.225210
83.401512 25.230030
83.402336 25.237551
83.404167 25.242411
83.406906 25.247250
83.409271 25.249281
83.417068 25.246111
83.419342 25.246361
83.418549 25.252069
83.419342 25.253321
83.422516 25.252241
83.428726 25.244490
83.431366 25.244501
83.431152 25.250080
83.433220 25.253561
83.439796 25.259201
83.442947 25.259260
83.453552 25.251280
83.457291 25.250410
83.460281 25.251970
83.463257 25.256409
83.470436 25.262678
83.471916 25.265459
83.470047 25.269230
83.471016 25.272148
83.480263 25.282410
83.482063 25.282890
83.486198 25.279503
83.489616 25.281170
83.491280 25.286591
83.494766 25.287291
83.495728 25.284403
83.496887 25.283001
83.498207 25.282970
83.502602 25.289572
83.508072 25.286200
83.511177 25.287821
83.517952 25.293240
83.516907 25.298470
83.516937 25.300610
83.518066 25.302481
83.520027 25.303322
83.523102 25.300451
83.525612 25.299540
83.528793 25.301441
83.531181 25.304510
83.542580 25.309320
83.545311 25.309851
83.546646 25.311609
83.544357 25.313143
83.533150 25.312872
83.534653 25.315201
83.539467 25.317650
83.547478 25.315851
83.551231 25.313892
83.554306 25.314070
83.560883 25.316080
83.564262 25.315851
83.562897 25.309658
83.564171 25.308149
83.569382 25.310131
83.572243 25.317619
83.577881 25.316648
83.578827 25.317268
83.580818 25.322350
83.583893 25.324890
83.588058 25.326441
83.603203 25.331570
83.607216 25.332310
83.610657 25.332590
83.614647 25.331661
83.620056 25.328581
83.622383 25.329521
83.624771 25.334938
83.628357 25.336250
83.628983 25.337910
83.628479 25.341131
83.629967 25.343241
83.631828 25.342051
83.638771 25.340153
83.642502 25.341120
83.644402 25.345001
83.646576 25.347200
83.643517 25.354441
83.645409 25.357641
83.650223 25.359100
83.650597 25.361570
83.649658 25.365440
83.650208 25.367960
83.656166 25.363661
83.658798 25.363029
83.660202 25.363871
83.657913 25.369211
83.660210 25.371000
83.664780 25.366899
83.669083 25.364462
83.672218 25.364590
83.678993 25.366581
83.686287 25.369450
83.688972 25.371288
83.687843 25.374142
83.676819 25.376751
83.675201 25.378391
83.676270 25.381701
83.689407 25.385851
83.692780 25.393770
83.694580 25.396099
83.696281 25.396351
83.698936 25.388191
83.701408 25.385851
83.704002 25.386148
83.709473 25.395250
83.715401 25.399233
83.718063 25.399811
83.725311 25.397671
83.727173 25.398500
83.729446 25.406219
83.732506 25.410601
83.734947 25.409330
83.737846 25.400890
83.740601 25.400209
83.741982 25.400591
83.748093 25.404341
83.750702 25.404970
83.753326 25.404169
83.758057 25.401211
83.758873 25.400511
83.751953 25.398392
83.749718 25.396770
83.749733 25.392061
83.761932 25.387911
83.762253 25.391142
83.763466 25.398611
83.765182 25.399660
83.770683 25.400200
83.782272 25.398729
83.796608 25.408279
83.799370 25.410980
83.803276 25.418110
83.805222 25.424530
83.803192 25.426929
83.792702 25.430159
83.794357 25.431620
83.796707 25.432793
83.802940 25.432859
83.817627 25.437321
83.820648 25.437611
83.824081 25.433241
83.830200 25.433590
83.838371 25.436890
83.839371 25.438780
83.839439 25.442110
83.837517 25.446230
83.833382 25.450150
83.830437 25.451080
83.821503 25.451580
83.818588 25.452948
83.813820 25.453899
83.810371 25.454250
83.807938 25.453253
83.805557 25.453701
83.806717 25.458509
83.810226 25.465919
83.812340 25.467901
83.814743 25.468321
83.822563 25.462023
83.824677 25.461241
83.829353 25.461491
83.833786 25.462961
83.847878 25.471003
83.851120 25.473721
83.854919 25.484859
83.859779 25.489201
83.864433 25.490620
83.866730 25.493500
83.871262 25.503193
83.868210 25.511633
83.872963 25.520403
83.876923 25.521408
83.882477 25.521460
83.888107 25.523211
83.892807 25.525461
83.896263 25.528273
83.899422 25.531771
83.913567 25.554340
83.917053 25.558491
83.920982 25.561729
83.925301 25.563152
83.939667 25.565432
83.944321 25.567341
83.955879 25.575430
83.991570 25.601023
84.000046 25.607719
84.014236 25.616131
84.028221 25.622740
84.056831 25.632221
84.076508 25.637531
84.079697 25.652731
84.074028 25.672501
84.073563 25.683573
84.069649 25.695610
84.082893 25.712690
84.094391 25.720381
84.107872 25.723640
84.123093 25.723949
84.135117 25.731630
84.136696 25.727541
84.136757 25.723751
84.131500 25.723930
84.126549 25.718519
84.129303 25.717360
84.135727 25.716883
84.144531 25.720610
84.148346 25.726011
84.145248 25.728609
84.148232 25.730961
84.155510 25.725941
84.167503 25.721750
84.173981 25.715740
84.194313 25.703421
84.197197 25.692230
84.199509 25.672350
84.202911 25.669640
84.217079 25.664061
84.233223 25.663960
84.247597 25.662811
84.268433 25.663260
84.272919 25.661690
84.285576 25.661530
84.290131 25.662830
84.292801 25.668530
84.282188 25.674610
84.283577 25.677139
84.287773 25.676323
84.292130 25.677050
84.294777 25.674158
84.298767 25.671791
84.312126 25.672428
84.313393 25.668909
84.318588 25.671940
84.320717 25.682081
84.323563 25.704000
84.323189 25.723131
84.324432 25.733271
84.325623 25.737101
84.331291 25.744572
84.337486 25.745131
84.354408 25.743620
84.366173 25.738440
84.369507 25.736010
84.371689 25.738300
84.367577 25.741701
84.369537 25.743731
84.372963 25.742270
84.380013 25.748690
84.388527 25.744280
84.384483 25.737680
84.381172 25.734251
84.393646 25.728903
84.393120 25.726021
84.395470 25.724400
84.400436 25.716890
84.397110 25.709070
84.401878 25.699501
84.410896 25.698471
84.423607 25.695080
84.424171 25.711720
84.432472 25.712078
84.438553 25.710680
84.448776 25.714491
84.449013 25.711380
84.455170 25.710312
84.458656 25.703211
84.458778 25.698433
84.463196 25.698643
84.462761 25.695883
84.460320 25.690710
84.466507 25.685511
84.489342 25.691090
84.488388 25.677851
84.499031 25.677391
84.505768 25.682261
84.516380 25.677710
84.524590 25.684351
84.527946 25.715370
84.530472 25.724621
84.535866 25.726490
84.531387 25.692833
84.552330 25.684031
84.556396 25.688570
84.558609 25.700981
84.558968 25.721651
84.555626 25.736408
84.595520 25.739111
84.613060 25.730740
84.624191 25.727909
84.630600 25.728340
84.629898 25.733110
84.626282 25.741602
84.622330 25.747318
84.614876 25.752838
84.603188 25.757570
84.600533 25.760630
84.602890 25.772440
84.610138 25.777281
84.614670 25.772423
84.620750 25.772381
84.619057 25.788971
84.621117 25.792360
84.620216 25.794090
84.616829 25.795549
84.610893 25.800659
84.598198 25.809650
84.587158 25.819601
84.571419 25.829840
84.556549 25.837511
84.546852 25.841320
84.544250 25.829981
84.532921 25.832230
84.526978 25.834330
84.526253 25.855410
84.519997 25.861151
84.528259 25.864731
84.539909 25.860361
84.540550 25.862120
84.531647 25.872721
84.528641 25.877741
84.506523 25.872379
84.485283 25.889250
84.478676 25.888361
84.466553 25.883690
84.461052 25.888731
84.450661 25.890221
84.443718 25.889669
84.431183 25.892670
84.427689 25.891190
84.423317 25.892422
84.424171 25.898338
84.421516 25.902208
84.417542 25.911440
84.409286 25.924381
84.408302 25.931351
84.386292 25.938181
84.365013 25.950533
84.351387 25.959341
84.348801 25.959982
84.343712 25.958731
84.313850 25.947969
84.309273 25.946890
84.303108 25.946390
84.296333 25.946989
84.291557 25.948280
84.283661 25.955601
84.275368 25.961290
84.264587 25.967260
84.254669 25.971088
84.244553 25.976818
84.240486 25.982759
84.235229 25.986000
84.223442 25.991171
84.214127 25.996201
84.201813 26.000561
84.194748 25.991301
84.192276 25.989538
84.176407 25.997751
84.172440 25.998791
84.170242 25.991661
84.166229 25.991501
84.166008 26.002701
84.167267 26.025471
84.159027 26.032242
84.136673 26.047010
84.127922 26.055531
84.116051 26.074881
84.107170 26.081713
84.091042 26.096540
84.081139 26.099770
84.069237 26.099121
84.049057 26.099701
84.048248 26.103830
84.045143 26.106319
84.042236 26.111622
84.043617 26.117170
84.041878 26.120501
84.045242 26.120420
84.042397 26.131550
84.033623 26.137480
84.018143 26.145121
84.023636 26.154140
84.027313 26.153030
84.028412 26.159620
84.027847 26.162960
84.022896 26.165348
84.019707 26.164063
84.013817 26.166981
84.003021 26.178230
84.004066 26.180691
84.002113 26.190140
84.009010 26.199558
84.014999 26.197430
84.020447 26.197559
84.023590 26.200920
84.023239 26.204491
84.019501 26.206011
84.019020 26.209290
84.020912 26.214220
84.024269 26.219761
84.020477 26.223650
84.016769 26.221613
84.009460 26.223921
84.008202 26.225311
84.005516 26.234070
84.010910 26.235811
84.010483 26.238791
84.011520 26.240683
84.014122 26.240589
84.018387 26.238781
84.020500 26.241631
84.024002 26.239590
84.031326 26.239071
84.031158 26.235670
84.033630 26.232088
84.046806 26.230190
84.049438 26.225571
84.057266 26.225210
84.058357 26.226749
84.073578 26.224880
84.073677 26.221031
84.079369 26.221210
84.080147 26.224421
84.081902 26.227100
84.079521 26.231840
84.087387 26.236540
84.091377 26.234030
84.092293 26.240221
84.100357 26.239281
84.101357 26.243071
84.110458 26.241831
84.112701 26.249680
84.109947 26.253098
84.112343 26.256573
84.112953 26.261921
84.123756 26.258820
84.125946 26.261450
84.141403 26.257750
84.145340 26.261660
84.153473 26.245270
84.157303 26.244131
84.159348 26.245901
84.155708 26.252541
84.155128 26.257721
84.157402 26.260920
84.163651 26.261370
84.167618 26.264021
84.171356 26.267731
84.170998 26.270500
84.168159 26.273680
84.169647 26.277231
84.170967 26.286640
84.168747 26.292870
84.171509 26.303692
84.179443 26.311781
84.181740 26.317039
84.176819 26.322491
84.167206 26.338110
84.167236 26.360229
84.169617 26.362560
84.171356 26.373980
84.156342 26.378260
84.154030 26.376160
84.130783 26.382191
84.128441 26.384211
84.116753 26.385248
84.115196 26.387569
84.096542 26.387911
84.092300 26.390430
84.089706 26.387520
84.087677 26.390120
84.081169 26.389669
84.080559 26.386221
84.078842 26.385721
84.077217 26.383963
84.072006 26.384470
84.070618 26.386890
84.061516 26.390091
84.061813 26.394279
84.055077 26.400248
84.054977 26.402048
84.045097 26.404072
84.044983 26.405291
84.041267 26.405550
84.040871 26.408491
84.038261 26.410400
84.036186 26.407841
84.030563 26.413010
84.033180 26.413780
84.021782 26.425041
84.020523 26.428841
84.016403 26.431923
84.014946 26.439470
84.016113 26.441971
84.010986 26.448460
84.009033 26.444981
84.001701 26.443590
83.992630 26.447611
83.990448 26.447630
83.983467 26.434900
83.981956 26.434620
83.961296 26.437149
83.946266 26.438108
83.936073 26.441681
83.919022 26.445530
83.908119 26.449501
83.902283 26.450251
83.903023 26.461040
83.901543 26.467310
83.903236 26.472271
83.904968 26.494349
83.907463 26.500380
83.906792 26.506760
83.901756 26.510441
83.900841 26.513712
83.902206 26.518080
83.914673 26.520241
83.930489 26.524780
83.934998 26.524441
83.939240 26.521280
83.945847 26.518421
83.943527 26.515900
83.942719 26.513479
83.945656 26.510201
83.956169 26.508200
83.962547 26.508600
83.965416 26.511740
83.966553 26.520950
83.968109 26.525841
83.970543 26.529440
83.974190 26.531940
83.983597 26.531462
83.990303 26.530142
83.998352 26.527382
83.998650 26.525030
84.000687 26.525011
84.014481 26.532021
84.020042 26.532080
84.030823 26.535551
84.043007 26.540960
84.047760 26.543489
84.048782 26.550331
84.048141 26.557520
84.049316 26.561590
84.054749 26.567690
84.056908 26.573410
84.062851 26.579693
84.067726 26.581301
84.071220 26.584480
84.070290 26.589258
84.079147 26.594351
84.082527 26.599600
84.081787 26.603111
84.084763 26.610559
84.082802 26.615051
84.083527 26.618259
84.079620 26.623701
84.082138 26.626551
84.083839 26.631411
84.080597 26.633921
84.081383 26.636780
84.080421 26.640753
84.081779 26.642860
84.084488 26.640133
84.094078 26.638321
84.094933 26.636480
84.099350 26.635571
84.099350 26.633968
84.104317 26.632662
84.106079 26.637232
84.115631 26.637430
84.121468 26.634621
84.120987 26.637550
84.124130 26.637411
84.129066 26.638500
84.137421 26.636480
84.139511 26.639030
84.152031 26.638500
84.153458 26.633671
84.148537 26.627748
84.167252 26.624170
84.167793 26.626291
84.176987 26.624540
84.184677 26.625851
84.201988 26.624340
84.203880 26.620531
84.206818 26.620951
84.215698 26.618681
84.221992 26.615681
84.223053 26.613091
84.228668 26.613211
84.230949 26.609791
84.240097 26.610041
84.250633 26.607941
84.258888 26.607323
84.262917 26.603022
84.272217 26.599361
84.273468 26.601351
84.277412 26.600739
84.279343 26.606581
84.286797 26.603922
84.289200 26.606991
84.293137 26.605511
84.295021 26.606630
84.297028 26.615700
84.302673 26.617472
84.306519 26.617031
84.310760 26.614573
84.325493 26.615320
84.330070 26.618320
84.350937 26.620428
84.370590 26.615391
84.378853 26.621840
84.383438 26.621510
84.394997 26.625738
84.400566 26.624130
84.414398 26.627171
84.407372 26.638060
84.404793 26.642752
84.402237 26.671223
84.366753 26.678810
84.354843 26.678881
84.350121 26.681400
84.344803 26.680429
84.337067 26.681440
84.325661 26.684258
84.323341 26.688478
84.318512 26.716230
84.311020 26.733603
84.305618 26.737680
84.306648 26.739571
84.298027 26.753271
84.286751 26.751440
84.278610 26.751240
84.271301 26.744541
84.266777 26.742071
84.259361 26.740820
84.255287 26.738960
84.254486 26.734268
84.252342 26.731470
84.247383 26.729290
84.242279 26.730770
84.233986 26.739531
84.233208 26.745110
84.224609 26.757101
84.235489 26.766981
84.241127 26.775431
84.248489 26.792681
84.249352 26.802273
84.252296 26.808680
84.246803 26.814541
84.248520 26.820898
84.242836 26.821819
84.246468 26.827579
84.251030 26.830700
84.250420 26.837820
84.252113 26.844921
84.245636 26.858723
84.241096 26.862431
84.235382 26.864340
84.228638 26.869810
84.221962 26.870180
84.221100 26.872238
84.209221 26.870991
84.196556 26.861181
84.189560 26.859819
84.185318 26.860090
84.180809 26.857380
84.176468 26.853340
84.176949 26.849379
84.175331 26.845940
84.177406 26.842661
84.174713 26.835781
84.168922 26.834518
84.157280 26.836361
84.150543 26.839470
84.131653 26.855690
84.131836 26.870560
84.139297 26.874041
84.137527 26.876301
84.138618 26.883070
84.140739 26.883911
84.140839 26.887581
84.130249 26.885271
84.123016 26.889021
84.122017 26.892651
84.111641 26.891890
84.109413 26.894430
84.106407 26.895090
84.100632 26.900841
84.099220 26.895210
84.101067 26.893831
84.099869 26.887991
84.096832 26.886339
84.092621 26.877831
84.090027 26.877151
84.086517 26.878920
84.087891 26.882353
84.085503 26.885242
84.076256 26.878780
84.071556 26.881870
84.060089 26.886461
84.059052 26.890779
84.052002 26.891701
84.048981 26.899940
84.050797 26.901649
84.047379 26.906219
84.045143 26.904741
84.042397 26.909128
84.044083 26.909800
84.049240 26.914591
84.047668 26.931829
84.045219 26.930422
84.038467 26.930880
84.036552 26.933020
84.038666 26.938290
84.036308 26.941132
84.029808 26.939569
84.028809 26.941200
84.024902 26.942720
84.026367 26.948961
84.031693 26.949331
84.035149 26.948721
84.039093 26.954309
84.038620 26.957760
84.040863 26.957453
84.044159 26.960871
84.046661 26.961941
84.045998 26.968090
84.041260 26.968012
84.043457 26.980391
84.042503 26.981571
84.036430 26.984032
84.039017 26.988020
84.045967 26.987160
84.049522 26.990810
84.044327 26.997681
84.045166 26.999731
84.042702 27.003120
84.039932 27.005873
84.030449 27.011820
84.035728 27.019320
84.035957 27.029013
84.040306 27.035301
84.040817 27.044680
84.035637 27.046511
84.031258 27.046461
84.024269 27.044720
84.012177 27.053791
83.994896 27.061251
83.990761 27.068590
83.991096 27.071293
84.005592 27.071939
84.011940 27.081280
84.016891 27.083761
84.018318 27.087238
84.016098 27.091761
84.018929 27.093441
84.020721 27.095482
84.014221 27.100080
84.011627 27.104881
84.005318 27.104031
84.002510 27.100281
83.997513 27.098480
83.992653 27.100149
83.990173 27.098841
83.981232 27.093821
83.977867 27.092621
83.971207 27.091942
83.954941 27.086121
83.947777 27.086201
83.944099 27.087252
83.940826 27.089621
83.939423 27.092993
83.940346 27.102301
83.938568 27.107321
83.938393 27.111023
83.939560 27.116671
83.941437 27.119831
83.947662 27.123621
83.950813 27.126341
83.952477 27.128983
83.953636 27.131941
83.950798 27.139080
83.950912 27.140881
83.958649 27.148670
83.966583 27.160843
83.968307 27.165600
83.979721 27.173403
83.984200 27.178711
83.985123 27.181763
83.978783 27.200439
83.976608 27.203421
83.964577 27.211010
83.961678 27.213760
83.960312 27.216660
83.963287 27.221081
83.964119 27.223190
83.963760 27.225269
83.961533 27.227951
83.955017 27.231070
83.955856 27.233521
83.954483 27.235041
83.948143 27.238331
83.925316 27.242531
83.911758 27.246502
83.907623 27.248030
83.901901 27.252131
83.897957 27.259430
83.895493 27.268150
83.896156 27.277071
83.898041 27.278990
83.904068 27.281172
83.910507 27.285631
83.918831 27.292660
83.921883 27.296358
83.925652 27.304190
83.925346 27.309521
83.923599 27.316431
83.916687 27.325331
83.908043 27.330391
83.897583 27.330130
83.893562 27.329050
83.887947 27.326469
83.872406 27.316210
83.859077 27.311670
83.854637 27.311230
83.850517 27.312099
83.847977 27.313971
83.847420 27.316860
83.845238 27.319653
83.842529 27.321312
83.836258 27.319481
83.830589 27.321360
83.828957 27.322760
83.828491 27.324671
83.828331 27.325918
83.829338 27.327471
83.849342 27.335609
83.854988 27.340330
83.856247 27.347721
83.856407 27.348211
83.858505 27.350962
83.864792 27.346394
83.873520 27.351616
83.889893 27.358198
83.893524 27.362545
83.894218 27.367516
83.899460 27.370005
83.905518 27.376215
83.908409 27.384296
83.907288 27.389517
83.888313 27.390617
83.888275 27.390619
83.875237 27.391912
83.876816 27.400316
83.877609 27.405668
83.877586 27.405699
83.873528 27.412222
83.873505 27.412264
83.869385 27.425430
83.870247 27.428507
83.874481 27.430895
83.874519 27.430916
83.882820 27.434515
83.897598 27.437611
83.915489 27.441214
83.933136 27.449379
83.933220 27.449415
83.933266 27.449406
83.944321 27.447552
83.945267 27.446726
83.945305 27.446695
83.946312 27.445812
83.945320 27.443327
83.948006 27.441006
83.948051 27.440966
83.964706 27.443823
83.966309 27.445026
83.968185 27.446434
83.968216 27.446413
83.974724 27.441866
83.974777 27.441851
83.974815 27.441839
83.979820 27.442215
83.979866 27.442207
83.979614 27.439116
83.986092 27.443682
83.993614 27.443930
83.993668 27.443932
83.998260 27.445936
83.998833 27.445589
83.998917 27.445616
83.998947 27.445522
83.999504 27.445190
83.999840 27.443031
84.000244 27.440468
84.000633 27.441397
84.000870 27.441959
84.001915 27.441277
84.004112 27.441071
84.004471 27.441959
84.005836 27.441090
84.007576 27.441959
84.007454 27.440722
84.007515 27.440716
84.008743 27.440493
84.009689 27.440344
84.009781 27.440155
84.011040 27.437525
84.014015 27.438616
84.017914 27.434616
84.021019 27.435915
84.023483 27.433990
84.025108 27.432747
84.029419 27.433630
84.029404 27.433773
84.027962 27.438231
84.028931 27.438898
84.028976 27.438932
84.029945 27.439598
84.030777 27.439407
84.033180 27.438852
84.033478 27.440123
84.033798 27.441462
84.037781 27.440718
84.041008 27.442457
84.041290 27.442432
84.045357 27.442083
84.045570 27.442715
84.045731 27.443203
84.053543 27.442629
84.054184 27.442581
84.054199 27.442621
84.056816 27.449160
84.056831 27.449202
84.058945 27.451162
84.063904 27.455763
84.060646 27.460974
84.061821 27.461430
84.062881 27.461843
84.064125 27.466690
84.068718 27.469416
84.070580 27.473282
84.070595 27.473318
84.071114 27.479115
84.072311 27.480904
84.072693 27.481482
84.076050 27.480608
84.078041 27.482128
84.080315 27.483833
84.086121 27.483093
84.088570 27.484125
84.092926 27.485960
84.093178 27.486940
84.093575 27.488686
84.093628 27.488695
84.097549 27.489431
84.100792 27.502321
84.100800 27.502361
84.099289 27.504843
84.100121 27.505119
84.101913 27.510216
84.099792 27.516773
84.099831 27.516788
84.109612 27.521036
84.110718 27.521515
84.111000 27.521217
84.112961 27.519258
84.118805 27.519133
84.119583 27.514130
84.119675 27.513540
84.119720 27.513521
>
87.306213 27.843216
87.306801 27.836590
87.306175 27.843218
87.306213 27.843216
>
87.262917 27.850716
87.252487 27.842867
87.251183 27.843061
87.251320 27.843115
87.262917 27.850716
>
87.262917 27.850716
87.267212 27.850117
87.266281 27.849453
87.262917 27.850716
