>
72.860138 20.470961
72.863403 20.468840
72.865898 20.467510
72.862381 20.462280
72.851166 20.454851
72.848740 20.453253
72.844337 20.448400
72.842163 20.444960
72.838951 20.439060
72.838600 20.438210
72.838181 20.437260
72.836571 20.428391
72.837059 20.422331
72.839203 20.418480
72.840599 20.417681
72.841621 20.417089
72.842766 20.416443
72.844032 20.415718
72.844910 20.415300
72.845970 20.414791
72.851059 20.412310
72.852013 20.411961
72.862022 20.410469
72.868927 20.405930
72.869476 20.403992
72.870102 20.401852
72.872932 20.395741
72.874458 20.393461
72.875526 20.381050
72.872810 20.381599
72.872093 20.382151
72.870110 20.391241
72.860817 20.403250
72.851059 20.408190
72.845078 20.407120
72.843033 20.403061
72.842537 20.399200
72.832359 20.370689
72.831329 20.368738
72.821533 20.371080
72.821533 20.371250
72.821251 20.371250
72.821251 20.371529
72.821533 20.371523
72.821533 20.372921
72.821800 20.372921
72.821800 20.373751
72.822083 20.373751
72.822083 20.374310
72.822357 20.374310
72.822357 20.374861
72.822639 20.374861
72.822639 20.375420
72.822906 20.375420
72.822906 20.376251
72.823196 20.376249
72.823196 20.377083
72.823471 20.377083
72.823471 20.378195
72.823753 20.378191
72.823753 20.379030
72.824028 20.379026
72.824028 20.379862
72.824303 20.379860
72.824303 20.380421
72.824585 20.380419
72.824585 20.381248
72.824860 20.381248
72.824860 20.382084
72.825142 20.382078
72.825142 20.382641
72.825417 20.382641
72.825417 20.383472
72.825691 20.383459
72.825691 20.384029
72.825974 20.384027
72.825974 20.384583
72.826248 20.384583
72.826248 20.385139
72.826530 20.385139
72.826530 20.385695
72.826805 20.385695
72.826813 20.386801
72.827080 20.386806
72.827080 20.387362
72.827637 20.387360
72.827637 20.387640
72.827919 20.387638
72.827919 20.388472
72.827637 20.388470
72.827637 20.389030
72.827362 20.389030
72.827362 20.390141
72.827637 20.390139
72.827637 20.390694
72.827919 20.390694
72.827919 20.392084
72.828194 20.392084
72.828194 20.394583
72.828476 20.394581
72.828476 20.400421
72.828751 20.400417
72.828751 20.403473
72.828476 20.403471
72.828476 20.405140
72.828751 20.405140
72.828751 20.406248
72.829025 20.406248
72.829025 20.407084
72.829308 20.407084
72.829308 20.408194
72.829582 20.408194
72.829582 20.408470
72.829857 20.408468
72.829857 20.409031
72.830139 20.409027
72.830139 20.409584
72.830406 20.409580
72.830406 20.409863
72.830696 20.409863
72.830696 20.410143
72.830971 20.410143
72.830971 20.410419
72.831253 20.410418
72.831253 20.411228
72.831253 20.412640
72.830696 20.412640
72.830696 20.413195
72.830414 20.413195
72.830414 20.413473
72.830139 20.413471
72.830139 20.413750
72.829865 20.413750
72.829865 20.414305
72.829582 20.414301
72.829582 20.415421
72.829308 20.415421
72.829308 20.421247
72.829025 20.421247
72.829025 20.425694
72.828751 20.425695
72.828751 20.429583
72.828476 20.429581
72.828476 20.429861
72.828194 20.429861
72.828194 20.432083
72.828476 20.432081
72.828476 20.433748
72.828751 20.433748
72.828751 20.434311
72.829033 20.434311
72.829033 20.435141
72.829308 20.435141
72.829308 20.436253
72.829582 20.436253
72.829582 20.437084
72.829857 20.437080
72.829857 20.438751
72.830139 20.438749
72.830139 20.439585
72.830406 20.439583
72.830406 20.440420
72.830696 20.440416
72.830696 20.440971
72.830971 20.440969
72.830971 20.441530
72.831253 20.441528
72.831253 20.442083
72.831528 20.442080
72.831528 20.442640
72.831802 20.442638
72.831802 20.443472
72.832077 20.443470
72.832077 20.444031
72.832359 20.444031
72.832359 20.444860
72.832642 20.444860
72.832642 20.445972
72.832916 20.445971
72.832916 20.446251
72.833473 20.446251
72.833473 20.446527
72.833748 20.446527
72.833748 20.446806
72.834030 20.446800
72.834030 20.447359
72.834587 20.447359
72.834587 20.447920
72.834862 20.447916
72.834862 20.448195
72.835136 20.448191
72.835136 20.448751
72.835419 20.448751
72.835419 20.449032
72.835693 20.449030
72.835693 20.449862
72.835983 20.449862
72.835983 20.450142
72.836250 20.450142
72.836250 20.450420
72.836525 20.450417
72.836525 20.451250
72.836800 20.451250
72.836800 20.451530
72.837082 20.451530
72.837082 20.451811
72.837357 20.451811
72.837364 20.452360
72.837639 20.452360
72.837639 20.452641
72.837914 20.452639
72.837914 20.453194
72.838196 20.453194
72.838196 20.453472
72.838470 20.453470
72.838470 20.453751
72.839027 20.453751
72.839027 20.454031
72.839302 20.454031
72.839302 20.454309
72.839577 20.454309
72.839577 20.454861
72.840141 20.454861
72.840141 20.455141
72.840416 20.455141
72.840416 20.455420
72.840698 20.455420
72.840698 20.455700
72.840973 20.455694
72.840973 20.455973
72.841240 20.455971
72.841248 20.456251
72.841530 20.456249
72.841530 20.456348
72.841530 20.456530
72.841667 20.456528
72.841805 20.456528
72.841805 20.456699
72.841797 20.456810
72.841911 20.456806
72.842087 20.456804
72.842087 20.457083
72.842361 20.457081
72.842361 20.457361
72.842636 20.457361
72.842636 20.457750
72.842636 20.457920
72.842766 20.457916
72.842918 20.457916
72.842918 20.458195
72.843475 20.458195
72.843475 20.458471
72.844017 20.458469
72.844017 20.459028
72.844307 20.459026
72.844307 20.459305
72.844582 20.459305
72.844582 20.459583
72.845413 20.459583
72.845413 20.459862
72.845970 20.459862
72.845970 20.459583
72.846252 20.459579
72.846252 20.460138
72.846802 20.460138
72.846809 20.460421
72.847641 20.460421
72.847641 20.460699
72.847916 20.460695
72.847916 20.460972
72.848473 20.460970
72.848473 20.461248
72.849030 20.461248
72.849030 20.461531
72.849304 20.461527
72.849304 20.461805
72.849861 20.461805
72.849861 20.462084
72.850136 20.462078
72.850136 20.462641
72.850418 20.462641
72.850418 20.462921
72.851250 20.462917
72.851250 20.463194
72.851524 20.463194
72.851524 20.463472
72.852081 20.463472
72.852081 20.463194
72.852364 20.463194
72.852364 20.463472
72.852913 20.463472
72.852913 20.463753
72.853203 20.463753
72.853203 20.464031
72.853470 20.464027
72.853470 20.464581
72.853752 20.464581
72.853752 20.464870
72.854027 20.464870
72.854027 20.465139
72.854309 20.465139
72.854309 20.465694
72.855141 20.465694
72.855141 20.465975
72.855972 20.465975
72.855972 20.465694
72.856247 20.465694
72.856247 20.465416
72.856796 20.465420
72.856796 20.465139
72.857086 20.465139
72.857086 20.464870
72.858749 20.464870
72.858749 20.464581
72.859016 20.464581
72.859016 20.464870
72.859306 20.464870
72.859306 20.465420
72.859024 20.465416
72.859024 20.465694
72.858749 20.465694
72.858749 20.465975
72.858467 20.465973
72.858467 20.466810
72.858749 20.466806
72.858749 20.467085
72.859016 20.467081
72.859016 20.467640
72.859306 20.467640
72.859306 20.468201
72.859581 20.468201
72.859581 20.468750
72.859863 20.468750
72.859863 20.470421
72.860138 20.470415
72.860138 20.470961
>
70.888527 20.709763
70.888535 20.709032
70.887642 20.709028
70.887642 20.709307
70.885696 20.709307
70.885696 20.709583
70.885414 20.709583
70.885414 20.709307
70.884308 20.709307
70.884308 20.709583
70.880692 20.709583
70.880692 20.709307
70.876808 20.709307
70.876808 20.709028
70.874580 20.709028
70.874580 20.709307
70.874031 20.709307
70.874031 20.709583
70.873749 20.709583
70.873749 20.709829
70.883957 20.713810
70.887810 20.711142
70.888527 20.709763
>
70.948547 20.733742
70.962036 20.729210
70.962639 20.729382
70.962639 20.729031
70.962357 20.729031
70.962357 20.728470
70.962082 20.728472
70.962082 20.727917
70.961800 20.727921
70.961800 20.727079
70.961525 20.727083
70.961525 20.725973
70.961250 20.725973
70.961250 20.723194
70.961525 20.723194
70.961525 20.722639
70.961800 20.722641
70.961800 20.722361
70.962082 20.722361
70.962082 20.722080
70.962364 20.722086
70.962364 20.721806
70.962906 20.721809
70.962906 20.721531
70.963470 20.721531
70.963470 20.721809
70.963753 20.721809
70.963753 20.721531
70.964027 20.721531
70.964027 20.721809
70.965141 20.721806
70.965141 20.722086
70.965416 20.722080
70.965416 20.722919
70.963470 20.722918
70.963470 20.723194
70.962914 20.723194
70.962914 20.723473
70.962639 20.723471
70.962639 20.725140
70.962914 20.725140
70.962914 20.725695
70.963196 20.725695
70.963196 20.725973
70.963470 20.725971
70.963470 20.726528
70.963753 20.726526
70.963753 20.726805
70.964027 20.726805
70.964027 20.727083
70.964302 20.727083
70.964302 20.727362
70.964577 20.727360
70.964577 20.727638
70.964859 20.727638
70.964859 20.727921
70.965141 20.727921
70.965141 20.728201
70.965416 20.728195
70.965416 20.728472
70.967636 20.728472
70.967636 20.728195
70.968193 20.728201
70.968193 20.727921
70.969017 20.727921
70.969017 20.727638
70.970703 20.727638
70.970703 20.727079
70.971802 20.727083
70.971802 20.726805
70.972359 20.726805
70.972359 20.726526
70.972923 20.726528
70.972923 20.726250
70.973747 20.726250
70.973740 20.725971
70.974586 20.725973
70.974586 20.725695
70.975418 20.725695
70.975418 20.725416
70.975693 20.725418
70.975693 20.725140
70.975983 20.725140
70.975975 20.724861
70.976250 20.724861
70.976250 20.724310
70.976517 20.724310
70.976517 20.724030
70.976799 20.724030
70.976799 20.723751
70.977081 20.723751
70.977081 20.723190
70.977364 20.723194
70.977364 20.722918
70.977638 20.722919
70.977638 20.722641
70.977913 20.722641
70.977913 20.722361
70.978203 20.722361
70.978195 20.722086
70.978752 20.722086
70.978752 20.721806
70.979027 20.721809
70.979027 20.721531
70.979309 20.721531
70.979309 20.721251
70.979576 20.721251
70.979576 20.720690
70.979858 20.720694
70.979858 20.720417
70.981529 20.720421
70.981529 20.720140
70.982361 20.720140
70.982361 20.719860
70.983467 20.719860
70.983467 20.720140
70.985970 20.720140
70.985970 20.719860
70.986252 20.719864
70.986252 20.719584
70.986526 20.719584
70.986526 20.719305
70.987640 20.719311
70.987640 20.719030
70.989586 20.719030
70.989586 20.718752
70.990143 20.718752
70.990135 20.718473
70.990692 20.718473
70.990692 20.718195
70.990967 20.718201
70.990967 20.717920
70.991249 20.717920
70.991249 20.717360
70.991531 20.717360
70.991531 20.717081
70.992081 20.717081
70.992081 20.716806
70.993187 20.716810
70.993187 20.716532
70.994026 20.716532
70.994026 20.716249
70.997093 20.716249
70.997086 20.715973
70.997360 20.715973
70.997360 20.715694
70.997643 20.715694
70.997643 20.714420
70.997643 20.714027
70.997360 20.714031
70.997360 20.713470
70.997086 20.713472
70.997086 20.713194
70.996803 20.713194
70.996803 20.712917
70.996246 20.712921
70.996246 20.712360
70.995972 20.712360
70.995972 20.712080
70.995140 20.712084
70.995140 20.711805
70.994873 20.711811
70.994873 20.711250
70.994583 20.711250
70.994583 20.710970
70.994308 20.710972
70.994308 20.710695
70.993469 20.710701
70.993469 20.710421
70.992920 20.710421
70.992920 20.710140
70.991531 20.710140
70.991531 20.709860
70.990417 20.709862
70.990417 20.709307
70.990135 20.709307
70.990135 20.709028
70.989861 20.709030
70.989861 20.708750
70.989586 20.708750
70.989586 20.708460
70.989029 20.708460
70.989029 20.708750
70.988739 20.708750
70.988739 20.709030
70.988472 20.709028
70.988472 20.709307
70.987915 20.709307
70.987915 20.709583
70.986809 20.709583
70.986809 20.709307
70.985695 20.709307
70.985695 20.709028
70.985138 20.709030
70.985138 20.708460
70.984863 20.708471
70.984863 20.707916
70.984581 20.707920
70.984581 20.707640
70.983467 20.707640
70.983467 20.707361
70.982086 20.707361
70.982086 20.707083
70.981529 20.707085
70.981529 20.706806
70.980972 20.706810
70.980972 20.706530
70.980423 20.706530
70.980423 20.706251
70.980141 20.706251
70.980141 20.705973
70.979309 20.705973
70.979309 20.705694
70.979027 20.705694
70.979027 20.705418
70.978752 20.705420
70.978752 20.704580
70.978470 20.704584
70.978470 20.704306
70.978203 20.704309
70.978203 20.704033
70.977913 20.704033
70.977913 20.703753
70.977638 20.703753
70.977638 20.703470
70.977364 20.703470
70.977364 20.702051
70.977364 20.701805
70.977081 20.701811
70.977081 20.701530
70.976250 20.701530
70.976250 20.701811
70.975975 20.701805
70.975975 20.701971
70.975975 20.702084
70.975693 20.702080
70.975693 20.702921
70.975975 20.702917
70.975975 20.703194
70.976250 20.703190
70.976250 20.704033
70.974297 20.704033
70.974297 20.703753
70.972923 20.703753
70.972923 20.704033
70.972641 20.704027
70.972641 20.704584
70.972359 20.704584
70.972359 20.704306
70.972076 20.704309
70.972076 20.704033
70.971527 20.704033
70.971527 20.704309
70.970695 20.704306
70.970695 20.704584
70.970413 20.704580
70.970413 20.704863
70.969856 20.704863
70.969856 20.705420
70.970139 20.705416
70.970139 20.705694
70.970413 20.705690
70.970413 20.706810
70.970139 20.706806
70.970139 20.707085
70.967361 20.707085
70.967361 20.706806
70.966797 20.706810
70.966797 20.706530
70.966248 20.706530
70.966248 20.706251
70.965973 20.706251
70.965973 20.705973
70.965698 20.705973
70.965691 20.705694
70.965416 20.705694
70.965416 20.705418
70.964027 20.705418
70.964027 20.705694
70.962357 20.705690
70.962357 20.706251
70.961510 20.706251
70.961510 20.706530
70.960419 20.706530
70.960419 20.706810
70.960136 20.706810
70.960136 20.706251
70.959862 20.706251
70.959862 20.705973
70.959030 20.705973
70.959030 20.705694
70.957916 20.705694
70.957916 20.705418
70.957748 20.705416
70.957642 20.705420
70.957642 20.705141
70.957359 20.705141
70.957359 20.704863
70.956802 20.704863
70.956802 20.704580
70.956253 20.704584
70.956253 20.704306
70.955971 20.704309
70.955971 20.704033
70.955406 20.704033
70.955406 20.703753
70.951813 20.703753
70.951813 20.704033
70.950966 20.704033
70.950966 20.704309
70.950417 20.704306
70.950417 20.704584
70.949860 20.704580
70.949860 20.704863
70.948753 20.704863
70.948753 20.705141
70.947639 20.705141
70.947639 20.705420
70.945969 20.705418
70.945969 20.705694
70.943748 20.705694
70.943748 20.705973
70.943192 20.705973
70.943192 20.706251
70.942360 20.706251
70.942360 20.706530
70.941528 20.706530
70.941528 20.706810
70.940971 20.706806
70.940971 20.707085
70.939308 20.707083
70.939308 20.707361
70.939026 20.707361
70.939026 20.707640
70.938751 20.707640
70.938751 20.707920
70.938469 20.707916
70.938469 20.708195
70.937920 20.708191
70.937920 20.709030
70.937637 20.709028
70.937637 20.709307
70.937363 20.709307
70.937363 20.709583
70.937080 20.709583
70.937080 20.709862
70.936531 20.709860
70.936531 20.710140
70.935966 20.710140
70.935966 20.710421
70.935417 20.710421
70.935417 20.710701
70.934586 20.710695
70.934586 20.710972
70.932907 20.710970
70.932915 20.711250
70.931816 20.711250
70.931816 20.711531
70.929306 20.711531
70.929306 20.711811
70.925140 20.711811
70.925140 20.711531
70.923470 20.711531
70.923470 20.711250
70.922630 20.711250
70.922630 20.710970
70.921806 20.710972
70.921806 20.710695
70.920418 20.710701
70.920418 20.710421
70.919296 20.710421
70.919296 20.710140
70.918747 20.710140
70.918747 20.709860
70.918472 20.709862
70.918472 20.709583
70.917641 20.709583
70.917641 20.709307
70.917358 20.709307
70.917358 20.708750
70.917076 20.708750
70.917076 20.708460
70.916527 20.708471
70.916527 20.708195
70.916252 20.708195
70.916252 20.707640
70.915970 20.707640
70.915970 20.706530
70.915703 20.706530
70.915703 20.705690
70.915413 20.705694
70.915413 20.704863
70.915703 20.704863
70.915695 20.703470
70.915970 20.703470
70.915970 20.702639
70.916252 20.702650
70.916252 20.702358
70.918198 20.702358
70.918198 20.702080
70.917915 20.702084
70.917915 20.701530
70.917076 20.701530
70.917076 20.701248
70.916527 20.701248
70.916527 20.700970
70.915695 20.700972
70.915695 20.700695
70.915413 20.700701
70.915413 20.700420
70.915138 20.700420
70.915138 20.700138
70.914856 20.700138
70.914856 20.699860
70.914307 20.699862
70.914307 20.699583
70.914017 20.699591
70.914017 20.699030
70.912636 20.699030
70.912636 20.699310
70.911797 20.699310
70.911797 20.700420
70.911530 20.700417
70.911530 20.701521
70.911530 20.701811
70.910637 20.701811
70.910141 20.701811
70.910141 20.701530
70.909859 20.701530
70.909859 20.700970
70.909302 20.700972
70.909302 20.700695
70.907646 20.700701
70.907646 20.700420
70.907356 20.700420
70.907356 20.700701
70.906250 20.700701
70.906250 20.700420
70.905136 20.700420
70.905136 20.700138
70.903473 20.700138
70.903473 20.699860
70.902641 20.699862
70.902641 20.699583
70.901520 20.699591
70.901520 20.699310
70.901253 20.699310
70.901253 20.699030
70.900139 20.699030
70.900139 20.698750
70.899307 20.698750
70.899307 20.699030
70.899017 20.699030
70.899017 20.699310
70.898750 20.699310
70.898750 20.699591
70.898476 20.699583
70.898476 20.699862
70.897919 20.699860
70.897919 20.700138
70.897362 20.700138
70.897362 20.700420
70.897087 20.700417
70.897087 20.700972
70.897362 20.700970
70.897362 20.701248
70.897636 20.701248
70.897636 20.702084
70.897919 20.702080
70.897919 20.703753
70.897636 20.703753
70.897636 20.704309
70.897362 20.704309
70.897362 20.704863
70.896530 20.704863
70.896530 20.705141
70.896248 20.705139
70.896248 20.705694
70.895973 20.705694
70.895973 20.705973
70.895767 20.705973
70.895416 20.705973
70.895416 20.706251
70.895142 20.706251
70.895142 20.706530
70.894859 20.706530
70.894859 20.706810
70.894585 20.706806
70.894585 20.707085
70.894302 20.707083
70.894302 20.707361
70.893753 20.707361
70.893753 20.707640
70.892906 20.707640
70.892906 20.707920
70.892082 20.707916
70.892082 20.708191
70.892960 20.713020
70.896896 20.720001
70.899651 20.723890
70.904877 20.726528
70.920937 20.728910
70.929657 20.731920
70.934036 20.735950
70.938896 20.736488
70.948547 20.733742
>
70.768028 20.961960
70.771027 20.960930
70.773033 20.961170
70.776787 20.968510
70.779266 20.967010
70.783806 20.962210
70.789177 20.959908
70.793533 20.959450
70.803337 20.960161
70.807892 20.964439
70.816612 20.960011
70.821541 20.959730
70.824989 20.960402
70.827606 20.965271
70.832771 20.968531
70.838303 20.970060
70.846016 20.970551
70.849411 20.966820
70.851303 20.963131
70.855049 20.961250
70.862099 20.960791
70.869110 20.957090
70.880203 20.955379
70.886986 20.945210
70.889687 20.935850
70.892418 20.929981
70.901611 20.903330
70.902786 20.897200
70.900238 20.885700
70.897057 20.882240
70.884346 20.873240
70.875137 20.868910
70.865196 20.865381
70.846428 20.860580
70.840530 20.857780
70.825836 20.858940
70.819748 20.857710
70.816963 20.851200
70.820213 20.849161
70.829018 20.848881
70.836243 20.847771
70.838120 20.844280
70.837921 20.836639
70.841660 20.832392
70.850281 20.831503
70.873039 20.834970
70.883339 20.835348
70.890556 20.832930
70.896179 20.824793
70.897247 20.816191
70.895973 20.804390
70.893852 20.794701
70.882957 20.792820
70.876488 20.788811
70.867416 20.795050
70.864853 20.790043
70.862900 20.781761
70.864479 20.773533
70.867210 20.769470
70.867287 20.764631
70.863716 20.763660
70.848999 20.765638
70.846153 20.764940
70.844841 20.764118
70.843582 20.760389
70.854401 20.753731
70.854416 20.753471
70.853752 20.753469
70.853752 20.753759
70.853470 20.753759
70.853470 20.754028
70.852913 20.754028
70.852913 20.753191
70.853195 20.753195
70.853195 20.752916
70.853470 20.752918
70.853470 20.752640
70.853752 20.752640
70.853752 20.752359
70.854309 20.752361
70.854309 20.752083
70.854561 20.752083
70.854652 20.751251
70.854340 20.750031
70.850983 20.744541
70.840073 20.730261
70.840347 20.728451
70.844566 20.726339
70.845070 20.724760
70.845207 20.723520
70.846649 20.722870
70.849831 20.723921
70.855301 20.724901
70.858803 20.723841
70.861542 20.723593
70.861641 20.724609
70.861893 20.725531
70.865303 20.727041
70.866280 20.725922
70.866943 20.721741
70.870407 20.718719
70.870415 20.715416
70.870140 20.715422
70.870140 20.714861
70.869308 20.714861
70.869308 20.714588
70.868752 20.714588
70.868752 20.714031
70.868477 20.714031
70.868477 20.713751
70.868187 20.713751
70.868187 20.713190
70.867920 20.713194
70.867920 20.712639
70.868477 20.712641
70.868477 20.711531
70.869026 20.711531
70.869026 20.711250
70.868752 20.711250
70.868752 20.710701
70.869026 20.710701
70.869026 20.708750
70.868752 20.708750
70.868752 20.707361
70.869026 20.707361
70.869026 20.706251
70.869308 20.706251
70.869308 20.705973
70.872086 20.705973
70.872086 20.705694
70.873749 20.705694
70.873749 20.705416
70.874031 20.705420
70.874031 20.705132
70.874031 20.704863
70.873749 20.704863
70.873749 20.704580
70.872917 20.704584
70.872917 20.704306
70.872643 20.704309
70.872643 20.704033
70.870140 20.704033
70.870140 20.703753
70.867920 20.703753
70.867920 20.704033
70.867081 20.704033
70.867081 20.704309
70.866531 20.704306
70.866531 20.704584
70.866249 20.704580
70.866249 20.704863
70.865410 20.704863
70.865410 20.705141
70.864861 20.705141
70.864861 20.705420
70.863747 20.705418
70.863747 20.705694
70.861526 20.705694
70.861526 20.705973
70.858749 20.705973
70.858749 20.706251
70.858192 20.706251
70.858192 20.706530
70.857361 20.706530
70.857361 20.706810
70.856804 20.706806
70.856804 20.707085
70.856529 20.707085
70.856537 20.707640
70.856247 20.707640
70.856247 20.707920
70.854858 20.707916
70.854858 20.708195
70.851250 20.708195
70.851250 20.707916
70.849586 20.707920
70.849586 20.707640
70.847351 20.707640
70.847351 20.707361
70.844856 20.707361
70.844856 20.707150
70.844582 20.707083
70.844582 20.706806
70.843483 20.706810
70.843483 20.706530
70.842918 20.706530
70.842918 20.706251
70.842087 20.706251
70.842087 20.705973
70.841248 20.705973
70.841248 20.705694
70.840973 20.705694
70.840973 20.705418
70.840416 20.705420
70.840416 20.705141
70.839577 20.705141
70.839577 20.704863
70.839027 20.704863
70.839027 20.704580
70.838753 20.704584
70.838753 20.704306
70.838470 20.704309
70.838470 20.704033
70.838196 20.704033
70.838196 20.703753
70.837906 20.703753
70.837906 20.703470
70.837639 20.703470
70.837639 20.703194
70.836807 20.703194
70.836807 20.702917
70.836517 20.702921
70.836517 20.702650
70.836250 20.702650
70.836250 20.702080
70.835976 20.702084
70.835976 20.701530
70.835693 20.701530
70.835693 20.701248
70.835411 20.701248
70.835411 20.700970
70.835136 20.700972
70.835136 20.700695
70.834862 20.700701
70.834862 20.700138
70.834587 20.700138
70.834587 20.699591
70.834297 20.699591
70.834297 20.699310
70.834030 20.699310
70.834030 20.698750
70.834297 20.698750
70.834297 20.697639
70.834587 20.697639
70.834587 20.697330
70.834587 20.696527
70.834862 20.696527
70.834862 20.696251
70.835411 20.696251
70.835411 20.694580
70.835693 20.694586
70.835693 20.694027
70.835983 20.694031
70.835983 20.693201
70.836807 20.693201
70.836807 20.692921
70.837906 20.692921
70.837906 20.692640
70.838196 20.692640
70.838196 20.691801
70.838470 20.691805
70.838470 20.690416
70.838196 20.690420
70.838196 20.690142
70.837082 20.690142
70.837082 20.690420
70.836517 20.690420
70.836487 20.690142
70.836250 20.690142
70.836250 20.690250
70.836250 20.690420
70.835976 20.690416
70.835983 20.691252
70.834862 20.691252
70.834862 20.690969
70.833473 20.690969
70.833473 20.690695
70.831802 20.690695
70.831802 20.690969
70.829865 20.690969
70.829865 20.690695
70.829582 20.690695
70.829582 20.690416
70.829033 20.690420
70.829033 20.690142
70.827637 20.690142
70.827637 20.690420
70.825974 20.690416
70.825974 20.690695
70.825417 20.690695
70.825417 20.690969
70.824860 20.690969
70.824860 20.691252
70.823753 20.691252
70.823753 20.690969
70.822357 20.690969
70.822357 20.691252
70.821808 20.691252
70.821808 20.691530
70.821526 20.691528
70.821526 20.692364
70.821808 20.692362
70.821808 20.693201
70.821526 20.693195
70.821533 20.693750
70.820137 20.693750
70.820137 20.694031
70.819580 20.694031
70.819580 20.693750
70.819031 20.693750
70.819031 20.694031
70.818748 20.694031
70.818748 20.694311
70.818474 20.694305
70.818474 20.694586
70.818192 20.694580
70.818192 20.694860
70.817642 20.694860
70.817642 20.695141
70.817368 20.695141
70.817368 20.695421
70.817085 20.695417
70.817093 20.696251
70.816803 20.696251
70.816803 20.696527
70.816528 20.696520
70.816528 20.696810
70.815971 20.696804
70.815971 20.697083
70.815407 20.697081
70.815407 20.697361
70.815140 20.697361
70.815140 20.697639
70.814857 20.697639
70.814857 20.697920
70.814308 20.697918
70.814308 20.698195
70.814026 20.698195
70.814026 20.698473
70.813751 20.698471
70.813751 20.698750
70.812920 20.698750
70.812920 20.699030
70.812637 20.699030
70.812637 20.699310
70.812363 20.699310
70.812363 20.699591
70.812080 20.699583
70.812080 20.699862
70.811241 20.699860
70.811241 20.700138
70.809303 20.700138
70.809303 20.699860
70.809029 20.699862
70.809029 20.699583
70.808472 20.699583
70.808472 20.699862
70.807640 20.699860
70.807640 20.700138
70.807358 20.700138
70.807358 20.700701
70.807640 20.700695
70.807640 20.700972
70.810143 20.700970
70.810143 20.701248
70.810692 20.701248
70.810692 20.701530
70.811241 20.701530
70.811241 20.701248
70.812363 20.701248
70.812363 20.701530
70.814873 20.701530
70.815140 20.701530
70.815140 20.701811
70.815697 20.701811
70.815697 20.701530
70.817368 20.701530
70.817368 20.701811
70.820137 20.701811
70.820137 20.701530
70.820427 20.701530
70.820427 20.701248
70.820694 20.701248
70.820686 20.699860
70.820419 20.699862
70.820419 20.699583
70.820137 20.699591
70.820137 20.699310
70.819580 20.699310
70.819557 20.699030
70.819313 20.699030
70.819313 20.698191
70.820419 20.698195
70.820419 20.698473
70.824028 20.698473
70.824028 20.698195
70.825142 20.698195
70.825142 20.697918
70.825417 20.697920
70.825417 20.697639
70.825966 20.697639
70.825966 20.697361
70.827362 20.697361
70.827362 20.697920
70.827637 20.697920
70.827637 20.698750
70.827080 20.698750
70.827080 20.701530
70.827362 20.701530
70.827362 20.701811
70.827637 20.701811
70.827637 20.702650
70.827919 20.702650
70.827919 20.704309
70.828194 20.704306
70.828194 20.707085
70.828476 20.707085
70.828476 20.708471
70.828751 20.708471
70.828751 20.709307
70.828194 20.709307
70.828194 20.709583
70.827919 20.709579
70.827919 20.710140
70.827637 20.710140
70.827637 20.710421
70.827919 20.710417
70.827919 20.710972
70.827637 20.710970
70.827637 20.711250
70.827362 20.711250
70.827362 20.711531
70.827080 20.711527
70.827080 20.712084
70.826805 20.712084
70.826813 20.712360
70.824028 20.712360
70.824028 20.712641
70.823753 20.712641
70.823753 20.712921
70.823471 20.712917
70.823471 20.713194
70.821251 20.713194
70.821251 20.713472
70.820419 20.713472
70.820427 20.713751
70.819580 20.713751
70.819580 20.714031
70.819031 20.714031
70.819031 20.714310
70.817917 20.714310
70.817917 20.714588
70.817085 20.714582
70.817093 20.714861
70.815407 20.714861
70.815407 20.715141
70.815140 20.715141
70.815140 20.715422
70.815414 20.715416
70.815414 20.715694
70.815697 20.715694
70.815697 20.715973
70.815971 20.715969
70.815971 20.716532
70.816254 20.716530
70.816254 20.717081
70.816528 20.717081
70.816528 20.717360
70.816803 20.717360
70.816803 20.718473
70.816528 20.718470
70.816528 20.719030
70.815697 20.719030
70.815697 20.719311
70.814857 20.719311
70.814857 20.719030
70.814026 20.719030
70.814026 20.718752
70.813469 20.718752
70.813469 20.718470
70.813316 20.718473
70.813194 20.718473
70.813194 20.718195
70.812920 20.718201
70.812920 20.717649
70.812637 20.717649
70.812637 20.717079
70.812920 20.717081
70.812920 20.716249
70.813187 20.716249
70.813187 20.715969
70.813469 20.715973
70.813469 20.715141
70.813187 20.715141
70.813187 20.714861
70.810966 20.714861
70.810966 20.714588
70.810692 20.714588
70.810692 20.714310
70.810417 20.714310
70.810417 20.713751
70.810143 20.713751
70.810143 20.711811
70.809860 20.711811
70.809860 20.710970
70.809586 20.710972
70.809586 20.710695
70.809303 20.710701
70.809303 20.710421
70.809029 20.710421
70.809029 20.710140
70.808746 20.710140
70.808746 20.710421
70.808472 20.710421
70.808472 20.710701
70.806526 20.710701
70.806526 20.710421
70.805969 20.710421
70.805969 20.708750
70.806252 20.708750
70.806252 20.708460
70.806526 20.708471
70.806526 20.708195
70.805969 20.708195
70.805969 20.707361
70.805687 20.707361
70.805687 20.706530
70.805969 20.706530
70.805969 20.706251
70.806252 20.706251
70.806252 20.705973
70.806526 20.705973
70.806526 20.705811
70.806526 20.705694
70.806747 20.705694
70.807358 20.705694
70.807358 20.705416
70.808197 20.705420
70.808197 20.705141
70.808472 20.705141
70.808472 20.704863
70.810143 20.704863
70.810143 20.704580
70.810692 20.704584
70.810692 20.704306
70.810966 20.704309
70.810966 20.703753
70.810692 20.703753
70.810692 20.703470
70.810143 20.703470
70.810143 20.703194
70.809586 20.703194
70.809586 20.702917
70.809303 20.702921
70.809303 20.702650
70.809029 20.702650
70.809029 20.702358
70.807915 20.702360
70.807915 20.701805
70.807083 20.701805
70.807083 20.702084
70.806252 20.702084
70.806252 20.702360
70.805420 20.702360
70.805420 20.702084
70.804581 20.702084
70.804581 20.700695
70.803749 20.700695
70.803749 20.700972
70.803467 20.700970
70.803467 20.701248
70.803192 20.701248
70.803192 20.701530
70.802917 20.701530
70.802917 20.701811
70.802361 20.701805
70.802361 20.702084
70.801804 20.702084
70.801804 20.702360
70.801247 20.702358
70.801247 20.702921
70.800972 20.702917
70.800972 20.703194
70.800697 20.703194
70.800697 20.703470
70.800415 20.703470
70.800423 20.703753
70.799858 20.703753
70.799858 20.704033
70.799301 20.704033
70.799301 20.704309
70.799026 20.704306
70.799026 20.704584
70.798752 20.704580
70.798752 20.704863
70.798470 20.704863
70.798470 20.705141
70.797920 20.705141
70.797920 20.705420
70.797638 20.705418
70.797638 20.705694
70.797363 20.705694
70.797363 20.705973
70.797081 20.705973
70.797081 20.706251
70.796806 20.706251
70.796806 20.706530
70.796516 20.706530
70.796516 20.706810
70.796249 20.706806
70.796249 20.707085
70.795967 20.707083
70.795967 20.707361
70.795692 20.707361
70.795692 20.707920
70.795418 20.707916
70.795418 20.708195
70.795143 20.708191
70.795143 20.709030
70.794861 20.709028
70.794861 20.709307
70.794586 20.709307
70.794586 20.709583
70.794304 20.709583
70.794304 20.709862
70.794029 20.709860
70.794029 20.710421
70.793747 20.710417
70.793747 20.710972
70.793472 20.710970
70.793472 20.711250
70.793198 20.711250
70.793198 20.711531
70.792923 20.711531
70.792923 20.711811
70.792641 20.711805
70.792641 20.712084
70.792084 20.712084
70.792084 20.712360
70.791969 20.712360
70.790703 20.712360
70.790703 20.712641
70.788483 20.712641
70.788483 20.712921
70.786247 20.712917
70.786247 20.713194
70.785973 20.713190
70.785973 20.713751
70.785698 20.713751
70.785698 20.714027
70.785576 20.714027
70.784302 20.714031
70.784302 20.713751
70.783470 20.713751
70.783470 20.714031
70.782913 20.714031
70.782913 20.714310
70.782356 20.714310
70.782356 20.714588
70.779861 20.714588
70.779861 20.714861
70.779297 20.714861
70.779297 20.715141
70.778473 20.715141
70.778473 20.715422
70.777916 20.715416
70.777916 20.715694
70.777359 20.715694
70.777359 20.715811
70.777359 20.715973
70.776527 20.715969
70.776527 20.716249
70.776253 20.716249
70.776253 20.716532
70.773750 20.716532
70.773750 20.716810
70.773193 20.716806
70.773193 20.717081
70.772636 20.717081
70.772636 20.717360
70.772362 20.717360
70.772362 20.717649
70.771797 20.717649
70.771797 20.717920
70.771530 20.717920
70.771530 20.718201
70.771248 20.718195
70.771248 20.718473
70.770691 20.718470
70.770691 20.718752
70.769577 20.718752
70.769577 20.719030
70.769028 20.719030
70.769028 20.719311
70.768753 20.719305
70.768753 20.719584
70.768471 20.719584
70.768471 20.719864
70.768196 20.719860
70.768196 20.720140
70.767639 20.720140
70.767639 20.720421
70.767365 20.720417
70.767365 20.720694
70.766525 20.720694
70.766525 20.720972
70.766251 20.720970
70.766251 20.721251
70.764862 20.721251
70.764862 20.721531
70.762077 20.721531
70.762077 20.721809
70.760971 20.721806
70.760971 20.722086
70.760696 20.722086
70.760696 20.721806
70.760414 20.721806
70.760414 20.722086
70.759308 20.722080
70.759308 20.722361
70.758469 20.722361
70.758469 20.722641
70.756531 20.722641
70.756531 20.722361
70.755417 20.722361
70.755417 20.722080
70.755142 20.722086
70.755142 20.721806
70.754860 20.721809
70.754860 20.721531
70.753471 20.721531
70.753471 20.721260
70.752640 20.721251
70.752640 20.720970
70.752357 20.720972
70.752357 20.720694
70.751808 20.720694
70.751808 20.720417
70.750420 20.720421
70.750420 20.720140
70.749863 20.720140
70.749863 20.719860
70.749580 20.719864
70.749580 20.719584
70.749306 20.719584
70.749306 20.719305
70.747086 20.719305
70.747086 20.719584
70.746803 20.719584
70.746803 20.719864
70.746529 20.719860
70.746529 20.720140
70.745148 20.720140
70.745148 20.719860
70.744858 20.719860
70.744858 20.720140
70.744308 20.720140
70.744308 20.719860
70.743752 20.719860
70.743752 20.720140
70.743469 20.720140
70.743469 20.720421
70.743195 20.720417
70.743195 20.720694
70.742363 20.720694
70.742363 20.720972
70.742081 20.720972
70.742088 20.721251
70.741806 20.721251
70.741806 20.721531
70.740967 20.721531
70.740967 20.721809
70.740135 20.721806
70.740135 20.722086
70.739861 20.722080
70.739861 20.722361
70.739296 20.722361
70.739296 20.722641
70.738472 20.722641
70.738472 20.722919
70.737915 20.722918
70.737915 20.723194
70.737358 20.723194
70.737358 20.723473
70.736809 20.723471
70.736809 20.723751
70.736252 20.723751
70.736252 20.724030
70.735420 20.724030
70.735420 20.724310
70.735138 20.724310
70.735138 20.724861
70.734863 20.724861
70.734863 20.725140
70.734306 20.725140
70.734306 20.725418
70.734024 20.725416
70.734024 20.725695
70.733749 20.725695
70.733749 20.725973
70.733467 20.725971
70.733467 20.726250
70.733192 20.726250
70.733192 20.726528
70.732918 20.726526
70.732918 20.726805
70.732361 20.726805
70.732361 20.727083
70.731804 20.727083
70.731804 20.727362
70.731529 20.727360
70.731529 20.727638
70.730972 20.727638
70.730972 20.727921
70.730698 20.727921
70.730698 20.728201
70.730141 20.728195
70.730141 20.728472
70.728752 20.728470
70.728752 20.728748
70.728470 20.728748
70.728470 20.728470
70.728195 20.728472
70.728203 20.728748
70.727356 20.728748
70.727356 20.729031
70.726807 20.729031
70.726807 20.729309
70.726250 20.729309
70.726250 20.729589
70.724586 20.729589
70.724586 20.729858
70.724022 20.729858
70.724022 20.730143
70.723473 20.730143
70.723473 20.730421
70.723198 20.730417
70.723198 20.730694
70.722641 20.730694
70.722641 20.730970
70.722076 20.730970
70.722076 20.731253
70.721809 20.731253
70.721802 20.731531
70.720978 20.731531
70.720978 20.731810
70.719864 20.731806
70.719864 20.732084
70.719582 20.732080
70.719582 20.732363
70.719025 20.732363
70.719025 20.732639
70.718483 20.732632
70.718483 20.732920
70.717918 20.732916
70.717918 20.733194
70.717361 20.733194
70.717361 20.733475
70.716797 20.733473
70.716797 20.733749
70.716248 20.733749
70.716248 20.734030
70.715698 20.734030
70.715698 20.734310
70.714859 20.734306
70.714859 20.734585
70.714302 20.734585
70.714302 20.734861
70.714027 20.734859
70.714027 20.735140
70.713470 20.735140
70.713470 20.735420
70.713196 20.735416
70.713196 20.735695
70.712914 20.735695
70.712914 20.735971
70.712082 20.735970
70.712082 20.736250
70.711250 20.736250
70.711250 20.736530
70.710983 20.736530
70.710983 20.736811
70.710136 20.736807
70.710136 20.737083
70.709587 20.737083
70.709587 20.737362
70.709297 20.737360
70.709297 20.737640
70.708191 20.737640
70.708191 20.737921
70.707085 20.737917
70.707085 20.738194
70.705139 20.738194
70.705139 20.737917
70.703476 20.737917
70.703476 20.738190
70.703186 20.738201
70.703186 20.738758
70.702637 20.738758
70.702637 20.739031
70.702362 20.739031
70.702362 20.739311
70.702080 20.739305
70.702080 20.739584
70.701813 20.739580
70.701813 20.740141
70.701248 20.740141
70.701248 20.740417
70.700974 20.740417
70.700974 20.740694
70.700691 20.740690
70.700691 20.741249
70.700142 20.741249
70.700142 20.741528
70.699577 20.741528
70.699577 20.741819
70.699303 20.741806
70.699303 20.742083
70.699028 20.742081
70.699028 20.742359
70.698753 20.742359
70.698753 20.742641
70.698196 20.742641
70.698196 20.742922
70.697914 20.742916
70.697914 20.743195
70.697639 20.743195
70.697639 20.743471
70.697357 20.743469
70.697357 20.743752
70.696808 20.743752
70.696808 20.744032
70.696251 20.744028
70.696251 20.744305
70.695969 20.744305
70.695969 20.744864
70.695686 20.744860
70.695686 20.745140
70.695137 20.745140
70.695137 20.745420
70.694580 20.745420
70.694580 20.745701
70.694031 20.745695
70.694031 20.745974
70.693466 20.745970
70.693466 20.746250
70.693192 20.746250
70.693192 20.746531
70.692917 20.746531
70.692917 20.746811
70.692360 20.746805
70.692360 20.747084
70.691528 20.747080
70.691528 20.747360
70.690971 20.747360
70.690971 20.747639
70.689308 20.747631
70.689308 20.747921
70.688469 20.747917
70.688469 20.748196
70.687920 20.748196
70.687920 20.748472
70.687363 20.748470
70.687363 20.748751
70.686813 20.748751
70.686813 20.749031
70.686249 20.749031
70.686249 20.749310
70.685974 20.749306
70.685974 20.749584
70.685692 20.749580
70.685692 20.749861
70.685143 20.749861
70.685143 20.750141
70.684868 20.750141
70.684868 20.750420
70.684303 20.750420
70.684303 20.750700
70.684029 20.750694
70.684029 20.750973
70.683472 20.750971
70.683472 20.751251
70.683197 20.751251
70.683197 20.751530
70.682907 20.751530
70.682907 20.751810
70.682358 20.751806
70.682358 20.752083
70.682083 20.752081
70.682083 20.752640
70.681808 20.752640
70.681808 20.752918
70.681526 20.752916
70.681526 20.753195
70.681252 20.753195
70.681252 20.753382
70.681252 20.753471
70.680969 20.753469
70.680969 20.753759
70.680687 20.753759
70.680687 20.754028
70.680420 20.754028
70.680420 20.754305
70.680138 20.754305
70.680138 20.754583
70.679031 20.754583
70.679031 20.754862
70.678192 20.754860
70.678192 20.755138
70.677643 20.755138
70.677643 20.755421
70.677361 20.755421
70.677361 20.755699
70.677086 20.755695
70.677086 20.755972
70.676796 20.755968
70.676796 20.756248
70.676529 20.756248
70.676529 20.756531
70.676247 20.756527
70.676247 20.756805
70.675415 20.756805
70.675415 20.757084
70.675140 20.757080
70.675140 20.757362
70.674576 20.757362
70.674576 20.757643
70.674309 20.757641
70.674309 20.758192
70.674026 20.758190
70.674026 20.759310
70.674309 20.759310
70.674309 20.759863
70.674026 20.759863
70.674026 20.760139
70.673752 20.760139
70.673752 20.760975
70.673470 20.760975
70.673470 20.761801
70.673752 20.761806
70.673752 20.763472
70.676041 20.763281
70.677620 20.764841
70.678421 20.766380
70.676773 20.768641
70.675217 20.770470
70.676933 20.771509
70.682953 20.784130
70.684776 20.791800
70.681969 20.801111
70.677589 20.809431
70.676323 20.818821
70.678276 20.826300
70.677399 20.835161
70.679031 20.844040
70.684479 20.850969
70.694168 20.882961
70.702736 20.895010
70.713150 20.905630
70.717583 20.912130
70.717636 20.915951
70.719383 20.936951
70.721878 20.944159
70.730721 20.960140
70.738617 20.968700
70.740517 20.973980
70.740402 20.976830
70.734520 20.986010
70.733849 20.988440
70.735512 20.989832
70.741661 20.990101
70.746490 20.988970
70.755539 20.973841
70.762283 20.965582
70.768028 20.961960
