72.990463 20.292089
73.003571 20.293140
73.010483 20.292370
73.017288 20.290531
73.020493 20.290901
73.021797 20.292747
73.022171 20.297070
73.020569 20.302078
73.020538 20.307520
73.017601 20.315493
73.019836 20.317398
73.022263 20.315851
73.024696 20.312799
73.026962 20.303801
73.026520 20.294121
73.029793 20.292261
73.037270 20.290600
73.041977 20.290230
73.044167 20.291113
73.045860 20.292433
73.047577 20.304453
73.047676 20.316610
73.050476 20.322998
73.055122 20.325241
73.062042 20.325741
73.066681 20.326080
73.071510 20.327169
73.075256 20.329630
73.082733 20.329121
73.086288 20.326111
73.088631 20.326483
73.090897 20.326839
73.097412 20.335098
73.099167 20.339939
73.101326 20.356039
73.102127 20.358459
73.102531 20.359671
73.103386 20.360361
73.105423 20.360540
73.107376 20.360710
73.111382 20.356098
73.114250 20.352791
73.116386 20.347160
73.118011 20.342871
73.121460 20.336430
73.121956 20.332878
73.118881 20.326200
73.116508 20.312710
73.114403 20.310631
73.112869 20.304941
73.115662 20.304041
73.129128 20.305780
73.134293 20.305328
73.139313 20.309580
73.140152 20.314690
73.141792 20.317461
73.147316 20.316830
73.152420 20.317471
73.161400 20.317190
73.165520 20.315929
73.168381 20.313801
73.170738 20.310530
73.177101 20.312323
73.178017 20.310711
73.177536 20.309071
73.177109 20.307598
73.176987 20.300880
73.179543 20.289862
73.178879 20.286461
73.175789 20.284170
73.171951 20.282501
73.169098 20.282318
73.166801 20.283411
73.165413 20.287031
73.161293 20.291792
73.158203 20.290482
73.156258 20.287430
73.155197 20.285419
73.155136 20.282360
73.154251 20.279348
73.153557 20.277020
73.152542 20.276680
73.149872 20.280123
73.146957 20.281050
73.146286 20.280531
73.142708 20.275290
73.142601 20.268631
73.140953 20.265230
73.136848 20.260469
73.128036 20.258501
73.124580 20.256720
73.113312 20.244181
73.108521 20.238550
73.110466 20.232130
73.101929 20.228943
73.087547 20.233973
73.081879 20.232813
73.076859 20.229801
73.070366 20.221451
73.064240 20.203161
73.066628 20.197880
73.070313 20.197451
73.070480 20.197371
73.073036 20.196131
73.074356 20.192520
73.074226 20.177280
73.072449 20.163450
73.075531 20.160080
73.082443 20.156590
73.086487 20.157001
73.087906 20.165758
73.089912 20.170431
73.093483 20.173891
73.096161 20.174240
73.097908 20.173349
73.099487 20.172571
73.101830 20.164108
73.103340 20.161348
73.105141 20.159969
73.109100 20.159201
73.113029 20.158430
73.116798 20.158791
73.119743 20.159069
73.122597 20.157751
73.124947 20.156660
73.128029 20.157120
73.125557 20.161093
73.126060 20.163628
73.132607 20.167770
73.135826 20.172319
73.139473 20.173120
73.147026 20.171053
73.150070 20.172840
73.152382 20.176060
73.152130 20.179743
73.148399 20.185480
73.146027 20.187391
73.141571 20.201870
73.142181 20.204390
73.145752 20.206980
73.149818 20.205601
73.152237 20.203190
73.152847 20.202761
73.153641 20.202221
73.163513 20.201469
73.168953 20.199690
73.172981 20.201321
73.180176 20.208609
73.181137 20.202400
73.188538 20.200621
73.191330 20.198603
73.195869 20.197521
73.204407 20.198320
73.209930 20.197351
73.216156 20.192789
73.219368 20.190439
73.227783 20.187050
73.229156 20.184299
73.228333 20.180099
73.226730 20.176361
73.222099 20.171421
73.217751 20.168133
73.199242 20.161640
73.196098 20.156113
73.195328 20.150940
73.195976 20.139940
73.200691 20.129700
73.210953 20.123600
73.216316 20.122000
73.217743 20.106340
73.219116 20.097500
73.213936 20.090641
73.206917 20.083712
73.202896 20.081051
73.198036 20.077810
73.198906 20.062271
73.185867 20.052900
73.183800 20.052299
73.181442 20.051620
73.175392 20.058050
73.170227 20.065601
73.163300 20.073111
73.156746 20.073959
73.144493 20.077860
73.139542 20.084270
73.136696 20.085251
73.131401 20.079430
73.129677 20.078840
73.127739 20.078161
73.126122 20.078091
73.123131 20.077940
73.117546 20.078810
73.111832 20.083012
73.110382 20.084612
73.107941 20.087320
73.105171 20.087219
73.098450 20.093670
73.088318 20.094469
73.078232 20.095270
73.060638 20.099060
73.057991 20.096731
73.059212 20.067930
73.052811 20.067671
73.045273 20.071781
73.038528 20.078098
73.031776 20.084421
73.024681 20.096300
73.019547 20.105021
73.010208 20.110401
73.014992 20.124861
73.016670 20.130491
73.017021 20.132450
73.017479 20.134958
73.010513 20.140223
73.008759 20.137011
73.007637 20.132469
73.007713 20.129400
73.007782 20.126390
73.007278 20.124121
73.006653 20.121250
73.004311 20.117920
72.994186 20.113901
72.989243 20.113213
72.985321 20.113451
72.979630 20.125299
72.973228 20.130800
72.985962 20.157530
72.986237 20.162720
72.986687 20.171310
72.986038 20.176550
72.976196 20.180019
72.975922 20.189598
72.970428 20.212330
72.974373 20.214972
72.975433 20.219200
72.974487 20.225840
72.969627 20.233940
72.965347 20.237181
72.957787 20.241152
72.951469 20.243570
72.943672 20.244881
72.940849 20.246820
72.923752 20.268200
72.922310 20.274401
72.924591 20.278660
72.930336 20.283979
72.938110 20.288010
72.941422 20.292128
72.945976 20.293430
72.950783 20.292021
72.957497 20.287701
72.969780 20.274740
72.974487 20.271780
72.980057 20.270750
72.984093 20.271681
72.987793 20.274670
72.989471 20.277531
72.990463 20.292089
