>
76.8027572632	33.2366600037
76.8062973022	33.2362289429
76.8084564209	33.2423210144
76.8091659546	33.2443008423
76.8139419556	33.2474403381
76.817276001	33.248500824
76.8219223022	33.2483520508
76.8235473633	33.2478599548
76.8271713257	33.2467498779
76.8283462524	33.2463989258
76.8288726807	33.2425498962
76.8231964111	33.2373809814
76.817855835	33.2311401367
76.8130493164	33.2227210999
76.8110809326	33.215461731
76.8171615601	33.2122306824
76.8185882568	33.2055702209
76.8033065796	33.1938514709
76.8066101074	33.1847305298
76.8051757812	33.182258606
76.8004226685	33.1777992249
76.7981262207	33.1733016968
76.7992630005	33.1694602966
76.8020172119	33.1660308838
76.8014373779	33.1615409851
76.8034591675	33.1556892395
76.8094863892	33.1485519409
76.814956665	33.1461715698
76.8172531128	33.1420021057
76.8229675293	33.1412887573
76.8291702271	33.1377220154
76.828086853	33.1316795349
76.8374023438	33.1263885498
76.8341064453	33.1205596924
76.8391571045	33.1152992249
76.8444366455	33.1123008728
76.8525695801	33.1115493774
76.8604431152	33.1163787842
76.8686904907	33.1202201843
76.8771972656	33.114238739
76.8774185181	33.107219696
76.8847732544	33.0974388123
76.8943099976	33.0951385498
76.8949890137	33.09141922
76.8909301758	33.0845985413
76.8907470703	33.0807609558
76.8963928223	33.0758094788
76.8969421387	33.0709915161
76.9001159668	33.0641403198
76.9102478027	33.0502090454
76.9133224487	33.0442085266
76.9146118164	33.0388221741
76.9175109863	33.0336799622
76.9241485596	33.028968811
76.9326629639	33.0284500122
76.9483261108	33.0184898376
76.95677948	33.0167388916
76.9621276855	33.0139312744
76.9637069702	33.0100402832
76.9665222168	33.0072097778
76.9808273315	33.0014610291
76.9869384766	32.9959220886
76.9914703369	32.9928588867
76.9940185547	32.9922904968
76.9984664917	32.9895706177
77.0112380981	32.9932403564
77.0199203491	32.9917488098
77.0244216919	32.9969596863
77.0353164673	32.9996795654
77.0523757935	32.9908905029
77.0584716797	32.9860801697
77.0659332275	32.9855308533
77.0716705322	32.9762306213
77.0748977661	32.9733505249
77.0841827393	32.9736709595
77.0971221924	32.9775810242
77.1031570435	32.9872016907
77.1123809814	32.9841308594
77.1200714111	32.982711792
77.1275024414	32.9838409424
77.136390686	32.9804611206
77.1358566284	32.9744491577
77.1343078613	32.9694900513
77.1355361938	32.964679718
77.1352767944	32.9609413147
77.1363830566	32.9577713013
77.1461257935	32.9563903809
77.1461105347	32.9427719116
77.1487808228	32.9413795471
77.1485519409	32.9379119873
77.1469497681	32.9343795776
77.1507263184	32.9202308655
77.1461868286	32.9140205383
77.1574325562	32.9132385254
77.1604309082	32.9160804749
77.161567688	32.9211196899
77.1637268066	32.9251098633
77.1665802002	32.9280509949
77.1738586426	32.9311294556
77.1818008423	32.9154510498
77.1889572144	32.9100608826
77.204536438	32.9063720703
77.2179870605	32.8973121643
77.2282562256	32.8955688477
77.2293014526	32.8867988586
77.2274627686	32.8839302063
77.2240829468	32.8827018738
77.224822998	32.8800201416
77.2278289795	32.8769721985
77.2362670898	32.8722991943
77.23802948	32.8690109253
77.2388763428	32.8651618958
77.2475814819	32.8649291992
77.25831604	32.8763618469
77.2700958252	32.8664016724
77.2743377686	32.8597602844
77.2812805176	32.8556518555
77.2887420654	32.8526191711
77.297958374	32.8540115356
77.3051605225	32.8540496826
77.3125	32.8463096619
77.3108673096	32.8376693726
77.3165130615	32.829750061
77.3206558228	32.8281021118
77.3216171265	32.82239151
77.3278961182	32.8198814392
77.3359603882	32.8189086914
77.340461731	32.8205413818
77.3483963013	32.8212013245
77.3564758301	32.8252716064
77.3595504761	32.8381614685
77.3618469238	32.8426094055
77.3626708984	32.8465995789
77.3598098755	32.8516197205
77.3587188721	32.8563995361
77.3596801758	32.8595809937
77.363067627	32.8635292053
77.3712463379	32.8674201965
77.3793869019	32.8808288574
77.3874664307	32.8855209351
77.3954162598	32.8873291016
77.3973312378	32.8869895935
77.3991775513	32.8839302063
77.4031219482	32.8814506531
77.4101333618	32.8782196045
77.4177474976	32.8792114258
77.4257202148	32.8836708069
77.4312210083	32.8758201599
77.4322433472	32.8704490662
77.4361724854	32.8658905029
77.448348999	32.8616790771
77.4552230835	32.8617401123
77.4731826782	32.8787918091
77.4845504761	32.8865394592
77.4943466187	32.8815116882
77.5062332153	32.8830718994
77.5112915039	32.8854293823
77.5195617676	32.8873786926
77.5232009888	32.8897819519
77.5270004272	32.8922805786
77.5353164673	32.9022903442
77.5447158813	32.91173172
77.5494918823	32.9133605957
77.5538482666	32.9131088257
77.5696487427	32.921661377
77.5796661377	32.931678772
77.5809631348	32.9345016479
77.58152771	32.9392318726
77.5839233398	32.9438018799
77.5863723755	32.9398994446
77.5934371948	32.9415397644
77.6061477661	32.9424095154
77.610710144	32.9423103333
77.6129608154	32.9414100647
77.6172561646	32.9440002441
77.6233673096	32.9445419312
77.6384963989	32.9561386108
77.6433486938	32.9578514099
77.6498794556	32.9582901001
77.6533126831	32.959400177
77.6563720703	32.9659614563
77.6599884033	32.9689598083
77.6630783081	32.9759292603
77.6652069092	32.9860305786
77.6708602905	32.9862709045
77.6780014038	32.98072052
77.6794891357	32.9777793884
77.6908721924	32.9794197083
77.6950073242	32.9778213501
77.6967086792	32.9733505249
77.6998825073	32.969039917
77.7036895752	32.966129303
77.7083282471	32.9673194885
77.7124862671	32.9718017578
77.7231369019	32.9643592834
77.7273406982	32.9575500488
77.73412323	32.9503211975
77.7364196777	32.9478721619
77.7389526367	32.9472694397
77.7447891235	32.9458694458
77.747177124	32.9422111511
77.7474594116	32.9405097961
77.7476272583	32.9394187927
77.7509918213	32.9360313416
77.7595672607	32.9274101257
77.7780303955	32.9157791138
77.7817459106	32.910030365
77.7901687622	32.9054298401
77.7925033569	32.8980789185
77.7869873047	32.8916893005
77.7727432251	32.8909111023
77.7659759521	32.8802909851
77.761428833	32.8648300171
77.7677230835	32.8584709167
77.7757873535	32.8547019958
77.7808761597	32.8540992737
77.7877426147	32.8497619629
77.7918777466	32.8492698669
77.7989959717	32.8458404541
77.8082122803	32.8360404968
77.8143157959	32.8361701965
77.8188171387	32.8385314941
77.825088501	32.8398704529
77.8313827515	32.8350410461
77.8476028442	32.8284111023
77.8525466919	32.8251800537
77.8549728394	32.8211898804
77.8612670898	32.8161621094
77.8638305664	32.8114509583
77.8645477295	32.8065185547
77.8690032959	32.8003692627
77.8669662476	32.7902908325
77.8722457886	32.7862510681
77.8762969971	32.7800102234
77.880897522	32.7754096985
77.8874816895	32.7752609253
77.89087677	32.7745094299
77.8994979858	32.7753219604
77.9034957886	32.7728996277
77.9089279175	32.7721214294
77.9122772217	32.7671699524
77.9151306152	32.7660598755
77.9168930054	32.7627296448
77.917930603	32.7569198608
77.9171600342	32.7518806458
77.9144058228	32.7445411682
77.9143218994	32.7417793274
77.9118270874	32.7365112305
77.9156265259	32.7336921692
77.91847229	32.7307891846
77.9120330811	32.725769043
77.9094390869	32.7213897705
77.9084777832	32.7163887024
77.9062576294	32.712348938
77.9056625366	32.7035903931
77.9023971558	32.6984100342
77.9032516479	32.6930999756
77.9109725952	32.6881790161
77.920211792	32.6795120239
77.9262084961	32.666809082
77.9271621704	32.6626205444
77.9322967529	32.6562004089
77.938911438	32.648021698
77.9464797974	32.6427307129
77.9526596069	32.6403999329
77.9551010132	32.6348190308
77.954246521	32.6259613037
77.9594726563	32.6207389832
77.9622268677	32.6138000488
77.9678497314	32.6079788208
77.9749526978	32.596370697
77.9766998291	32.5919418335
77.9825592041	32.5865287781
77.9870529175	32.5881996155
78.0174331665	32.5870285034
78.0274429321	32.5886497498
78.0357971191	32.5919494629
78.0416107178	32.5992393494
78.0414657593	32.6053009033
78.0367584229	32.6108589172
78.0344314575	32.615650177
78.0324401855	32.6283912659
78.0327377319	32.6337509155
78.0338973999	32.6356086731
78.0440979004	32.6288414001
78.0590133667	32.6245803833
78.0653305054	32.6242790222
78.0674591064	32.6256217957
78.0729370117	32.6444015503
78.0790023804	32.6527900696
78.0885162354	32.6598320007
78.0933761597	32.6621513367
78.0992660522	32.6599693298
78.1069869995	32.6497421265
78.1161575317	32.6424102783
78.1214981079	32.6423492432
78.126663208	32.6491012573
78.1306610107	32.6600608826
78.1360015869	32.6703186035
78.1444473267	32.6766014099
78.1525421143	32.679019928
78.158416748	32.6791305542
78.1704788208	32.6772117615
78.1795120239	32.6704101563
78.1839523315	32.6638717651
78.1949920654	32.6673316956
78.2016372681	32.6651992798
78.2129364014	32.6691894531
78.2249679565	32.6755599976
78.2332611084	32.6837005615
78.2365875244	32.6946716309
78.2591171265	32.7029190063
78.2727432251	32.7029304504
78.284866333	32.70677948
78.2957229614	32.7128105164
78.2985610962	32.7197418213
78.2981109619	32.7248306274
78.2946166992	32.7316093445
78.2876586914	32.7378311157
78.313949585	32.7489814758
78.3447418213	32.7634315491
78.3642807007	32.7629814148
78.3713531494	32.7618293762
78.3727722168	32.7601509094
78.3707427979	32.7458496094
78.3712158203	32.7336997986
78.3749465942	32.7226486206
78.377822876	32.7193107605
78.3675689697	32.6995201111
78.3636779785	32.6855316162
78.3631515503	32.6719894409
78.3709259033	32.6381607056
78.3759078979	32.629611969
78.3888168335	32.6232299805
78.3770675659	32.6148796082
78.3406219482	32.5930595398
78.3317565918	32.5848693848
78.3179931641	32.5802116394
78.3023681641	32.5787010193
78.29662323	32.5775108337
78.2991714478	32.5292701721
78.2950363159	32.5224609375
78.2785186768	32.5079307556
78.3062362671	32.4777488708
78.3104095459	32.4759292603
78.3563613892	32.5126609802
78.3766860962	32.5260505676
78.3824310303	32.5296516418
78.3943862915	32.5285301208
78.3979187012	32.5270690918
78.3990631104	32.5263710022
78.4002532959	32.5236816406
78.4014129639	32.5181808472
78.4052581787	32.51512146
78.4052276611	32.5142288208
78.4089202881	32.5127105713
78.4091720581	32.5120201111
78.4107589722	32.5117416382
78.4149780273	32.5110015869
78.416519165	32.5111503601
78.4256591797	32.5120315552
78.4316864014	32.5102806091
78.4355773926	32.5077400208
78.4363708496	32.5070610046
78.4383926392	32.5053520203
78.4399871826	32.503200531
78.4406433105	32.500541687
78.4435272217	32.4993019104
78.4450378418	32.4979095459
78.4476394653	32.4924087524
78.4487228394	32.4901390076
78.448677063	32.4892196655
78.448348999	32.4871902466
78.4479522705	32.4863586426
78.4457702637	32.4820785522
78.4432754517	32.4794616699
78.4415969849	32.4776992798
78.4410095215	32.4767799377
78.4373321533	32.4710617065
78.435798645	32.4660606384
78.4354324341	32.4625701904
78.4366226196	32.4593696594
78.4371414185	32.4591217041
78.4371032715	32.4580001831
78.4381484985	32.4570503235
78.4381103516	32.4563903809
78.4414978027	32.4547119141
78.4431533813	32.4543113708
78.4459991455	32.4535102844
78.4547424316	32.4505500793
78.4619903564	32.4479789734
78.4661178589	32.4451599121
78.4668197632	32.4431114197
78.4676132202	32.4428520203
78.468170166	32.4428291321
78.4681396484	32.4423789978
78.4686813354	32.4421310425
78.4708709717	32.4373397827
78.4710235596	32.4372711182
78.4713592529	32.4371185303
78.4719085693	32.436870575
78.4729995728	32.4329185486
78.4736022949	32.4325294495
78.4748687744	32.4311408997
78.4750976563	32.430229187
78.4766387939	32.4290504456
78.4765930176	32.4274787903
78.4779129028	32.426738739
78.4781417847	32.4258613586
78.4836730957	32.4250106812
78.4873275757	32.4252586365
78.5025863647	32.4262199402
78.5115127563	32.42370224
78.5144500732	32.4219398499
78.5187606812	32.4184989929
78.5172195435	32.4131393433
78.5166625977	32.4124984741
78.504989624	32.4029312134
78.503868103	32.4018211365
78.5021133423	32.4005088806
78.5017166138	32.4000587463
78.4976272583	32.3952407837
78.495880127	32.3907699585
78.4939727783	32.3773117065
78.4917221069	32.373298645
78.4850387573	32.36769104
78.4840316772	32.366859436
78.4829177856	32.3658790588
78.4773101807	32.3629150391
78.4679870605	32.3579902649
78.4646072388	32.3531608582
78.4640731812	32.352230072
78.4628829956	32.349571228
78.4612960815	32.3429603577
78.4606933594	32.3372192383
78.4612426758	32.3370018005
78.4646530151	32.320640564
78.4653320312	32.3123092651
78.4669799805	32.2919006348
78.4661560059	32.2840194702
78.4643173218	32.2777786255
78.4627304077	32.2761306763
78.4591522217	32.2707099915
78.458442688	32.2691497803
78.4564971924	32.2678489685
78.4539718628	32.2640914917
78.452911377	32.2636413574
78.4508361816	32.2618904114
78.4505310059	32.261428833
78.4483566284	32.2582397461
78.4471817017	32.2571220398
78.4454421997	32.2557601929
78.4450302124	32.2553596497
78.4416809082	32.2518310547
78.44090271	32.2516212463
78.4394226074	32.2482719421
78.4392089844	32.2464599609
78.4467391968	32.2458000183
78.4479064941	32.2456893921
78.4590682983	32.2454414368
78.4601364136	32.2451820374
78.4641189575	32.2459602356
78.4776000977	32.2439231873
78.4828491211	32.2431297302
78.5015411377	32.2457199097
78.5058822632	32.2478408813
78.5138931274	32.2494316101
78.5202407837	32.2501296997
78.5207595825	32.2501792908
78.5237426758	32.2504501343
78.535697937	32.2498207092
78.5394210815	32.2499809265
78.5430831909	32.2487411499
78.5622329712	32.2373199463
78.573928833	32.2313308716
78.5929107666	32.2186698914
78.5933990479	32.2177505493
78.5943069458	32.2171287537
78.5950927734	32.2166786194
78.595161438	32.2157592773
78.5951309204	32.211479187
78.5911178589	32.2039413452
78.5904998779	32.1976318359
78.5912628174	32.1973800659
78.5942001343	32.1884803772
78.5936965942	32.1824188232
78.5922698975	32.1799621582
78.5895080566	32.1739616394
78.588760376	32.1715011597
78.585319519	32.1689491272
78.5840988159	32.1684799194
78.5780258179	32.1655311584
78.5778427124	32.1650810242
78.5772857666	32.1650810242
78.5745773315	32.1615409851
78.5743103027	32.158618927
78.5746765137	32.1577301025
78.5757217407	32.1576805115
78.5762329102	32.1565513611
78.5796890259	32.1544685364
78.5883026123	32.1473693848
78.5887832642	32.1459884644
78.5895309448	32.1455497742
78.5899429321	32.1423492432
78.591217041	32.1411705017
78.5924987793	32.1400108337
78.5942077637	32.1356697083
78.5944824219	32.1318893433
78.5963287354	32.1234092712
78.5971374512	32.1229515076
78.5973358154	32.1220321655
78.5992889404	32.1209106445
78.5994720459	32.120349884
78.6062088013	32.1174888611
78.6101531982	32.1177902222
78.6159362793	32.1158103943
78.6164627075	32.1160202026
78.6170959473	32.1162185669
78.628616333	32.1149520874
78.6396102905	32.112121582
78.6478729248	32.107131958
78.648399353	32.1064300537
78.6490020752	32.1053009033
78.6496505737	32.0987091064
78.6510620117	32.0933494568
78.6524124146	32.0882606506
78.6567230225	32.0838317871
78.657409668	32.0813217163
78.6579666138	32.0808792114
78.6597671509	32.0794715881
78.6598510742	32.0790100098
78.6607971191	32.0782814026
78.6743774414	32.069278717
78.6808013916	32.0638504028
78.6813201904	32.0634307861
78.6820526123	32.0622406006
78.6825561523	32.0608901978
78.6848297119	32.0585708618
78.6861114502	32.0576286316
78.6876068115	32.0533599854
78.6881408691	32.0531311035
78.6888275146	32.052570343
78.6894073486	32.0509719849
78.6901168823	32.0457305908
78.6907653809	32.0452308655
78.6934432983	32.0431594849
78.6939468384	32.0427093506
78.6939163208	32.0417900085
78.6954879761	32.0413093567
78.695930481	32.0399093628
78.6969680786	32.0392189026
78.6974716187	32.0387420654
78.7051773071	32.0336990356
78.705406189	32.0330696106
78.7119293213	32.0292701721
78.7169113159	32.0252494812
78.7171401978	32.0246009827
78.7225875854	32.0204086304
78.7228393555	32.0197601318
78.725479126	32.0175209045
78.7259368896	32.0162696838
78.7268829346	32.0132102966
78.7276611328	32.0129585266
78.7280883789	32.0126457214
78.7289428711	32.0120201111
78.7291564941	32.011100769
78.7296981812	32.0108795166
78.730178833	32.0095100403
78.730140686	32.0088195801
78.7311782837	32.0083312988
78.7314071655	32.007648468
78.7370681763	32.0040817261
78.7394866943	32.0044708252
78.7505569458	32.0036392212
78.7531433105	32.0030288696
78.760559082	32.0012321472
78.7683792114	31.9998912811
78.7699508667	31.9993896484
78.7710266113	31.9998111725
78.7709960938	31.9964199066
78.7705764771	31.9949417114
78.7703933716	31.9945106506
78.7691879272	31.9913196564
78.7610626221	31.9637794495
78.7575073242	31.9546585083
78.7560806274	31.9502887726
78.7525863647	31.9395694733
78.7502670288	31.9346504211
78.7454071045	31.9250411987
78.740272522	31.9199790955
78.7395324707	31.9197998047
78.7375106812	31.9174003601
78.7359695435	31.9160518646
78.735206604	31.9158496857
78.7349014282	31.9151306152
78.7345428467	31.9147605896
78.7327575684	31.9130306244
78.7323532104	31.9096298218
78.7312774658	31.9088897705
78.7301559448	31.9081497192
78.7294464111	31.9065895081
78.7292709351	31.9057102203
78.731048584	31.904302597
78.7313766479	31.9029312134
78.7315979004	31.8981800079
78.7283782959	31.8900127411
78.727645874	31.8894805908
78.7272033691	31.8886508942
78.7247619629	31.8850002289
78.7245025635	31.8843326569
78.724357605	31.8839607239
78.7240982056	31.8832798004
78.7237701416	31.8815002441
78.724029541	31.875169754
78.7233963013	31.8469810486
78.7219390869	31.8379898071
78.721786499	31.8373298645
78.7205276489	31.8353309631
78.7196960449	31.8349208832
78.7183532715	31.8342628479
78.7037887573	31.8268299103
78.7020568848	31.8257694244
78.701499939	31.8257904053
78.7013473511	31.8253307343
78.700958252	31.82447052
78.7004165649	31.8244991302
78.6946868896	31.8171901703
78.6929702759	31.8143196106
78.6924285889	31.8126411438
78.6908111572	31.8067207336
78.6912078857	31.7969284058
78.6913528442	31.7933502197
78.6932220459	31.786529541
78.693862915	31.7859382629
78.6942977905	31.7837505341
78.6962661743	31.7787818909
78.6970367432	31.7780666351
78.7008361816	31.7745399475
78.7018432617	31.7736206055
78.7033233643	31.7704086304
78.7138366699	31.7673931122
78.7155532837	31.7669029236
78.7218322754	31.7650680542
78.7246627808	31.7638607025
78.7240219116	31.7600517273
78.7198562622	31.7563648224
78.7168884277	31.7537403107
78.7162780762	31.7525405884
78.7151489258	31.7503299713
78.7141571045	31.7492408752
78.711769104	31.7448596954
78.7113418579	31.7412624359
78.7118759155	31.7410392761
78.7123794556	31.7407894135
78.7125930786	31.7389602661
78.7133407593	31.7385101318
78.7140960693	31.73802948
78.7143096924	31.7366504669
78.7184524536	31.7345027924
78.7200775146	31.7319602966
78.7206192017	31.7319507599
78.7214660645	31.7303295135
78.7231063843	31.7254428864
78.7236785889	31.723739624
78.7256774902	31.7178001404
78.7286071777	31.7023601532
78.7319564819	31.6977100372
78.7332458496	31.6959705353
78.7343978882	31.6919803619
78.7351531982	31.6915302277
78.7352828979	31.6909408569
78.7360610962	31.6904602051
78.7399597168	31.6880397797
78.7475280762	31.6851005554
78.7484359741	31.6851406097
78.7499008179	31.684720993
78.7521133423	31.68491745
78.7536087036	31.6850509644
78.7546386719	31.6847896576
78.7648162842	31.686170578
78.7713928223	31.687871933
78.7731628418	31.6884117126
78.7796478271	31.6898403168
78.7802200317	31.6875610352
78.7806549072	31.6756324768
78.7807312012	31.6735076904
78.7807617188	31.672662735
78.7842330933	31.6612625122
78.786026001	31.6598300934
78.7865066528	31.6584606171
78.7867431641	31.6575508118
78.7874984741	31.6570701599
78.789276123	31.6547603607
78.792350769	31.6522102356
78.7930526733	31.6511306763
78.7945861816	31.6503181458
78.7945785522	31.6498699188
78.7953491211	31.6491584778
78.8089065552	31.6399116516
78.809677124	31.6395702362
78.816696167	31.6364803314
78.8198699951	31.6337909698
78.8236465454	31.6307106018
78.8240509033	31.6303825378
78.824836731	31.6293506622
78.8268890381	31.6279907227
78.8272476196	31.6273097992
78.82762146	31.626581192
78.8275985718	31.6256904602
78.8283233643	31.6250705719
78.8285217285	31.6246795654
78.8306427002	31.6204509735
78.8311767578	31.6198825836
78.8310928345	31.6152610779
78.8275604248	31.6072292328
78.82447052	31.6028118134
78.8237915039	31.602388382
78.822807312	31.6006202698
78.8189315796	31.597530365
78.8179473877	31.5962104797
78.8150100708	31.5936508179
78.813949585	31.5932598114
78.8129730225	31.5921592712
78.81224823	31.5908298492
78.8109970093	31.5890483856
78.8102722168	31.5883903503
78.8094863892	31.5881900787
78.8091812134	31.587469101
78.8051300049	31.583240509
78.7972869873	31.5761528015
78.7913665771	31.5736484528
78.7847518921	31.571390152
78.768119812	31.5657405853
78.7680892944	31.5650596619
78.7637405396	31.5621395111
78.7611923218	31.5575027466
78.757598877	31.553560257
78.7500076294	31.5488300323
78.7465820313	31.5477199554
78.7300872803	31.5442695618
78.7212600708	31.5409507751
78.7191619873	31.5367507935
78.7171630859	31.5304698944
78.7164459229	31.529920578
78.7156295776	31.529750824
78.7153396606	31.5290794373
78.7086868286	31.5239696503
78.7067718506	31.5211029053
78.7066421509	31.5183925629
78.7080764771	31.5149497986
78.7151489258	31.507730484
78.7160568237	31.503868103
78.7160491943	31.4871711731
78.716583252	31.4848823547
78.7191772461	31.4841194153
78.7235794067	31.4859542847
78.7237625122	31.4860305786
78.7290115356	31.4871368408
78.7441864014	31.4903297424
78.7468032837	31.4904594421
78.7481460571	31.4908790588
78.7489318848	31.4906196594
78.7515029907	31.4889411926
78.7545928955	31.48072052
78.7604827881	31.476480484
78.7612228394	31.4757728577
78.7612075806	31.4752197266
78.7611923218	31.4748725891
78.762298584	31.4742546082
78.7655715942	31.4724311829
78.7661132812	31.4721298218
78.7663574219	31.4714412689
78.7681808472	31.4709396362
78.7714767456	31.4691429138
78.7730484009	31.4675102234
78.7741928101	31.4662094116
78.7790985107	31.463010788
78.7801818848	31.461971283
78.7924575806	31.4553508759
78.7954788208	31.4527626038
78.7969360352	31.4490890503
78.7972717285	31.4445896149
78.7960128784	31.4396419525
78.7957992554	31.4344711304
78.7956390381	31.430639267
78.7924804688	31.4178581238
78.7897262573	31.4154701233
78.7835769653	31.4129600525
78.7824249268	31.4122486115
78.7818527222	31.4118900299
78.7816696167	31.4109897614
78.7811279297	31.4105415344
78.7764816284	31.4066581726
78.7760391235	31.4023780823
78.7763290405	31.4015464783
78.7764358521	31.4012298584
78.7778396606	31.40143013
78.7820205688	31.4003791809
78.7945022583	31.3965396881
78.8017272949	31.3938407898
78.8079605103	31.3922996521
78.8112869263	31.3908195496
78.8167190552	31.3884105682
78.8210372925	31.3841896057
78.8210220337	31.3832912445
78.8266830444	31.3810710907
78.8272171021	31.381280899
78.8301315308	31.3755302429
78.8342285156	31.3724708557
78.8347702026	31.3711490631
78.8347473145	31.3704681396
78.8357772827	31.3693904877
78.8375701904	31.364440918
78.8380584717	31.3642311096
78.8402862549	31.3544406891
78.8401489258	31.3506011963
78.8377532959	31.3450298309
78.831741333	31.3389205933
78.8287124634	31.3324604034
78.8290100098	31.3302001953
78.8334732056	31.3291110992
78.8350601196	31.3293018341
78.8378829956	31.3287601471
78.8386764526	31.3284015656
78.8400802612	31.3276996613
78.8455581665	31.3241710663
78.8483810425	31.3223400116
78.8493728638	31.3209629059
78.8506393433	31.3200206757
78.8506011963	31.3190994263
78.8516159058	31.3183994293
78.8521194458	31.3179302216
78.8534011841	31.3169803619
78.8533630371	31.3160705566
78.8538970947	31.3160610199
78.8582458496	31.3129806519
78.8603515625	31.3091316223
78.8608169556	31.3082809448
78.8613586426	31.308259964
78.8614273071	31.3076610565
78.8641967773	31.3053302765
78.8646392822	31.3043212891
78.864692688	31.3037204742
78.8674697876	31.3013782501
78.8700561523	31.2913684845
78.8705825806	31.2911205292
78.8710174561	31.2895126343
78.8715286255	31.289270401
78.8783416748	31.2728729248
78.8788604736	31.2726306915
78.8795394897	31.2707195282
78.8849563599	31.2667999268
78.8854217529	31.2664604187
78.8895568848	31.265171051
78.9008255005	31.2612800598
78.9068832397	31.2591896057
78.9058532715	31.2501811981
78.9099121094	31.2338886261
78.9156494141	31.2251605988
78.9196166992	31.2230911255
78.9351272583	31.2223625183
78.9350662231	31.2191905975
78.9332427979	31.2145519257
78.9358520508	31.2056808472
78.9416809082	31.2008018494
78.9448623657	31.1969394684
78.9462127686	31.1935596466
78.9528427124	31.1898097992
78.9609222412	31.1864318848
78.9661560059	31.1859912872
78.9684524536	31.1834697723
78.9718704224	31.1823711395
78.9746627808	31.1781005859
78.9774780273	31.1701602936
78.9776763916	31.1548309326
78.9757995605	31.1507091522
78.9780883789	31.1456604004
78.9848098755	31.1409397125
78.9870605469	31.1406097412
78.9891967773	31.1373596191
78.990776062	31.1308784485
78.9966964722	31.1175899506
78.9966964722	31.1161804199
78.9965820313	31.1153392792
78.9907989502	31.1170902252
78.9848632813	31.1164703369
78.9656524658	31.1153697968
78.9558258057	31.1108798981
78.9524307251	31.1084098816
78.9421157837	31.1050281525
78.9375228882	31.105342865
78.9325714111	31.1069793701
78.9204711914	31.1075897217
78.9126586914	31.1161804199
78.9077911377	31.1163196564
78.903793335	31.1154708862
78.9005813599	31.1120605469
78.8994293213	31.1075992584
78.8967971802	31.1056308746
78.8907470703	31.1060791016
78.8841781616	31.1042327881
78.8800430298	31.1038398743
78.8713989258	31.1073207855
78.8622512817	31.1124095917
78.8520202637	31.1262111664
78.844329834	31.1280403137
78.8377761841	31.130689621
78.8289794922	31.1363391876
78.82472229	31.1435508728
78.8187332153	31.1472110748
78.8158721924	31.1539306641
78.810218811	31.163860321
78.811706543	31.1694107056
78.8005065918	31.1782608032
78.7975769043	31.1825027466
78.7980422974	31.188949585
78.8011169434	31.1939105988
78.8031692505	31.1992301941
78.8001708984	31.2023792267
78.7950363159	31.205039978
78.78881073	31.2044506073
78.7708892822	31.1972999573
78.7646026611	31.1959095001
78.7575912476	31.1946907043
78.7494506836	31.1943511963
78.7203826904	31.197019577
78.7130279541	31.1966629028
78.7074661255	31.1949710846
78.7006988525	31.196390152
78.6955718994	31.1962909698
78.6760864258	31.2031898499
78.6657562256	31.2024726868
78.6598358154	31.203250885
78.6506729126	31.197851181
78.6476974487	31.1946697235
78.6454925537	31.2025184631
78.6380081177	31.2083892822
78.6360015869	31.2195796967
78.6344528198	31.2218894958
78.6283187866	31.2219181061
78.6171112061	31.2252483368
78.6132965088	31.2274398804
78.6100463867	31.2310504913
78.6006011963	31.2358512878
78.5953674316	31.2363910675
78.5839233398	31.2343006134
78.5793991089	31.2350025177
78.5665817261	31.2337398529
78.5618972778	31.2296009064
78.5563278198	31.2273807526
78.5502471924	31.2184925079
78.5371170044	31.2067108154
78.5141372681	31.2039203644
78.4865722656	31.2041702271
78.4769821167	31.2051029205
78.4701080322	31.2037506104
78.4672164917	31.2118492126
78.4665679932	31.2209396362
78.4572219849	31.2278118134
78.4441375732	31.2441997528
78.4316864014	31.2495994568
78.4270629883	31.255979538
78.4194564819	31.2598800659
78.4143829346	31.2509098053
78.4050827026	31.248670578
78.3975296021	31.2477912903
78.3913497925	31.2529907227
78.393081665	31.2622776031
78.3861923218	31.2696304321
78.3832702637	31.2743206024
78.381362915	31.2814712524
78.3734664917	31.279209137
78.3692626953	31.2879009247
78.3633575439	31.2901000977
78.3563232422	31.2908706665
78.3474884033	31.2901191711
78.3424758911	31.2889728546
78.3360900879	31.2874794006
78.3266372681	31.2882404327
78.3169326782	31.2850780487
78.3063278198	31.286239624
78.2983627319	31.2882099152
78.2968063354	31.2844696045
78.2955169678	31.2728595734
78.2934188843	31.266040802
78.2884597778	31.2642002106
78.2781524658	31.2666606903
78.2690200806	31.2713603973
78.258140564	31.2603626251
78.2549591064	31.2565994263
78.2532424927	31.2528705597
78.2497406006	31.2505512238
78.2482070923	31.2466583252
78.2426300049	31.2433624268
78.2375106812	31.2439403534
78.2376480103	31.2397994995
78.2325897217	31.2350196838
78.2184371948	31.2387199402
78.212097168	31.2385501862
78.206817627	31.2372303009
78.2039871216	31.2340908051
78.2002716064	31.2257194519
78.1928405762	31.2229118347
78.1875610352	31.2222194672
78.1849212646	31.2233295441
78.1764831543	31.2300300598
78.1714172363	31.2318096161
78.1658172607	31.2310619354
78.1630859375	31.2315006256
78.160446167	31.2319202423
78.1554260254	31.2302875519
78.153137207	31.2306804657
78.1478271484	31.2315711975
78.1458358765	31.2268810272
78.1436080933	31.2240791321
78.1371459961	31.2224216461
78.1349029541	31.2161197662
78.1191558838	31.2140407562
78.1138000488	31.2062301636
78.1098480225	31.2056694031
78.106880188	31.2024898529
78.1007919312	31.1997909546
78.092376709	31.1928310394
78.0877380371	31.1907997131
78.080078125	31.1907081604
78.0754928589	31.1929111481
78.071105957	31.1927604675
78.0591583252	31.1923694611
78.0538330078	31.1929302216
78.0396728516	31.1875095367
78.0387496948	31.1871509552
78.0299530029	31.1853103638
78.0268859863	31.18019104
78.0162200928	31.1715126038
78.0152816772	31.1661510468
78.0165481567	31.1585006714
78.0142364502	31.1549396515
78.0077209473	31.1570796967
77.9925765991	31.1670303345
77.9852294922	31.1680202484
77.9789657593	31.1664409637
77.9693832397	31.1651515961
77.9547576904	31.1787796021
77.9460220337	31.1761703491
77.9412384033	31.1711616516
77.9392166138	31.167301178
77.9344329834	31.1672916412
77.9146881104	31.156578064
77.9094161987	31.155500412
77.9021759033	31.158821106
77.892791748	31.1572685242
77.8874893188	31.1547012329
77.8897094727	31.1489696503
77.8857574463	31.1430702209
77.8804016113	31.137430191
77.8790588379	31.1315898895
77.8787231445	31.124671936
77.872756958	31.123210907
77.8578720093	31.1162395477
77.8515319824	31.1109695435
77.8501358032	31.1042003632
77.8503799438	31.0951690674
77.8428268433	31.0812911987
77.8374633789	31.0775108337
77.8310317993	31.0770397186
77.8247299194	31.0744304657
77.8195495605	31.0649108887
77.8146972656	31.0609016418
77.8094787598	31.0597324371
77.8096084595	31.0613708496
77.806892395	31.062330246
77.8006057739	31.0620803833
77.8049163818	31.0587711334
77.8050231934	31.054069519
77.8106765747	31.0435905457
77.8151168823	31.0339298248
77.8188095093	31.0323009491
77.8216018677	31.029920578
77.8210601807	31.0210800171
77.8188476563	31.0157909393
77.8227081299	31.011800766
77.8253326416	31.0081329346
77.8247070313	31.0051898956
77.8100509644	31.0052108765
77.8102874756	31.0021305084
77.8136062622	30.9989204407
77.8109130859	30.9953804016
77.8075408936	30.9938411713
77.8062133789	30.9880599976
77.8064804077	30.9850311279
77.8062133789	30.9834804535
77.8052368164	30.9816398621
77.8031921387	30.9797096252
77.7987213135	30.9761180878
77.7972869873	30.9729595184
77.7964172363	30.9698200226
77.7974014282	30.9677581787
77.8015823364	30.9635696411
77.8046264648	30.9609909058
77.8132476807	30.9624481201
77.8163909912	30.9619827271
77.8189163208	30.9600906372
77.8193206787	30.9568405151
77.8171463013	30.9535694122
77.8126068115	30.952791214
77.8075408936	30.953710556
77.8022766113	30.9551010132
77.7965927124	30.9584312439
77.787612915	30.9657211304
77.7783813477	30.9723205566
77.770942688	30.9756603241
77.7638778687	30.9769897461
77.7539215088	30.9768428802
77.7419662476	30.9676418304
77.7363433838	30.9635906219
77.7345733643	30.959569931
77.7332763672	30.9495010376
77.73487854	30.9440116882
77.7356872559	30.9420204163
77.736656189	30.9396018982
77.7392425537	30.9366798401
77.7435760498	30.9352283478
77.7464981079	30.9339694977
77.7473678589	30.9287204742
77.7455978394	30.9223098755
77.7521972656	30.9209594727
77.7582473755	30.920381546
77.7631759644	30.9201507568
77.7672576904	30.9204807281
77.7716217041	30.9241905212
77.7744903564	30.9253311157
77.7818527222	30.9262199402
77.7887420654	30.9262809753
77.7910232544	30.9261302948
77.7933731079	30.9259815216
77.7956161499	30.9237995148
77.7949829102	30.9204311371
77.797416687	30.9167499542
77.8008499146	30.9127407074
77.7989501953	30.9087905884
77.794631958	30.9034805298
77.7908859253	30.9006710052
77.7863998413	30.8960494995
77.7854385376	30.8933582306
77.7844390869	30.8883705139
77.7841262817	30.88215065
77.7836227417	30.8786506653
77.7835006714	30.8720607758
77.7870559692	30.8681201935
77.7889328003	30.8649597168
77.7893676758	30.858549118
77.7785263062	30.8600006104
77.7735977173	30.8610305786
77.7689971924	30.8629512787
77.7651672363	30.8651790619
77.7627868652	30.8681602478
77.7617797852	30.8750896454
77.760269165	30.8778419495
77.7582092285	30.8804798126
77.7545471191	30.882440567
77.7510528564	30.8827209473
77.7477493286	30.882270813
77.7445220947	30.8811912537
77.7417831421	30.8782806396
77.740852356	30.8743305206
77.7410125732	30.8699207306
77.7416763306	30.864200592
77.7395858765	30.8601894379
77.7357330322	30.857049942
77.7333679199	30.8542003632
77.7314605713	30.8507709503
77.7333831787	30.8474884033
77.7408981323	30.8401508331
77.7440719604	30.8362426758
77.7444076538	30.8298511505
77.7403869629	30.8276691437
77.737449646	30.8262996674
77.7340316772	30.8240680695
77.7308883667	30.8193912506
77.7265625	30.8144207001
77.7240829468	30.8110408783
77.7194213867	30.8083095551
77.7180633545	30.8050994873
77.7171020508	30.7994995117
77.7153930664	30.7942180634
77.7086486816	30.7845096588
77.7045288086	30.7790203094
77.6984329224	30.7734203339
77.6926574707	30.7714195251
77.6882858276	30.7686691284
77.6914825439	30.7602596283
77.6930084229	30.757850647
77.6917572021	30.7550506592
77.6904067993	30.751329422
77.6915893555	30.7483100891
77.6939468384	30.7461700439
77.6977081299	30.7449684143
77.7007369995	30.7449684143
77.7043533325	30.7457008362
77.7072372437	30.7455291748
77.7092819214	30.7441501617
77.7116317749	30.7420825958
77.712890625	30.7394523621
77.7153396606	30.7382602692
77.7176513672	30.738861084
77.7203369141	30.7382411957
77.7217102051	30.7363529205
77.7224960327	30.7333583832
77.7221908569	30.7306194305
77.7252120972	30.7273483276
77.730682373	30.7244796753
77.7322769165	30.7207012177
77.7343292236	30.7166900635
77.7372817993	30.7134685516
77.7410964966	30.7106609344
77.7403869629	30.7071228027
77.7369003296	30.7050094604
77.7357406616	30.7015781403
77.733581543	30.6974525452
77.7333984375	30.6935005188
77.7334060669	30.6858291626
77.736579895	30.682849884
77.7427520752	30.6805610657
77.7478866577	30.6781406403
77.754196167	30.6760597229
77.7588119507	30.6723899841
77.7629470825	30.6684303284
77.7659072876	30.6652793884
77.7695007324	30.6641902924
77.7722091675	30.665391922
77.774230957	30.6656608582
77.7770614624	30.6655883789
77.7790527344	30.6637706757
77.7749176025	30.6584510803
77.7702560425	30.6551494598
77.7683029175	30.6514797211
77.7721710205	30.6449699402
77.7749786377	30.6411209106
77.7754516602	30.637468338
77.772315979	30.6323795319
77.7712783813	30.6284809113
77.7764587402	30.6261310577
77.7796096802	30.6226806641
77.7819900513	30.6193580627
77.7786483765	30.6178798676
77.7722167969	30.6178302765
77.7671127319	30.6181812286
77.7613296509	30.6194496155
77.7566070557	30.6203212738
77.7556304932	30.6161994934
77.7572402954	30.6047992706
77.7544403076	30.6007499695
77.749710083	30.6013698578
77.7424697876	30.607170105
77.7383270264	30.608089447
77.7347869873	30.6081600189
77.7321090698	30.6071281433
77.731590271	30.6047801971
77.7312698364	30.6015205383
77.7295227051	30.5983829498
77.7319259644	30.5961894989
77.7386398315	30.5928707123
77.7436294556	30.5897598267
77.7461929321	30.5844326019
77.7494888306	30.5799694061
77.7518768311	30.5745811462
77.7535324097	30.570230484
77.757270813	30.565580368
77.7618484497	30.5629882813
77.7665328979	30.5634994507
77.7709121704	30.5624008179
77.774597168	30.5589008331
77.7782669067	30.5573596954
77.7863769531	30.5613994598
77.7905883789	30.560251236
77.7951889038	30.5611495972
77.7982711792	30.5641307831
77.803237915	30.5637798309
77.8058624268	30.5607395172
77.8068771362	30.5542602539
77.8068084717	30.5493412018
77.8099594116	30.5440196991
77.8122024536	30.5380496979
77.8106460571	30.5331802368
77.8050231934	30.5247802734
77.8041229248	30.5203704834
77.8019714355	30.5153808594
77.8005599976	30.5131607056
77.7991790771	30.511390686
77.7938995361	30.508600235
77.788192749	30.5060997009
77.767616272	30.504360199
77.7634429932	30.5002498627
77.7550430298	30.4983291626
77.7475280762	30.4940490723
77.7365875244	30.4872512817
77.7292785645	30.482339859
77.7214431763	30.4777698517
77.711227417	30.4772701263
77.7046661377	30.473400116
77.6991882324	30.4686985016
77.6900863647	30.4629402161
77.6821975708	30.4576911926
77.679069519	30.4517307281
77.661605835	30.4487800598
77.6532058716	30.4495410919
77.6466522217	30.4524593353
77.6402359009	30.4523506165
77.6378326416	30.4494876862
77.6356811523	30.4443397522
77.6333389282	30.4397697449
77.6305465698	30.4361591339
77.6167221069	30.4362316132
77.6120071411	30.4384002686
77.6037521362	30.4374408722
77.5904159546	30.4337806702
77.5810699463	30.4302997589
77.5746307373	30.4265193939
77.5679016113	30.4217185974
77.5628814697	30.4170799255
77.5622406006	30.4100627899
77.5630569458	30.4044895172
77.567855835	30.3987598419
77.5729217529	30.3930912018
77.5761566162	30.3898906708
77.5748901367	30.384519577
77.5653457642	30.3848896027
77.5579223633	30.3903694153
77.552482605	30.3933601379
77.5428924561	30.3972301483
77.5387420654	30.4019126892
77.5356369019	30.4090595245
77.529258728	30.4135017395
77.5257720947	30.4171409607
77.5180358887	30.4308700562
77.5143661499	30.4394226074
77.5098495483	30.4488296509
77.5053405762	30.4483604431
77.5011520386	30.4436798096
77.4929428101	30.4330482483
77.4911880493	30.4249801636
77.4913482666	30.417350769
77.486831665	30.412612915
77.4825592041	30.4152183533
77.4775161743	30.4133491516
77.4679718018	30.4117794037
77.4609832764	30.405380249
77.4531173706	30.404800415
77.4430160522	30.4046001434
77.4349517822	30.4036712646
77.4304122925	30.4074783325
77.4164428711	30.4083919525
77.4159011841	30.4128303528
77.4209289551	30.4168224335
77.4256973267	30.4200000763
77.4397201538	30.4244003296
77.4420471191	30.429889679
77.4533462524	30.4403610229
77.4542999268	30.4460601807
77.4567718506	30.4515590668
77.4562911987	30.458190918
77.4505386353	30.4652309418
77.4456863403	30.465669632
77.4355926514	30.4510097504
77.4262008667	30.4411182404
77.4172363281	30.433839798
77.4076385498	30.4278812408
77.4006118774	30.4187507629
77.3954620361	30.4209403992
77.3967971802	30.4304695129
77.3940963745	30.4342708588
77.3818664551	30.4392719269
77.3803863525	30.4461402893
77.3762130737	30.4462509155
77.3696517944	30.4458427429
77.3567962646	30.4420604706
77.3534927368	30.4485607147
77.3497009277	30.4572811127
77.3460769653	30.4619007111
77.3393783569	30.4636001587
77.3326797485	30.4642295837
77.3262557983	30.4631824493
77.3223876953	30.4621181488
77.3167724609	30.4576206207
77.3106994629	30.4536209106
77.3006973267	30.4565982819
77.2937393188	30.4591312408
77.2824401855	30.4619197845
77.274559021	30.4640407562
77.2635803223	30.46667099
77.261932373	30.4710407257
77.2608413696	30.4761199951
77.2565917969	30.481420517
77.2517776489	30.4844112396
77.2418670654	30.4853610992
77.2334594727	30.4874706268
77.2267684937	30.4886112213
77.2188568115	30.4859828949
77.2119064331	30.4818706512
77.2026062012	30.4803409576
77.1990432739	30.4845428467
77.2003097534	30.4890499115
77.1995773315	30.4991397858
77.1996612549	30.5065994263
77.195892334	30.5117702484
77.190826416	30.519329071
77.1853485107	30.5258808136
77.1745529175	30.5305194855
77.1695327759	30.5328807831
77.1636886597	30.5341205597
77.1520385742	30.5369129181
77.1455383301	30.5377998352
77.1375808716	30.5385799408
77.1310577393	30.5415096283
77.1223373413	30.5482311249
77.1165084839	30.5574398041
77.1137008667	30.5624408722
77.1114959717	30.5672893524
77.1128921509	30.5682411194
77.1151428223	30.5698413849
77.12059021	30.5711803436
77.1237869263	30.5726928711
77.1258773804	30.5736904144
77.1326828003	30.5784511566
77.1398468018	30.5832004547
77.1469268799	30.5889606476
77.151222229	30.592830658
77.1540985107	30.596321106
77.1574859619	30.5995502472
77.1586380005	30.6031417847
77.1584777832	30.607460022
77.1586303711	30.6138095856
77.159866333	30.6314811707
77.162361145	30.6386508942
77.160446167	30.6424007416
77.1561965942	30.6479206085
77.1527328491	30.6541996002
77.1526412964	30.6587600708
77.1551971436	30.6680603027
77.1538619995	30.6769428253
77.1506881714	30.6811981201
77.1502075195	30.684551239
77.1535263062	30.6887207031
77.1517715454	30.6905097961
77.1474380493	30.693479538
77.14037323	30.6975708008
77.1338195801	30.7021598816
77.1251220703	30.7070999146
77.1222381592	30.7121601105
77.1174468994	30.7179107666
77.1095733643	30.7226829529
77.1031723022	30.7204494476
77.0999069214	30.7222805023
77.1002120972	30.7263908386
77.1023483276	30.7307796478
77.1005630493	30.7323875427
77.0961303711	30.734621048
77.0911178589	30.7362117767
77.0862731934	30.7399425507
77.0768432617	30.7447605133
77.0697174072	30.7469825745
77.061706543	30.7461280823
77.054977417	30.7467403412
77.0470581055	30.748670578
77.0380172729	30.7531394958
77.033706665	30.7554206848
77.0303268433	30.7517604828
77.0303726196	30.746339798
77.0282897949	30.7434406281
77.024017334	30.7416210175
77.0180511475	30.7404499054
77.0130996704	30.7422084808
77.0093917847	30.7457103729
77.0064468384	30.7495098114
77.0047073364	30.75248909
77.0046615601	30.757352829
77.005821228	30.7617511749
77.0044631958	30.7663497925
77.0023880005	30.767950058
76.9988327026	30.7691516876
76.9952468872	30.7710399628
76.9912109375	30.7734527588
76.9886016846	30.7770709991
76.9909591675	30.7806510925
76.9948730469	30.7850704193
77.0000305176	30.7890205383
76.9997329712	30.7939796448
77.0003509521	30.7976226807
76.9997406006	30.804901123
76.9985198975	30.8097305298
76.9979629517	30.8142910004
76.99584198	30.8167095184
76.9926605225	30.8183002472
76.9884567261	30.8150005341
76.9865264893	30.813249588
76.9847717285	30.8104724884
76.9826431274	30.8043003082
76.9791030884	30.7988128662
76.9686431885	30.8079605103
76.961807251	30.8089904785
76.9537506104	30.8112106323
76.9476470947	30.8231697083
76.9428329468	30.8291893005
76.9337005615	30.8319625854
76.9275131226	30.8373527527
76.9278030396	30.8481407166
76.926612854	30.8544406891
76.9158401489	30.8693294525
76.9070663452	30.8909912109
76.9021606445	30.897228241
76.8865509033	30.888299942
76.8785858154	30.8859825134
76.8696289062	30.8781604767
76.8617858887	30.873550415
76.852432251	30.8706893921
76.8371505737	30.8788719177
76.8226623535	30.8880996704
76.8157577515	30.8960094452
76.8097991943	30.9068012238
76.8143692017	30.9213409424
76.8133926392	30.9273204803
76.8101882935	30.9303798676
76.7987670898	30.9246406555
76.769859314	30.9063911438
76.7538375854	30.9178180695
76.754119873	30.922952652
76.7486877441	30.9237995148
76.748626709	30.9291610718
76.7438201904	30.9290409088
76.7383728027	30.930059433
76.726020813	30.9393310547
76.725479126	30.9425106049
76.7241363525	30.9505825043
76.712600708	30.9634208679
76.705078125	30.963300705
76.6983795166	30.9688911438
76.6961593628	30.9717903137
76.6942367554	30.9724903107
76.6681900024	30.9698810577
76.6626358032	30.9711303711
76.6530609131	30.9818096161
76.6333465576	30.9907226563
76.6259231567	30.9924983978
76.6209487915	30.9983005524
76.6124191284	31.0020503998
76.6100692749	31.0042304993
76.6136016846	31.0219898224
76.6051864624	31.0335197449
76.6015167236	31.0435619354
76.5989685059	31.0535507202
76.6095275879	31.0606708527
76.6048965454	31.0783786774
76.6078262329	31.0835018158
76.6118469238	31.0963897705
76.6257324219	31.1102428436
76.6237106323	31.1180095673
76.6155929565	31.1215801239
76.6072769165	31.1196403503
76.597442627	31.1261997223
76.5893173218	31.1277008057
76.5939559937	31.1364994049
76.5987472534	31.1511707306
76.5946731567	31.1513404846
76.5900726318	31.1572685242
76.5914916992	31.160320282
76.5894393921	31.1647605896
76.5924682617	31.172290802
76.5903930664	31.1828594208
76.5983123779	31.1864795685
76.6006622314	31.1910305023
76.6057662964	31.1971206665
76.6122131348	31.2026405334
76.6186981201	31.2039012909
76.6201171875	31.2066612244
76.6354217529	31.2129802704
76.634147644	31.2153396606
76.6245269775	31.2210407257
76.6259460449	31.2270908356
76.6162567139	31.2294406891
76.586769104	31.2160606384
76.5806121826	31.2163524628
76.5793533325	31.220489502
76.5759658813	31.2257881165
76.5825271606	31.2309494019
76.5847091675	31.2396411896
76.5926818848	31.2461509705
76.6016159058	31.2509098053
76.5705032349	31.2801494598
76.5522460937	31.2648525238
76.5459213257	31.2558803558
76.5349502563	31.2553501129
76.5326461792	31.2665119171
76.5348129272	31.2723312378
76.5371704102	31.2839508057
76.5312271118	31.2835407257
76.5278930664	31.2699604034
76.5181121826	31.2623100281
76.5142822266	31.2645015717
76.5165863037	31.2773895264
76.5142669678	31.2830791473
76.5109100342	31.2826194763
76.50340271	31.2778892517
76.4982376099	31.2732906342
76.4885864258	31.2734012604
76.4832077026	31.2842712402
76.4797286987	31.2891025543
76.4756469727	31.2922000885
76.4750595093	31.2989997864
76.4724502563	31.3066997528
76.4667129517	31.3102111816
76.4620895386	31.306810379
76.4510116577	31.2962093353
76.4457778931	31.2897090912
76.431137085	31.2828407288
76.4284973145	31.2892303467
76.4358062744	31.2946395874
76.4455871582	31.3004112244
76.4482727051	31.3059902191
76.4374465942	31.3174228668
76.4280166626	31.3251800537
76.4181671143	31.337310791
76.4128494263	31.3476581573
76.4088363647	31.3537483215
76.3992462158	31.3654708862
76.3910522461	31.3786315918
76.3792495728	31.3911705017
76.3903961182	31.3973312378
76.3816299438	31.4106197357
76.3730316162	31.4136486053
76.3752670288	31.4221611023
76.3691711426	31.4281406403
76.3631362915	31.4413509369
76.3567733765	31.4296092987
76.3591461182	31.4156303406
76.3531265259	31.4124603271
76.3468933105	31.4057102203
76.334602356	31.4037399292
76.3295211792	31.4011383057
76.3158416748	31.4023780823
76.3187713623	31.3881797791
76.3182373047	31.3810997009
76.3295822144	31.3795185089
76.3300170898	31.3677101135
76.3312988281	31.3590927124
76.3366622925	31.3530197144
76.330078125	31.3452796936
76.3244628906	31.3471107483
76.3178329468	31.3522205353
76.3157958984	31.3474998474
76.2999191284	31.3438301086
76.2959671021	31.3422298431
76.3022689819	31.3263607025
76.2960968018	31.3192005157
76.2903900146	31.3156318665
76.2843933105	31.3135604858
76.2773590088	31.3099308014
76.268409729	31.3066005707
76.2611694336	31.3058300018
76.2556228638	31.314950943
76.244140625	31.3137111664
76.2231903076	31.3130607605
76.2149581909	31.3076400757
76.2063980103	31.3052616119
76.1856994629	31.3046607971
76.1728286743	31.3067398071
76.1684570313	31.3141212463
76.1660766602	31.3261795044
76.1663208008	31.3414592743
76.1580657959	31.3469409943
76.1477432251	31.3481483459
76.1396102905	31.3531208038
76.1350326538	31.3617591858
76.1340866089	31.382642746
76.1386260986	31.3868598938
76.1471328735	31.3919029236
76.1530380249	31.3972511292
76.1567459106	31.404510498
76.1534957886	31.4140129089
76.1470718384	31.4188404083
76.1471328735	31.4256095886
76.1434631348	31.4322910309
76.1350784302	31.4375095367
76.1282424927	31.4437599182
76.1226119995	31.4537296295
76.1212768555	31.4609794617
76.1155166626	31.4654407501
76.1147232056	31.4735412598
76.1079559326	31.4822101593
76.1081619263	31.4951095581
76.1041030884	31.5023097992
76.0945510864	31.5142097473
76.0906219482	31.518989563
76.0889587402	31.527639389
76.0839996338	31.5371818542
76.0768127441	31.5459594727
76.0715866089	31.5541496277
76.0660171509	31.5605182648
76.0649032593	31.5617904663
76.0515060425	31.5817909241
76.0431594849	31.5919704437
76.0426864624	31.5958805084
76.0440292358	31.6030311584
76.0399780273	31.6084594727
76.0367126465	31.606798172
76.0314025879	31.6094608307
76.0231933594	31.6154708862
76.0176010132	31.6216716766
76.002746582	31.6465702057
76.0062484741	31.6514282227
76.0039215088	31.6568908691
76.0047302246	31.6630306244
75.9973602295	31.6688804626
75.9974212646	31.6760005951
75.9946975708	31.6815490723
75.992149353	31.6845207214
75.9909896851	31.6857509613
75.9906616211	31.6847496033
75.9856262207	31.6853904724
75.9757919312	31.6953296661
75.9773712158	31.7049999237
75.9725799561	31.7151527405
75.969367981	31.7196712494
75.9660263062	31.7334594727
75.9610061646	31.7367725372
75.9575500488	31.7404994965
75.9597473145	31.7443027496
75.9595108032	31.7495384216
75.9518966675	31.7630195618
75.94506073	31.7812805176
75.9364471436	31.7843494415
75.9358215332	31.7897491455
75.9330062866	31.7971096039
75.9272232056	31.8051490784
75.9218292236	31.8171806335
75.9267501831	31.8164405823
75.9293289185	31.81524086
75.9332504272	31.8150196075
75.9360733032	31.8182601929
75.9487762451	31.823141098
75.9528961182	31.8239612579
75.9603118896	31.818479538
75.9669799805	31.8148899078
75.9714660645	31.8145484924
75.970916748	31.8192100525
75.967628479	31.8235111237
75.9557571411	31.8323707581
75.9535827637	31.8399505615
75.9497299194	31.8481006622
75.9442520142	31.8575191498
75.9384002686	31.8678894043
75.9314422607	31.8838310242
75.9261703491	31.8897914886
75.912689209	31.9165782928
75.9027633667	31.9279193878
75.8959579468	31.9402599335
75.8945465088	31.9498004913
75.8777160645	31.9619808197
75.869720459	31.965970993
75.8685379028	31.9669094086
75.8661727905	31.9688205719
75.8567962646	31.9694595337
75.8513031006	31.972530365
75.8416290283	31.9736194611
75.8363723755	31.9816493988
75.8140487671	31.9834003448
75.8056030273	31.9850196838
75.7951202393	31.9885807037
75.784286499	31.9943294525
75.7742996216	32.0007896423
75.7664489746	32.0076408386
75.7615432739	32.0139007568
75.7538070679	32.0198822021
75.7483673096	32.0271606445
75.7400360107	32.0344810486
75.7380065918	32.0358009338
75.7339782715	32.0373306274
75.7232284546	32.0361709595
75.7104873657	32.0360221863
75.7004089355	32.0435905457
75.692276001	32.0594520569
75.6898193359	32.0615310669
75.6731033325	32.0669212341
75.6493606567	32.0771713257
75.6400527954	32.0767402649
75.6253204346	32.0726699829
75.6095581055	32.0694694519
75.598526001	32.0660095215
75.5787582397	32.0816802979
75.6105575562	32.099609375
75.6312026978	32.1194992065
75.6478729248	32.1376609802
75.6554794312	32.1460609436
75.6618270874	32.1646690369
75.6561584473	32.1766204834
75.6495895386	32.1796913147
75.6202163696	32.18516922
75.6194458008	32.1898498535
75.6183319092	32.1970214844
75.6201171875	32.2202110291
75.6217727661	32.2300300598
75.622543335	32.2346801758
75.6340789795	32.2447395325
75.6409225464	32.247379303
75.6524429321	32.2554397583
75.654876709	32.2558517456
75.6758422852	32.2640190125
75.6848907471	32.2650184631
75.7048797607	32.2672386169
75.7363967896	32.2737617493
75.7518386841	32.2841720581
75.7546768188	32.2860794067
75.7618560791	32.2961120605
75.7633666992	32.3021507263
75.7831420898	32.3222007751
75.7854919434	32.3237915039
75.7937164307	32.3323822021
75.7992782593	32.3373718262
75.8139190674	32.3505592346
75.8188705444	32.3550300598
75.8374023438	32.3730201721
75.8438796997	32.3793106079
75.8663101196	32.3945617676
75.8719329834	32.3984489441
75.9111099243	32.4091911316
75.9154205322	32.4102592468
75.9259262085	32.411781311
75.9321670532	32.4168205261
75.9346313477	32.4247589111
75.9314117432	32.4307899475
75.9244384766	32.4389801025
75.9154968262	32.4486999512
75.8954162598	32.4618606567
75.8871231079	32.4720306396
75.8687667847	32.4886817932
75.8552780151	32.4995803833
75.8509674072	32.5078697205
75.8513870239	32.5213088989
75.8563690186	32.537689209
75.870300293	32.5587692261
75.8754501343	32.5708618164
75.872543335	32.5761909485
75.8862915039	32.5919189453
75.904586792	32.6152191162
75.9077606201	32.619140625
75.9236221313	32.643699646
75.9254379272	32.6542701721
75.9240570068	32.6582221985
75.9147567749	32.6659317017
75.9054031372	32.6722488403
75.8988571167	32.6806221008
75.8965759277	32.6910591125
75.8990631104	32.7002487183
75.9048614502	32.70936203
75.9098358154	32.7209396362
75.9140472412	32.7420196533
75.9124832153	32.7571220398
75.900062561	32.769859314
75.8856811523	32.7954788208
75.8737869263	32.8136901855
75.8552398682	32.8261413574
75.837387085	32.836769104
75.8275299072	32.8403701782
75.8210601807	32.8427619934
75.8158111572	32.8470611572
75.8083114624	32.8531990051
75.8055114746	32.8561401367
75.7953720093	32.8692588806
75.7946472168	32.8701896667
75.7898330688	32.881401062
75.7891769409	32.8846206665
75.7874221802	32.893321991
75.7898788452	32.8939819336
75.7938079834	32.8973121643
75.7983551025	32.9021644592
75.8000030518	32.90391922
75.8017578125	32.9102706909
75.7983093262	32.9194221497
75.8033218384	32.9235496521
75.8079528809	32.9297904968
75.8214263916	32.9334716797
75.8281173706	32.9340820312
75.8338928223	32.9346008301
75.8500671387	32.9311599731
75.8671188354	32.9302101135
75.880897522	32.9247703552
75.9001159668	32.9156990051
75.9135665894	32.906211853
75.9232330322	32.8980903625
75.9337768555	32.884311676
75.9395523071	32.8842201233
75.9457702637	32.8851394653
75.9832000732	32.9004020691
75.9874191284	32.9005813599
75.9975280762	32.9093704224
76.0046310425	32.9140090942
76.0135116577	32.9159393311
76.0171890259	32.917640686
76.0211715698	32.9244308472
76.023651123	32.9315795898
76.0280761719	32.9374389648
76.0426025391	32.9402389526
76.0503997803	32.9442710876
76.0544662476	32.950969696
76.0658798218	32.9579811096
76.0699996948	32.9622192383
76.0783462524	32.9660720825
76.0822067261	32.9687995911
76.0856704712	32.9750099182
76.0912399292	32.9927520752
76.0945587158	33.0003204346
76.0936889648	33.0048294067
76.1073226929	33.0078887939
76.1159667969	33.0085906982
76.1204910278	33.0104217529
76.1281967163	33.0100822449
76.1438903809	33.0164794922
76.1522369385	33.0228996277
76.1883010864	33.0275802612
76.2161560059	33.0285720825
76.2294692993	33.0302619934
76.2297897339	33.0308303833
76.2372894287	33.0325889587
76.255241394	33.052280426
76.2675170898	33.0861091614
76.271232605	33.0963592529
76.2758407593	33.0980300903
76.2768707275	33.1006317139
76.2750015259	33.1039886475
76.2880020142	33.1131591797
76.2919464111	33.1202087402
76.3069229126	33.1272201538
76.315536499	33.1301994324
76.3355865479	33.146270752
76.3521270752	33.154838562
76.3557891846	33.1546020508
76.3588562012	33.1575012207
76.3608093262	33.1627502441
76.3661575317	33.1680412292
76.3735122681	33.1734619141
76.3798522949	33.1764602661
76.3845596313	33.1828918457
76.3916778564	33.1866912842
76.4006729126	33.1865615845
76.4076919556	33.188419342
76.4217758179	33.1818084717
76.4297714233	33.1828117371
76.4418106079	33.1804695129
76.4502029419	33.1829185486
76.4555511475	33.1833190918
76.4661407471	33.1798820496
76.4690628052	33.1799087524
76.4887771606	33.190158844
76.4959716797	33.1960296631
76.4988327026	33.1966896057
76.5057601929	33.1957817078
76.5202331543	33.2004089355
76.5341796875	33.1993484497
76.5419616699	33.2067718506
76.5474777222	33.2095298767
76.5558929443	33.2068519592
76.5629501343	33.2061805725
76.5676193237	33.2070503235
76.5767364502	33.2057991028
76.5819015503	33.2068710327
76.58618927	33.2042198181
76.5847015381	33.1995620728
76.5840377808	33.193069458
76.5879974365	33.1899986267
76.5925369263	33.1906318665
76.597328186	33.1880302429
76.5988616943	33.1839103699
76.5984725952	33.1765098572
76.5995864868	33.1737594604
76.6125564575	33.1659698486
76.6270065308	33.1624794006
76.6407470703	33.164680481
76.6511077881	33.1718292236
76.6587371826	33.171169281
76.6594467163	33.1711120605
76.6605529785	33.1713485718
76.6694793701	33.1733207703
76.6852722168	33.174041748
76.6936569214	33.1776008606
76.6967163086	33.1814804077
76.7084732056	33.1813011169
76.7141876221	33.1774406433
76.7298660278	33.1794319153
76.7306060791	33.1852798462
76.7343521118	33.1931190491
76.7421264648	33.1974906921
76.7455825806	33.2043495178
76.7505569458	33.2101287842
76.7560501099	33.2198219299
76.7598800659	33.2246704102
76.7623596191	33.2395401001
76.7575683594	33.2431221008
76.7552032471	33.2474098206
76.7553405762	33.2494888306
76.7568817139	33.250541687
76.7599716187	33.2529792786
76.7635574341	33.2543296814
76.7782669067	33.2557106018
76.7854385376	33.2535896301
76.7969360352	33.2412109375
76.8027572632	33.2366600037
