>
92.1851959229	24.5228729248
92.1889572144	24.5201911926
92.1912612915	24.520980835
92.1927261353	24.5214691162
92.1942672729	24.5197296143
92.197052002	24.516582489
92.1998672485	24.5152606964
92.199836731	24.5111904144
92.2072525024	24.5066318512
92.2116088867	24.5093326569
92.2124786377	24.5089817047
92.2171478271	24.5072002411
92.2203063965	24.5062675476
92.2211303711	24.5029506683
92.2214813232	24.5015106201
92.2308731079	24.499628067
92.2309417725	24.5022296906
92.2309951782	24.5040912628
92.2342681885	24.5004405975
92.2346191406	24.4993400574
92.2350158691	24.4981708527
92.2354125977	24.4967899323
92.2363510132	24.4943294525
92.2366027832	24.4928226471
92.2394180298	24.4899311066
92.2338409424	24.4847106934
92.2302932739	24.4800395966
92.2288970947	24.4719810486
92.2311706543	24.4654407501
92.231086731	24.4603805542
92.2323074341	24.4584503174
92.2350997925	24.4564094543
92.2359390259	24.4537811279
92.2360229492	24.450220108
92.2391967773	24.4472675323
92.2565002441	24.4363002777
92.2574768066	24.4325199127
92.2559585571	24.4189796448
92.2593383789	24.4135112762
92.2627105713	24.4098205566
92.2632369995	24.4080982208
92.2626266479	24.4048194885
92.2642059326	24.3975811005
92.2698364258	24.3948516846
92.2704315186	24.3909511566
92.2730865479	24.3884506226
92.2726898193	24.3861999512
92.2698822021	24.3821983337
92.2724990845	24.3793506622
92.2722396851	24.3775691986
92.2682571411	24.3748092651
92.2675704956	24.3732509613
92.2681274414	24.3672790527
92.2640762329	24.362159729
92.212852478	24.2493095398
92.2405319214	24.2506103516
92.2595825195	24.2504196167
92.2847824097	24.252040863
92.2918319702	24.2512702942
92.2966079712	24.2517299652
92.2970962524	24.249540329
92.2953033447	24.2480106354
92.2940673828	24.2443218231
92.2948532104	24.2407093048
92.2968215942	24.238079071
92.2962799072	24.2360610962
92.2963104248	24.2338294983
92.2994689941	24.2316207886
92.2991714478	24.2293682098
92.2976303101	24.2272281647
92.3019332886	24.2251014709
92.3011627197	24.2245101929
92.3008804321	24.2220401764
92.3034133911	24.2216205597
92.3137512207	24.2229003906
92.3135986328	24.2211303711
92.3096694946	24.2161216736
92.3097457886	24.214799881
92.3127365112	24.2109909058
92.3160858154	24.213218689
92.3189926147	24.2089996338
92.3246078491	24.205789566
92.3248062134	24.2047080994
92.3201980591	24.2042999268
92.3202209473	24.2025794983
92.3251495361	24.1990203857
92.3255691528	24.1975402832
92.3247070313	24.1963119507
92.324760437	24.1947612762
92.3294525146	24.1911506653
92.3288421631	24.1891307831
92.3296127319	24.1881504059
92.327041626	24.1861095428
92.330406189	24.1848316193
92.3308029175	24.1820716858
92.3299865723	24.1800498962
92.3299331665	24.1746501923
92.3285598755	24.1661128998
92.3294677734	24.1645202637
92.3318481445	24.1635704041
92.3343505859	24.1508293152
92.3368377686	24.1467895508
92.3363113403	24.1443595886
92.3352966309	24.1435508728
92.3335266113	24.144329071
92.33228302	24.1440296173
92.3323059082	24.1404590607
92.329246521	24.1398506165
92.3282470703	24.1386203766
92.328163147	24.1351699829
92.329246521	24.1316204071
92.3287811279	24.1297206879
92.3310394287	24.1279716492
92.3282470703	24.1245918274
92.3285903931	24.1159095764
92.331703186	24.1131401062
92.3318862915	24.1117610931
92.3293228149	24.1103382111
92.332359314	24.1068096161
92.3323059082	24.1052703857
92.3294372559	24.1028709412
92.3297119141	24.1011505127
92.3283462524	24.0985984802
92.3315505981	24.0987510681
92.3301925659	24.0959815979
92.3279190063	24.0937690735
92.3287811279	24.0891208649
92.3281173706	24.0850200653
92.3290786743	24.0821609497
92.3280792236	24.0805912018
92.3228225708	24.0774803162
92.3228759766	24.07695961
92.3270187378	24.0764427185
92.327331543	24.0745029449
92.3236465454	24.0732898712
92.3228759766	24.0717906952
92.3233184814	24.0696105957
92.3212966919	24.0683708191
92.3191833496	24.0694980621
92.3181762695	24.0690803528
92.3168029785	24.0667591095
92.3190917969	24.0613307953
92.3217468262	24.058719635
92.3185958862	24.057302475
92.3203201294	24.0511703491
92.3190460205	24.0501194
92.3168258667	24.0513515472
92.3152694702	24.0486907959
92.3154220581	24.0449008942
92.3175430298	24.0395202637
92.317199707	24.0375003815
92.3141326904	24.0347118378
92.3193206787	24.0312805176
92.3192672729	24.0302410126
92.316696167	24.0279712677
92.3190994263	24.0254707336
92.3183364868	24.0225906372
92.3217163086	24.0187797546
92.3208770752	24.0179080963
92.318862915	24.0192012787
92.3174819946	24.0188999176
92.3171615601	24.0176296234
92.3246459961	24.0065307617
92.3274612427	24.0042095184
92.3272399902	24.0019207001
92.3290557861	23.9896507263
92.3257980347	23.9874706268
92.3277206421	23.9857311249
92.3277893066	23.9847011566
92.3255233765	23.9832611084
92.3241195679	23.9794597626
92.3227462769	23.9798107147
92.3220672607	23.9752502441
92.3196411133	23.975320816
92.3176803589	23.9721012115
92.3149871826	23.9721698761
92.3152160645	23.9709510803
92.3126296997	23.9702110291
92.3133392334	23.9609699249
92.3114471436	23.9605827332
92.3126220703	23.9574508667
92.3112258911	23.9456195831
92.3134078979	23.9432907104
92.3127059937	23.9412307739
92.3134002686	23.9345302582
92.3180770874	23.9303512573
92.3211669922	23.9261112213
92.3279190063	23.9239997864
92.3296813965	23.9231204987
92.330657959	23.9214496613
92.3293914795	23.9188594818
92.3311462402	23.9118022919
92.3304901123	23.9075927734
92.3298568726	23.9055194855
92.3277359009	23.9062690735
92.3257827759	23.9044303894
92.323600769	23.9046783447
92.3230285645	23.9041595459
92.3215713501	23.8913993835
92.3206863403	23.8912410736
92.3199081421	23.8898696899
92.3191833496	23.8907318115
92.3184967041	23.8904895782
92.3189926147	23.889169693
92.3182830811	23.8879585266
92.3195266724	23.886100769
92.3193283081	23.8836784363
92.3171310425	23.8840885162
92.3162612915	23.8832912445
92.3165588379	23.8816680908
92.3174972534	23.8813800812
92.3171081543	23.8791809082
92.3190307617	23.8776817322
92.3204116821	23.8780097961
92.3221359253	23.873790741
92.3219833374	23.8698101044
92.3185272217	23.867980957
92.3182220459	23.8670501709
92.3201980591	23.8658294678
92.3195724487	23.8652000427
92.315536499	23.8634910583
92.3098602295	23.8626403809
92.3072967529	23.8638706207
92.3042297363	23.8638210297
92.3006362915	23.8664398193
92.2950515747	23.865480423
92.2951431274	23.8701095581
92.2939071655	23.8713226318
92.2919692993	23.8714485168
92.2877960205	23.8669605255
92.2877807617	23.86302948
92.2852401733	23.8573303223
92.2765731812	23.8529205322
92.2747497559	23.8490581512
92.2741394043	23.8436107635
92.2739257813	23.8416595459
92.2758865356	23.8399295807
92.27709198	23.8365802765
92.2820663452	23.8309001923
92.2815933228	23.8261604309
92.2835998535	23.8242015839
92.2834472656	23.8234386444
92.2857131958	23.8226203918
92.2867889404	23.8167800903
92.2858428955	23.8156890869
92.2837295532	23.8162727356
92.2807693481	23.8151302338
92.2791061401	23.8166999817
92.2766571045	23.8152084351
92.2694778442	23.817779541
92.2593994141	23.8149909973
92.2606506348	23.8070812225
92.262336731	23.8048801422
92.2635498047	23.799741745
92.2637405396	23.7916507721
92.2677993774	23.7699718475
92.2680282593	23.7665081024
92.2671127319	23.7618999481
92.2682723999	23.756401062
92.2663497925	23.7387275696
92.2685012817	23.7286109924
92.2674789429	23.728559494
92.2651596069	23.7282009125
92.2620010376	23.7271003723
92.259185791	23.7269611359
92.2565994263	23.7272605896
92.2557983398	23.727268219
92.2518081665	23.7265205383
92.2491989136	23.7251300812
92.2474517822	23.7241001129
92.2456512451	23.7201480865
92.2431564331	23.7165718079
92.2414703369	23.7136306763
92.2411499023	23.7105998993
92.2405166626	23.7084217072
92.2407913208	23.7061405182
92.2425231934	23.7042999268
92.2427368164	23.7037792206
92.2444610596	23.6999225616
92.2448959351	23.6985206604
92.2461395264	23.6959228516
92.2462234497	23.6958065033
92.2470321655	23.6946907043
92.2469100952	23.6917591095
92.2441864014	23.6899909973
92.2423629761	23.6889095306
92.2421798706	23.6865005493
92.2419433594	23.6853809357
92.2417373657	23.6845684052
92.2402191162	23.6830101013
92.2396011353	23.6824798584
92.2395019531	23.6809215546
92.2395477295	23.6802806854
92.2390365601	23.6793708801
92.2389450073	23.6792125702
92.2386398315	23.6786594391
92.2375183105	23.676782608
92.2374725342	23.6755199432
92.2380599976	23.6723594666
92.2381362915	23.6702709198
92.2349624634	23.6674995422
92.2325592041	23.6636104584
92.2295303345	23.6604404449
92.2284393311	23.6591911316
92.2240524292	23.6573200226
92.2202529907	23.6585597992
92.2164916992	23.6610012054
92.2129364014	23.6642017365
92.2129898071	23.6649703979
92.2134094238	23.6708316803
92.2152862549	23.675321579
92.2157821655	23.6783695221
92.2157211304	23.6793899536
92.2160720825	23.6806526184
92.2160873413	23.6834716797
92.2162780762	23.6867008209
92.2167892456	23.6908397675
92.2175445557	23.6914424896
92.2181930542	23.6919708252
92.2177276611	23.6951904297
92.2147674561	23.6980705261
92.2126312256	23.7004451752
92.2115783691	23.7016201019
92.2079620361	23.7041797638
92.2040328979	23.7065563202
92.2033462524	23.7069702148
92.200920105	23.7070217133
92.199180603	23.7070598602
92.1970672607	23.7094612122
92.1968002319	23.7096424103
92.193901062	23.7116107941
92.1925582886	23.7115001678
92.1910171509	23.7102584839
92.190826416	23.710100174
92.1900482178	23.7100296021
92.1884384155	23.7098808289
92.1880187988	23.71002388
92.1865463257	23.7105197906
92.1844329834	23.7142925262
92.1833724976	23.7181625366
92.1800689697	23.7214202881
92.1793899536	23.726140976
92.1788711548	23.7324028015
92.1795578003	23.7343406677
92.17993927	23.7387275696
92.1809997559	23.7415504456
92.1803283691	23.7425003052
92.1794509888	23.7431812286
92.1779174805	23.7434597015
92.176361084	23.7431297302
92.1739196777	23.7427711487
92.1717987061	23.7424583435
92.1675872803	23.7414417267
92.1630783081	23.7396526337
92.1586990356	23.7375717163
92.1551895142	23.7357406616
92.1504592896	23.7324905396
92.1500167847	23.7317676544
92.1498794556	23.7315406799
92.1487579346	23.7281303406
92.1461105347	23.7215309143
92.1421508789	23.7152099609
92.1401824951	23.7136421204
92.137336731	23.7113780975
92.1351470947	23.7097702026
92.132598877	23.7068405151
92.1305160522	23.7047996521
92.1298522949	23.7039394379
92.1254501343	23.6981506348
92.1213531494	23.6935005188
92.1211013794	23.6932201385
92.1170806885	23.6896915436
92.1145324707	23.6870594025
92.112739563	23.6848106384
92.1101760864	23.6816005707
92.1093597412	23.6801490784
92.1085281372	23.6786708832
92.1058883667	23.6764698029
92.1046600342	23.6760196686
92.1039123535	23.6760902405
92.1030578613	23.6759204865
92.100982666	23.6765613556
92.1000900269	23.6770782471
92.0990219116	23.6777000427
92.0962371826	23.679479599
92.0946426392	23.6792201996
92.0919418335	23.6777973175
92.0906524658	23.6771202087
92.0880966187	23.6728401184
92.0863800049	23.6681594849
92.0862426758	23.667011261
92.0854415894	23.6643695831
92.085319519	23.6634197235
92.0853500366	23.6605396271
92.0870132446	23.6574802399
92.0870285034	23.6538696289
92.0848007202	23.6508197784
92.0835494995	23.6497592926
92.082572937	23.6489505768
92.0813598633	23.6480808258
92.0771789551	23.6457595825
92.0759887695	23.645111084
92.0732269287	23.6448612213
92.0725708008	23.6447200775
92.0706710815	23.6446495056
92.066947937	23.6458301544
92.0615692139	23.6474304199
92.0606307983	23.6477985382
92.0597610474	23.6481399536
92.0541305542	23.6500606537
92.0488128662	23.6526107788
92.0459365845	23.6543083191
92.0431594849	23.6559581757
92.0386276245	23.6602802277
92.0355300903	23.6616611481
92.0314483643	23.6607894897
92.0282516479	23.6585502625
92.0267791748	23.6574001312
92.0236206055	23.6576404572
92.0231246948	23.6579647064
92.0220108032	23.6593799591
92.0222320557	23.6631412506
92.0185928345	23.6649112701
92.0163269043	23.6671829224
92.0144119263	23.6691112518
92.0095214844	23.6760196686
92.0068893433	23.6815910339
92.0019760132	23.6886100769
92.0005722046	23.6946201324
91.9977111816	23.7010402679
91.9965896606	23.7047595978
91.9922790527	23.7132301331
91.9894104004	23.7196826935
91.9848022461	23.7264308929
91.9836196899	23.7297401428
91.9804916382	23.731300354
91.9772109985	23.7314872742
91.9709472656	23.7301826477
91.966178894	23.7297496796
91.9642715454	23.729139328
91.9621124268	23.7277011871
91.9593200684	23.7234096527
91.9566116333	23.7190093994
91.9566802979	23.7178611755
91.9572296143	23.7158794403
91.9582672119	23.7131118774
91.9583511353	23.7100715637
91.9566574097	23.707950592
91.9565734863	23.7071495056
91.95652771	23.7067604065
91.9574356079	23.7038612366
91.9575500488	23.7034168243
91.9575653076	23.7032871246
91.9577407837	23.7016010284
91.9575271606	23.7003612518
91.9573287964	23.6991195679
91.9558181763	23.6970596313
91.9543380737	23.6940002441
91.9520874023	23.6913204193
91.9516067505	23.6909198761
91.9495391846	23.689250946
91.9488525391	23.6887702942
91.9483718872	23.6884212494
91.9451980591	23.6861400604
91.9441223145	23.685251236
91.942565918	23.6832904816
91.9423065186	23.6818084717
91.9424209595	23.6814002991
91.9437332153	23.6765995026
91.9468765259	23.668170929
91.9499511719	23.6581096649
91.9518508911	23.6469402313
91.9515609741	23.6392498016
91.950958252	23.6328697205
91.9521331787	23.628660202
91.9549102783	23.6236801147
91.9566726685	23.6179218292
91.9565811157	23.6142902374
91.9564208984	23.6080284119
91.9546813965	23.5959415436
91.9531173706	23.5914382935
91.9509963989	23.5884609222
91.9509887695	23.5863609314
91.9521331787	23.5860099792
91.9535064697	23.5864582062
91.9541320801	23.5864696503
91.9556732178	23.5871715546
91.956817627	23.5873451233
91.9590072632	23.5863304138
91.9623565674	23.5813102722
91.9638671875	23.578830719
91.9635772705	23.5750102997
91.9621505737	23.5715904236
91.9614181519	23.5704307556
91.9611282349	23.5694408417
91.9604797363	23.567029953
91.9605407715	23.5665512085
91.9608001709	23.5659103394
91.9613265991	23.5650005341
91.9621505737	23.5640106201
91.9625473022	23.5637207031
91.9625396729	23.5626392365
91.9625320435	23.5622806549
91.9627990723	23.560092926
91.9628829956	23.5589904785
91.9635391235	23.5566501617
91.9639511108	23.5559597015
91.9642105103	23.5556507111
91.9655990601	23.5540103912
91.9649658203	23.5511894226
91.9647979736	23.5504226685
91.9644622803	23.5475902557
91.9633560181	23.5455493927
91.9627304077	23.5435504913
91.962387085	23.5419311523
91.9613113403	23.5400810242
91.9609375	23.5376281738
91.9629974365	23.5361194611
91.9652099609	23.5345096588
91.9660568237	23.5328903198
91.9664916992	23.530960083
91.9678878784	23.5289402008
91.9654006958	23.5280704498
91.9649429321	23.5276107788
91.9641113281	23.5277996063
91.9631881714	23.5276203156
91.9613189697	23.5272903442
91.961151123	23.5272598267
91.9598617554	23.5256118774
91.9598388672	23.525390625
91.9598083496	23.5250396729
91.9595565796	23.5223197937
91.9596481323	23.5202102661
91.9605484009	23.518081665
91.9613265991	23.5162010193
91.9646606445	23.5158309937
91.9657897949	23.5152206421
91.9681091309	23.5137882233
91.9686508179	23.5124092102
91.9687194824	23.5107727051
91.9685897827	23.5097007751
91.9689865112	23.5089607239
91.9703216553	23.5082683563
91.9718780518	23.5069904327
91.9730682373	23.5059108734
91.9742279053	23.504360199
91.9739303589	23.5030403137
91.9724502563	23.5017929077
91.9720458984	23.5006694794
91.9717559814	23.4993495941
91.9722366333	23.4978904724
91.9727020264	23.4968605042
91.9751586914	23.4961681366
91.97605896	23.4959602356
91.9760284424	23.4949798584
91.9755096436	23.4940605164
91.9736328125	23.4927501678
91.9730529785	23.4924411774
91.9727478027	23.4906101227
91.9738693237	23.4883594513
91.974571228	23.4865608215
91.9745864868	23.4855709076
91.9751663208	23.4824428558
91.9733123779	23.4807682037
91.9719161987	23.481048584
91.9703903198	23.4814910889
91.9696807861	23.4815711975
91.9669494629	23.4819297791
91.9637527466	23.4820804596
91.9623413086	23.4782600403
91.9573822021	23.4774303436
91.9565963745	23.4767398834
91.9553375244	23.4757595062
91.954246521	23.4746685028
91.952911377	23.4733295441
91.9522323608	23.4724807739
91.9518280029	23.4703712463
91.9485015869	23.4703407288
91.9438400269	23.4700908661
91.9418106079	23.4691104889
91.942489624	23.466381073
91.9420394897	23.4640102386
91.9415130615	23.4614601135
91.9413909912	23.4608306885
91.9428863525	23.4576396942
91.9438705444	23.4558982849
91.9443664551	23.4545612335
91.9446792603	23.4538993835
91.9458770752	23.4504528046
91.9462738037	23.449432373
91.9469528198	23.447681427
91.9471130371	23.446269989
91.9471893311	23.4440498352
91.9468002319	23.4433994293
91.9465179443	23.4429302216
91.9463195801	23.4417304993
91.9449157715	23.4397697449
91.9428710938	23.4383506775
91.9417800903	23.4375896454
91.938621521	23.4398212433
91.9365386963	23.440908432
91.9338226318	23.4399604797
91.9305419922	23.4396305084
91.9290084839	23.4403495789
91.9261474609	23.4416103363
91.9250793457	23.44231987
91.922416687	23.4429607391
91.9203872681	23.4423599243
91.9189224243	23.4416999817
91.9157028198	23.4412307739
91.9123001099	23.4408302307
91.9106521606	23.4405994415
91.9074478149	23.4421100616
91.9035110474	23.4414482117
91.9024276733	23.4396495819
91.9021606445	23.4389896393
91.9016113281	23.43816185
91.9010620117	23.4371128082
91.900428772	23.4359111786
91.8977890015	23.4348983765
91.8966369629	23.435634613
91.8949813843	23.4358501434
91.8940200806	23.435760498
91.8927078247	23.4352893829
91.8917999268	23.4333229065
91.8916320801	23.4329509735
91.8905715942	23.4307003021
91.8899765015	23.4299316406
91.887046814	23.426820755
91.8822631836	23.4233016968
91.8821029663	23.4232845306
91.8802719116	23.4230995178
91.8789291382	23.4213027954
91.8772964478	23.4191703796
91.875579834	23.4178981781
91.8723907471	23.4147510529
91.8668212891	23.4117603302
91.865272522	23.4100704193
91.8631668091	23.4085712433
91.8602828979	23.407081604
91.8561477661	23.4052505493
91.8550186157	23.4047698975
91.8504562378	23.4027690887
91.8473587036	23.4002304077
91.8439331055	23.3965206146
91.8421020508	23.3938503265
91.843208313	23.3923301697
91.8441696167	23.390871048
91.8427505493	23.3888893127
91.8402404785	23.3865013123
91.8381271362	23.3844928741
91.8382110596	23.3826999664
91.8395462036	23.3819599152
91.8412628174	23.3807907104
91.8439712524	23.3803710938
91.8419036865	23.3778266907
91.8405380249	23.3761501312
91.8374023438	23.3722610474
91.8343582153	23.3688697815
91.8319396973	23.3661727905
91.8306503296	23.3651695251
91.8269729614	23.3622112274
91.8237304688	23.357219696
91.8214492798	23.3510894775
91.8184814453	23.3480300903
91.8183517456	23.3478908539
91.8166885376	23.3459510803
91.814491272	23.3444194794
91.8134307861	23.3436107635
91.8105392456	23.341550827
91.8082199097	23.3386592865
91.8051605225	23.3326396942
91.802520752	23.3287792206
91.7987365723	23.3223495483
91.7959671021	23.3174705505
91.7953109741	23.3163700104
91.7916183472	23.3105392456
91.7920303345	23.3123703003
91.7902603149	23.3090991974
91.7898788452	23.3080196381
91.7893295288	23.3063697815
91.7883911133	23.3041915894
91.7881011963	23.3035125732
91.7867660522	23.3006305695
91.7863006592	23.2996196747
91.7853393555	23.2986297607
91.7852478027	23.2985401154
91.7830505371	23.2940196991
91.7823181152	23.2919101715
91.7817687988	23.2907505035
91.7810592651	23.2884902954
91.7802124023	23.2877902985
91.779800415	23.2870807648
91.7794113159	23.2867698669
91.7781829834	23.2851295471
91.7768707275	23.2824707031
91.7761459351	23.2800712585
91.7757568359	23.2794799805
91.774848938	23.2780609131
91.774810791	23.2760295868
91.7748184204	23.2728881836
91.7727813721	23.2700901031
91.7734832764	23.2681598663
91.7724685669	23.2657394409
91.7709121704	23.263759613
91.7716522217	23.261220932
91.7729415894	23.2563495636
91.7732467651	23.2538890839
91.7727661133	23.2513599396
91.7732086182	23.2493209839
91.7750778198	23.2458705902
91.7773208618	23.2429084778
91.7785186768	23.2408409119
91.7830123901	23.2376499176
91.7872467041	23.2334518433
91.7920074463	23.2294502258
91.7921676636	23.2293128967
91.7920227051	23.2290992737
91.7918701172	23.2288703918
91.7915878296	23.2287101746
91.7909393311	23.2266712189
91.7905883789	23.224571228
91.7898864746	23.2229709625
91.7895431519	23.221660614
91.7875366211	23.2203598022
91.7886810303	23.2188205719
91.787979126	23.2185497284
91.7874069214	23.2176494598
91.7873916626	23.2172794342
91.7878112793	23.2158508301
91.7884292603	23.2144794464
91.7869186401	23.2112197876
91.7855606079	23.2078399658
91.7864379883	23.2076816559
91.7878189087	23.208070755
91.7894287109	23.2089881897
91.7913665771	23.2104415894
91.7921066284	23.2096805573
91.7927398682	23.2090396881
91.7928466797	23.208480835
91.7929916382	23.2077999115
91.79347229	23.2056407928
91.7938995361	23.2013702393
91.7949676514	23.200138092
91.7961502075	23.1994590759
91.7968673706	23.1985607147
91.7971496582	23.1979103088
91.799407959	23.1966781616
91.8001174927	23.1925601959
91.7999420166	23.1920509338
91.7993011475	23.1902198792
91.7989730835	23.1892204285
91.7987213135	23.1869697571
91.8001861572	23.1854000092
91.8006286621	23.1834411621
91.8015594482	23.1817893982
91.8003692627	23.1803894043
91.7996902466	23.1795711517
91.7997589111	23.1785316467
91.8010559082	23.1764812469
91.8024673462	23.1737003326
91.804069519	23.1717796326
91.8058166504	23.1702880859
91.8070373535	23.1689891815
91.8073501587	23.1666698456
91.8073501587	23.164560318
91.8068466187	23.1634902954
91.8066864014	23.1624183655
91.8057632446	23.1600399017
91.8057098389	23.1586093903
91.8065795898	23.157869339
91.8071212769	23.1575698853
91.8079071045	23.1568603516
91.8091278076	23.1568412781
91.8114013672	23.1548194885
91.8117370605	23.154510498
91.8134078979	23.150888443
91.8133773804	23.149980545
91.8140869141	23.1473197937
91.8143463135	23.1419296265
91.8145217896	23.1387195587
91.8127059937	23.1327705383
91.8120803833	23.130689621
91.8136672974	23.129699707
91.8137969971	23.1296081543
91.8150100708	23.1293811798
91.8155593872	23.1293811798
91.8167495728	23.1289710999
91.8166885376	23.128288269
91.817817688	23.1276817322
91.8173217773	23.1261100769
91.8163223267	23.1248111725
91.8161621094	23.1236305237
91.8150482178	23.1227302551
91.8135375977	23.1214828491
91.8138580322	23.1185798645
91.8157196045	23.1188201904
91.8160095215	23.1191196442
91.8174285889	23.1205997467
91.8181762695	23.1217002869
91.8187484741	23.1222190857
91.8199462891	23.1230316162
91.8208618164	23.1226596832
91.8208618164	23.1224002838
91.8208618164	23.1222190857
91.820892334	23.1208896637
91.8206863403	23.1183300018
91.819480896	23.1159305573
91.8188705444	23.1146812439
91.8184280396	23.1137599945
91.8179702759	23.1122608185
91.8185195923	23.1118412018
91.8198623657	23.1117916107
91.8211669922	23.1117401123
91.8226318359	23.1116485596
91.8229293823	23.1106681824
91.8231277466	23.1101493835
91.8231964111	23.1089000702
91.824546814	23.1073303223
91.8250427246	23.1067295074
91.824546814	23.105638504
91.8239898682	23.1044597626
91.8230819702	23.1037902832
91.8226623535	23.1034908295
91.8222961426	23.1027603149
91.8228988647	23.102060318
91.8230819702	23.1014995575
91.8233108521	23.1008205414
91.824256897	23.1003398895
91.8251571655	23.0998897552
91.8269271851	23.100151062
91.829498291	23.1006793976
91.8316574097	23.1000595093
91.8326416016	23.0987510681
91.834487915	23.0965805054
91.8354263306	23.0954303741
91.8355026245	23.0939102173
91.8345184326	23.0918807983
91.8338165283	23.0913295746
91.8322067261	23.0895595551
91.830619812	23.0893306732
91.8299026489	23.089220047
91.8282318115	23.0854110718
91.827583313	23.0849304199
91.8257293701	23.0839099884
91.8248062134	23.0846195221
91.8240814209	23.0860595703
91.8228912354	23.0862884521
91.8221282959	23.0853404999
91.8213424683	23.0828800201
91.8229827881	23.0814208984
91.8246688843	23.0803203583
91.8247375488	23.0783481598
91.8233795166	23.0756626129
91.8197784424	23.074590683
91.8165359497	23.0737705231
91.8161773682	23.0706005096
91.815322876	23.0707798004
91.8151321411	23.0698509216
91.8128967285	23.0710906982
91.8125610352	23.0712890625
91.8095703125	23.0695495605
91.8089065552	23.0690402985
91.8069458008	23.0675506592
91.8058929443	23.0674495697
91.8051071167	23.0670108795
91.7997894287	23.0656795502
91.7962188721	23.0657043457
91.7953720093	23.0657100677
91.7952804565	23.0658187866
91.7945709229	23.0666427612
91.7936782837	23.0676803589
91.794052124	23.0693016052
91.7942199707	23.0700302124
91.7938995361	23.0704898834
91.7937011719	23.0707912445
91.7930374146	23.0710010529
91.7877883911	23.0726604462
91.787612915	23.0724925995
91.7866592407	23.071018219
91.7859573364	23.0695896149
91.7858810425	23.0700702667
91.7852172852	23.070690155
91.7844390869	23.0700798035
91.7827606201	23.0692710876
91.7825164795	23.069190979
91.7813415527	23.0688076019
91.7803573608	23.068529129
91.7784576416	23.0666599274
91.7779693604	23.0649280548
91.7788696289	23.0627708435
91.7802276611	23.061258316
91.7802963257	23.0596809387
91.7799758911	23.0589199066
91.7798080444	23.0584907532
91.7804260254	23.0563697815
91.7824630737	23.0532684326
91.7829589844	23.0528297424
91.7847518921	23.0512104034
91.7867507935	23.0489406586
91.787322998	23.0457611084
91.7874069214	23.0420894623
91.7869796753	23.0402774811
91.7870330811	23.036649704
91.7857513428	23.0334701538
91.7850418091	23.031709671
91.783782959	23.0315494537
91.7832565308	23.0314807892
91.7804794312	23.0311203003
91.777557373	23.036359787
91.7774658203	23.0379180908
91.7772903442	23.0411300659
91.7764816284	23.0441799164
91.7760009766	23.0448207855
91.7754211426	23.0454902649
91.7733764648	23.0440597534
91.7727813721	23.0429611206
91.7738800049	23.0408496857
91.7743530273	23.0399608612
91.7743530273	23.0397624969
91.7743377686	23.0372104645
91.7712402344	23.0367794037
91.7663116455	23.0292701721
91.7607116699	23.0252494812
91.7584381104	23.0207195282
91.7560501099	23.015619278
91.751121521	23.0100402832
91.7463226318	23.0066204071
91.7457122803	23.0061912537
91.741569519	23.005109787
91.7392425537	23.0046291351
91.7336807251	23.0013427734
91.7289428711	22.9975509644
91.7281112671	22.9968891144
91.7274017334	22.9948883057
91.7273101807	22.9945602417
91.72706604	22.993730545
91.7269058228	22.9926319122
91.7261428833	22.9898300171
91.7255783081	22.989320755
91.7240371704	22.9887104034
91.7233810425	22.9897327423
91.721282959	22.9887695312
91.7204818726	22.9882164001
91.7195205688	22.9897918701
91.7187805176	22.9915008545
91.7172164917	22.9946327209
91.7150726318	22.9969100952
91.7108688354	22.9977874756
91.7100067139	22.9981994629
91.7052307129	23.0004806519
91.7007293701	23.0008506775
91.6983413696	23.0026416779
91.6958999634	23.0007686615
91.6937026978	22.9984302521
91.6920318604	22.996931076
91.6914901733	22.9958095551
91.6910018921	22.9943618774
91.6905593872	22.9932975769
91.6915206909	22.9920024872
91.6884994507	22.9879398346
91.6856231689	22.987859726
91.6817092896	22.990020752
91.6828308105	22.9945411682
91.6826629639	22.9957294464
91.6819992065	22.9961605072
91.6803970337	22.9959011078
91.6796569824	22.9946918488
91.6802902222	22.9935302734
91.6802825928	22.9923210144
91.6789932251	22.9912910461
91.677986145	22.9912109375
91.6754379272	22.9878902435
91.6710281372	22.9876804352
91.6667633057	22.9878101349
91.6658401489	22.9905700684
91.6632461548	22.9905605316
91.6622390747	22.990020752
91.662940979	22.9894104004
91.6605529785	22.9880809784
91.6579284668	22.9868202209
91.6570358276	22.9866676331
91.6564712524	22.9882106781
91.656211853	22.9899406433
91.6558914185	22.9903697968
91.6554107666	22.9910507202
91.6527175903	22.991859436
91.6521377563	22.9919509888
91.651512146	22.9906902313
91.6514587402	22.9887008667
91.6515579224	22.9876384735
91.6516265869	22.986951828
91.6517410278	22.9864997864
91.6544189453	22.9858798981
91.6526794434	22.9831027985
91.6501312256	22.9798908234
91.6460266113	22.978849411
91.6457901001	22.9780807495
91.6440582275	22.9763507843
91.6420822144	22.9741401672
91.6415710449	22.9732494354
91.6407165527	22.9721508026
91.6394271851	22.9706802368
91.637260437	22.9697704315
91.6365966797	22.9675598145
91.6344909668	22.967540741
91.6335983276	22.9664211273
91.6343765259	22.964679718
91.6333007813	22.9629611969
91.6312332153	22.9613494873
91.6283416748	22.9611911774
91.6274185181	22.9601612091
91.6273269653	22.9594097137
91.6279220581	22.957950592
91.6289596558	22.9568710327
91.627571106	22.9549407959
91.625328064	22.9525108337
91.6242599487	22.9513111115
91.6235580444	22.9480381012
91.618927002	22.9443302155
91.6187133789	22.9441509247
91.6185379028	22.9443511963
91.6166763306	22.9464912415
91.6189880371	22.9499893188
91.6182098389	22.9527626038
91.6162872314	22.9548397064
91.6188201904	22.9567203522
91.6188659668	22.9568405151
91.6194229126	22.9578895569
91.6196060181	22.9588794708
91.6192398071	22.9597702026
91.6178588867	22.9599990845
91.615852356	22.9593410492
91.6152267456	22.9589805603
91.6149978638	22.9588527679
91.6113128662	22.9548511505
91.6092681885	22.9560394287
91.6087417603	22.9563407898
91.6066970825	22.9560413361
91.604850769	22.9560394287
91.60521698	22.9578018188
91.606628418	22.9588527679
91.60572052	22.9599304199
91.6066513062	22.9617996216
91.6072463989	22.963300705
91.6084289551	22.9647502899
91.6085281372	22.9647903442
91.6099777222	22.965549469
91.6106796265	22.9659004211
91.6097412109	22.9659900665
91.6091003418	22.9660511017
91.6086883545	22.9665794373
91.6073760986	22.96833992
91.6074371338	22.9684391022
91.6083602905	22.970041275
91.6109313965	22.971370697
91.6119995117	22.9719200134
91.6119613647	22.9733505249
91.6106033325	22.9736328125
91.6094894409	22.9733390808
91.6076812744	22.9728507996
91.6073226929	22.9736003876
91.6069564819	22.9745903015
91.606880188	22.9746799469
91.6065216064	22.9750900269
91.6063919067	22.9749412537
91.6038513184	22.9719028473
91.6032409668	22.9715709686
91.5996398926	22.9696083069
91.5973968506	22.970281601
91.5971069336	22.970369339
91.5967712402	22.9704704285
91.59740448	22.9725208282
91.5982208252	22.9751605988
91.5975189209	22.9757804871
91.5973968506	22.9757404327
91.5955276489	22.9750404358
91.5945510864	22.9735107422
91.5934677124	22.9716911316
91.592376709	22.9703598022
91.5903320313	22.9695510864
91.5897674561	22.9683017731
91.5874176025	22.9639701843
91.5833511353	22.9632205963
91.5833129883	22.9638195038
91.5807266235	22.965959549
91.5757217407	22.968460083
91.5677566528	22.9722881317
91.5659103394	22.9744110107
91.5642166138	22.9754104614
91.5627975464	22.9764518738
91.562789917	22.9786300659
91.5627975464	22.9790401459
91.5626831055	22.9829902649
91.5628662109	22.9861507416
91.5624923706	22.9887104034
91.5625991821	22.9896812439
91.5598907471	22.9921207428
91.5591278076	22.9927997589
91.5527801514	22.9925384521
91.5488891602	22.9947624207
91.5484466553	22.9955215454
91.5477523804	22.9975891113
91.5471725464	22.998758316
91.546836853	22.9994297028
91.5471572876	23.0010604858
91.5473098755	23.001789093
91.549041748	23.0062503815
91.5508499146	23.0096302032
91.5522232056	23.0129699707
91.553276062	23.0157585144
91.5498809814	23.0153808594
91.5454864502	23.014881134
91.5464019775	23.0173625946
91.5440826416	23.0178699493
91.5461959839	23.0209503174
91.5462875366	23.0211200714
91.5489273071	23.0257091522
91.5517501831	23.0295124054
91.5540466309	23.0322227478
91.5542984009	23.0329494476
91.5541992188	23.0337791443
91.5503082275	23.0339603424
91.5476379395	23.0340900421
91.5385131836	23.0347194672
91.5385284424	23.0357093811
91.5357284546	23.038772583
91.5367431641	23.0408306122
91.5370101929	23.0421619415
91.537361145	23.0438594818
91.5392532349	23.0476894379
91.5413970947	23.0504207611
91.5380325317	23.0514297485
91.5369567871	23.0517482758
91.5322570801	23.0531196594
91.5311660767	23.0532608032
91.5299987793	23.0534324646
91.5285797119	23.0536403656
91.5295181274	23.0555210114
91.5309371948	23.0572605133
91.5327911377	23.0580501556
91.5329208374	23.0581054688
91.5333862305	23.0582695007
91.5338363647	23.0585002899
91.5362930298	23.0597400665
91.5374526978	23.0594711304
91.5392913818	23.0620594025
91.5385360718	23.0632190704
91.5378875732	23.0652885437
91.5363616943	23.0686225891
91.5358276367	23.069190979
91.5345306396	23.0705528259
91.5337905884	23.0745410919
91.5337219238	23.0749015808
91.5335159302	23.0752296448
91.5330429077	23.0764503479
91.5312576294	23.0793304443
91.5310897827	23.0812110901
91.532623291	23.0837497711
91.5341110229	23.0842609406
91.5352783203	23.0870475769
91.5338287354	23.0892505646
91.5337524414	23.0895309448
91.5338058472	23.0896606445
91.533706665	23.0897006989
91.5331878662	23.0915374756
91.5308380127	23.0913982391
91.5285491943	23.0918197632
91.5263595581	23.0922527313
91.5251617432	23.0934085846
91.5248413086	23.0951385498
91.5258407593	23.0967006683
91.5260696411	23.097070694
91.5264892578	23.1004104614
91.5245819092	23.1007404327
91.5224304199	23.1011199951
91.5213317871	23.1023712158
91.5190200806	23.1025428772
91.5175628662	23.1031627655
91.51612854	23.1048297882
91.5159378052	23.1050510406
91.5155029297	23.1055603027
91.5160293579	23.1077919006
91.5171279907	23.1104297638
91.5172805786	23.1105995178
91.5191268921	23.1126594543
91.5222091675	23.1123809814
91.5235214233	23.1142501831
91.5221481323	23.1168498993
91.5210876465	23.1180801392
91.5207672119	23.1197280884
91.5148620605	23.1249217987
91.5137329102	23.1253700256
91.5117492676	23.1254501343
91.5101165771	23.1262397766
91.5097122192	23.1264801025
91.5089111328	23.1272106171
91.5095367432	23.1297111511
91.5118026733	23.1320095062
91.514251709	23.1332092285
91.5168228149	23.1354408264
91.5217208862	23.1391029358
91.5204162598	23.1392097473
91.5156860352	23.1365604401
91.5121002197	23.1373100281
91.5090408325	23.137960434
91.5063323975	23.1412200928
91.5039672852	23.1415901184
91.5026321411	23.1432704926
91.5027694702	23.1451301575
91.5049972534	23.1468009949
91.5056304932	23.1475296021
91.5061569214	23.1481208801
91.5084533691	23.1493301392
91.5102920532	23.1505908966
91.5067214966	23.1498908997
91.5053100586	23.1499881744
91.5018386841	23.1502685547
91.5014572144	23.1508216858
91.4996032715	23.150510788
91.498298645	23.1508102417
91.4974975586	23.1530895233
91.497428894	23.1533107758
91.4975967407	23.1559104919
91.4982833862	23.1589412689
91.5009765625	23.1610202789
91.5030975342	23.1648101807
91.5037918091	23.1657905579
91.5013427734	23.1693096161
91.4999465942	23.1692829132
91.498298645	23.1697406769
91.4983291626	23.1699829102
91.4983901978	23.1704711914
91.4980392456	23.1721801758
91.498260498	23.1733112335
91.4985809326	23.1739501953
91.4991378784	23.1750297546
91.5004882813	23.1763305664
91.5026397705	23.1776103973
91.5054092407	23.1788101196
91.5073928833	23.1790122986
91.5085525513	23.1795101166
91.5109329224	23.1820392609
91.5097122192	23.1827697754
91.5081787109	23.1830596924
91.5068969727	23.1835002899
91.5063095093	23.1842002869
91.5063400269	23.1856899261
91.506362915	23.1866226196
91.5007476807	23.1869106293
91.4956207275	23.1873111725
91.4919204712	23.1876525879
91.4905471802	23.1870002747
91.4887084961	23.1872406006
91.487121582	23.1876010895
91.4838562012	23.1880512238
91.4814987183	23.1858711243
91.4789123535	23.1863098145
91.4747772217	23.1883983612
91.4742431641	23.1888370514
91.4768981934	23.1939353943
91.4770431519	23.1942691803
91.4774169922	23.1947994232
91.4786758423	23.1954898834
91.4794158936	23.1954517365
91.48046875	23.1954212189
91.4822006226	23.1955184937
91.4841766357	23.1955604553
91.4859771729	23.1957798004
91.4888916016	23.1989612579
91.4891815186	23.2000083923
91.4895172119	23.2022094727
91.4879226685	23.2051010132
91.4881515503	23.2063903809
91.4877929688	23.2082099915
91.4868392944	23.2091007233
91.4859771729	23.2122402191
91.4858016968	23.2124004364
91.4850311279	23.2131309509
91.4839630127	23.2141304016
91.4830093384	23.2149505615
91.4824371338	23.2162208557
91.4785766602	23.2159805298
91.4737167358	23.2143115997
91.4671478271	23.2124519348
91.4655990601	23.212392807
91.4642868042	23.2122097015
91.4638061523	23.2128582001
91.4621582031	23.213060379
91.4617767334	23.2140598297
91.4598922729	23.2146911621
91.4593200684	23.2150192261
91.4586181641	23.2154216766
91.4578933716	23.2170810699
91.4585723877	23.2187595367
91.4593200684	23.2193012238
91.4599761963	23.2197818756
91.4618682861	23.2206707001
91.4633865356	23.2216911316
91.4645767212	23.2219295502
91.4657669067	23.2225608826
91.4675216675	23.222951889
91.4710006714	23.2234401703
91.4745025635	23.2243099213
91.4748001099	23.2256202698
91.4744110107	23.226770401
91.4734802246	23.228099823
91.4706115723	23.2324905396
91.4704589844	23.2326812744
91.4680175781	23.2349796295
91.4667358398	23.2384796143
91.46434021	23.2402095795
91.462059021	23.2418804169
91.4606018066	23.242389679
91.4582595825	23.2425899506
91.456703186	23.2420082092
91.4557495117	23.2416591644
91.4537200928	23.2419700623
91.4516830444	23.2434597015
91.4519424438	23.2453708649
91.4520187378	23.2466011047
91.4521331787	23.2484207153
91.4541625977	23.2487411499
91.4546890259	23.2488307953
91.456993103	23.2508411407
91.4589767456	23.2526302338
91.4592666626	23.2532691956
91.4597167969	23.2547111511
91.4577865601	23.2558994293
91.4559707642	23.2561302185
91.4520492554	23.2566509247
91.4434432983	23.2581005096
91.4366073608	23.2584209442
91.4326095581	23.2583847046
91.4291763306	23.258354187
91.4286117554	23.258348465
91.4263381958	23.2583293915
91.4250488281	23.2570095062
91.4236831665	23.2550201416
91.4217758179	23.2572402954
91.4220123291	23.2597293854
91.4220275879	23.2630596161
91.4222717285	23.2648792267
91.42237854	23.2657680511
91.4231643677	23.2707805634
91.4232177734	23.2711105347
91.4244766235	23.2732200623
91.4236907959	23.2758407593
91.4190063477	23.2802219391
91.4186325073	23.2767410278
91.4177093506	23.2685699463
91.4181060791	23.2542991638
91.4149932861	23.254989624
91.4146194458	23.2543411255
91.4122161865	23.2543792725
91.410118103	23.255979538
91.4092712402	23.2579898834
91.4090881348	23.259469986
91.4077911377	23.2608795166
91.4077072144	23.2539806366
91.4077072144	23.2535629272
91.408493042	23.2527694702
91.4090881348	23.2521724701
91.4110488892	23.2502098083
91.4131622314	23.2488098145
91.4156723022	23.2448825836
91.414855957	23.2445888519
91.4072570801	23.2428302765
91.4030380249	23.2377109528
91.4061203003	23.2318210602
91.4064712524	23.2311592102
91.404006958	23.2261600494
91.3958206177	23.2234401703
91.3969726563	23.2186203003
91.3970108032	23.2134780884
91.3929214478	23.2086391449
91.3930358887	23.2048301697
91.3938369751	23.2041397095
91.3938827515	23.2033500671
91.3933181763	23.2017307281
91.3931732178	23.2008800507
91.3933868408	23.1934108734
91.3904876709	23.1881904602
91.3888397217	23.1794605255
91.390296936	23.1760997772
91.3903579712	23.1751098633
91.3929367065	23.1676502228
91.3908462524	23.1576194763
91.3908920288	23.157289505
91.3914718628	23.1525802612
91.393196106	23.1505794525
91.3943557739	23.149980545
91.3958358765	23.1475200653
91.3977508545	23.1415576935
91.3981323242	23.1408691406
91.4011917114	23.1351909637
91.4031066895	23.1291427612
91.4032592773	23.1252212524
91.4034957886	23.1190414429
91.4038085937	23.117980957
91.4050369263	23.1159000397
91.4054107666	23.1152896881
91.4066696167	23.1140193939
91.4074859619	23.1131801605
91.4088973999	23.1100711823
91.4099960327	23.1068096161
91.4090270996	23.1044597626
91.4093017578	23.1038627625
91.4080581665	23.0951194763
91.4080123901	23.0947303772
91.4082107544	23.0946903229
91.4094390869	23.094499588
91.4124069214	23.0947780609
91.412979126	23.0935707092
91.4121627808	23.0916690826
91.4128494263	23.0911598206
91.4125061035	23.0865707397
91.4122619629	23.0833702087
91.4129104614	23.0827693939
91.4148712158	23.0809402466
91.417388916	23.0803012848
91.41847229	23.0800228119
91.4196090698	23.0802612305
91.4216461182	23.0806903839
91.4225158691	23.079240799
91.421257019	23.0773601532
91.4219360352	23.0763397217
91.4206466675	23.0742397308
91.4200210571	23.0732212067
91.4179992676	23.0691394806
91.4180526733	23.0677108765
91.4180831909	23.0666103363
91.4181518555	23.0640506744
91.4190216064	23.063249588
91.4198913574	23.0614109039
91.4219970703	23.0592498779
91.4176559448	23.0556106567
91.4111633301	23.0536994934
91.4022827148	23.0517997742
91.395942688	23.0554084778
91.3881759644	23.0583190918
91.3776779175	23.0640506744
91.376083374	23.0687294006
91.373626709	23.0712108612
91.3714981079	23.0741291046
91.370010376	23.0761699677
91.3666000366	23.0818691254
91.3662261963	23.0824394226
91.3661193848	23.0826416016
91.3634567261	23.0867004395
91.3597259521	23.0905818939
91.3567123413	23.094619751
91.3562850952	23.0951862335
91.3536224365	23.1001605988
91.3531723022	23.1013507843
91.3531265259	23.1060695648
91.3531799316	23.1109828949
91.3526611328	23.1138496399
91.3504333496	23.1161384583
91.3474578857	23.1167411804
91.3471984863	23.1200084686
91.3481369019	23.1236305237
91.3474807739	23.1274795532
91.3451461792	23.1286907196
91.3432388306	23.1313209534
91.341796875	23.1362094879
91.3415374756	23.1411895752
91.3401031494	23.1445999146
91.3397827148	23.1476898193
91.33934021	23.1510105133
91.3372802734	23.1543998718
91.3345718384	23.155670166
91.3303375244	23.1576728821
91.3303909302	23.1608390808
91.3304290771	23.1636581421
91.3311233521	23.1688404083
91.3308486938	23.1716499329
91.3301467896	23.1833095551
91.3297729492	23.1900100708
91.3299865723	23.1945095062
91.3295288086	23.1971511841
91.3298416138	23.2109107971
91.3308868408	23.2157897949
91.3305206299	23.2192783356
91.3295593262	23.2237091064
91.3287963867	23.2287483215
91.3287200928	23.2349796295
91.3255462646	23.2406711578
91.3257369995	23.2459106445
91.330291748	23.2470397949
91.3314666748	23.2504310608
91.3323059082	23.2527503967
91.3284301758	23.253080368
91.3273773193	23.2531795502
91.325340271	23.2537498474
91.3237533569	23.2562007904
91.3236999512	23.2565612793
91.323387146	23.2587203979
91.3214416504	23.2633399963
91.3185806274	23.2690181732
91.3167572021	23.2739009857
91.3164672852	23.2746810913
91.3164291382	23.2748699188
91.3160476685	23.2766876221
91.3186721802	23.2795696259
91.3187866211	23.2797012329
91.3225631714	23.2821006775
91.3191680908	23.2833881378
91.3153610229	23.2854480743
91.3112487793	23.2857398987
91.3082122803	23.2882804871
91.3064193726	23.2905597687
91.3073196411	23.2929897308
91.309387207	23.2966995239
91.3125	23.2994709015
91.3166427612	23.2996292114
91.3201828003	23.2989006042
91.3215484619	23.3021697998
91.3198699951	23.3059902191
91.3187484741	23.3096199036
91.3159179688	23.3142814636
91.3125610352	23.31524086
91.311958313	23.315410614
91.3088684082	23.3147583008
91.3044662476	23.3144302368
91.3023071289	23.3157196045
91.299079895	23.3176727295
91.2972564697	23.320980072
91.2981185913	23.3271694183
91.2990264893	23.3300609589
91.3010864258	23.3353729248
91.3025131226	23.3411483765
91.3063659668	23.3441791534
91.3116531372	23.3448295593
91.314956665	23.3447399139
91.3165664673	23.3477706909
91.3177108765	23.3532810211
91.3212127686	23.3545475006
91.3253631592	23.3571205139
91.3256072998	23.3623104095
91.3212814331	23.361749649
91.3166427612	23.3599414825
91.3162002563	23.3596801758
91.312286377	23.3573799133
91.3092727661	23.3552398682
91.3069381714	23.3547306061
91.3041610718	23.3541297913
91.2989730835	23.3520336151
91.2966690063	23.3544712067
91.297706604	23.356470108
91.2982788086	23.3575496674
91.2998886108	23.3623027802
91.2964096069	23.3629226685
91.2947921753	23.3633098602
91.2932357788	23.3648910522
91.2920761108	23.3660697937
91.2920608521	23.3681583405
91.2920608521	23.3693199158
91.2917175293	23.370059967
91.2909088135	23.3718109131
91.2939910889	23.3721828461
91.296913147	23.3728408813
91.298286438	23.3731403351
91.2984390259	23.3757095337
91.2981109619	23.3787498474
91.29637146	23.3782997131
91.2948760986	23.3779201508
91.2913513184	23.3768901825
91.2904891968	23.3770809174
91.2864990234	23.3779907227
91.2850112915	23.3817501068
91.2840270996	23.3843708038
91.2838363647	23.3852806091
91.2834396362	23.3864498138
91.2833480835	23.3882102966
91.2831268311	23.3919696808
91.2825012207	23.3971328735
91.2825698853	23.4024906158
91.2825393677	23.4052906036
91.2832870483	23.4104099274
91.282119751	23.4161510468
91.2805328369	23.4188308716
91.2771911621	23.4201202393
91.2724533081	23.4239711761
91.2710266113	23.4263496399
91.273727417	23.4298210144
91.2735519409	23.4337596893
91.2707824707	23.436920166
91.2674102783	23.4388980865
91.2661132812	23.4396591187
91.2634887695	23.4411811829
91.2615890503	23.4440402985
91.260887146	23.4458293915
91.2598571777	23.4484806061
91.2590332031	23.4548511505
91.2574996948	23.4645519257
91.2559204102	23.4676208496
91.2570266724	23.4706707001
91.2564163208	23.474571228
91.2565002441	23.482049942
91.2537765503	23.4897193909
91.2510681152	23.4912796021
91.245010376	23.4916782379
91.2393264771	23.4938182831
91.2373962402	23.4945812225
91.2387313843	23.4955310822
91.2390060425	23.4957408905
91.2377166748	23.5000629425
91.2390213013	23.5031108856
91.236831665	23.5032196045
91.2347259521	23.5023097992
91.231086731	23.5004196167
91.2282485962	23.4997501373
91.2265167236	23.5006008148
91.2244567871	23.5023708344
91.2234802246	23.5049095154
91.2246932983	23.5068798065
91.2261886597	23.5104904175
91.2271194458	23.5140094757
91.2228622437	23.5139102936
91.217956543	23.5134105682
91.2154159546	23.5123901367
91.2109603882	23.5138912201
91.2087860107	23.5161800385
91.2068786621	23.5177707672
91.2051773071	23.5205612183
91.2051086426	23.5207901001
91.2041931152	23.5242290497
91.2065429688	23.5279407501
91.2067565918	23.5282802582
91.2085800171	23.533372879
91.2095565796	23.5348396301
91.2113571167	23.5370407104
91.2116165161	23.5380935669
91.2118682861	23.5412712097
91.2128295898	23.542049408
91.2148361206	23.5436496735
91.2180175781	23.5483608246
91.2175369263	23.5491714478
91.2167358398	23.5493125916
91.2154693604	23.5495204926
91.2141418457	23.5488090515
91.2133102417	23.5483608246
91.2123031616	23.5478210449
91.2107467651	23.5467910767
91.2091903687	23.5468902588
91.2083206177	23.5470905304
91.2064819336	23.548160553
91.2057266235	23.5485897064
91.2047119141	23.5481395721
91.2040176392	23.5478382111
91.2021865845	23.5474281311
91.1994476318	23.5479812622
91.1984863281	23.549079895
91.1987075806	23.5518703461
91.1987915039	23.5541095734
91.1988525391	23.5560398102
91.1990890503	23.5591106415
91.1985626221	23.561870575
91.198890686	23.5656929016
91.19480896	23.5708827972
91.1936264038	23.5747394562
91.1858901978	23.5811309814
91.1823120117	23.5846004486
91.1795959473	23.5857601166
91.179359436	23.5879898071
91.1805801392	23.5905895233
91.1820831299	23.5937404633
91.1802062988	23.5944328308
91.1781005859	23.5938129425
91.1774902344	23.5936412811
91.1747283936	23.5935401917
91.1730270386	23.5935916901
91.1690063477	23.5951328278
91.1671676636	23.5978603363
91.1665725708	23.598739624
91.1658172607	23.6022510529
91.1665878296	23.6045684814
91.1663360596	23.6082897186
91.1645889282	23.6120529175
91.164390564	23.6151981354
91.1644668579	23.6193618774
91.1631622314	23.6230010986
91.1625900269	23.6282691956
91.1633377075	23.6316795349
91.1647262573	23.6354103088
91.162727356	23.6392307281
91.1627426147	23.6435012817
91.162940979	23.64412117
91.1644058228	23.6477508545
91.1645278931	23.6546592712
91.1643600464	23.6587905884
91.163772583	23.6617603302
91.1621780396	23.6637611389
91.1611328125	23.6650905609
91.1603622437	23.6680812836
91.161277771	23.6706008911
91.1633224487	23.6681404114
91.1649017334	23.6653404236
91.1681213379	23.6640396118
91.1716384888	23.6623497009
91.1721801758	23.6617698669
91.1739273071	23.6598796844
91.1761627197	23.6571903229
91.1809463501	23.6563510895
91.1815261841	23.6562519073
91.1860427856	23.6561203003
91.1906204224	23.6561107635
91.1952285767	23.6552791595
91.1953582764	23.6518993378
91.1953964233	23.6511211395
91.1953125	23.6487216949
91.1962966919	23.6482391357
91.198890686	23.6469707489
91.2020721436	23.6481895447
91.2041931152	23.6493282318
91.2065429688	23.6510257721
91.2069091797	23.6512928009
91.2070770264	23.6514225006
91.208366394	23.6540107727
91.2098999023	23.6565876007
91.2077026367	23.6580295563
91.2061386108	23.6602306366
91.2060165405	23.6653900146
91.2067565918	23.6681880951
91.2070999146	23.6694698334
91.2079315186	23.6717891693
91.2083206177	23.67578125
91.208152771	23.6797809601
91.208442688	23.68268013
91.2090072632	23.6844387054
91.2100601196	23.6875514984
91.2067565918	23.688041687
91.2051315308	23.6900806427
91.2010116577	23.6924304962
91.1972427368	23.6923084259
91.193359375	23.6908111572
91.1877365112	23.6918907166
91.184967041	23.691450119
91.1807327271	23.6919708252
91.1766433716	23.6920204163
91.1722869873	23.6915206909
91.1674728394	23.6915912628
91.1632461548	23.6911392212
91.1582870483	23.6912212372
91.1561431885	23.6944198608
91.1566772461	23.699092865
91.1558990479	23.7037410736
91.1544876099	23.7098312378
91.1547927856	23.7164497375
91.1558532715	23.7234401703
91.1581802368	23.7291526794
91.1597518921	23.7345905304
91.1604309082	23.7394294739
91.1616668701	23.7426605225
91.1639404297	23.7462406158
91.1670684814	23.7485103607
91.1684417725	23.7494907379
91.1723632813	23.7520599365
91.1780014038	23.7515602112
91.1829528809	23.7511405945
91.1875915527	23.7511310577
91.1892929077	23.7516593933
91.1948699951	23.7531604767
91.1955184937	23.7532501221
91.2000961304	23.7531204224
91.2054672241	23.7522296906
91.2103881836	23.7516212463
91.2109069824	23.7515602112
91.214302063	23.7501010895
91.2149658203	23.748670578
91.2157821655	23.7469711304
91.217086792	23.743680954
91.2199630737	23.7411899567
91.2230606079	23.739730835
91.2246170044	23.7401008606
91.2259368896	23.743429184
91.2262420654	23.7448310852
91.2268066406	23.7452983856
91.2275924683	23.7495994568
91.2294006348	23.7525806427
91.2298431396	23.755941391
91.2303466797	23.75963974
91.2325668335	23.7636928558
91.2340927124	23.7693595886
91.2342987061	23.7735309601
91.2343826294	23.7773475647
91.2342376709	23.7823314667
91.2339859009	23.7857608795
91.2319793701	23.7893009186
91.2310028076	23.7917308807
91.2320632935	23.7970104218
91.2351303101	23.8021202087
91.2373809814	23.8084011078
91.2376174927	23.8115310669
91.2405319214	23.8153381348
91.2436828613	23.81965065
91.2447280884	23.8219223022
91.2450332642	23.8222904205
91.2464599609	23.8252906799
91.2487792969	23.8283596039
91.2517700195	23.8330802917
91.2543411255	23.8362007141
91.2576065063	23.8396511078
91.2568969727	23.8445205688
91.2549972534	23.8495483398
91.2520904541	23.8522605896
91.2472305298	23.8583908081
91.2452926636	23.8623313904
91.2434082031	23.8659896851
91.2423019409	23.870300293
91.2403488159	23.8736724854
91.2395172119	23.8766593933
91.2376861572	23.8799095154
91.2360916138	23.8809318542
91.2325057983	23.8832015991
91.2324295044	23.8857002258
91.232421875	23.886051178
91.2323303223	23.8884029388
91.2320709229	23.8935508728
91.2322311401	23.8957195282
91.2321624756	23.8994903564
91.2341079712	23.9014415741
91.2356262207	23.9020595551
91.2382659912	23.9031505585
91.2412033081	23.9040393829
91.2443466187	23.9060001373
91.2488632202	23.9089126587
91.2490158081	23.9101600647
91.2494506836	23.9132900238
91.2481231689	23.9165210724
91.2468261719	23.9189605713
91.2460403442	23.9216117859
91.2443008423	23.9238891602
91.2396011353	23.9261302948
91.2388763428	23.9263401031
91.2355880737	23.9273586273
91.2352218628	23.9286003113
91.2364578247	23.9296512604
91.2394714355	23.9295101166
91.2468490601	23.9283790588
91.2518386841	23.9289875031
91.2544326782	23.9275398254
91.2571258545	23.9272994995
91.2623062134	23.9264602661
91.2672424316	23.927072525
91.2720565796	23.9269809723
91.2726364136	23.9269695282
91.2762680054	23.926240921
91.2779769897	23.9281902313
91.2775878906	23.9297409058
91.2758712769	23.9360103607
91.274017334	23.9402999878
91.2722473145	23.9420623779
91.2701568604	23.9432697296
91.2668685913	23.9446201324
91.2660827637	23.9486408234
91.267829895	23.9530105591
91.2679672241	23.9532546997
91.2683258057	23.9539108276
91.2688293457	23.9555797577
91.2694015503	23.9570503235
91.2699584961	23.9583797455
91.2705688477	23.9598217011
91.2718429565	23.9636116028
91.2732696533	23.9666595459
91.2759017944	23.9700107574
91.2787628174	23.9738712311
91.2798690796	23.9768123627
91.2815628052	23.9801883698
91.2836761475	23.9831027985
91.2855758667	23.9831027985
91.2850265503	23.9804401398
91.2850112915	23.9802017212
91.284828186	23.9783802032
91.2844772339	23.9756507874
91.2862625122	23.971031189
91.2894897461	23.9680309296
91.2930603027	23.9694690704
91.2941894531	23.9702796936
91.2959671021	23.971540451
91.299659729	23.9727210999
91.3006286621	23.975019455
91.300453186	23.9786911011
91.300743103	23.9833602905
91.3019256592	23.9850196838
91.3028564453	23.986328125
91.3040466309	23.989490509
91.3047790527	23.993812561
91.3055725098	23.9955005646
91.3057327271	23.9963302612
91.3058700562	23.9970798492
91.306312561	23.9978694916
91.3064117432	23.9985694885
91.3188400269	23.993719101
91.3234176636	23.9953899384
91.3270721436	23.9945812225
91.3299026489	23.993730545
91.3321228027	23.9927310944
91.3347473145	23.9918403625
91.3362960815	23.9899501801
91.3389968872	23.986120224
91.3443527222	23.9843902588
91.3481369019	23.9851112366
91.3513031006	23.9845981598
91.3549194336	23.9845294952
91.357711792	23.9852905273
91.3600769043	23.9862976074
91.3605804443	23.9865112305
91.3617324829	23.9858665466
91.361907959	23.9857654572
91.3624191284	23.9854812622
91.3627624512	23.9852905273
91.3638076782	23.9846992493
91.3641281128	23.9845161438
91.3658065796	23.9835681915
91.3697509766	23.9807910919
91.3704376221	23.9802837372
91.3730163574	23.9783802032
91.3753509521	23.9774284363
91.3781967163	23.9768791199
91.3790283203	23.9786911011
91.3778762817	23.9847011566
91.3771362305	23.9876499176
91.3768768311	23.9900684357
91.3772277832	23.9948711395
91.3743286133	23.9973316193
91.373878479	24.0009708405
91.3743286133	24.0078907013
91.3771514893	24.0121498108
91.3809890747	24.0179328918
91.3883132935	24.0247802734
91.3908309937	24.0290527344
91.3924331665	24.0338611603
91.3942489624	24.0406398773
91.3955459595	24.0457000732
91.3965072632	24.0513515472
91.3948364258	24.0559406281
91.3882369995	24.0645008087
91.3846359253	24.0704097748
91.3809814453	24.0752506256
91.3784103394	24.0777606964
91.3770828247	24.0812511444
91.3763122559	24.0890827179
91.3766021729	24.0938911438
91.3756561279	24.099319458
91.3752212524	24.1044406891
91.3754272461	24.1075305939
91.3780212402	24.109500885
91.3835601807	24.108959198
91.3860015869	24.1087703705
91.3863067627	24.1087474823
91.3876876831	24.1092281342
91.3894271851	24.1098499298
91.3916168213	24.1098709106
91.3948364258	24.1092529297
91.397895813	24.1090297699
91.3998565674	24.1107997894
91.4034957886	24.1108894348
91.4103164673	24.1111106873
91.4180297852	24.1098117828
91.4219284058	24.1092376709
91.4221878052	24.1091995239
91.4253158569	24.1079425812
91.4284515381	24.108001709
91.4304428101	24.1075782776
91.4308395386	24.1042404175
91.4319229126	24.1020202637
91.4347610474	24.1011199951
91.436416626	24.1018600464
91.4387359619	24.1031494141
91.440536499	24.1030406952
91.4420700073	24.1008396149
91.4441223145	24.0979690552
91.4455108643	24.0982608795
91.4478530884	24.100019455
91.4501876831	24.1008396149
91.4528961182	24.099779129
91.4552001953	24.0980300903
91.4579467773	24.0980491638
91.4612579346	24.0981006622
91.4638061523	24.0976104736
91.4645996094	24.0981407166
91.4653701782	24.0986404419
91.4672927856	24.0995502472
91.4733810425	24.100019455
91.4755096436	24.1001110077
91.4781417847	24.0982608795
91.4792098999	24.0975093842
91.4797668457	24.0971794128
91.4815216064	24.0961608887
91.4849090576	24.0964412689
91.4873733521	24.0968704224
91.490486145	24.0978012085
91.4924163818	24.0965099335
91.4926986694	24.094379425
91.4934387207	24.0903396606
91.4964294434	24.0886802673
91.498878479	24.0883083344
91.5075531006	24.0870094299
91.5129165649	24.0868797302
91.5172271729	24.0866107941
91.5190887451	24.086309433
91.5218276978	24.0845508575
91.5249862671	24.0839729309
91.5361175537	24.0812110901
91.5369720459	24.0807113647
91.5378189087	24.0802307129
91.5404968262	24.0787601471
91.5429611206	24.0763702393
91.5451965332	24.0761203766
91.5479660034	24.0780200958
91.5481185913	24.0780105591
91.5507202148	24.0778675079
91.5531005859	24.0765724182
91.5550994873	24.0764427185
91.5571365356	24.0784912109
91.5597763062	24.0789108276
91.5635223389	24.078540802
91.5676422119	24.0783405304
91.5712661743	24.078371048
91.5719833374	24.0786495209
91.5736923218	24.0793209076
91.5764007568	24.0797901154
91.5787200928	24.0797729492
91.5810394287	24.0785312653
91.5846099854	24.0761108398
91.5874786377	24.0769500732
91.5884170532	24.0772304535
91.5932769775	24.07929039
91.5961990356	24.0802097321
91.5960769653	24.0829105377
91.5967483521	24.0850715637
91.5991287231	24.0864696503
91.5992660522	24.0881309509
91.5954589844	24.090681076
91.5942687988	24.0946903229
91.596862793	24.096370697
91.6002120972	24.0984306335
91.6029586792	24.0982704163
91.6058502197	24.0974712372
91.6090087891	24.0960197449
91.6095428467	24.0957927704
91.6119232178	24.0946102142
91.6140594482	24.0955505371
91.6155014038	24.0962028503
91.6181106567	24.0970783234
91.6225662231	24.0973701477
91.6257019043	24.0988006592
91.6278686523	24.0995826721
91.6302261353	24.1005306244
91.6340789795	24.1025695801
91.6382369995	24.1056804657
91.6403121948	24.1083602905
91.6414871216	24.1118812561
91.6422729492	24.1163196564
91.6416015625	24.1231803894
91.6396026611	24.129617691
91.6392669678	24.133020401
91.6371994019	24.1368312836
91.6359481812	24.139339447
91.6403274536	24.1469898224
91.643157959	24.1510696411
91.645362854	24.1536903381
91.6463165283	24.1553192139
91.646736145	24.1577701569
91.6466827393	24.1581401825
91.6459197998	24.1627407074
91.6450805664	24.1659793854
91.644493103	24.1693897247
91.6460876465	24.1750106812
91.6476669312	24.1779918671
91.649887085	24.1770401001
91.6534957886	24.1754798889
91.6564788818	24.1762294769
91.6571731567	24.1786708832
91.6576385498	24.180721283
91.6581802368	24.1829395294
91.6586685181	24.184211731
91.6588363647	24.1846408844
91.6602325439	24.1875705719
91.6592788696	24.1912212372
91.658821106	24.1933002472
91.6527633667	24.1961097717
91.6535491943	24.1995296478
91.6539306641	24.2022094727
91.6525878906	24.2054195404
91.6518325806	24.2079105377
91.6500396729	24.2109603882
91.6480865479	24.2143707275
91.6547012329	24.2217502594
91.6561203003	24.2249717712
91.6590576172	24.2274398804
91.662147522	24.2285194397
91.6645278931	24.2293605804
91.6675262451	24.2304000854
91.6687469482	24.2271995544
91.6686706543	24.2215690613
91.669090271	24.2187519073
91.6672821045	24.2150783539
91.668586731	24.2125110626
91.6683273315	24.2097702026
91.6707305908	24.207611084
91.6736373901	24.2042198181
91.6740264893	24.2005996704
91.6769866943	24.1986503601
91.6773605347	24.1946105957
91.6794967651	24.1922397614
91.6801071167	24.187040329
91.6823196411	24.1821498871
91.6825714111	24.1771411896
91.6842269897	24.1714611053
91.6849365234	24.1693706512
91.688369751	24.1652793884
91.6904373169	24.1627407074
91.6923980713	24.1593284607
91.694770813	24.159072876
91.6993026733	24.1607894897
91.700881958	24.1616210938
91.7027664185	24.1626110077
91.7042617798	24.1610202789
91.7056808472	24.1595211029
91.7058563232	24.1569328308
91.710067749	24.1519527435
91.7132568359	24.150800705
91.7206497192	24.1495399475
91.7253189087	24.1476402283
91.7271270752	24.144990921
91.7317581177	24.1424102783
91.7368469238	24.1428508759
91.7384414673	24.1434211731
91.7403259277	24.1412181854
91.7428817749	24.1406707764
91.747543335	24.1411895752
91.7525558472	24.1429405212
91.755317688	24.1428909302
91.7558059692	24.1427898407
91.7611999512	24.141582489
91.7615890503	24.1422691345
91.7622299194	24.1434307098
91.7605285645	24.1519908905
91.7589797974	24.1634693146
91.7574386597	24.1702404022
91.7570571899	24.1753101349
91.755065918	24.1830806732
91.7546463013	24.1896400452
91.7527770996	24.1971702576
91.7523727417	24.2041912079
91.7491378784	24.2183094025
91.7434692383	24.247127533
91.74949646	24.244310379
91.784576416	24.2244205475
91.7885971069	24.2220897675
91.7911071777	24.2209625244
91.7966690063	24.2205810547
91.7999267578	24.220790863
91.8032073975	24.2210197449
91.8048171997	24.2196311951
91.8077468872	24.2193508148
91.809928894	24.2164497375
91.811050415	24.2139396667
91.8155593872	24.2089519501
91.8180770874	24.2091903687
91.8219299316	24.2110004425
91.8266067505	24.2131195068
91.830619812	24.21434021
91.8307571411	24.2145309448
91.8329086304	24.2175827026
91.8374099731	24.2196998596
91.8376998901	24.2242202759
91.8399124146	24.2272281647
91.8439559937	24.2290897369
91.8474884033	24.2283210754
91.8444671631	24.2255706787
91.8428421021	24.2222480774
91.8425827026	24.2217407227
91.843536377	24.2207298279
91.8466033936	24.220489502
91.8514022827	24.2215118408
91.8525772095	24.2187709808
91.8547821045	24.2164096832
91.8568572998	24.2141780853
91.8532180786	24.2145004272
91.8508682251	24.2147006989
91.8491363525	24.213968277
91.8477172852	24.2069606781
91.8487167358	24.2070102692
91.8504333496	24.2070903778
91.8499908447	24.2022800446
91.849647522	24.2019805908
91.8474273682	24.1999702454
91.8466796875	24.1999397278
91.8446731567	24.2036895752
91.8413772583	24.2016410828
91.8417510986	24.197719574
91.8470001221	24.1939601898
91.8506622314	24.1896305084
91.8522872925	24.1883506775
91.8545608521	24.1861495972
91.8550491333	24.1822795868
91.8579559326	24.1814804077
91.8625259399	24.1815929413
91.8654632568	24.1789493561
91.8692932129	24.1766204834
91.8719787598	24.1741104126
91.8726501465	24.1712093353
91.8731765747	24.1657409668
91.8746109009	24.1618919373
91.8753128052	24.1571598053
91.8772888184	24.154209137
91.8782272339	24.150560379
91.8785324097	24.1478481293
91.8815460205	24.1454391479
91.8832473755	24.1420402527
91.8882522583	24.1370296478
91.8918609619	24.1378612518
91.8930206299	24.1387805939
91.8944702148	24.1399402618
91.8956604004	24.1400108337
91.8985061646	24.1389865875
91.9005203247	24.138261795
91.9021606445	24.1379337311
91.9026260376	24.1378383636
91.9060058594	24.1402397156
91.909866333	24.1422691345
91.911277771	24.1453704834
91.911315918	24.1475505829
91.9098968506	24.1501903534
91.9116821289	24.1532211304
91.9126968384	24.1549606323
91.9124984741	24.158121109
91.914276123	24.1601200104
91.9147262573	24.1637210846
91.9148483276	24.1674003601
91.9130172729	24.1695728302
91.9119262695	24.1716880798
91.9220962524	24.2037811279
91.927772522	24.2227306366
91.9322128296	24.239490509
91.9371414185	24.253698349
91.9418563843	24.267578125
91.9410858154	24.2706508636
91.9345016479	24.2911701202
91.9292068481	24.307800293
91.9249267578	24.3208293915
91.9204330444	24.3357505798
91.9260787964	24.3372497559
91.9266967773	24.3376598358
91.9305725098	24.3402194977
91.9359817505	24.3419704437
91.9403305054	24.3435306549
91.9415664673	24.3453903198
91.9421005249	24.3461608887
91.9436569214	24.3485012054
91.9482803345	24.3504505157
91.952583313	24.3536605835
91.9571075439	24.3562507629
91.9575881958	24.3559303284
91.9661407471	24.350320816
91.9710769653	24.3487510681
91.9717330933	24.3479976654
91.9740371704	24.3453598022
91.975402832	24.3414611816
91.9749832153	24.3412284851
91.9708328247	24.3390007019
91.9745178223	24.3315582275
91.9791030884	24.3317928314
91.9828414917	24.3311195374
91.986076355	24.3260498047
91.9912109375	24.3233795166
91.9954299927	24.3212604523
91.9976730347	24.3235301971
91.9962692261	24.3278903961
91.9961166382	24.329410553
91.9958572388	24.3320407867
91.99949646	24.3344726563
91.9983062744	24.3392906189
91.9928894043	24.343460083
91.9890899658	24.3464813232
91.9862289429	24.350610733
91.9835510254	24.3546180725
91.9799728394	24.3579807281
91.9815292358	24.3602104187
91.9849395752	24.3607711792
91.9817962646	24.3643894196
91.9793701172	24.3670692444
91.9780578613	24.3707427979
91.9735565186	24.3711490631
91.971862793	24.3744907379
91.9696273804	24.3787708282
91.966583252	24.3792285919
91.9645767212	24.3818397522
91.9668960571	24.3843803406
91.970199585	24.3863143921
91.9703979492	24.3864326477
91.9740905762	24.3886394501
91.9770965576	24.3861503601
91.9782409668	24.3852005005
91.9784393311	24.3805408478
91.9816360474	24.3792705536
91.9840698242	24.3765907288
91.986366272	24.3761005402
91.9853363037	24.3817081451
91.9858703613	24.3843612671
91.9860992432	24.3854618073
91.9897918701	24.3889408112
91.9936599731	24.3873806
91.9940872192	24.3872108459
91.9985733032	24.3911113739
92.0000457764	24.3920307159
92.0009231567	24.3906707764
92.0038375854	24.388841629
92.0066833496	24.3867702484
92.0066833496	24.3830318451
92.0101318359	24.381980896
92.0129165649	24.3836517334
92.017868042	24.3847198486
92.0216674805	24.383020401
92.0250167847	24.3800201416
92.0283203125	24.3794803619
92.0320129395	24.3804092407
92.0343399048	24.3794708252
92.0350875854	24.3795928955
92.037322998	24.3799304962
92.0409469604	24.3785305023
92.0411224365	24.3784103394
92.0445785522	24.3759593964
92.0485687256	24.3768310547
92.0562973022	24.3760108948
92.0641860962	24.375749588
92.0718917847	24.3753299713
92.0752105713	24.3758525848
92.0761871338	24.3760108948
92.0803985596	24.3758525848
92.0827331543	24.3766403198
92.0837097168	24.3769702911
92.0850906372	24.3758392334
92.0857467651	24.375289917
92.0890426636	24.3734207153
92.0936660767	24.3742809296
92.0965499878	24.3754806519
92.0999298096	24.3784999847
92.1000366211	24.378610611
92.1030883789	24.3828010559
92.1053161621	24.3835105896
92.1082077026	24.3821315765
92.1119308472	24.3827209473
92.1159667969	24.3843994141
92.1192092896	24.3838100433
92.1237182617	24.3873004913
92.1238327026	24.3904495239
92.1216659546	24.3923206329
92.1230010986	24.3950195312
92.1254196167	24.3970718384
92.1279296875	24.3991909027
92.1296310425	24.4028491974
92.1318359375	24.4041900635
92.1326904297	24.4061126709
92.1358108521	24.4081707001
92.137550354	24.4102210999
92.1357116699	24.4133396149
92.1356964111	24.4155197144
92.13697052	24.4188194275
92.1375198364	24.4202709198
92.1391296387	24.4244499207
92.1404571533	24.4246082306
92.1427764893	24.4248809814
92.1479568481	24.4242095947
92.1521606445	24.4251804352
92.1557312012	24.4264221191
92.15599823	24.4263706207
92.1597976685	24.4248695374
92.163772583	24.4217224121
92.1668701172	24.4221096039
92.1675796509	24.4230709076
92.1700515747	24.4264602661
92.1716690063	24.4290809631
92.1727981567	24.430891037
92.1704406738	24.4326496124
92.1695175171	24.4335212708
92.1660232544	24.4367904663
92.1631393433	24.4391994476
92.1628189087	24.4438095093
92.1652069092	24.4456329346
92.166809082	24.4468612671
92.1645202637	24.4521217346
92.1644515991	24.4555110931
92.1628265381	24.4562110901
92.1606369019	24.4571609497
92.1597671509	24.4596004486
92.1577911377	24.4603767395
92.1576461792	24.4607696533
92.1578063965	24.4627799988
92.1596679688	24.4659194946
92.159942627	24.4661102295
92.163520813	24.4686412811
92.1609573364	24.4713783264
92.1597061157	24.4728298187
92.1596984863	24.4731006622
92.159362793	24.4746608734
92.1594390869	24.4769611359
92.158782959	24.477350235
92.155128479	24.4795398712
92.1538314819	24.4835605621
92.1530685425	24.4881229401
92.1561965942	24.4891376495
92.1562957764	24.4897193909
92.1570358276	24.4941005707
92.1564331055	24.4982204437
92.1552810669	24.4988098145
92.1523971558	24.5002708435
92.1540985107	24.5041980743
92.1543960571	24.5048904419
92.1560592651	24.5076408386
92.1605758667	24.5077419281
92.1614608765	24.5123004913
92.1591262817	24.5132484436
92.1560592651	24.5158996582
92.155418396	24.5182094574
92.1551132202	24.5193195343
92.1558761597	24.5242290497
92.1578292847	24.5248508453
92.161315918	24.5259723663
92.1633529663	24.5281295776
92.1641769409	24.5290107727
92.166519165	24.5293807983
92.169708252	24.531419754
92.1733627319	24.5339698792
92.1775817871	24.5306396484
92.1795425415	24.5285511017
92.1791687012	24.5265808105
92.1785812378	24.5234794617
92.1815032959	24.5230197906
92.1851959229	24.5228729248
