> angola 0
11.768336 -16.799326
11.764045 -16.799137
11.760199 -16.795959
11.756536 -16.787502
11.734854 -16.741121
11.719118 -16.692846
11.708150 -16.667934
11.699504 -16.636806
11.685025 -16.593111
11.680836 -16.578693
11.679219 -16.559666
11.680271 -16.545660
11.683995 -16.537365
11.690120 -16.531116
11.701218 -16.522755
11.708554 -16.519016
11.714725 -16.517584
11.720912 -16.517757
11.724499 -16.519560
11.726430 -16.522295
11.727004 -16.531925
11.729463 -16.539703
11.728074 -16.543617
11.728595 -16.547972
11.727708 -16.554405
11.730137 -16.559200
11.733555 -16.567657
11.730289 -16.574112
11.729178 -16.581924
11.730231 -16.591780
11.733603 -16.595650
11.734590 -16.599083
11.733223 -16.605061
11.733982 -16.609413
11.737445 -16.622231
11.735949 -16.638765
11.738826 -16.663980
11.744917 -16.677462
11.747386 -16.685930
11.746381 -16.703838
11.746803 -16.721733
11.753102 -16.732000
11.758311 -16.751915
11.763020 -16.769312
11.767830 -16.773626
11.771959 -16.781162
11.773490 -16.790785
11.772105 -16.795158
11.771174 -16.797234
11.768336 -16.799326
> angola 1
12.930869 -5.928673
12.935411 -5.926427
12.935411 -5.926427
12.942518 -5.928243
12.943667 -5.931463
12.942289 -5.935372
12.931490 -5.945487
12.920230 -5.952382
12.918162 -5.957440
12.918622 -5.960890
12.924366 -5.969401
12.922988 -5.972160
12.912877 -5.976526
12.904604 -5.984571
12.898400 -5.988019
12.888979 -5.985486
12.880247 -5.986172
12.876801 -5.983871
12.884613 -5.978354
12.874963 -5.963863
12.883006 -5.962026
12.889899 -5.956050
12.898171 -5.955823
12.903227 -5.953986
12.910574 -5.945200
12.912648 -5.942720
12.923218 -5.937665
12.930869 -5.928673
> angola 2
12.942749 -5.964118
12.940451 -5.962507
12.950791 -5.956532
12.952399 -5.959062
12.951251 -5.961132
12.948264 -5.963200
12.942749 -5.964118
> angola 3
12.755238 -6.006577
12.750412 -6.006345
12.742829 -6.001281
12.738348 -6.001624
12.733868 -6.001966
12.731570 -5.998515
12.733640 -5.994607
12.739615 -5.991391
12.756849 -5.990711
12.776154 -5.981983
12.784656 -5.979688
12.789252 -5.979690
12.794765 -5.984982
12.791548 -5.989810
12.780746 -5.994633
12.774081 -6.001529
12.763741 -6.002443
12.755238 -6.006577
> angola 4
12.907132 -5.992851
12.905293 -5.990781
12.906213 -5.988482
12.909889 -5.986873
12.914715 -5.981356
12.920230 -5.980898
12.921379 -5.983658
12.917703 -5.988256
12.907132 -5.992851
> angola 5
12.798440 -5.998322
12.795683 -5.998321
12.793156 -5.995560
12.793615 -5.992800
12.797063 -5.989583
12.799361 -5.982915
12.803958 -5.981078
12.808323 -5.986139
12.807174 -5.990047
12.798440 -5.998322
> angola 6
12.851522 -5.997198
12.849454 -5.996047
12.849685 -5.992137
12.851752 -5.990529
12.859566 -5.991452
12.860944 -5.993292
12.858875 -5.996051
12.851522 -5.997198
> angola 7
12.781894 -6.007742
12.780285 -6.005672
12.782814 -6.000844
12.785802 -5.998085
12.790398 -5.996938
12.791546 -6.000618
12.790167 -6.003837
12.781894 -6.007742
> angola 8
12.841179 -6.017889
12.835894 -6.017427
12.833826 -6.014437
12.834746 -6.011218
12.846926 -6.002485
12.868067 -5.997435
12.869216 -5.999045
12.865539 -6.003643
12.857037 -6.007088
12.841179 -6.017889
> angola 9
12.740986 -6.024966
12.729496 -6.024959
12.722373 -6.023115
12.720076 -6.019895
12.723754 -6.014838
12.729729 -6.014151
12.736162 -6.017604
12.745814 -6.012551
12.750410 -6.013703
12.763509 -6.012101
12.765117 -6.015781
12.763048 -6.020380
12.746962 -6.021520
12.740986 -6.024966
> angola 10
12.796827 -6.026606
12.795218 -6.025226
12.795679 -6.022466
12.803033 -6.016721
12.808319 -6.016494
12.809237 -6.019944
12.808317 -6.023852
12.796827 -6.026606
> angola 11
12.642162 -6.053877
12.631900 -6.050908
12.630214 -6.050419
12.621253 -6.045584
12.611372 -6.043277
12.605629 -6.037984
12.610227 -6.034538
12.617810 -6.034083
12.628613 -6.030182
12.635507 -6.029267
12.643549 -6.031572
12.655041 -6.026062
12.661016 -6.026985
12.664001 -6.030897
12.662162 -6.033885
12.646529 -6.052960
12.642162 -6.053877
> angola 12
13.196562 -8.827429
13.194480 -8.826978
13.193078 -8.823536
13.194441 -8.818015
13.216772 -8.797697
13.224802 -8.784104
13.243225 -8.771170
13.257958 -8.756843
13.261419 -8.755678
13.264205 -8.758424
13.252024 -8.773186
13.245352 -8.779879
13.239347 -8.780825
13.234515 -8.785670
13.227599 -8.789378
13.223698 -8.795830
13.208975 -8.811520
13.196562 -8.827429
> angola 13
13.107111 -8.943852
13.103943 -8.942764
13.102479 -8.942262
13.100152 -8.938593
13.100601 -8.935373
13.105665 -8.929379
13.108177 -8.921783
13.113714 -8.918545
13.122677 -8.904949
13.126833 -8.903324
13.128493 -8.913660
13.122314 -8.929314
13.119322 -8.932773
13.110077 -8.933958
13.109392 -8.936259
13.112172 -8.937397
13.121648 -8.936212
13.122121 -8.938738
13.107111 -8.943852
> angola 14
13.136682 -8.936841
13.132515 -8.935709
13.130652 -8.932728
13.132028 -8.929734
13.134337 -8.929266
13.136435 -8.932935
13.142850 -8.931465
13.142570 -8.933459
13.136682 -8.936841
> angola 15
13.056847 -8.972902
13.058079 -8.972885
13.056378 -8.981278
13.054515 -8.982732
13.051432 -8.982620
13.050590 -8.979461
13.056847 -8.972902
> angola 16
12.012729 -5.028313
12.047457 -5.000000
12.113014 -4.946553
12.125337 -4.936504
12.163149 -4.907922
12.173228 -4.898014
12.179617 -4.877758
12.185868 -4.850760
12.202157 -4.780399
12.210164 -4.767732
12.213150 -4.769568
12.235280 -4.797626
12.243965 -4.808638
12.253848 -4.817366
12.290784 -4.815697
12.301563 -4.813610
12.323782 -4.794707
12.339122 -4.779010
12.351258 -4.766591
12.358581 -4.757145
12.411146 -4.675521
12.413466 -4.671918
12.419405 -4.659713
12.442951 -4.620785
12.456443 -4.600743
12.462397 -4.596130
12.493288 -4.591075
12.505046 -4.589150
12.553646 -4.577094
12.564425 -4.576153
12.567631 -4.573846
12.616117 -4.564341
12.621037 -4.557865
12.620340 -4.554415
12.629249 -4.538290
12.646397 -4.515475
12.658267 -4.491751
12.662844 -4.487370
12.685998 -4.483181
12.697290 -4.483456
12.703429 -4.483604
12.737617 -4.490206
12.755502 -4.488097
12.760083 -4.486016
12.753869 -4.477055
12.745829 -4.471550
12.737549 -4.462133
12.726485 -4.439376
12.725470 -4.435742
12.723015 -4.426958
12.723680 -4.417292
12.727994 -4.399795
12.734381 -4.385975
12.743304 -4.377672
12.751318 -4.372592
12.765769 -4.374632
12.780926 -4.383344
12.794606 -4.398664
12.813122 -4.419400
12.867002 -4.414907
12.895195 -4.409549
12.902991 -4.409301
12.903413 -4.417125
12.906127 -4.467510
12.950502 -4.508824
12.962579 -4.518222
12.964063 -4.519377
12.986142 -4.541413
13.003448 -4.579107
13.013348 -4.592199
13.043744 -4.610316
13.052178 -4.615342
13.060905 -4.619232
13.099291 -4.646516
13.102503 -4.646508
13.103879 -4.646504
13.105727 -4.650871
13.104603 -4.658698
13.109678 -4.668578
13.106960 -4.680551
13.097580 -4.689318
13.092072 -4.688412
13.083357 -4.689354
13.059010 -4.678601
13.051446 -4.680922
13.034966 -4.693618
13.028789 -4.695210
13.021441 -4.697103
13.014567 -4.700341
13.008830 -4.699665
12.995510 -4.703133
12.993556 -4.703409
12.992208 -4.703685
12.990893 -4.703520
12.989341 -4.702985
12.988564 -4.702649
12.987619 -4.702619
12.987619 -4.702619
12.986092 -4.703053
12.975308 -4.709952
12.974391 -4.710412
12.967278 -4.713631
12.961543 -4.715470
12.955348 -4.719380
12.943189 -4.722137
12.923456 -4.732254
12.914279 -4.734551
12.898448 -4.734315
12.892024 -4.731782
12.879863 -4.732237
12.876652 -4.733387
12.872750 -4.738447
12.867474 -4.739135
12.863113 -4.739133
12.860590 -4.741203
12.857147 -4.751325
12.858294 -4.755007
12.847052 -4.753622
12.839479 -4.755229
12.836496 -4.759829
12.836725 -4.764661
12.833971 -4.770642
12.831218 -4.774322
12.821580 -4.780300
12.817450 -4.782369
12.815154 -4.785819
12.812170 -4.795021
12.805743 -4.806522
12.800923 -4.819175
12.794038 -4.826534
12.792431 -4.832055
12.794037 -4.834817
12.801608 -4.839192
12.802296 -4.842414
12.800230 -4.846095
12.797102 -4.847696
12.797102 -4.847696
12.786468 -4.855031
12.778702 -4.869312
12.770684 -4.874392
12.754627 -4.876497
12.748446 -4.882493
12.744431 -4.888970
12.740447 -4.895394
12.738841 -4.895167
12.729911 -4.903009
12.726717 -4.910608
12.726541 -4.932236
12.723813 -4.943056
12.717633 -4.949511
12.711449 -4.954125
12.693550 -4.954392
12.671761 -4.959039
12.665808 -4.957119
12.665808 -4.957119
12.661365 -4.956911
12.649662 -4.950921
12.644843 -4.950458
12.639565 -4.950914
12.634284 -4.955052
12.632675 -4.961493
12.635198 -4.967476
12.640472 -4.977603
12.641159 -4.983126
12.641388 -4.985197
12.640468 -4.991868
12.636333 -5.000000
12.634494 -5.009809
12.628981 -5.022000
12.624390 -5.023837
12.614981 -5.021760
12.606486 -5.026815
12.601203 -5.037624
12.597529 -5.040382
12.586742 -5.040144
12.580542 -5.047502
12.574802 -5.050948
12.569063 -5.051174
12.555982 -5.049323
12.552308 -5.050470
12.539220 -5.063113
12.529118 -5.067936
12.519017 -5.070458
12.510525 -5.070221
12.498591 -5.066299
12.492165 -5.065144
12.488032 -5.065830
12.479309 -5.069273
12.474944 -5.075711
12.470805 -5.088821
12.471262 -5.093193
12.475850 -5.097569
12.480436 -5.105625
12.487317 -5.115984
12.493971 -5.121051
12.509118 -5.127506
12.514167 -5.129811
12.521550 -5.133497
12.521550 -5.133497
12.521736 -5.132672
12.522693 -5.132264
12.524149 -5.132530
12.526498 -5.133172
12.534921 -5.134620
12.537451 -5.137146
12.539180 -5.192127
12.538111 -5.246076
12.537734 -5.265057
12.538180 -5.372559
12.538704 -5.499039
12.538719 -5.502685
12.537746 -5.582044
12.536168 -5.594928
12.536549 -5.625408
12.537284 -5.684170
12.535097 -5.733854
12.517175 -5.734788
12.391021 -5.741356
12.315533 -5.745276
12.281074 -5.742800
12.265684 -5.743284
12.264926 -5.743511
12.247089 -5.748833
12.221612 -5.759451
12.206631 -5.769247
12.206631 -5.769247
12.206010 -5.767827
12.200306 -5.761224
12.194077 -5.754012
12.182841 -5.729848
12.159436 -5.702448
12.153015 -5.690939
12.151185 -5.682657
12.152119 -5.666788
12.145351 -5.651567
12.140659 -5.641012
12.139516 -5.634800
12.140900 -5.629052
12.153319 -5.611817
12.157692 -5.602392
12.162534 -5.582617
12.165987 -5.574340
12.166685 -5.563991
12.175199 -5.546750
12.185081 -5.539862
12.191282 -5.539639
12.202303 -5.543104
12.212867 -5.543806
12.213554 -5.544957
12.224352 -5.541520
12.228490 -5.537155
12.230564 -5.528416
12.228747 -5.504491
12.230597 -5.490462
12.223507 -5.456409
12.221678 -5.446745
12.213655 -5.429483
12.207705 -5.407622
12.194190 -5.369879
12.175619 -5.340410
12.168510 -5.329129
12.166451 -5.321765
12.167832 -5.318086
12.173118 -5.312341
12.173813 -5.306361
12.168545 -5.292322
12.162815 -5.280812
12.152496 -5.267225
12.131846 -5.229754
12.131183 -5.228549
12.131187 -5.223487
12.135104 -5.209229
12.133503 -5.202785
12.130982 -5.197950
12.121581 -5.187126
12.116540 -5.177226
12.091096 -5.140842
12.087433 -5.131174
12.061705 -5.099544
12.052588 -5.088333
12.047547 -5.078663
12.037457 -5.069676
12.030585 -5.057472
12.017160 -5.040596
12.017412 -5.037204
12.022009 -5.036411
12.024515 -5.032145
12.028189 -5.030146
12.028189 -5.030146
12.028377 -5.025786
12.028377 -5.025786
12.014779 -5.028921
12.012729 -5.028313
> angola 17
13.324878 -5.891340
13.348977 -5.900967
13.359085 -5.900707
13.365045 -5.896321
13.381749 -5.876034
13.386561 -5.872111
13.395745 -5.870474
13.436825 -5.869592
13.445364 -5.869408
13.456166 -5.870755
13.461443 -5.868670
13.506930 -5.868762
13.531774 -5.878345
13.548547 -5.878983
13.557953 -5.875274
13.560184 -5.875095
13.572975 -5.874075
13.591727 -5.876317
13.686354 -5.875829
13.812698 -5.875161
13.829268 -5.875072
13.855200 -5.867623
13.859094 -5.864619
13.876530 -5.858579
13.894896 -5.855294
13.914652 -5.855225
13.935543 -5.857511
13.943151 -5.858343
13.951419 -5.857853
13.954165 -5.855313
13.986273 -5.841628
14.038134 -5.884214
14.042664 -5.883007
14.061770 -5.877916
14.078952 -5.866123
14.131553 -5.864084
14.150182 -5.869072
14.163993 -5.868792
14.177258 -5.861608
14.196362 -5.870043
14.231593 -5.889223
14.243310 -5.889177
14.281514 -5.884115
14.295200 -5.882301
14.366020 -5.896041
14.406362 -5.898279
14.458630 -5.901175
14.475624 -5.899724
14.487328 -5.896914
14.503379 -5.890177
14.509123 -5.890382
14.530321 -5.895278
14.595139 -5.910247
14.610760 -5.909719
14.644012 -5.897383
14.652576 -5.895662
14.655719 -5.895031
14.699072 -5.881038
14.776663 -5.881192
14.804523 -5.881245
14.900068 -5.876427
14.902883 -5.876597
14.910640 -5.877066
14.961369 -5.873480
14.963000 -5.873365
15.000000 -5.873301
15.029083 -5.873250
15.110029 -5.873101
15.118750 -5.871448
15.124961 -5.873026
15.155076 -5.873121
15.281421 -5.873504
15.349876 -5.873703
15.407729 -5.875774
15.416973 -5.876105
15.525872 -5.876891
15.534039 -5.876242
15.553887 -5.874665
15.660241 -5.870490
15.670106 -5.870102
15.708483 -5.871722
15.786210 -5.878945
15.794683 -5.879732
15.846142 -5.879430
15.856948 -5.880745
15.862680 -5.879102
15.912208 -5.878707
15.977315 -5.878183
15.999942 -5.877127
16.038485 -5.875327
16.079287 -5.873418
16.117886 -5.873868
16.138319 -5.871901
16.160147 -5.872224
16.164679 -5.871961
16.249020 -5.867060
16.290873 -5.866215
16.365940 -5.864693
16.384336 -5.867562
16.391275 -5.874186
16.396385 -5.882432
16.404469 -5.888358
16.407591 -5.889542
16.414604 -5.892201
16.443350 -5.896150
16.454607 -5.896305
16.462626 -5.893033
16.478176 -5.882809
16.495173 -5.882005
16.504333 -5.878035
16.511688 -5.878445
16.520237 -5.885517
16.525597 -5.887870
16.531069 -5.890273
16.546484 -5.893159
16.562878 -5.904777
16.569328 -5.907263
16.590719 -5.910797
16.594427 -5.915371
16.599735 -5.918555
16.597965 -5.927996
16.600594 -5.942236
16.599537 -5.945510
16.598541 -5.948230
16.597198 -5.949936
16.596319 -5.951087
16.595310 -5.952070
16.595310 -5.952070
16.591908 -5.957910
16.589188 -5.966660
16.589224 -5.974479
16.591539 -5.978379
16.596146 -5.980889
16.603273 -5.981780
16.606045 -5.984758
16.606291 -5.988667
16.603098 -5.993969
16.599663 -5.996512
16.598307 -6.001807
16.599712 -6.007781
16.606203 -6.020402
16.606012 -6.029141
16.605347 -6.034203
16.607674 -6.040632
16.606316 -6.045467
16.600151 -6.054461
16.599022 -6.058835
16.600189 -6.062739
16.602499 -6.065489
16.610085 -6.065917
16.617655 -6.063127
16.622011 -6.060809
16.627989 -6.061244
16.631914 -6.065367
16.632845 -6.067893
16.630342 -6.073422
16.625294 -6.075282
16.608059 -6.075354
16.605328 -6.081344
16.606726 -6.085707
16.611578 -6.091666
16.619171 -6.093704
16.633192 -6.094106
16.643776 -6.096821
16.647926 -6.099792
16.648403 -6.103700
16.649107 -6.106916
16.648214 -6.112439
16.642950 -6.117290
16.642513 -6.122580
16.645523 -6.127396
16.647823 -6.127847
16.651951 -6.125760
16.659529 -6.124349
16.663448 -6.127091
16.667395 -6.135353
16.670624 -6.137868
16.688557 -6.139402
16.689707 -6.139627
16.697781 -6.146032
16.702641 -6.153369
16.707249 -6.155649
16.713707 -6.160910
16.718781 -6.164567
16.721544 -6.165936
16.722027 -6.170532
16.719984 -6.176289
16.721149 -6.179963
16.729464 -6.188205
16.730869 -6.193947
16.725897 -6.212364
16.722935 -6.217895
16.716064 -6.223442
16.713326 -6.227592
16.710375 -6.235652
16.711086 -6.240708
16.718271 -6.253323
16.718529 -6.259530
16.716494 -6.266666
16.711487 -6.277494
16.711494 -6.279333
16.709478 -6.290838
16.710646 -6.294742
16.717123 -6.303451
16.718769 -6.311721
16.718147 -6.326208
16.724873 -6.338824
16.724897 -6.344112
16.722193 -6.356079
16.719683 -6.359998
16.715780 -6.361394
16.712099 -6.360950
16.699432 -6.355946
16.690006 -6.355526
16.687502 -6.361054
16.688206 -6.364270
16.690514 -6.366099
16.697645 -6.367219
16.702492 -6.371336
16.703207 -6.376851
16.700706 -6.382839
16.691792 -6.394372
16.689981 -6.400587
16.690695 -6.405642
16.693474 -6.410228
16.700375 -6.411119
16.713234 -6.407615
16.718073 -6.409894
16.724300 -6.414235
16.729845 -6.419729
16.732399 -6.425465
16.729670 -6.431914
16.726006 -6.434689
16.716131 -6.437489
16.713152 -6.439801
16.711113 -6.446247
16.713675 -6.453362
16.727522 -6.464338
16.732380 -6.470984
16.734463 -6.473963
16.735870 -6.479934
16.733143 -6.486613
16.727184 -6.490776
16.725138 -6.495842
16.727230 -6.500891
16.733700 -6.507529
16.739460 -6.510263
16.755825 -6.518699
16.760679 -6.524195
16.762955 -6.528474
16.763203 -6.531041
16.763075 -6.534064
16.762127 -6.538302
16.761175 -6.542012
16.759624 -6.544428
16.751179 -6.557797
16.749147 -6.565851
16.749409 -6.572976
16.751278 -6.579175
16.757069 -6.585099
16.757069 -6.585099
16.761059 -6.583462
16.762001 -6.583621
16.763020 -6.584055
16.764557 -6.584743
16.766298 -6.585578
16.769159 -6.587153
16.776567 -6.593997
16.779636 -6.604780
16.780033 -6.627303
16.783133 -6.642222
16.791958 -6.653883
16.794088 -6.662142
16.793873 -6.663284
16.792318 -6.671579
16.793779 -6.682601
16.801031 -6.699099
16.806351 -6.703199
16.827105 -6.710866
16.830818 -6.715437
16.833979 -6.738399
16.831554 -6.752666
16.836782 -6.771315
16.836782 -6.771315
16.844683 -6.780803
16.850704 -6.789280
16.860628 -6.796590
16.862011 -6.797044
16.868240 -6.800923
16.871712 -6.805274
16.873816 -6.812160
16.875017 -6.823185
16.873917 -6.833532
16.874868 -6.839963
16.876282 -6.846851
16.879519 -6.850513
16.884815 -6.851639
16.888279 -6.854382
16.895428 -6.858027
16.898647 -6.857553
16.903463 -6.854543
16.910349 -6.851295
16.915417 -6.852881
16.917521 -6.859766
16.920527 -6.863199
16.932503 -6.865903
16.937813 -6.870015
16.940367 -6.874830
16.941811 -6.887922
16.940010 -6.895974
16.940041 -6.902408
16.937088 -6.910005
16.936884 -6.915061
16.943815 -6.921464
16.947081 -6.930411
16.945507 -6.938231
16.945513 -6.939151
16.940258 -6.946528
16.937092 -6.957802
16.938742 -6.966067
16.947548 -6.978895
16.950087 -6.980722
16.954002 -6.981623
16.963667 -6.981579
16.969650 -6.982241
16.972891 -6.986133
16.973160 -6.994174
16.973881 -7.000145
16.980158 -7.013443
16.982738 -7.023312
16.980930 -7.030214
16.970875 -7.044046
16.969307 -7.052555
16.970037 -7.060594
16.970539 -7.069092
16.968035 -7.074389
16.963682 -7.078544
16.960007 -7.079710
16.952635 -7.077905
16.948940 -7.075165
16.947773 -7.071953
16.943350 -7.061404
16.938974 -7.060735
16.931860 -7.064443
16.928890 -7.068592
16.928226 -7.074110
16.928045 -7.084220
16.933601 -7.091318
16.936634 -7.099805
16.940382 -7.113114
16.948240 -7.120201
16.950800 -7.126163
16.949461 -7.134670
16.950428 -7.144315
16.953691 -7.152571
16.962688 -7.157354
16.968933 -7.163529
16.970346 -7.170185
16.968533 -7.175707
16.958447 -7.183565
16.954788 -7.188635
16.953218 -7.196913
16.953711 -7.203343
16.955801 -7.207469
16.958344 -7.209755
16.959999 -7.210590
16.968266 -7.214764
16.980268 -7.222060
16.988596 -7.230752
16.994888 -7.246804
17.003946 -7.263302
17.004902 -7.270190
17.002022 -7.292945
17.004122 -7.298448
17.005510 -7.300050
17.013100 -7.298866
17.015001 -7.298704
17.015001 -7.298704
17.030548 -7.297869
17.036787 -7.301269
17.040571 -7.314335
17.045227 -7.321192
17.051929 -7.325048
17.060221 -7.325675
17.064837 -7.327479
17.076464 -7.342784
17.091900 -7.344967
17.095339 -7.343103
17.103626 -7.343502
17.109631 -7.346213
17.113182 -7.352217
17.116396 -7.357648
17.116680 -7.364537
17.111708 -7.376518
17.114592 -7.391886
17.108393 -7.417594
17.108393 -7.417594
17.110168 -7.422679
17.113634 -7.425419
17.127911 -7.426270
17.132969 -7.424868
17.137321 -7.420942
17.138872 -7.409221
17.140928 -7.406225
17.145069 -7.405516
17.148304 -7.407798
17.152966 -7.419260
17.160824 -7.425194
17.171183 -7.425374
17.179016 -7.426714
17.185261 -7.432196
17.188513 -7.437693
17.188087 -7.444585
17.185116 -7.448734
17.170614 -7.449033
17.165558 -7.450665
17.159821 -7.454138
17.153658 -7.464044
17.154148 -7.470013
17.156246 -7.475055
17.166651 -7.483733
17.174730 -7.487828
17.186941 -7.489836
17.193869 -7.493937
17.199883 -7.499420
17.204063 -7.506519
17.205244 -7.512255
17.202761 -7.521683
17.197985 -7.532959
17.199858 -7.538921
17.206097 -7.543024
17.209360 -7.551046
17.215397 -7.560662
17.217537 -7.573742
17.220554 -7.578090
17.227020 -7.581963
17.233490 -7.586064
17.235136 -7.592716
17.237455 -7.595920
17.245058 -7.596801
17.249928 -7.603437
17.255213 -7.601344
17.258902 -7.602474
17.266306 -7.609097
17.273914 -7.611356
17.276464 -7.614558
17.279936 -7.617756
17.286390 -7.619102
17.288242 -7.621160
17.290092 -7.622528
17.296082 -7.623188
17.301176 -7.628673
17.306286 -7.636915
17.300354 -7.647048
17.298794 -7.656700
17.299797 -7.672309
17.299807 -7.674146
17.299839 -7.679886
17.292501 -7.685892
17.290909 -7.689574
17.292313 -7.693700
17.296009 -7.695978
17.300159 -7.697105
17.306412 -7.703274
17.314453 -7.700019
17.317451 -7.700922
17.319551 -7.706193
17.318205 -7.712629
17.319836 -7.716295
17.323299 -7.718114
17.325832 -7.717872
17.326973 -7.716030
17.331123 -7.716927
17.332071 -7.721974
17.328672 -7.732323
17.328709 -7.739211
17.326887 -7.742893
17.320244 -7.749355
17.319809 -7.754179
17.321444 -7.758533
17.324913 -7.761041
17.329527 -7.762626
17.332304 -7.765367
17.333464 -7.766968
17.344118 -7.778165
17.351274 -7.781343
17.360956 -7.782902
17.369711 -7.783776
17.378706 -7.786026
17.384939 -7.788979
17.388412 -7.792406
17.390987 -7.799969
17.389183 -7.806865
17.385534 -7.813542
17.385557 -7.817904
17.386724 -7.820882
17.391806 -7.823382
17.396639 -7.822669
17.403528 -7.819190
17.407677 -7.819628
17.410917 -7.822596
17.411631 -7.826725
17.409119 -7.830870
17.402693 -7.835035
17.401562 -7.838714
17.402960 -7.841691
17.405272 -7.843057
17.408951 -7.842350
17.413080 -7.839114
17.420210 -7.837241
17.427582 -7.837663
17.431524 -7.842464
17.431309 -7.845449
17.424009 -7.858113
17.422203 -7.865009
17.424763 -7.869587
17.428926 -7.872780
17.433310 -7.874364
17.445509 -7.872695
17.448280 -7.874058
17.453146 -7.879313
17.455011 -7.883436
17.455498 -7.888254
17.454145 -7.893311
17.447285 -7.902529
17.443880 -7.911499
17.441406 -7.922300
17.442356 -7.927346
17.445601 -7.931231
17.451841 -7.935102
17.458109 -7.944021
17.461805 -7.945839
17.471704 -7.944870
17.470558 -7.945794
17.471266 -7.948774
17.467621 -7.955908
17.468330 -7.959578
17.472488 -7.961622
17.478439 -7.954705
17.484406 -7.950542
17.487864 -7.950984
17.489952 -7.953957
17.490900 -7.958542
17.488493 -7.981279
17.489250 -7.993440
17.492043 -7.998476
17.483765 -8.000000
17.483765 -8.000000
17.485641 -8.001691
17.495604 -8.004251
17.507540 -8.013201
17.513283 -8.019458
17.528042 -8.035531
17.532593 -8.043939
17.531076 -8.048792
17.524315 -8.045021
17.517199 -8.046541
17.513971 -8.058089
17.504734 -8.068838
17.503485 -8.075522
17.505476 -8.082833
17.523352 -8.088910
17.528265 -8.092488
17.529377 -8.101883
17.543024 -8.115393
17.560333 -8.127451
17.582966 -8.129065
17.611319 -8.128493
17.630579 -8.123051
17.643805 -8.115353
17.644480 -8.114960
17.661230 -8.110944
17.685249 -8.101496
17.721125 -8.096855
17.728725 -8.096469
17.757193 -8.101394
17.766584 -8.105428
17.783718 -8.112787
17.796824 -8.110907
17.805294 -8.107974
17.812101 -8.102778
17.817940 -8.095305
17.825237 -8.091477
17.847933 -8.085258
17.878286 -8.081403
17.884922 -8.078966
17.915134 -8.080114
17.923691 -8.080440
17.939873 -8.082390
17.958769 -8.091014
17.972475 -8.109275
17.981964 -8.112716
18.000000 -8.097601
18.100361 -8.099057
18.103470 -8.087329
18.087492 -8.067992
18.095049 -8.054853
18.098198 -8.040184
18.114471 -8.037457
18.135172 -8.034786
18.153231 -8.008544
18.181383 -8.000000
18.209011 -7.993648
18.216976 -7.989454
18.226528 -7.989232
18.235458 -7.991203
18.242060 -7.993068
18.252398 -7.993738
18.261307 -7.993908
18.265556 -7.992709
18.274948 -7.989272
18.285135 -7.987756
18.293919 -7.988184
18.301170 -7.990171
18.307661 -7.993838
18.299810 -8.000000
18.299810 -8.000000
18.301878 -8.002985
18.301970 -8.011708
18.304241 -8.013810
18.312702 -8.017616
18.319380 -8.017722
18.323593 -8.013428
18.326366 -8.012782
18.330027 -8.014446
18.330875 -8.019050
18.354021 -8.026529
18.359327 -8.025924
18.364925 -8.021420
18.375660 -8.027326
18.386175 -8.017618
18.389862 -8.017447
18.398449 -8.013219
18.391073 -8.000000
18.391073 -8.000000
18.400000 -8.000000
18.500000 -8.000000
18.527325 -8.000000
18.528456 -7.995504
18.528456 -7.995504
18.531153 -7.993804
18.532619 -7.972448
18.535759 -7.960032
18.531950 -7.941923
18.535112 -7.932721
18.530689 -7.925863
18.532320 -7.920376
18.532320 -7.920376
18.779507 -7.921579
18.781610 -7.927547
18.781725 -7.931840
18.781561 -7.935659
18.781576 -7.937125
18.781616 -7.937772
18.781616 -7.937772
18.782816 -7.945086
18.783365 -7.957478
18.782915 -7.958858
18.779007 -7.960262
18.778112 -7.963711
18.779514 -7.966686
18.785751 -7.969168
18.791136 -7.981068
18.799976 -7.993402
18.800198 -8.000000
18.800198 -8.000000
18.900000 -8.000000
19.000000 -8.000000
19.000000 -8.000000
19.100000 -8.000000
19.200001 -8.000000
19.299999 -8.000000
19.374403 -8.000000
19.374403 -8.000000
19.374352 -7.990280
19.357922 -7.938453
19.357424 -7.928370
19.356651 -7.912707
19.353893 -7.908266
19.345858 -7.904356
19.343370 -7.901854
19.343103 -7.899361
19.346458 -7.894671
19.347895 -7.884159
19.355970 -7.879213
19.354918 -7.866753
19.364386 -7.861259
19.364721 -7.848527
19.361731 -7.834397
19.361586 -7.820453
19.361586 -7.820453
19.361631 -7.811903
19.364891 -7.805955
19.369982 -7.802086
19.380430 -7.788150
19.384357 -7.786110
19.386683 -7.782681
19.386276 -7.773955
19.389971 -7.772142
19.391375 -7.768708
19.389828 -7.758137
19.393606 -7.742780
19.397335 -7.735687
19.398029 -7.730647
19.399263 -7.721694
19.401352 -7.718953
19.400923 -7.713899
19.402334 -7.708857
19.408119 -7.704303
19.409292 -7.700866
19.406876 -7.682024
19.401394 -7.674641
19.398918 -7.665670
19.397858 -7.650968
19.395124 -7.645899
19.386892 -7.636890
19.384645 -7.627921
19.377689 -7.616862
19.377689 -7.616862
19.374304 -7.608319
19.368631 -7.582895
19.379847 -7.577172
19.381405 -7.573715
19.381187 -7.570706
19.381042 -7.568710
19.462063 -7.570603
19.468241 -7.569860
19.473656 -7.566804
19.480240 -7.561445
19.483734 -7.556457
19.484520 -7.553381
19.482214 -7.551062
19.482626 -7.545291
19.485481 -7.542174
19.493870 -7.533023
19.492744 -7.525321
19.484732 -7.505274
19.485901 -7.502584
19.495556 -7.500317
19.511808 -7.489224
19.516848 -7.483858
19.521908 -7.473872
19.536591 -7.468545
19.541607 -7.468566
19.549301 -7.473602
19.550465 -7.472068
19.549828 -7.470394
19.544743 -7.457033
19.537447 -7.449305
19.529356 -7.446961
19.526279 -7.444638
19.526701 -7.436172
19.531721 -7.435039
19.532894 -7.431580
19.529041 -7.430408
19.520966 -7.424601
19.514868 -7.407639
19.496519 -7.372221
19.496519 -7.372221
19.494425 -7.367979
19.498367 -7.363180
19.500469 -7.357911
19.503477 -7.355404
19.500551 -7.344590
19.501028 -7.341607
19.498247 -7.340606
19.495325 -7.333302
19.496490 -7.330782
19.490091 -7.323391
19.487160 -7.313496
19.492025 -7.308014
19.488379 -7.302248
19.489325 -7.298120
19.492565 -7.294925
19.492136 -7.289869
19.495146 -7.286902
19.492693 -7.274023
19.494122 -7.265992
19.496923 -7.259349
19.499701 -7.256610
19.500879 -7.252023
19.500237 -7.244209
19.502831 -7.233659
19.499634 -7.229504
19.500591 -7.227417
19.503832 -7.220342
19.503180 -7.213905
19.505051 -7.209093
19.500965 -7.199648
19.503075 -7.193230
19.502405 -7.189780
19.497839 -7.183778
19.495575 -7.177791
19.497438 -7.174127
19.503445 -7.170030
19.508476 -7.136981
19.522173 -7.113003
19.522173 -7.113003
19.533218 -7.088126
19.538063 -7.080798
19.551981 -7.069270
19.559101 -7.059125
19.562788 -7.057445
19.547338 -7.030247
19.543737 -7.012426
19.543764 -7.006038
19.543793 -6.999425
19.663660 -7.000433
19.676239 -7.000538
19.705679 -6.999244
19.790125 -6.999369
19.819450 -6.999411
19.833889 -6.997771
19.867559 -7.000162
19.916439 -6.999753
20.000000 -6.999047
20.042929 -6.998684
20.123695 -6.997992
20.169418 -6.998312
20.284725 -6.999107
20.295887 -6.998401
20.301710 -6.998033
20.303701 -6.995213
20.303722 -6.988995
20.301487 -6.980791
20.308876 -6.971770
20.312046 -6.954539
20.309837 -6.938703
20.313524 -6.936172
20.315517 -6.932503
20.314142 -6.920627
20.316999 -6.913004
20.345465 -6.913204
20.392553 -6.913531
20.426802 -6.911378
20.471849 -6.912955
20.506594 -6.914169
20.513674 -6.912495
20.533760 -6.914535
20.540274 -6.912858
20.552443 -6.912329
20.597780 -6.912978
20.627148 -6.913397
20.621443 -6.928644
20.620502 -6.958320
20.618471 -6.975556
20.613651 -6.978368
20.611357 -6.988537
20.608517 -6.991638
20.596329 -6.997415
20.595478 -6.997818
20.589510 -7.005997
20.580080 -7.035645
20.575367 -7.059928
20.575367 -7.059928
20.575256 -7.069577
20.567343 -7.088836
20.556692 -7.102796
20.551584 -7.112648
20.548750 -7.128026
20.543612 -7.144082
20.545103 -7.160550
20.545103 -7.160550
20.540672 -7.186741
20.541048 -7.205854
20.536221 -7.219304
20.539616 -7.246677
20.539137 -7.260574
20.541683 -7.281430
20.545527 -7.281416
20.672062 -7.280951
20.798599 -7.280467
20.925135 -7.279963
20.936811 -7.279915
20.969017 -7.279127
20.972502 -7.277833
20.989033 -7.279176
21.051373 -7.279060
21.177910 -7.278810
21.293211 -7.278564
21.304445 -7.278632
21.430981 -7.279381
21.514704 -7.279866
21.543856 -7.281655
21.557404 -7.280412
21.659609 -7.280985
21.683929 -7.281571
21.780588 -7.283893
21.784340 -7.287649
21.784328 -7.295151
21.787134 -7.302890
21.791824 -7.307352
21.793829 -7.308462
21.802855 -7.313462
21.808481 -7.320737
21.819744 -7.327551
21.825129 -7.339748
21.827782 -7.350073
21.827782 -7.350073
21.827953 -7.358353
21.829233 -7.365530
21.834753 -7.372528
21.837513 -7.381255
21.838236 -7.385779
21.834723 -7.392581
21.830208 -7.396011
21.828442 -7.399931
21.828806 -7.402875
21.829725 -7.405084
21.839663 -7.417424
21.846107 -7.422584
21.851269 -7.423511
21.853477 -7.426457
21.852919 -7.429216
21.855665 -7.442465
21.853258 -7.448900
21.846981 -7.454042
21.843290 -7.456613
21.843031 -7.459078
21.843649 -7.463051
21.846411 -7.465263
21.851572 -7.466006
21.856730 -7.470244
21.856907 -7.475027
21.851910 -7.486425
21.848392 -7.495802
21.840263 -7.506091
21.836359 -7.520003
21.838926 -7.531725
21.848770 -7.547675
21.853283 -7.553751
21.853277 -7.557061
21.852165 -7.561842
21.852337 -7.570119
21.851593 -7.573061
21.850115 -7.575082
21.845318 -7.577099
21.842607 -7.583052
21.848417 -7.599911
21.847673 -7.604876
21.844532 -7.608734
21.836773 -7.617551
21.828213 -7.622166
21.829365 -7.637220
21.823807 -7.653029
21.812920 -7.656507
21.810329 -7.661837
21.812342 -7.672507
21.811035 -7.682252
21.807331 -7.692546
21.796598 -7.713863
21.795839 -7.727471
21.795465 -7.730781
21.793613 -7.734823
21.790474 -7.737209
21.786043 -7.740513
21.784374 -7.745476
21.785835 -7.754673
21.783613 -7.760002
21.780655 -7.764411
21.768044 -7.777424
21.769445 -7.782347
21.769421 -7.795628
21.769421 -7.795628
21.776695 -7.804146
21.777849 -7.817267
21.776665 -7.822420
21.774782 -7.824525
21.764194 -7.831069
21.762056 -7.845356
21.770933 -7.878870
21.770674 -7.893627
21.768066 -7.907444
21.765455 -7.909636
21.748295 -7.924046
21.745466 -7.928024
21.744753 -7.932942
21.745449 -7.938799
21.747559 -7.942784
21.759754 -7.959902
21.759747 -7.964587
21.771227 -8.000441
21.774155 -8.004339
21.781454 -8.011754
21.786392 -8.025116
21.787947 -8.031098
21.796375 -8.041050
21.813969 -8.056138
21.819160 -8.067435
21.827106 -8.079906
21.833826 -8.100172
21.844057 -8.114731
21.848732 -8.132222
21.854845 -8.143988
21.866245 -8.156949
21.872662 -8.160912
21.886589 -8.175045
21.889292 -8.181728
21.888092 -8.186997
21.880915 -8.190604
21.877857 -8.197234
21.882322 -8.212888
21.887018 -8.228544
21.892393 -8.245584
21.895973 -8.257326
21.896126 -8.291080
21.900227 -8.296399
21.914900 -8.305489
21.922712 -8.308315
21.930950 -8.315278
21.936171 -8.324510
21.937262 -8.331409
21.933960 -8.339416
21.926525 -8.345549
21.922331 -8.350332
21.919277 -8.356504
21.920046 -8.373505
21.918108 -8.383592
21.920113 -8.391418
21.924437 -8.397886
21.932224 -8.403928
21.942862 -8.426529
21.950718 -8.450712
21.951344 -8.458067
21.949814 -8.474129
21.954346 -8.483356
21.958910 -8.488909
21.959761 -8.496954
21.955496 -8.509548
21.944992 -8.523005
21.942385 -8.530560
21.946846 -8.547596
21.947216 -8.557935
21.945072 -8.565265
21.932735 -8.576868
21.930523 -8.591777
21.924021 -8.596083
21.922602 -8.599974
21.933407 -8.604665
21.936140 -8.608825
21.936325 -8.613879
21.931637 -8.621877
21.917406 -8.638286
21.913628 -8.647439
21.912149 -8.657762
21.916170 -8.672500
21.910509 -8.685771
21.907394 -8.698147
21.901762 -8.707973
21.898659 -8.718971
21.899185 -8.737123
21.902966 -8.753008
21.904457 -8.766575
21.898546 -8.781683
21.894171 -8.805305
21.880993 -8.831604
21.883213 -8.841272
21.878511 -8.850189
21.877586 -8.850182
21.871742 -8.857479
21.868408 -8.868245
21.870798 -8.884581
21.866331 -8.892810
21.863756 -8.896462
21.861555 -8.909537
21.866247 -8.926812
21.857607 -8.961197
21.856743 -8.979569
21.853533 -9.001368
21.853701 -9.008263
21.850559 -9.022710
21.852303 -9.034214
21.862082 -9.051538
21.858576 -9.055412
21.851624 -9.057185
21.843430 -9.068139
21.842844 -9.081231
21.843645 -9.119154
21.847836 -9.140794
21.853907 -9.159234
21.860956 -9.172169
21.859715 -9.181350
21.863174 -9.207120
21.862991 -9.226883
21.860544 -9.241109
21.847902 -9.257078
21.840008 -9.284583
21.831821 -9.293929
21.829651 -9.303102
21.829762 -9.315973
21.828997 -9.323550
21.825481 -9.328115
21.818739 -9.331269
21.815210 -9.337440
21.809029 -9.354620
21.811947 -9.364071
21.808334 -9.378976
21.804293 -9.390201
21.802303 -9.404432
21.798309 -9.410600
21.793640 -9.414693
21.792891 -9.420432
21.796064 -9.427587
21.821991 -9.452196
21.829355 -9.457092
21.834837 -9.464959
21.835009 -9.471396
21.833071 -9.480343
21.830008 -9.486061
21.829901 -9.497322
21.835741 -9.516457
21.847818 -9.537486
21.863201 -9.551881
21.868168 -9.565719
21.868034 -9.579969
21.866079 -9.590985
21.866478 -9.597885
21.871744 -9.604600
21.875355 -9.614979
21.871109 -9.622985
21.870806 -9.630797
21.877892 -9.641208
21.877125 -9.648787
21.875927 -9.653144
21.880526 -9.656864
21.893456 -9.661811
21.898035 -9.667829
21.912085 -9.677153
21.917137 -9.682026
21.928919 -9.686040
21.934242 -9.686778
21.939978 -9.693266
21.938236 -9.706354
21.939802 -9.712575
21.952961 -9.718211
21.960297 -9.727242
21.965828 -9.730740
21.969698 -9.738590
21.972157 -9.748727
21.972786 -9.756090
21.976654 -9.764171
21.979883 -9.766038
21.986372 -9.766096
21.999226 -9.754253
22.003420 -9.751761
22.006153 -9.757303
22.006548 -9.765122
22.003422 -9.777969
22.002203 -9.784627
22.003788 -9.789009
22.007700 -9.792261
22.009935 -9.801706
22.012362 -9.815752
22.025406 -9.835177
22.034895 -9.837099
22.041880 -9.833940
22.044640 -9.836493
22.055159 -9.853366
22.064138 -9.860801
22.068207 -9.873020
22.073269 -9.877662
22.082308 -9.878198
22.089222 -9.883314
22.095692 -9.885899
22.105738 -9.877245
22.110855 -9.875219
22.116653 -9.875268
22.122196 -9.877842
22.130175 -9.894233
22.133423 -9.894260
22.144110 -9.891818
22.152691 -9.891659
22.156153 -9.893758
22.167185 -9.905803
22.185875 -9.917450
22.191364 -9.926921
22.191975 -9.937503
22.189142 -9.943458
22.189342 -9.947368
22.196444 -9.958461
22.200504 -9.972520
22.208740 -9.986841
22.203362 -9.992086
22.198202 -9.998943
22.198673 -10.000000
22.201391 -10.006096
22.209913 -10.013982
22.213161 -10.014008
22.217775 -10.017263
22.218664 -10.022099
22.215368 -10.028051
22.212515 -10.036536
22.213163 -10.042520
22.219316 -10.056364
22.225000 -10.070896
22.222151 -10.079151
22.220640 -10.093856
22.225821 -10.113441
22.225065 -10.120793
22.220123 -10.129262
22.224237 -10.137114
22.223028 -10.143312
22.222672 -10.158716
22.233208 -10.176505
22.235706 -10.183423
22.238602 -10.198853
22.236195 -10.209412
22.238937 -10.214952
22.244925 -10.221208
22.251640 -10.223330
22.256010 -10.228653
22.258261 -10.237639
22.263063 -10.246875
22.277380 -10.257105
22.280138 -10.260805
22.283525 -10.273250
22.285992 -10.284536
22.282141 -10.301754
22.285122 -10.306605
22.290672 -10.309638
22.298754 -10.315680
22.306791 -10.327700
22.312502 -10.340161
22.315384 -10.358120
22.327953 -10.385121
22.329239 -10.399390
22.322805 -10.420269
22.316483 -10.426660
22.310364 -10.436733
22.309328 -10.450523
22.295954 -10.466979
22.294912 -10.481461
22.292696 -10.497542
22.290091 -10.503732
22.283802 -10.505293
22.277967 -10.508468
22.277674 -10.516285
22.288797 -10.520510
22.311459 -10.535863
22.315145 -10.540030
22.316511 -10.543720
22.314793 -10.555667
22.318350 -10.576623
22.316893 -10.584891
22.316078 -10.600064
22.318989 -10.644935
22.318905 -10.655745
22.314096 -10.676177
22.324223 -10.690054
22.327131 -10.702324
22.327827 -10.705261
22.328545 -10.733096
22.334303 -10.740730
22.334621 -10.747867
22.334898 -10.754074
22.333941 -10.757748
22.327780 -10.772421
22.310947 -10.782874
22.301569 -10.792233
22.293640 -10.794472
22.275492 -10.794333
22.266642 -10.795644
22.242126 -10.806032
22.231604 -10.812619
22.203732 -10.835169
22.192041 -10.841745
22.180788 -10.852005
22.176035 -10.863928
22.174316 -10.874724
22.179070 -10.891323
22.181828 -10.895486
22.181963 -10.907448
22.187033 -10.913699
22.199005 -10.929896
22.206097 -10.945134
22.207888 -10.954119
22.206833 -10.998044
22.209742 -11.012558
22.216856 -11.025496
22.220036 -11.035412
22.220638 -11.047378
22.216705 -11.073109
22.216583 -11.088059
22.220877 -11.104425
22.227068 -11.116666
22.237932 -11.127333
22.246252 -11.135678
22.254307 -11.147933
22.263718 -11.165948
22.268948 -11.182321
22.270010 -11.195210
22.259039 -11.227099
22.261322 -11.233098
22.271940 -11.246061
22.278206 -11.249560
22.290079 -11.251032
22.299690 -11.243975
22.315212 -11.225691
22.334463 -11.207204
22.339178 -11.200109
22.347033 -11.178544
22.351242 -11.176506
22.370119 -11.175956
22.425550 -11.178890
22.436996 -11.174831
22.451767 -11.162055
22.467279 -11.143303
22.487160 -11.132171
22.494930 -11.120493
22.497313 -11.112919
22.497885 -11.097972
22.489845 -11.081814
22.489008 -11.068467
22.491159 -11.060661
22.497513 -11.051505
22.502670 -11.046710
22.510153 -11.042392
22.533682 -11.041173
22.545126 -11.036420
22.562166 -11.030554
22.572645 -11.030624
22.585417 -11.035999
22.609968 -11.056172
22.653580 -11.082676
22.671238 -11.089458
22.691685 -11.097407
22.693995 -11.100642
22.709570 -11.105339
22.723286 -11.110023
22.746323 -11.113845
22.787092 -11.113168
22.793392 -11.111364
22.800879 -11.105658
22.805843 -11.093266
22.810795 -11.083174
22.821280 -11.082544
22.833168 -11.081002
22.841341 -11.077369
22.849545 -11.068214
22.859133 -11.061598
22.867281 -11.061874
22.879366 -11.066542
22.903738 -11.081398
22.920712 -11.086781
22.939323 -11.090791
22.958616 -11.098254
22.976072 -11.100646
23.001011 -11.099301
23.003332 -11.099176
23.014277 -11.100152
23.031931 -11.109443
23.073095 -11.122757
23.084038 -11.123960
23.102232 -11.118987
23.126524 -11.105070
23.141943 -11.095481
23.152203 -11.093228
23.164768 -11.095816
23.182673 -11.102337
23.196640 -11.104469
23.203173 -11.102198
23.215551 -11.094431
23.225367 -11.087113
23.252037 -11.059165
23.272354 -11.046140
23.288952 -11.031027
23.320463 -11.012523
23.331661 -11.007047
23.334003 -11.003837
23.338430 -11.003163
23.347313 -10.993998
23.360395 -10.983007
23.384207 -10.966308
23.417578 -10.945040
23.429001 -10.940480
23.435528 -10.938204
23.459038 -10.938517
23.505569 -10.946265
23.534166 -10.957859
23.540447 -10.959490
23.558332 -10.972426
23.576206 -10.989503
23.585276 -10.993211
23.600407 -10.994177
23.629057 -10.990580
23.636497 -10.993591
23.650675 -11.003061
23.664402 -11.007240
23.672083 -11.008182
23.681400 -11.006826
23.685148 -11.006170
23.693048 -11.004787
23.702127 -11.006634
23.707941 -11.007816
23.717497 -11.004851
23.730553 -10.997754
23.737318 -10.992941
23.745468 -10.992270
23.763384 -10.997374
23.780827 -11.006156
23.802216 -11.021156
23.815474 -11.027856
23.830372 -11.029958
23.852034 -11.027704
23.863453 -11.023357
23.872313 -11.017395
23.884657 -11.002216
23.885384 -11.001320
23.889601 -10.988217
23.896130 -10.983170
23.916637 -10.973087
23.925728 -10.966664
23.944607 -10.954967
23.960464 -10.938434
23.970270 -10.921200
23.973089 -10.905334
23.979620 -10.896834
23.987076 -10.892246
23.995695 -10.891575
23.986591 -10.903746
23.986576 -10.913406
23.990988 -10.920543
24.000984 -10.928379
24.002821 -10.929527
24.011683 -10.935065
24.015635 -10.938981
24.017981 -10.943403
24.020277 -10.947729
24.015137 -10.960602
24.021185 -10.964520
24.025600 -10.969357
24.025593 -10.975545
24.025587 -10.979017
24.020201 -11.001091
24.016451 -11.017876
24.013870 -11.030983
24.011513 -11.049610
24.013588 -11.065024
24.014568 -11.068112
24.014568 -11.068112
24.019152 -11.082514
24.018665 -11.095624
24.013067 -11.101367
24.007698 -11.109869
24.006180 -11.118128
24.005585 -11.121367
24.006510 -11.125968
24.010931 -11.128965
24.026764 -11.133819
24.031651 -11.138196
24.035128 -11.149702
24.037432 -11.169257
24.036697 -11.194328
24.035961 -11.220779
24.034739 -11.262873
24.037050 -11.275527
24.040071 -11.282202
24.056589 -11.305687
24.060308 -11.313743
24.067499 -11.341815
24.073309 -11.356085
24.081436 -11.384388
24.082119 -11.397731
24.078371 -11.411068
24.070900 -11.418419
24.068830 -11.419193
24.046402 -11.427588
24.037531 -11.434246
24.030985 -11.444818
24.026770 -11.457004
24.026518 -11.469655
24.032076 -11.497956
24.033470 -11.501868
24.036480 -11.518435
24.036472 -11.523956
24.026642 -11.547175
24.013077 -11.568778
24.003489 -11.583945
24.001143 -11.592223
23.995752 -11.606936
23.990805 -11.636833
23.985889 -11.645797
23.976549 -11.648772
23.971170 -11.655663
23.972332 -11.659347
23.979786 -11.667870
23.980473 -11.676382
23.982786 -11.689498
23.995359 -11.710911
23.995821 -11.713902
23.998104 -11.747950
24.000425 -11.756235
24.008818 -11.766139
24.010677 -11.771433
24.012758 -11.785237
24.016241 -11.798124
24.023226 -11.813087
24.024614 -11.822520
24.020159 -11.834476
24.016186 -11.836081
24.014462 -11.837161
24.007771 -11.841358
24.002623 -11.847331
23.999327 -11.864119
23.994398 -11.878833
23.989923 -11.902289
23.988495 -11.920460
23.986118 -11.945529
23.988588 -12.008562
23.988567 -12.022593
23.988998 -12.045597
23.987103 -12.062616
23.983051 -12.111376
23.985788 -12.154165
24.003050 -12.182026
24.010042 -12.198368
24.014225 -12.215627
24.020761 -12.224607
24.029879 -12.227611
24.040396 -12.234066
24.053471 -12.251796
24.068657 -12.265388
24.064199 -12.275963
24.066294 -12.284017
24.072361 -12.295985
24.073288 -12.303577
24.068598 -12.312772
24.055479 -12.324026
24.053370 -12.327474
24.055706 -12.330236
24.064590 -12.335309
24.074173 -12.343372
24.076736 -12.351886
24.077148 -12.356190
24.078123 -12.366379
24.075970 -12.403870
24.072680 -12.415366
24.069866 -12.419043
24.065651 -12.420648
24.053940 -12.426152
24.026287 -12.449576
24.019720 -12.458306
24.012430 -12.480608
24.008211 -12.484051
24.001184 -12.485421
23.995794 -12.489552
23.994614 -12.495301
23.993431 -12.503580
23.991318 -12.506797
23.971403 -12.514585
23.970219 -12.523554
23.967394 -12.532520
23.958717 -12.539636
23.955664 -12.545840
23.955654 -12.551822
23.960075 -12.568390
23.962164 -12.579663
23.961899 -12.598293
23.960239 -12.609331
23.955065 -12.622663
23.932520 -12.655515
23.930401 -12.661031
23.927801 -12.674136
23.931517 -12.692543
23.933136 -12.704046
23.930069 -12.715541
23.916906 -12.738057
23.913128 -12.753460
23.913334 -12.769101
23.909071 -12.792552
23.909269 -12.812102
23.903603 -12.833712
23.904987 -12.845443
23.912943 -12.853508
23.920673 -12.856511
23.925823 -12.861351
23.930956 -12.874929
23.943834 -12.885072
23.959293 -12.893608
23.971251 -12.894318
23.977341 -12.898237
23.994196 -12.915513
24.010817 -12.934857
24.017376 -12.939006
24.025339 -12.946608
24.029314 -12.954432
24.029772 -12.962253
24.032330 -12.979045
24.036776 -12.985721
24.040287 -12.990556
22.433668 -13.004004
21.999899 -13.004716
22.000751 -14.085768
21.999962 -15.000000
21.999678 -15.330224
22.001999 -16.000000
21.999407 -16.046070
21.999371 -16.052259
21.999884 -16.084595
21.999664 -16.197874
22.003164 -16.207985
22.012125 -16.218128
22.022049 -16.225985
22.031725 -16.236132
22.046158 -16.244928
22.057230 -16.260128
22.065041 -16.264759
22.075003 -16.267107
22.075413 -16.278576
22.073217 -16.288656
22.069380 -16.295057
22.077621 -16.307945
22.086599 -16.316938
22.095768 -16.334192
22.108549 -16.343204
22.110409 -16.351013
22.116289 -16.362053
22.120964 -16.376528
22.127697 -16.406382
22.130037 -16.413275
22.133274 -16.430496
22.132952 -16.446093
22.128887 -16.450659
22.130041 -16.457088
22.135921 -16.469275
22.139662 -16.481453
22.137253 -16.487175
22.126020 -16.497438
22.131233 -16.501137
22.139795 -16.501181
22.147654 -16.499386
22.154310 -16.500107
22.168022 -16.516235
22.178635 -16.534182
22.190468 -16.546625
22.214201 -16.558668
22.221529 -16.568796
22.225773 -16.576847
22.251461 -16.579258
22.263327 -16.586422
22.267818 -16.593096
22.269892 -16.608475
22.283152 -16.624134
22.294090 -16.626474
22.312387 -16.633434
22.315710 -16.635971
22.332743 -16.661966
22.339369 -16.672089
22.353609 -16.683617
22.356436 -16.691427
22.355213 -16.699224
22.362818 -16.703382
22.377089 -16.708025
22.384451 -16.713331
22.394896 -16.722776
22.418146 -16.747869
22.434996 -16.766285
22.450903 -16.782169
22.467049 -16.799662
22.481787 -16.810722
22.496777 -16.817883
22.498190 -16.823624
22.496958 -16.836472
22.515965 -16.857180
22.527374 -16.868227
22.544029 -16.879519
22.553555 -16.883677
22.575682 -16.900488
22.583057 -16.907162
22.616825 -16.946028
22.621088 -16.959349
22.637520 -16.970171
22.646330 -16.977995
22.656801 -16.989721
22.693005 -17.021465
22.694189 -17.025829
22.688686 -17.033392
22.692732 -17.039366
22.707996 -17.044445
22.720163 -17.046761
22.722067 -17.049749
22.724428 -17.064671
22.736353 -17.070429
22.734911 -17.076624
22.737053 -17.081217
22.749451 -17.089958
22.789991 -17.121233
22.793089 -17.126976
22.800243 -17.134790
22.809299 -17.149719
22.808100 -17.154308
22.802835 -17.163483
22.803785 -17.168764
22.807123 -17.173357
22.824551 -17.180265
22.830519 -17.183945
22.863947 -17.195915
22.889980 -17.202595
22.902876 -17.208574
22.912663 -17.223040
22.921738 -17.230162
22.929859 -17.235676
22.947536 -17.246704
22.970713 -17.258419
22.973341 -17.263241
22.984095 -17.266916
22.994608 -17.277248
22.997955 -17.284365
23.009188 -17.288498
23.010862 -17.291943
23.011580 -17.299976
23.010624 -17.305716
23.026588 -17.318434
23.040035 -17.338081
23.047926 -17.343132
23.060120 -17.344738
23.072811 -17.384907
23.084784 -17.410156
23.092682 -17.418417
23.104647 -17.424381
23.121632 -17.426439
23.125938 -17.426437
23.128811 -17.428732
23.128342 -17.441128
23.129541 -17.445719
23.136007 -17.453062
23.147261 -17.460402
23.141764 -17.467979
23.146791 -17.471651
23.171442 -17.475306
23.183651 -17.479887
23.187243 -17.482868
23.197079 -17.502144
23.207859 -17.510168
23.216972 -17.523016
23.225595 -17.527138
23.227287 -17.539074
23.231363 -17.543203
23.240709 -17.549850
23.246696 -17.550531
23.261774 -17.547987
23.274216 -17.545444
23.284510 -17.545200
23.303677 -17.553665
23.313271 -17.561916
23.316141 -17.561222
23.326181 -17.554548
23.337673 -17.554527
23.347029 -17.562548
23.357590 -17.574924
23.364304 -17.579275
23.382019 -17.577864
23.391607 -17.582436
23.404568 -17.594116
23.420174 -17.609695
23.424013 -17.612442
23.426214 -17.629196
23.428154 -17.639280
22.929178 -17.739391
21.441833 -18.024166
21.427431 -18.024004
21.416996 -18.013788
21.407442 -18.010006
21.381535 -18.008793
21.377741 -18.005077
21.375916 -17.997709
21.367371 -17.990267
21.356871 -17.985554
21.338621 -17.986261
21.322315 -17.985151
21.310894 -17.977671
21.310894 -17.977671
21.308872 -17.975601
21.297125 -17.974524
21.285000 -17.966549
21.279243 -17.966242
21.275858 -17.968031
21.268915 -17.966787
21.258204 -17.960669
21.241968 -17.954931
21.236673 -17.948004
21.229727 -17.938913
21.219751 -17.932116
21.203897 -17.933039
21.185133 -17.935986
21.178375 -17.938417
21.164501 -17.935461
21.156584 -17.935349
21.150536 -17.938475
21.142614 -17.938589
21.137762 -17.941963
21.131529 -17.941414
21.122709 -17.937611
21.117907 -17.937771
21.116482 -17.939402
21.107397 -17.949787
21.102093 -17.951317
21.071680 -17.946962
21.066633 -17.947346
21.058601 -17.954346
21.050900 -17.955608
21.037472 -17.954716
21.033922 -17.956461
21.033922 -17.956461
21.000116 -17.960857
20.981007 -17.955086
20.944340 -17.967434
20.936491 -17.978344
20.928699 -17.985582
20.897840 -17.994328
20.897840 -17.994328
20.893982 -17.994059
20.891132 -18.006186
20.888611 -18.006054
20.878418 -18.005522
20.870670 -18.009302
20.870338 -18.014580
20.864685 -18.022068
20.869408 -18.026737
20.868076 -18.034294
20.859140 -18.037136
20.847349 -18.038553
20.837921 -18.042076
20.818474 -18.041758
20.812008 -18.040735
20.796114 -18.029678
20.790133 -18.028431
20.782686 -18.028538
20.769117 -18.021881
20.761370 -18.025427
20.754433 -18.023933
20.752338 -18.020224
20.753237 -18.010363
20.750633 -18.008253
20.742968 -18.007204
20.730118 -18.014109
20.722881 -18.015823
20.715012 -18.012934
20.709646 -18.017437
20.705568 -18.017138
20.687996 -18.006502
20.686811 -18.004692
20.678890 -17.992567
20.671272 -17.988991
20.657656 -17.985312
20.646261 -17.978453
20.634197 -17.981688
20.619888 -17.976614
20.617455 -17.978411
20.614927 -17.985025
20.610878 -17.983347
20.605032 -17.975206
20.596098 -17.977804
20.592653 -17.976362
20.592653 -17.976362
20.581202 -17.983114
20.566822 -17.981966
20.547609 -17.982574
20.535198 -17.978701
20.514267 -17.968258
20.503878 -17.958904
20.493423 -17.953220
20.481976 -17.949358
20.472397 -17.948280
20.463282 -17.936199
20.463282 -17.936199
20.462799 -17.934874
20.458202 -17.922264
20.453274 -17.916662
20.439724 -17.910210
20.417423 -17.909336
20.409569 -17.906202
20.402229 -17.901243
20.393843 -17.900625
20.389835 -17.897106
20.377363 -17.896870
20.373478 -17.899094
20.369888 -17.898567
20.351810 -17.888430
20.349962 -17.887394
20.335121 -17.874020
20.326603 -17.868343
20.316832 -17.865170
20.309143 -17.865711
20.301394 -17.869236
20.294231 -17.878973
20.291340 -17.879606
20.288240 -17.878628
20.276907 -17.869909
20.267550 -17.869957
20.260277 -17.873489
20.256775 -17.880312
20.253124 -17.882765
20.252028 -17.889174
20.250410 -17.891056
20.248339 -17.893467
20.240610 -17.895840
20.233311 -17.889265
20.227085 -17.888683
20.221754 -17.891104
20.215523 -17.890753
20.201941 -17.886349
20.192091 -17.886841
20.183062 -17.882755
20.170370 -17.881582
20.164925 -17.889282
20.153122 -17.891342
20.133326 -17.903526
20.128555 -17.906462
20.121569 -17.907698
20.114037 -17.911909
20.107801 -17.911781
20.099247 -17.907930
20.096275 -17.905220
20.096275 -17.905220
20.083786 -17.895468
20.059883 -17.891342
20.038567 -17.901035
20.026999 -17.903570
20.016485 -17.901531
20.000000 -17.891626
19.997536 -17.890146
19.970928 -17.893496
19.970928 -17.893496
19.967609 -17.892551
19.955929 -17.878754
19.919508 -17.866259
19.912800 -17.865885
19.902285 -17.874386
19.890820 -17.882406
19.875395 -17.885288
19.850443 -17.885202
19.824503 -17.876133
19.815662 -17.874559
19.797365 -17.877140
19.790562 -17.880665
19.781687 -17.890572
19.781155 -17.890913
19.777542 -17.893236
19.771513 -17.894480
19.767622 -17.906567
19.763678 -17.910841
19.757130 -17.913681
19.749449 -17.913738
19.742559 -17.910826
19.736223 -17.904942
19.734009 -17.897312
19.728325 -17.894197
19.724016 -17.883993
19.721434 -17.881638
19.712816 -17.880753
19.707048 -17.877497
19.704605 -17.878803
19.704674 -17.881931
19.711283 -17.884790
19.712378 -17.886580
19.708776 -17.888929
19.703987 -17.888592
19.702663 -17.887438
19.689657 -17.876093
19.683271 -17.862625
19.676441 -17.857414
19.661924 -17.852718
19.650393 -17.853371
19.646420 -17.854214
19.646420 -17.854214
19.623217 -17.861160
19.614008 -17.865572
19.606079 -17.866108
19.596037 -17.864532
19.579920 -17.866510
19.569712 -17.872740
19.549801 -17.872574
19.533798 -17.869270
19.511343 -17.863567
19.511343 -17.863567
19.506876 -17.864473
19.504641 -17.867407
19.505003 -17.872009
19.503534 -17.873121
19.499937 -17.873035
19.494553 -17.867853
19.487282 -17.870667
19.485327 -17.871996
19.474632 -17.868065
19.467163 -17.869263
19.459873 -17.863575
19.456049 -17.863024
19.449970 -17.866091
19.442039 -17.866589
19.435701 -17.870340
19.421370 -17.867924
19.411938 -17.870680
19.404259 -17.870722
19.389980 -17.866238
19.370680 -17.852211
19.367048 -17.852018
19.362534 -17.851780
19.359842 -17.853781
19.357235 -17.861526
19.353405 -17.861200
19.347797 -17.855551
19.337992 -17.854387
19.330688 -17.858341
19.324915 -17.858887
19.320028 -17.853251
19.323471 -17.850121
19.331181 -17.848934
19.333910 -17.845556
19.333279 -17.842327
19.330248 -17.839035
19.323296 -17.838861
19.316969 -17.842150
19.311720 -17.841099
19.307068 -17.835699
19.303276 -17.833998
19.297625 -17.838909
19.292124 -17.838310
19.274000 -17.825451
19.269232 -17.824413
19.263359 -17.828629
19.257133 -17.828241
19.249422 -17.820696
19.244881 -17.820122
19.238579 -17.822489
19.232384 -17.829679
19.228745 -17.831196
19.222757 -17.830812
19.221842 -17.830469
19.208986 -17.825638
19.192019 -17.823364
19.171419 -17.813646
19.171419 -17.813646
19.168242 -17.815176
19.164570 -17.818312
19.140495 -17.812035
19.131090 -17.814121
19.124229 -17.820169
19.121475 -17.824932
19.119102 -17.833836
19.116882 -17.836313
19.107677 -17.840012
19.082743 -17.839449
19.061466 -17.836441
19.028837 -17.836617
19.028837 -17.836617
19.008692 -17.833490
18.999676 -17.830034
18.993210 -17.829630
18.986391 -17.833122
18.974413 -17.832571
18.962494 -17.829952
18.948538 -17.823143
18.925234 -17.824348
18.910645 -17.822802
18.898994 -17.819267
18.882584 -17.806414
18.877319 -17.806040
18.871937 -17.809566
18.866930 -17.808510
18.857391 -17.798599
18.847874 -17.796040
18.843689 -17.791559
18.842628 -17.786936
18.843712 -17.782829
18.841179 -17.779316
18.836201 -17.777340
18.825623 -17.778194
18.818874 -17.777302
18.803646 -17.775286
18.797020 -17.772345
18.790915 -17.768038
18.784914 -17.760290
18.778454 -17.744030
18.775867 -17.742350
18.768932 -17.741695
18.760408 -17.746050
18.754885 -17.746351
18.749891 -17.744675
18.743792 -17.740526
18.738216 -17.726816
18.737661 -17.726112
18.737661 -17.726112
18.730940 -17.717449
18.718929 -17.709345
18.707142 -17.701933
18.699568 -17.698299
18.684055 -17.686890
18.665585 -17.669662
18.649818 -17.658932
18.627697 -17.643995
18.627697 -17.643995
18.624317 -17.642931
18.618504 -17.637251
18.614983 -17.627272
18.616480 -17.610086
18.609863 -17.607138
18.605322 -17.599197
18.598604 -17.591881
18.569498 -17.588045
18.568800 -17.587646
18.565262 -17.585625
18.561905 -17.578176
18.548374 -17.566753
18.546228 -17.558882
18.540785 -17.549303
18.537430 -17.534275
18.534712 -17.529371
18.525064 -17.524033
18.518353 -17.516716
18.511421 -17.501352
18.503325 -17.499962
18.498404 -17.496601
18.494978 -17.491447
18.485462 -17.489555
18.478643 -17.485678
18.474987 -17.480286
18.473063 -17.473108
18.472647 -17.456329
18.470619 -17.452364
18.461000 -17.446335
18.455692 -17.440205
18.449770 -17.423491
18.446535 -17.419949
18.432951 -17.410812
18.422714 -17.394428
18.422068 -17.394037
18.422068 -17.394037
18.407465 -17.393156
18.394257 -17.394873
18.377754 -17.394661
18.361937 -17.395617
18.353596 -17.394474
18.326527 -17.395584
18.215288 -17.395071
18.188057 -17.393629
18.105274 -17.393606
18.062426 -17.394228
18.028917 -17.394646
17.971966 -17.394840
17.909298 -17.394159
17.888203 -17.395374
17.871723 -17.394428
17.847544 -17.394859
17.839191 -17.394152
17.759024 -17.394501
17.727432 -17.394691
17.707592 -17.394087
17.688185 -17.394871
17.669285 -17.394751
17.605349 -17.396215
17.595524 -17.396599
17.584814 -17.394886
17.575453 -17.395742
17.557756 -17.395418
17.536652 -17.396822
17.515123 -17.396601
17.501682 -17.397783
17.409065 -17.398035
17.391624 -17.397242
17.368153 -17.397860
17.342751 -17.398870
17.331549 -17.397585
17.286579 -17.397028
17.272659 -17.398176
17.240374 -17.397566
17.227707 -17.397144
17.201159 -17.396719
17.181484 -17.398127
17.170046 -17.396824
17.116217 -17.396383
17.104874 -17.398983
17.079597 -17.396515
17.074766 -17.397728
17.059196 -17.398115
17.031223 -17.397383
17.013802 -17.396093
17.000000 -17.395887
15.149344 -17.389896
15.000000 -17.389927
14.638009 -17.390001
14.332382 -17.387579
14.214321 -17.384056
14.213333 -17.393219
14.213452 -17.399054
14.209976 -17.403927
14.205027 -17.406767
14.196502 -17.409676
14.188663 -17.411198
14.180812 -17.412033
14.173001 -17.414927
14.164475 -17.417833
14.161685 -17.421320
14.157105 -17.424839
14.147520 -17.428452
14.138951 -17.429298
14.134616 -17.433218
14.134616 -17.433218
14.129640 -17.432470
14.116809 -17.426565
14.111774 -17.426220
14.108962 -17.428581
14.104671 -17.438784
14.099483 -17.441889
14.094234 -17.442467
14.084107 -17.439484
14.069364 -17.433617
14.058539 -17.431335
14.050145 -17.430605
14.045545 -17.428413
14.039930 -17.423946
14.038246 -17.423525
14.027934 -17.422607
14.019011 -17.419823
14.015670 -17.420126
14.002473 -17.428459
13.992979 -17.431654
13.981527 -17.433058
13.972221 -17.434181
13.956886 -17.433372
13.952043 -17.430952
13.948867 -17.428267
13.941054 -17.421778
13.930671 -17.417871
13.928891 -17.417831
13.928439 -17.404600
13.924215 -17.398031
13.917845 -17.391741
13.915664 -17.380535
13.915141 -17.379213
13.905181 -17.372267
13.900719 -17.365704
13.886424 -17.357977
13.880518 -17.350985
13.867963 -17.345974
13.850351 -17.339462
13.839413 -17.331888
13.822287 -17.325594
13.813645 -17.324169
13.803165 -17.315666
13.801684 -17.313629
13.801684 -17.313629
13.797987 -17.308886
13.792411 -17.305559
13.790006 -17.304920
13.784238 -17.303663
13.776369 -17.297346
13.750649 -17.280115
13.736808 -17.275534
13.717944 -17.269833
13.711524 -17.260323
13.691267 -17.246229
13.677514 -17.246449
13.644341 -17.217438
13.644341 -17.217438
13.634272 -17.203884
13.627259 -17.200123
13.614984 -17.196007
13.595312 -17.181477
13.577550 -17.166676
13.568591 -17.161114
13.555563 -17.155172
13.544894 -17.147806
13.534778 -17.143871
13.527571 -17.141947
13.520270 -17.135662
13.510707 -17.135159
13.506565 -17.131336
13.504786 -17.126320
13.507758 -17.120064
13.517896 -17.113895
13.522017 -17.105551
13.523949 -17.095411
13.523451 -17.094501
13.523451 -17.094501
13.522413 -17.090618
13.522413 -17.090618
13.520639 -17.085833
13.500577 -17.063036
13.492522 -17.054697
13.489552 -17.049706
13.489017 -17.046959
13.486436 -17.037827
13.482721 -17.031471
13.469338 -17.019331
13.460854 -17.013067
13.448343 -17.008257
13.432975 -17.003729
13.430332 -17.002861
13.419531 -16.999851
13.413772 -16.998354
13.397854 -16.990162
13.387455 -16.983469
13.378948 -16.975824
13.378570 -16.975351
13.370370 -16.976444
13.361519 -16.975346
13.361519 -16.975346
13.340500 -16.974373
13.329866 -16.981796
13.287740 -16.985828
13.271964 -16.995617
13.269582 -16.996033
13.261192 -16.993849
13.250824 -16.992458
13.227187 -16.981670
13.205324 -16.983494
13.202506 -16.981234
13.200480 -16.976093
13.200480 -16.976093
13.199843 -16.967840
13.198611 -16.965796
13.194274 -16.963575
13.188577 -16.965054
13.183887 -16.969269
13.175724 -16.966658
13.167545 -16.963129
13.151526 -16.961342
13.142432 -16.959894
13.135061 -16.961170
13.108765 -16.971035
13.100469 -16.973932
13.095294 -16.977922
13.090971 -16.976391
13.088321 -16.975058
13.079700 -16.973370
13.066583 -16.973591
13.059464 -16.975777
13.050452 -16.978685
13.038538 -16.979574
13.032822 -16.980129
13.030429 -16.979710
13.023022 -16.979145
13.013288 -16.981833
13.005421 -16.982191
12.992523 -16.981487
12.983258 -16.983706
12.979031 -16.987448
12.974280 -16.988674
12.972886 -16.990763
12.972994 -16.996729
12.967613 -17.002787
12.960752 -17.006111
12.949816 -17.008356
12.948963 -17.014109
12.945684 -17.017605
12.923270 -17.018658
12.918053 -17.020578
12.911469 -17.026194
12.900484 -17.039454
12.896714 -17.042269
12.880014 -17.042763
12.875533 -17.045818
12.873234 -17.050905
12.870847 -17.064716
12.865680 -17.069620
12.848349 -17.075172
12.845504 -17.076365
12.842507 -17.082609
12.842507 -17.082609
12.837984 -17.083370
12.826297 -17.084011
12.822517 -17.086365
12.817442 -17.093281
12.811540 -17.102390
12.809259 -17.111607
12.805716 -17.115093
12.799768 -17.117455
12.787822 -17.117586
12.777508 -17.121145
12.773596 -17.127314
12.768033 -17.128523
12.754619 -17.139772
12.745870 -17.141014
12.736392 -17.148392
12.726495 -17.153858
12.718965 -17.157383
12.709928 -17.168583
12.697950 -17.166409
12.692394 -17.168383
12.687644 -17.171112
12.682901 -17.174606
12.679320 -17.175026
12.674128 -17.173931
12.671369 -17.176640
12.666621 -17.179752
12.665846 -17.181675
12.657495 -17.183292
12.653926 -17.184860
12.649987 -17.189112
12.645651 -17.193369
12.613937 -17.209002
12.607354 -17.227068
12.606758 -17.227730
12.606122 -17.228355
12.605447 -17.228941
12.604734 -17.229486
12.603990 -17.229988
12.603213 -17.230446
12.602409 -17.230856
12.601582 -17.231216
12.600731 -17.231529
12.599862 -17.231791
12.598979 -17.232000
12.598083 -17.232157
12.597179 -17.232260
12.596271 -17.232309
12.595361 -17.232306
12.594453 -17.232246
12.593856 -17.232178
12.579883 -17.230017
12.577102 -17.230808
12.572645 -17.234793
12.572645 -17.234793
12.570121 -17.238407
12.565639 -17.242144
12.560863 -17.242441
12.553899 -17.240242
12.548397 -17.239859
12.543956 -17.246349
12.541331 -17.246616
12.534107 -17.243042
12.529174 -17.248621
12.522697 -17.247105
12.515762 -17.246740
12.505754 -17.248714
12.497624 -17.248365
12.491082 -17.242487
12.487964 -17.241610
12.481810 -17.245596
12.475952 -17.253481
12.472613 -17.253986
12.467650 -17.257727
12.455238 -17.258812
12.450777 -17.264153
12.446717 -17.264435
12.441429 -17.262440
12.439478 -17.259710
12.438846 -17.249159
12.435841 -17.239786
12.436554 -17.223246
12.434785 -17.216612
12.431639 -17.213898
12.425838 -17.209383
12.421522 -17.208292
12.412889 -17.206110
12.405495 -17.206896
12.401940 -17.209009
12.399599 -17.212254
12.398280 -17.220306
12.389421 -17.219046
12.386565 -17.219770
12.376204 -17.230467
12.369034 -17.230330
12.361571 -17.226522
12.353345 -17.219282
12.347628 -17.220503
12.336267 -17.228224
12.333646 -17.228716
12.321006 -17.230484
12.311239 -17.232674
12.301692 -17.233482
12.291010 -17.238667
12.285501 -17.237816
12.271318 -17.231564
12.266307 -17.232084
12.255625 -17.237267
12.249881 -17.236649
12.243879 -17.234655
12.239779 -17.231720
12.232237 -17.221710
12.223572 -17.216995
12.214930 -17.213884
12.209895 -17.212568
12.205053 -17.207806
12.201138 -17.204628
12.201138 -17.204628
12.194088 -17.198208
12.188018 -17.197281
12.179747 -17.173550
12.172636 -17.168747
12.167505 -17.158587
12.161436 -17.157660
12.151847 -17.158701
12.147316 -17.160675
12.142780 -17.162165
12.139256 -17.163647
12.132683 -17.162722
12.126086 -17.158884
12.122046 -17.158913
12.109418 -17.159002
12.103841 -17.156126
12.088097 -17.144581
12.083042 -17.144131
12.071570 -17.152187
12.071570 -17.152187
12.065599 -17.155699
12.056028 -17.154200
12.046451 -17.152239
12.036701 -17.155790
12.028895 -17.162075
12.025322 -17.162802
12.019341 -17.161949
12.008912 -17.168720
12.002013 -17.171091
12.001297 -17.171099
11.999869 -17.171574
11.986774 -17.175158
11.978168 -17.174561
11.968148 -17.175585
11.959858 -17.181643
11.954832 -17.180777
11.947441 -17.182003
11.941271 -17.185511
11.937266 -17.190372
11.931355 -17.195715
11.921121 -17.199036
11.905425 -17.205395
11.899269 -17.210279
11.889613 -17.222775
11.881582 -17.231121
11.870436 -17.234310
11.870436 -17.234310
11.858341 -17.240204
11.851260 -17.239273
11.837096 -17.236921
11.835094 -17.240332
11.828564 -17.247164
11.826591 -17.255917
11.820570 -17.263718
11.811492 -17.267164
11.806445 -17.268648
11.805877 -17.268744
11.805306 -17.268831
11.804735 -17.268909
11.804163 -17.268978
11.803589 -17.269039
11.803015 -17.269091
11.802439 -17.269133
11.801862 -17.269165
11.801286 -17.269190
11.800709 -17.269205
11.800131 -17.269213
11.799554 -17.269211
11.798977 -17.269197
11.798400 -17.269178
11.797824 -17.269148
11.797248 -17.269110
11.796673 -17.269062
11.796099 -17.269005
11.795526 -17.268940
11.794953 -17.268866
11.794382 -17.268782
11.793814 -17.268690
11.793246 -17.268589
11.792681 -17.268480
11.792116 -17.268360
11.791554 -17.268234
11.790995 -17.268097
11.790438 -17.267952
11.789760 -17.267763
11.772009 -17.256685
11.757548 -17.252075
11.757548 -17.252075
11.757530 -17.250238
11.759440 -17.204306
11.758745 -17.183422
11.757298 -17.159101
11.760616 -17.133818
11.759028 -17.118914
11.756988 -17.106306
11.760872 -17.020880
11.769311 -16.983616
11.770226 -16.957211
11.774559 -16.938120
11.780585 -16.921535
11.786891 -16.886360
11.789375 -16.873255
11.787588 -16.862024
11.784616 -16.851498
11.779013 -16.840075
11.777657 -16.824482
11.778819 -16.821716
11.790732 -16.821373
11.799509 -16.817387
11.805884 -16.811817
11.813375 -16.799122
11.815098 -16.782124
11.818007 -16.764652
11.824207 -16.743021
11.828447 -16.716589
11.831081 -16.695910
11.832950 -16.692450
11.829008 -16.680326
11.830615 -16.674803
11.828132 -16.665419
11.829270 -16.660589
11.827264 -16.651201
11.828615 -16.644073
11.824657 -16.630346
11.825037 -16.621393
11.825875 -16.610830
11.823676 -16.605574
11.827179 -16.599344
11.825897 -16.590866
11.828682 -16.584185
11.826683 -16.575485
11.828510 -16.568354
11.827839 -16.550236
11.829546 -16.532093
11.831662 -16.485954
11.832232 -16.472643
11.830859 -16.455679
11.826270 -16.427046
11.826327 -16.410299
11.826159 -16.394701
11.820044 -16.334427
11.811997 -16.270966
11.804307 -16.217827
11.796157 -16.165840
11.794682 -16.138561
11.794345 -16.129160
11.793299 -16.119997
11.794105 -16.106459
11.797638 -16.081656
11.803343 -16.060272
11.808263 -16.032248
11.809553 -16.019852
11.808279 -16.011608
11.803290 -16.000000
11.772368 -15.944363
11.746298 -15.910141
11.737781 -15.895735
11.735165 -15.891310
11.732327 -15.881437
11.734470 -15.873865
11.741601 -15.860331
11.745182 -15.838070
11.745190 -15.829577
11.748044 -15.821547
11.761344 -15.804115
11.767521 -15.793103
11.774642 -15.785764
11.778260 -15.783779
11.785083 -15.780035
11.795041 -15.783257
11.806663 -15.782578
11.838449 -15.773878
11.846038 -15.773654
11.851017 -15.776871
11.852438 -15.779857
11.829906 -15.781219
11.818995 -15.784654
11.815672 -15.787405
11.812347 -15.791994
11.817873 -15.794672
11.826101 -15.796136
11.842705 -15.795689
11.857411 -15.792944
11.875677 -15.786527
11.883033 -15.779185
11.891105 -15.761285
11.907000 -15.745223
11.909137 -15.737649
11.908902 -15.730533
11.909510 -15.728886
11.910089 -15.727319
11.912223 -15.726402
11.912223 -15.726402
11.911038 -15.723417
11.913177 -15.711940
11.913177 -15.711940
11.911757 -15.705281
11.918637 -15.688755
11.930734 -15.673149
11.939032 -15.670627
11.958473 -15.658924
11.961178 -15.656695
11.969616 -15.649743
11.982655 -15.641480
11.985500 -15.633676
11.991664 -15.625411
12.003041 -15.596943
12.012758 -15.581560
12.016075 -15.571458
12.017496 -15.548727
12.017970 -15.540002
12.025550 -15.506019
12.025076 -15.499589
12.029813 -15.485811
12.031706 -15.463307
12.027440 -15.446774
12.031224 -15.424933
12.032175 -15.419446
12.032411 -15.400156
12.037620 -15.389132
12.039985 -15.368693
12.044955 -15.357210
12.052532 -15.347794
12.054425 -15.342511
12.051818 -15.330338
12.051977 -15.298487
12.052047 -15.284634
12.055353 -15.240993
12.058191 -15.230427
12.066001 -15.225373
12.069786 -15.219400
12.076176 -15.217332
12.092737 -15.201480
12.096523 -15.201020
12.099601 -15.204005
12.102914 -15.203086
12.103744 -15.202140
12.108355 -15.196882
12.114271 -15.196422
12.123496 -15.187230
12.132612 -15.189910
12.132612 -15.189910
12.135255 -15.190670
12.141033 -15.194869
12.145745 -15.193840
12.151381 -15.184288
12.156273 -15.168194
12.156046 -15.166696
12.156046 -15.166696
12.152347 -15.151845
12.148653 -15.144046
12.141688 -15.129336
12.137666 -15.127960
12.125132 -15.139910
12.120399 -15.140600
12.115904 -15.138993
12.113773 -15.135778
12.125583 -15.089601
12.129128 -15.083167
12.134094 -15.080638
12.136456 -15.074894
12.145940 -15.073761
12.145940 -15.073761
12.146339 -15.071273
12.146339 -15.071273
12.137872 -15.067082
12.135741 -15.063408
12.136921 -15.058124
12.143218 -15.051841
12.145905 -15.049160
12.148503 -15.042497
12.168359 -15.023419
12.170718 -15.014918
12.170005 -15.008715
12.163860 -15.000000
12.160774 -14.995624
12.159352 -14.990570
12.166437 -14.974483
12.167849 -14.962536
12.171865 -14.956330
12.175645 -14.953342
12.186522 -14.953566
12.190065 -14.950118
12.198092 -14.933341
12.200442 -14.912890
12.203506 -14.900250
12.204105 -14.899857
12.212248 -14.894501
12.213427 -14.890594
12.207504 -14.874054
12.211973 -14.844870
12.223543 -14.832224
12.238432 -14.832443
12.242921 -14.830602
12.252602 -14.821173
12.258969 -14.806184
12.262269 -14.798416
12.264619 -14.785545
12.271223 -14.773131
12.277362 -14.769219
12.281369 -14.759564
12.289157 -14.751285
12.289381 -14.739794
12.282046 -14.729229
12.284404 -14.723942
12.274934 -14.703726
12.274451 -14.693845
12.277748 -14.683500
12.281288 -14.681199
12.285818 -14.673893
12.287419 -14.671311
12.295680 -14.666018
12.297328 -14.660960
12.295664 -14.650849
12.297782 -14.643952
12.293749 -14.627179
12.293981 -14.622582
12.300114 -14.616831
12.302680 -14.589019
12.305267 -14.579593
12.303607 -14.572928
12.310210 -14.566487
12.310781 -14.559294
12.311142 -14.554764
12.315383 -14.547404
12.316069 -14.528557
12.321487 -14.519127
12.325468 -14.492001
12.330419 -14.487168
12.331824 -14.478892
12.338887 -14.464403
12.340752 -14.445552
12.343818 -14.444400
12.345944 -14.446466
12.349001 -14.437728
12.349228 -14.430602
12.352759 -14.424392
12.357218 -14.405307
12.355319 -14.396804
12.360191 -14.375421
12.360715 -14.373120
12.358796 -14.349444
12.354300 -14.339105
12.357596 -14.333584
12.360649 -14.323465
12.368427 -14.319319
12.371009 -14.309660
12.366040 -14.297941
12.371695 -14.292877
12.371688 -14.288279
12.365777 -14.277481
12.369075 -14.274488
12.381098 -14.271485
12.381098 -14.271485
12.379560 -14.263841
12.379560 -14.263841
12.362466 -14.270358
12.357511 -14.268064
12.356090 -14.263699
12.359374 -14.250590
12.359132 -14.245303
12.352801 -14.235096
12.349443 -14.229680
12.339052 -14.216587
12.337633 -14.213140
12.339274 -14.206011
12.335482 -14.189462
12.337126 -14.184172
12.344744 -14.178091
12.346596 -14.179148
12.343727 -14.184395
12.345616 -14.187152
12.350569 -14.187836
12.358109 -14.185298
12.364937 -14.178163
12.368463 -14.170341
12.369630 -14.161604
12.372752 -14.152838
12.373152 -14.151712
12.364390 -14.122293
12.358481 -14.109195
12.356582 -14.098620
12.357270 -14.084364
12.361502 -14.076541
12.364778 -14.058833
12.367599 -14.054690
12.375375 -14.053532
12.383374 -14.044555
12.387248 -14.043699
12.387248 -14.043699
12.388104 -14.040737
12.388104 -14.040737
12.387607 -14.038341
12.394424 -14.027755
12.395352 -14.017406
12.400509 -13.999464
12.403071 -13.979456
12.408467 -13.964732
12.414107 -13.955987
12.420223 -13.950230
12.423287 -13.951605
12.423287 -13.951605
12.426579 -13.947461
12.426579 -13.947461
12.424924 -13.943555
12.428442 -13.934121
12.427961 -13.927914
12.420615 -13.898949
12.422007 -13.884689
12.425760 -13.875716
12.433768 -13.876394
12.435462 -13.876037
12.462252 -13.870374
12.469791 -13.872662
12.474960 -13.866215
12.486264 -13.866657
12.494503 -13.864803
12.486988 -13.876314
12.489110 -13.877231
12.493817 -13.876303
12.498530 -13.877905
12.506768 -13.875591
12.511721 -13.879263
12.514542 -13.876729
12.524868 -13.858543
12.523676 -13.850957
12.528138 -13.844740
12.527191 -13.842442
12.521775 -13.841762
12.520347 -13.833945
12.525279 -13.827497
12.525509 -13.824738
12.520554 -13.818996
12.521255 -13.816236
12.524313 -13.814851
12.528551 -13.815533
12.529961 -13.813461
12.528539 -13.808634
12.525710 -13.806799
12.522402 -13.800365
12.525921 -13.794150
12.522610 -13.786107
12.525188 -13.780582
12.523512 -13.765867
12.526558 -13.758503
12.524667 -13.753906
12.528414 -13.744700
12.531938 -13.740785
12.531227 -13.738486
12.527929 -13.737112
12.526978 -13.732285
12.530953 -13.719398
12.529767 -13.713881
12.533976 -13.700304
12.536069 -13.687651
12.532529 -13.682137
12.531333 -13.672480
12.533196 -13.662356
12.536482 -13.658211
12.535527 -13.651313
12.539754 -13.646706
12.540452 -13.643024
12.540163 -13.640051
12.539492 -13.633136
12.537363 -13.627620
12.531948 -13.625560
12.530532 -13.623492
12.531229 -13.618891
12.536162 -13.615432
12.531439 -13.606010
12.537315 -13.603240
12.537074 -13.600250
12.534005 -13.595196
12.549978 -13.583207
12.552773 -13.569402
12.551589 -13.565723
12.543111 -13.560679
12.542167 -13.558841
12.543810 -13.556997
12.553451 -13.556060
12.555562 -13.553066
12.555083 -13.548926
12.550141 -13.547786
12.548489 -13.544799
12.544487 -13.542736
12.541654 -13.537221
12.541173 -13.532392
12.547499 -13.520190
12.544900 -13.514215
12.550996 -13.504772
12.550514 -13.499483
12.545795 -13.491441
12.536147 -13.488008
12.535437 -13.485709
12.540120 -13.475810
12.540113 -13.472589
12.536114 -13.471217
12.535167 -13.467769
12.540310 -13.453038
12.539834 -13.449589
12.537012 -13.449594
12.533947 -13.444999
12.529239 -13.442247
12.535798 -13.430044
12.532485 -13.419009
12.534119 -13.412795
12.536703 -13.412101
12.544703 -13.415767
12.546817 -13.415072
12.549396 -13.411158
12.552897 -13.399190
12.557357 -13.395731
12.559004 -13.396419
12.560663 -13.403086
12.563254 -13.405611
12.565840 -13.405147
12.570759 -13.397316
12.575223 -13.395698
12.579680 -13.391779
12.586027 -13.391996
12.591424 -13.387384
12.601042 -13.378625
12.607122 -13.364810
12.613213 -13.355367
12.619545 -13.349373
12.639273 -13.343121
12.650059 -13.332746
12.650520 -13.329064
12.648625 -13.322857
12.652128 -13.313648
12.642280 -13.292035
12.641971 -13.291357
12.637730 -13.286535
12.639841 -13.285151
12.649721 -13.289730
12.653951 -13.289950
12.661457 -13.284412
12.654614 -13.272236
12.654129 -13.265796
12.658101 -13.257045
12.662089 -13.254276
12.673130 -13.253791
12.694938 -13.237408
12.705503 -13.234392
12.707152 -13.231791
12.709012 -13.228863
12.710165 -13.220578
12.708969 -13.212299
12.711075 -13.209534
12.713899 -13.211368
12.719580 -13.227226
12.723577 -13.229057
12.731565 -13.228807
12.746568 -13.217038
12.750987 -13.201154
12.754978 -13.200453
12.758259 -13.197684
12.763664 -13.198359
12.770697 -13.193511
12.778446 -13.192800
12.782663 -13.188878
12.787575 -13.181964
12.792685 -13.161936
12.797826 -13.153179
12.813750 -13.137722
12.827371 -13.137684
12.829009 -13.135839
12.831815 -13.131690
12.835299 -13.119257
12.843029 -13.113024
12.848890 -13.110246
12.855699 -13.109306
12.863194 -13.103763
12.872820 -13.103274
12.877722 -13.094057
12.882600 -13.077938
12.889619 -13.070095
12.891705 -13.062037
12.898488 -13.054193
12.905050 -13.050952
12.906272 -13.047544
12.907609 -13.043813
12.913703 -13.040803
12.917679 -13.036189
12.920935 -13.027206
12.930763 -13.018202
12.940141 -13.014491
12.946671 -13.002276
12.960009 -12.990729
12.964678 -12.983582
12.971021 -12.985171
12.973832 -12.983782
12.978265 -12.976174
12.978706 -12.968580
12.976565 -12.960305
12.975176 -12.957579
12.964747 -12.937107
12.965437 -12.932964
12.974476 -12.922763
12.974476 -12.922763
12.972672 -12.919341
12.972672 -12.919341
12.966805 -12.921916
12.959294 -12.921480
12.952214 -12.909770
12.951489 -12.903561
12.954041 -12.895269
12.951677 -12.890215
12.959298 -12.876440
12.946267 -12.886322
12.935854 -12.860356
12.935338 -12.846784
12.937421 -12.838494
12.941149 -12.831120
12.946996 -12.826038
12.972994 -12.814909
12.979277 -12.801083
12.980463 -12.800199
12.992610 -12.791144
13.007785 -12.771995
13.013394 -12.766913
13.025337 -12.762270
13.044492 -12.742414
13.058536 -12.735690
13.065779 -12.728992
13.073519 -12.716350
13.075099 -12.713771
13.080006 -12.709381
13.097099 -12.703794
13.111083 -12.683264
13.116455 -12.678411
13.125823 -12.675843
13.139142 -12.665207
13.137733 -12.664522
13.141169 -12.645411
13.143955 -12.638957
13.158442 -12.628085
13.163561 -12.619321
13.178058 -12.610979
13.185283 -12.601746
13.194862 -12.594573
13.199076 -12.593405
13.200018 -12.594781
13.198184 -12.603993
13.201258 -12.609962
13.202676 -12.612488
13.206670 -12.614773
13.216287 -12.616113
13.224240 -12.612627
13.227529 -12.614224
13.228248 -12.617673
13.230600 -12.619733
13.234824 -12.620636
13.255384 -12.606281
13.263555 -12.599113
13.265156 -12.590591
13.260441 -12.584629
13.260664 -12.582328
13.264406 -12.580701
13.275434 -12.583644
13.279672 -12.587536
13.282722 -12.588213
13.295337 -12.579643
13.299785 -12.578472
13.300276 -12.583072
13.302877 -12.588122
13.302197 -12.592728
13.304320 -12.595710
13.312541 -12.599354
13.324069 -12.608274
13.344927 -12.607718
13.361527 -12.599586
13.394230 -12.578031
13.400526 -12.571787
13.406791 -12.559792
13.413768 -12.549632
13.421700 -12.542690
13.455578 -12.524113
13.467004 -12.513700
13.483472 -12.483011
13.485297 -12.474028
13.484554 -12.466668
13.481699 -12.458630
13.477684 -12.452667
13.479781 -12.450585
13.482591 -12.450341
13.489151 -12.450537
13.493107 -12.445684
13.490747 -12.442705
13.482105 -12.447352
13.479511 -12.444144
13.481125 -12.439303
13.486742 -12.438354
13.492566 -12.432570
13.494870 -12.425655
13.493090 -12.421388
13.486248 -12.433754
13.482954 -12.431010
13.485715 -12.422022
13.511506 -12.384609
13.517043 -12.369622
13.531934 -12.352285
13.535647 -12.346513
13.557318 -12.327757
13.583229 -12.310821
13.585045 -12.311804
13.584060 -12.314600
13.568071 -12.324937
13.553163 -12.338365
13.552013 -12.342052
13.553213 -12.347108
13.549255 -12.351272
13.544116 -12.353371
13.542508 -12.358902
13.543459 -12.361428
13.546032 -12.360723
13.548564 -12.353116
13.556314 -12.356986
13.562642 -12.357872
13.565434 -12.354865
13.564716 -12.352108
13.560020 -12.350062
13.560714 -12.348448
13.571939 -12.345856
13.578008 -12.342601
13.583131 -12.337740
13.598427 -12.310732
13.606102 -12.302175
13.613271 -12.287177
13.621176 -12.277927
13.622708 -12.276807
13.629100 -12.272130
13.636276 -12.258512
13.649308 -12.246011
13.654404 -12.237007
13.655482 -12.222043
13.653541 -12.210549
13.654203 -12.204102
13.662070 -12.189329
13.666906 -12.176414
13.672018 -12.156995
13.672852 -12.153828
13.673260 -12.144160
13.683031 -12.135128
13.686301 -12.134189
13.690488 -12.130022
13.694925 -12.128845
13.698409 -12.124681
13.710653 -12.099756
13.712211 -12.087090
13.710889 -12.062935
13.712471 -12.054181
13.716406 -12.047484
13.722184 -12.036633
13.722792 -12.021672
13.726867 -12.000476
13.732172 -11.988938
13.739125 -11.979230
13.754711 -11.966478
13.762125 -11.955847
13.767966 -11.919221
13.776048 -11.903522
13.777871 -11.896378
13.777118 -11.888557
13.779628 -11.879107
13.776908 -11.856342
13.782170 -11.832982
13.782359 -11.832145
13.787212 -11.823831
13.793415 -11.807452
13.795291 -11.772922
13.795464 -11.763716
13.790031 -11.719336
13.785944 -11.701642
13.789386 -11.692185
13.783072 -11.655405
13.782914 -11.648303
13.782740 -11.640450
13.786091 -11.617186
13.783701 -11.608916
13.772587 -11.587584
13.769948 -11.576785
13.770854 -11.572407
13.783854 -11.560820
13.786856 -11.555738
13.787980 -11.549288
13.785250 -11.532195
13.781408 -11.508137
13.782732 -11.496392
13.788007 -11.482092
13.787064 -11.480717
13.788372 -11.466671
13.795046 -11.452132
13.796631 -11.444757
13.793935 -11.425215
13.796118 -11.420470
13.798077 -11.416214
13.802075 -11.385813
13.802493 -11.378447
13.796049 -11.356396
13.801029 -11.333352
13.806102 -11.324346
13.811662 -11.318558
13.824021 -11.317788
13.830300 -11.314986
13.828177 -11.311548
13.823400 -11.259803
13.824484 -11.247370
13.834599 -11.225674
13.835716 -11.218534
13.834233 -11.206117
13.836956 -11.194823
13.836719 -11.192010
13.836196 -11.185854
13.834954 -11.174586
13.835836 -11.166987
13.849149 -11.101549
13.849534 -11.098948
13.852938 -11.075983
13.855227 -11.035699
13.860764 -11.027379
13.865063 -11.008482
13.859491 -10.975314
13.859233 -10.973775
13.851124 -10.945986
13.842146 -10.927406
13.831552 -10.910677
13.797253 -10.866488
13.766671 -10.819050
13.754697 -10.803708
13.738292 -10.787012
13.737700 -10.785983
13.727228 -10.767752
13.723441 -10.757881
13.724104 -10.752356
13.726651 -10.750269
13.734324 -10.748842
13.738729 -10.745824
13.744703 -10.733593
13.755116 -10.724095
13.763701 -10.719900
13.769953 -10.714570
13.777524 -10.697726
13.778394 -10.688288
13.774778 -10.669213
13.761387 -10.649509
13.727494 -10.608508
13.712380 -10.590219
13.653578 -10.523156
13.647030 -10.510650
13.642049 -10.501137
13.623074 -10.478009
13.591966 -10.447587
13.557857 -10.421441
13.557400 -10.421091
13.536359 -10.400500
13.528868 -10.391109
13.528845 -10.387197
13.544751 -10.363186
13.547479 -10.352358
13.546732 -10.343620
13.536803 -10.313997
13.536674 -10.313118
13.534145 -10.295838
13.524757 -10.279326
13.519140 -10.272224
13.492986 -10.248669
13.495056 -10.244977
13.498543 -10.245189
13.521452 -10.268112
13.526071 -10.269880
13.526346 -10.268715
13.520228 -10.258877
13.514151 -10.252467
13.493619 -10.236934
13.488957 -10.234426
13.482181 -10.227101
13.456400 -10.185138
13.455451 -10.181462
13.460293 -10.174537
13.460503 -10.170395
13.454118 -10.156400
13.448046 -10.143085
13.446580 -10.129291
13.439322 -10.118286
13.402205 -10.081437
13.390091 -10.073675
13.376961 -10.060550
13.365820 -10.049411
13.361146 -10.043222
13.360627 -10.032415
13.357571 -10.024610
13.346601 -10.012930
13.331247 -10.000000
13.313734 -9.985251
13.312556 -9.981808
13.314159 -9.977200
13.330168 -9.972174
13.332006 -9.971597
13.339186 -9.968113
13.344267 -9.963029
13.346985 -9.949216
13.344612 -9.938646
13.323335 -9.906086
13.317476 -9.894383
13.315351 -9.886573
13.319215 -9.869995
13.318947 -9.862408
13.308267 -9.845099
13.269852 -9.782824
13.252583 -9.760132
13.235939 -9.741354
13.221112 -9.724622
13.208284 -9.708118
13.201963 -9.694347
13.199359 -9.682170
13.201887 -9.677100
13.216238 -9.671290
13.230344 -9.662722
13.235882 -9.656947
13.240482 -9.648649
13.240630 -9.647800
13.242290 -9.638293
13.241555 -9.629559
13.236403 -9.617852
13.217943 -9.585278
13.194164 -9.553875
13.195308 -9.550422
13.201329 -9.549476
13.203173 -9.546939
13.202683 -9.541193
13.201978 -9.538896
13.206575 -9.530139
13.207250 -9.525307
13.204203 -9.517502
13.189973 -9.495947
13.181791 -9.479424
13.179450 -9.473377
13.176637 -9.466110
13.176718 -9.430931
13.172878 -9.399677
13.169326 -9.381297
13.162075 -9.364773
13.158789 -9.354440
13.159002 -9.350070
13.159002 -9.350070
13.155952 -9.340657
13.155952 -9.340657
13.136415 -9.313880
13.131031 -9.306499
13.103039 -9.255341
13.081333 -9.211054
13.075601 -9.203090
13.063181 -9.185834
13.043853 -9.155101
13.003958 -9.098717
12.999887 -9.092962
12.994761 -9.082866
12.993345 -9.075515
12.998294 -9.036422
13.000124 -9.030669
13.004502 -9.026056
13.017674 -9.022332
13.021814 -9.016111
13.025706 -9.005295
13.021519 -8.998644
13.024496 -8.990818
13.030673 -8.972638
13.036419 -8.963194
13.049798 -8.953952
13.057625 -8.944500
13.071683 -8.932265
13.080197 -8.921432
13.091502 -8.914952
13.098153 -8.901368
13.102992 -8.896982
13.103732 -8.896672
13.111300 -8.893502
13.116138 -8.888886
13.126478 -8.873448
13.141243 -8.865576
13.146555 -8.864406
13.147494 -8.867849
13.145428 -8.871305
13.140817 -8.874311
13.138326 -8.886961
13.120090 -8.894387
13.116187 -8.901068
13.112027 -8.901544
13.110192 -8.905229
13.110438 -8.908904
13.104760 -8.909578
13.102359 -8.912153
13.101236 -8.920661
13.099855 -8.922276
13.092920 -8.922762
13.083504 -8.939116
13.076574 -8.941212
13.059746 -8.955065
13.047781 -8.970967
13.048956 -8.975790
13.039021 -8.978354
13.028203 -8.992414
13.029382 -8.998386
13.033781 -8.999749
13.035186 -9.004110
13.023244 -9.027140
13.016091 -9.032222
13.012177 -9.037292
13.010349 -9.043505
13.011074 -9.052007
13.006484 -9.061907
13.012062 -9.069014
13.009074 -9.074540
13.011198 -9.085567
13.011922 -9.087151
13.013297 -9.090157
13.018397 -9.093127
13.021862 -9.091276
13.024619 -9.085979
13.028039 -9.072404
13.043022 -9.057869
13.052942 -9.050708
13.059382 -9.040799
13.078650 -8.998664
13.080341 -8.997140
13.080955 -8.996587
13.088738 -8.976331
13.099760 -8.956292
13.104364 -8.951218
13.115459 -8.949796
13.123325 -8.950454
13.135143 -8.956154
13.141851 -8.956587
13.145774 -8.954503
13.148057 -8.947369
13.154953 -8.937457
13.155830 -8.925962
13.153443 -8.908275
13.157118 -8.902284
13.168183 -8.894425
13.177351 -8.875771
13.186577 -8.870676
13.188166 -8.868521
13.202207 -8.849467
13.202369 -8.833839
13.205592 -8.830838
13.207925 -8.835654
13.210456 -8.833116
13.213412 -8.821841
13.217553 -8.817457
13.222364 -8.807785
13.227667 -8.804544
13.233212 -8.804062
13.238279 -8.800363
13.244716 -8.792521
13.246809 -8.795499
13.260491 -8.795648
13.261834 -8.795663
13.268971 -8.789656
13.278193 -8.784789
13.282263 -8.765237
13.286619 -8.757864
13.291455 -8.754395
13.299072 -8.752292
13.304159 -8.752958
13.310192 -8.757986
13.321754 -8.759770
13.337739 -8.767509
13.346508 -8.764940
13.351599 -8.766294
13.355322 -8.771563
13.366187 -8.771970
13.387341 -8.750726
13.398187 -8.747456
13.400024 -8.745378
13.396765 -8.740568
13.395130 -8.737129
13.408805 -8.700065
13.413764 -8.675913
13.415127 -8.660106
13.415726 -8.653154
13.414037 -8.639147
13.411231 -8.632497
13.402418 -8.625418
13.398231 -8.619695
13.391518 -8.616740
13.388264 -8.612850
13.385903 -8.602752
13.373558 -8.581903
13.370488 -8.568362
13.371912 -8.549580
13.362358 -8.512111
13.357459 -8.502026
13.358542 -8.487547
13.347589 -8.466693
13.351953 -8.461847
13.356338 -8.461597
13.363733 -8.463400
13.381555 -8.472503
13.383841 -8.468126
13.384272 -8.461922
13.392753 -8.449933
13.394094 -8.441427
13.393578 -8.430403
13.389816 -8.417097
13.390717 -8.412498
13.395329 -8.411786
13.399007 -8.408781
13.398977 -8.403039
13.387001 -8.362207
13.360903 -8.311110
13.355461 -8.300491
13.346460 -8.282927
13.301427 -8.223877
13.300706 -8.217909
13.290067 -8.193745
13.275138 -8.175076
13.268892 -8.170970
13.265102 -8.149169
13.268059 -8.140200
13.267118 -8.136300
13.265010 -8.128960
13.259903 -8.121404
13.242290 -8.101502
13.240267 -8.098818
13.234869 -8.091660
13.227661 -8.077913
13.219326 -8.069681
13.212119 -8.055934
13.205558 -8.031391
13.191631 -8.008718
13.188719 -8.000000
13.185335 -7.974910
13.180724 -7.962744
13.172199 -7.954710
13.164134 -7.942544
13.161010 -7.929121
13.159753 -7.923721
13.152378 -7.909718
13.145005 -7.902142
13.135789 -7.886302
13.123116 -7.869543
13.114820 -7.848422
13.115740 -7.836025
13.109977 -7.816970
13.106060 -7.805950
13.089935 -7.786433
13.081411 -7.769901
13.072888 -7.759109
13.062522 -7.732934
13.062981 -7.726046
13.056991 -7.703773
13.041098 -7.674379
13.034642 -7.654546
13.027046 -7.631207
13.019908 -7.620413
13.006783 -7.607091
13.006091 -7.604106
13.010235 -7.592166
13.009773 -7.586195
13.003325 -7.573564
12.984215 -7.547149
12.983359 -7.545698
12.973392 -7.528774
12.967176 -7.510170
12.964413 -7.492486
12.957967 -7.484675
12.957275 -7.477555
12.954053 -7.471812
12.951751 -7.461017
12.943693 -7.450449
12.939895 -7.429818
12.939549 -7.427940
12.936327 -7.417833
12.927349 -7.398766
12.920214 -7.364540
12.915380 -7.350067
12.897429 -7.316753
12.894248 -7.313324
12.874414 -7.291936
12.859455 -7.278147
12.855083 -7.270794
12.850713 -7.247590
12.854396 -7.234957
12.853705 -7.229673
12.855087 -7.223930
12.849566 -7.204401
12.847726 -7.196589
12.847958 -7.178440
12.842668 -7.156153
12.842208 -7.145125
12.844511 -7.128814
12.848194 -7.118936
12.848425 -7.108367
12.847506 -7.100555
12.841126 -7.080800
12.838305 -7.072061
12.836696 -7.057355
12.832325 -7.046325
12.829567 -7.024035
12.833019 -7.013697
12.821290 -6.974400
12.814160 -6.961528
12.813140 -6.960526
12.801279 -6.948883
12.801279 -6.948883
12.798059 -6.946584
12.795759 -6.941067
12.795300 -6.935092
12.795300 -6.935092
12.791389 -6.934172
12.784948 -6.926355
12.775981 -6.906358
12.760800 -6.888425
12.749535 -6.863140
12.741487 -6.851415
12.725848 -6.836238
12.723133 -6.834634
12.720788 -6.833248
12.714349 -6.825890
12.700324 -6.804508
12.663073 -6.767482
12.639159 -6.746321
12.637096 -6.743019
12.633413 -6.737124
12.616631 -6.716887
12.606746 -6.703778
12.584214 -6.686063
12.574560 -6.674563
12.569276 -6.663527
12.556176 -6.643290
12.553424 -6.627657
12.550437 -6.620529
12.544793 -6.613428
12.542393 -6.610409
12.535272 -6.593853
12.524471 -6.580742
12.508159 -6.551305
12.498052 -6.531297
12.491394 -6.511292
12.486821 -6.501970
12.472102 -6.471965
12.428466 -6.389853
12.412388 -6.365928
12.398616 -6.333268
12.374967 -6.289560
12.368105 -6.279177
12.363714 -6.272534
12.356135 -6.264020
12.341672 -6.238483
12.313195 -6.203503
12.304932 -6.189468
12.295506 -6.176156
12.284727 -6.160933
12.273710 -6.142066
12.270042 -6.130105
12.271430 -6.119759
12.277414 -6.109188
12.283164 -6.103676
12.293509 -6.099779
12.303856 -6.092662
12.309833 -6.091289
12.316502 -6.085317
12.318689 -6.081788
12.319492 -6.080492
12.330068 -6.074985
12.335584 -6.074760
12.336501 -6.077981
12.327988 -6.090849
12.324305 -6.100043
12.320395 -6.102798
12.313731 -6.102331
12.307757 -6.100024
12.302931 -6.100939
12.299480 -6.104154
12.295343 -6.104609
12.286374 -6.112877
12.287521 -6.115408
12.294416 -6.114726
12.299706 -6.110593
12.304763 -6.109219
12.309588 -6.110144
12.313033 -6.113367
12.314641 -6.116591
12.319918 -6.127172
12.320375 -6.129471
12.318072 -6.136137
12.314623 -6.139122
12.310715 -6.140498
12.296695 -6.141172
12.292325 -6.144616
12.289563 -6.149442
12.290709 -6.154272
12.303345 -6.160035
12.307713 -6.159349
12.324276 -6.138903
12.327724 -6.137067
12.338756 -6.138229
12.342891 -6.140532
12.344680 -6.139640
12.346109 -6.138927
12.345422 -6.136396
12.329568 -6.130631
12.327272 -6.126719
12.328653 -6.123732
12.334862 -6.119599
12.339918 -6.118915
12.344284 -6.120299
12.350031 -6.119156
12.357158 -6.115254
12.361524 -6.116179
12.366117 -6.120552
12.380596 -6.121257
12.388635 -6.129313
12.390016 -6.125865
12.388639 -6.122645
12.369575 -6.110775
12.366815 -6.109056
12.370954 -6.106301
12.388651 -6.104939
12.404045 -6.110473
12.411630 -6.109791
12.416458 -6.106116
12.439674 -6.099471
12.446110 -6.099247
12.455991 -6.101785
12.462422 -6.107769
12.466333 -6.099495
12.473001 -6.094213
12.475431 -6.096205
12.478746 -6.094907
12.482198 -6.087322
12.484957 -6.086175
12.491159 -6.090549
12.496904 -6.091014
12.509537 -6.105512
12.512060 -6.114022
12.516655 -6.118625
12.524927 -6.120932
12.516200 -6.108737
12.510922 -6.092866
12.513225 -6.083900
12.515524 -6.081373
12.522420 -6.079999
12.528623 -6.083454
12.531381 -6.083456
12.535290 -6.077940
12.529778 -6.072647
12.530238 -6.070348
12.539431 -6.069665
12.547016 -6.065763
12.555289 -6.065999
12.560348 -6.060024
12.563565 -6.059107
12.569770 -6.059802
12.573867 -6.062539
12.574595 -6.063025
12.571833 -6.072681
12.572290 -6.077050
12.574587 -6.080731
12.589294 -6.084192
12.589754 -6.082813
12.585849 -6.078211
12.582172 -6.077748
12.577578 -6.073835
12.576889 -6.071075
12.585855 -6.062344
12.592751 -6.060510
12.606544 -6.049942
12.612978 -6.049947
12.620560 -6.055011
12.630672 -6.056169
12.637610 -6.061594
12.640091 -6.063534
12.644227 -6.063537
12.651124 -6.056873
12.657102 -6.046989
12.664687 -6.041245
12.667907 -6.035958
12.669748 -6.026531
12.674345 -6.022165
12.685604 -6.024472
12.699619 -6.034139
12.708581 -6.037824
12.729263 -6.038067
12.736320 -6.040374
12.739833 -6.041523
12.746497 -6.041986
12.757988 -6.039233
12.769939 -6.034181
12.778671 -6.033266
12.783038 -6.033958
12.797974 -6.042244
12.804868 -6.042937
12.822333 -6.036507
12.834284 -6.035823
12.854277 -6.024104
12.866228 -6.013071
12.878178 -6.009627
12.907592 -5.995841
12.918622 -5.992395
12.925056 -5.986189
12.929192 -5.973542
12.934247 -5.969864
12.946425 -5.969179
12.952169 -5.965501
12.955382 -5.959991
12.956995 -5.957224
12.958373 -5.946876
12.954467 -5.924107
12.956305 -5.917209
12.962278 -5.912151
12.969860 -5.909164
12.969860 -5.909164
12.968630 -5.906919
12.968630 -5.906919
12.975598 -5.903095
12.985290 -5.897788
13.018084 -5.876780
13.019478 -5.876300
13.028182 -5.873306
13.047242 -5.870499
13.070906 -5.870899
13.079640 -5.872716
13.087007 -5.877758
13.089884 -5.881736
13.091158 -5.883496
13.102676 -5.894276
13.115100 -5.900453
13.122683 -5.900894
13.137604 -5.896945
13.184175 -5.874975
13.203622 -5.870220
13.217463 -5.866836
13.234456 -5.864950
13.247782 -5.865144
13.272379 -5.870365
13.324878 -5.891340
