> burkina_faso 0
          1.282974         13.352204
          1.279153         13.349905
          1.252470         13.339496
          1.236464         13.333250
          1.236464         13.333250
          1.231296         13.333696
          1.220917         13.350451
          1.220653         13.360793
          1.216867         13.370667
          1.210752         13.373869
          1.202298         13.373847
          1.198315         13.370848
          1.197389         13.366479
          1.201205         13.346491
          1.194651         13.339347
          1.194173         13.329753
          1.193986         13.326014
          1.186500         13.317028
          1.182509         13.316788
          1.178767         13.318973
          1.178767         13.318973
          1.176629         13.320220
          1.148683         13.322210
          1.144663         13.331393
          1.141155         13.326786
          1.137633         13.327005
          1.132923         13.331360
          1.122122         13.331558
          1.116256         13.330392
          1.112508         13.327621
          1.110174         13.323478
          1.104339         13.325397
          1.104339         13.325397
          1.093257         13.332633
          1.087124         13.337427
          1.069227         13.346295
          1.055356         13.349209
          1.042877         13.354886
          1.035095         13.360360
          1.028715         13.366990
          1.018820         13.372222
          0.998852         13.373259
          0.991821         13.370920
          0.990702         13.323563
          0.991702         13.313684
          0.991546         13.262194
          0.992146         13.202431
          0.992098         13.133468
          0.991550         13.107947
          0.992505         13.066803
          0.992786         13.059218
          1.037828         13.058322
          1.051905         13.057940
          1.065802         13.047900
          1.095042         13.020931
          1.100217         13.018200
          1.166413         12.964748
          1.174661         12.957204
          1.190683         12.942801
          1.190678         12.943720
          1.201973         12.935960
          1.210228         12.926805
          1.226476         12.913321
          1.274028         12.874695
          1.292625         12.858918
          1.302736         12.852527
          1.317807         12.838112
          1.327212         12.831947
          1.340164         12.819131
          1.372156         12.793752
          1.388158         12.779336
          1.405090         12.766074
          1.410491         12.763337
          1.433308         12.743431
          1.454000         12.726732
          1.509480         12.681198
          1.524288         12.668840
          1.531570         12.663810
          1.544265         12.651901
          1.563295         12.637487
          1.570111         12.631305
          1.664978         12.626346
          1.683251         12.624566
          1.689569         12.625966
          1.700112         12.624850
          1.710186         12.623733
          1.745548         12.623611
          1.776232         12.622093
          1.794500         12.621686
          1.805981         12.619880
          1.827997         12.619020
          1.846029         12.619069
          1.857979         12.616801
          1.863835         12.616357
          1.870152         12.618213
          1.873899         12.618222
          1.910964         12.681312
          1.922387         12.701801
          1.924723         12.704566
          1.931051         12.703661
          1.948870         12.697495
          1.960081         12.710855
          1.968030         12.717081
          1.977840         12.729058
          1.986293         12.738781
          1.986293         12.738781
          1.987598         12.738963
          2.005169         12.730453
          2.013135         12.728382
          2.033683         12.727887
          2.039424         12.727748
          2.039424         12.727748
          2.061394         12.727217
          2.062966         12.726727
          2.062966         12.726727
          2.070999         12.724224
          2.079899         12.717552
          2.084583         12.716400
          2.098688         12.726534
          2.098688         12.726534
          2.111449         12.692993
          2.119690         12.671394
          2.122747         12.665193
          2.140565         12.655565
          2.148304         12.650290
          2.148302         12.651209
          2.168694         12.642504
          2.195647         12.630128
          2.205261         12.623473
          2.214413         12.611071
          2.216765         12.604406
          2.216313         12.593829
          2.217051         12.571298
          2.216621         12.547155
          2.217357         12.525084
          2.216421         12.525083
          2.228148         12.511073
          2.254404         12.484204
          2.260971         12.474786
          2.261221         12.463290
          2.262411         12.449955
          2.266876         12.436165
          2.274273         12.428378
          2.274273         12.428378
          2.272632         12.426311
          2.261163         12.424484
          2.257178         12.416671
          2.253199         12.415296
          2.248290         12.420129
          2.227231         12.422910
          2.223955         12.422684
          2.215523         12.414184
          2.202192         12.422474
          2.189915         12.421764
          2.189915         12.421764
          2.186512         12.421568
          2.181601         12.424102
          2.174112         12.424337
          2.164515         12.419287
          2.155155         12.419984
          2.152112         12.418606
          2.143448         12.408956
          2.135021         12.401603
          2.126127         12.398620
          2.117467         12.391726
          2.113253         12.385981
          2.111379         12.380693
          2.110452         12.380319
          2.110452         12.380319
          2.107401         12.379086
          2.104125         12.379778
          2.091730         12.393810
          2.087987         12.395652
          2.073011         12.391980
          2.070670         12.389222
          2.069264         12.381635
          2.066924         12.380026
          2.066221         12.376577
          2.067623         12.369908
          2.063176         12.363702
          2.061913         12.358744
          2.060600         12.353586
          2.059467         12.352380
          2.059467         12.352380
          2.062524         12.348480
          2.064868         12.346416
          2.071905         12.337920
          2.089505         12.311050
          2.101463         12.297046
          2.112018         12.281659
          2.130539         12.258697
          2.135467         12.249967
          2.148356         12.235042
          2.155157         12.224706
          2.184215         12.187730
          2.248636         12.102739
          2.258939         12.089875
          2.320736         12.010612
          2.339457         11.985336
          2.346709         11.976835
          2.362384         11.954544
          2.371742         11.941444
          2.382029         11.931795
          2.395829         11.912030
          2.405395         11.901612
          2.404751         11.897948
          2.402413         11.896113
          2.397147         11.895473
          2.394462         11.889227
          2.399731         11.879425
          2.399731         11.879425
          2.402380         11.874498
          2.402608         11.870588
          2.400267         11.867143
          2.389052         11.862792
          2.379231         11.854069
          2.375481         11.844417
          2.374303         11.837060
          2.375465         11.833379
          2.378031         11.830846
          2.382466         11.829919
          2.383163         11.827619
          2.381056         11.823713
          2.370074         11.818212
          2.367733         11.813385
          2.370059         11.806943
          2.368184         11.802117
          2.370901         11.799275
          2.372147         11.797972
          2.372374         11.793143
          2.370891         11.792887
          2.370891         11.792887
          2.349957         11.789267
          2.340380         11.785372
          2.339664         11.773416
          2.338259         11.770198
          2.335842         11.767883
          2.335842         11.767883
          2.328910         11.761243
          2.319100         11.756197
          2.313952         11.746086
          2.303669         11.735291
          2.302491         11.725405
          2.299219         11.720811
          2.300036         11.714542
          2.300838         11.708391
          2.306660         11.696886
          2.303846         11.685853
          2.304777         11.682862
          2.309593         11.680806
          2.309593         11.680806
          2.309690         11.679714
          2.305729         11.674421
          2.288705         11.665666
          2.257459         11.647924
          2.218782         11.609705
          2.206198         11.600949
          2.202000         11.600024
          2.193133         11.600701
          2.185440         11.597241
          2.166345         11.576978
          2.157259         11.569606
          2.144690         11.554180
          2.103018         11.512951
          2.090685         11.498902
          2.073225         11.483694
          2.060428         11.469873
          2.034137         11.442920
          2.019249         11.427713
          2.010399         11.423326
          1.981962         11.420046
          1.958876         11.421604
          1.956315         11.420219
          1.953981         11.421363
          1.934619         11.425227
          1.912455         11.430693
          1.892378         11.439611
          1.884153         11.437966
          1.884153         11.437966
          1.872681         11.445773
          1.867318         11.445312
          1.851932         11.438869
          1.847736         11.438407
          1.845634         11.444614
          1.841670         11.444384
          1.835612         11.438172
          1.828153         11.434260
          1.821625         11.432878
          1.807167         11.436550
          1.802505         11.435858
          1.797844         11.431716
          1.795284         11.426426
          1.787358         11.424812
          1.783163         11.421821
          1.777335         11.422047
          1.773606         11.419285
          1.766508         11.421614
          1.763812         11.422498
          1.758450         11.422264
          1.755656         11.417204
          1.752393         11.416741
          1.747960         11.420187
          1.739804         11.416502
          1.736538         11.417419
          1.733737         11.421786
          1.729305         11.423853
          1.722077         11.423157
          1.717408         11.429822
          1.714145         11.429130
          1.707397         11.415327
          1.703207         11.410034
          1.699712         11.407962
          1.692950         11.409335
          1.687582         11.414390
          1.683385         11.414155
          1.670346         11.400576
          1.663124         11.396430
          1.658462         11.395735
          1.648903         11.396645
          1.642834         11.402387
          1.640495         11.401982
          1.640495         11.401982
          1.637474         11.401461
          1.628859         11.392943
          1.625132         11.390869
          1.620471         11.390404
          1.618645         11.391395
          1.613705         11.394075
          1.599717         11.394748
          1.592951         11.398189
          1.589679         11.403243
          1.590823         11.417961
          1.589886         11.421179
          1.589289         11.421766
          1.589289         11.421766
          1.583114         11.427838
          1.574485         11.429896
          1.580299         11.439332
          1.578894         11.443469
          1.572364         11.444381
          1.568396         11.446904
          1.567914         11.457252
          1.559977         11.462299
          1.556701         11.469882
          1.554366         11.471489
          1.550636         11.470564
          1.546923         11.460211
          1.541343         11.450545
          1.537151         11.447780
          1.531788         11.447311
          1.523856         11.449829
          1.518485         11.454420
          1.509387         11.456475
          1.501208         11.466350
          1.494680         11.465879
          1.480244         11.454589
          1.475815         11.454121
          1.467862         11.466525
          1.460173         11.463522
          1.451547         11.462586
          1.446179         11.464877
          1.446179         11.464877
          1.443134         11.472229
          1.440099         11.473834
          1.434505         11.472214
          1.431020         11.466228
          1.425657         11.466219
          1.422180         11.455865
          1.419156         11.452410
          1.414262         11.451481
          1.407727         11.454227
          1.403300         11.452839
          1.384437         11.442225
          1.379816         11.423360
          1.382864         11.415777
          1.383577         11.409570
          1.385380         11.408719
          1.385380         11.408719
          1.389879         11.406593
          1.390587         11.402686
          1.388263         11.399462
          1.375212         11.397367
          1.372664         11.390233
          1.361954         11.384691
          1.359388         11.385146
          1.356812         11.390200
          1.353781         11.390423
          1.350991         11.387197
          1.351938         11.381452
          1.343569         11.371776
          1.344279         11.366948
          1.340557         11.363951
          1.335200         11.362329
          1.323308         11.363683
          1.320047         11.362756
          1.317959         11.359072
          1.321703         11.353102
          1.320548         11.348961
          1.326410         11.334717
          1.332012         11.331511
          1.331798         11.323462
          1.334738         11.319539
          1.340917         11.311295
          1.340925         11.308076
          1.338368         11.305311
          1.331386         11.301156
          1.326750         11.291029
          1.325122         11.289876
          1.314629         11.292611
          1.311582         11.299273
          1.308082         11.301104
          1.303656         11.300405
          1.301581         11.291891
          1.290391         11.293244
          1.282890         11.310243
          1.274715         11.317122
          1.265847         11.321239
          1.259089         11.320992
          1.255601         11.318224
          1.252588         11.312009
          1.252134         11.307408
          1.253041         11.304381
          1.254956         11.297988
          1.254745         11.289939
          1.258265         11.280980
          1.261771         11.277081
          1.266667         11.276402
          1.269453         11.280088
          1.263845         11.285823
          1.263605         11.288352
          1.265931         11.289967
          1.270826         11.289519
          1.274105         11.283319
          1.273432         11.273659
          1.276253         11.264238
          1.276010         11.263780
          1.276010         11.263780
          1.273934         11.259865
          1.260435         11.254313
          1.252071         11.245324
          1.248342         11.245545
          1.242057         11.249800
          1.228033         11.259290
          1.222904         11.260196
          1.211958         11.258327
          1.206126         11.260841
          1.198437         11.260592
          1.190987         11.258502
          1.185161         11.258716
          1.181191         11.261694
          1.176762         11.262371
          1.173696         11.261758
          1.173696         11.261758
          1.168612         11.260739
          1.159523         11.261173
          1.152744         11.268052
          1.147842         11.270798
          1.142018         11.270321
          1.136440         11.265937
          1.129247         11.256488
          1.129029         11.251658
          1.136298         11.236963
          1.143306         11.231236
          1.153569         11.227586
          1.156376         11.223915
          1.155692         11.219084
          1.149427         11.210788
          1.151534         11.207575
          1.148519         11.203197
          1.152494         11.198380
          1.149728         11.188945
          1.152547         11.181365
          1.150468         11.175611
          1.155144         11.169876
          1.160053         11.164371
          1.159028         11.163579
          1.155870         11.161140
          1.150512         11.161355
          1.147011         11.163875
          1.141157         11.173744
          1.125319         11.173239
          1.118336         11.171608
          1.111831         11.166300
          1.096986         11.147401
          1.094037         11.146298
          1.094037         11.146298
          1.091403         11.145314
          1.060425         11.145677
          1.055542         11.143131
          1.052760         11.139444
          1.054649         11.131863
          1.050938         11.127711
          1.053277         11.124730
          1.060048         11.119693
          1.064709         11.118788
          1.068186         11.123398
          1.066543         11.127301
          1.067236         11.128913
          1.073767         11.125944
          1.078216         11.118831
          1.083111         11.117696
          1.086619         11.113338
          1.084550         11.105054
          1.090157         11.099783
          1.086455         11.092644
          1.086464         11.089885
          1.092998         11.085766
          1.095786         11.079941
          1.095786         11.079941
          1.096515         11.078419
          1.093519         11.068982
          1.097706         11.064721
          1.099827         11.062564
          1.099614         11.056584
          1.109892         11.046268
          1.115263         11.041226
          1.115971         11.038469
          1.110176         11.030404
          1.100129         11.041640
          1.091025         11.048740
          1.084729         11.051710
          1.074477         11.053747
          1.069570         11.059021
          1.064914         11.058776
          1.043061         11.049048
          1.035143         11.049483
          1.029777         11.052685
          1.022056         11.063235
          1.016410         11.079312
          1.014351         11.081907
          1.013135         11.083440
          1.009168         11.085726
          0.999156         11.085692
          0.989162         11.080369
          0.984240         11.088860
          0.981672         11.090691
          0.978646         11.090450
          0.977255         11.088836
          0.971924         11.082149
          0.970090         11.074554
          0.971292         11.064442
          0.969919         11.057999
          0.965053         11.052004
          0.962725         11.051765
          0.962967         11.049467
          0.948876         11.035832
          0.948876         11.035832
          0.944510         11.033927
          0.921565         11.017466
          0.912155         10.996490
          0.900512         10.996645
          0.897942         10.998009
          0.890038         10.996351
          0.854663         10.994984
          0.848131         10.997012
          0.815782         10.995658
          0.815776         10.996577
          0.802038         10.996949
          0.758271         10.997355
          0.739889         10.996083
          0.715898         10.997993
          0.678423         10.997278
          0.664685         10.997643
          0.656307         10.997355
          0.604098         10.974685
          0.595058         10.969562
          0.589005         10.969748
          0.552109         10.954765
          0.531471         10.944727
          0.524969         10.942840
          0.494682         10.930996
          0.494682         10.930996
          0.500424         10.948118
          0.500628         10.948982
          0.506339         10.973210
          0.505836         10.980106
          0.504193         10.982397
          0.493719         10.982343
          0.489973         10.986232
          0.501283         11.003765
          0.502847         11.009084
          0.502847         11.009084
          0.500708         11.009108
          0.420725         11.025051
          0.406261         11.028617
          0.383410         11.032805
          0.357056         11.038114
          0.304110         11.049582
          0.283824         11.052233
          0.261889         11.057798
          0.235995         11.063099
          0.190745         11.071681
          0.129860         11.083336
          0.114225         11.086876
          0.097891         11.090409
          0.091604         11.090353
          0.082261         11.093259
          0.058688         11.098794
          0.035226         11.102317
          0.000000         11.110017
         -0.019013         11.114173
         -0.028564         11.114313
         -0.036511         11.117228
         -0.057039         11.120482
         -0.071984         11.124479
         -0.094611         11.127941
         -0.101856         11.130401
         -0.130561         11.135870
         -0.142005         11.138977
         -0.160223         11.143857
         -0.189655         11.151843
         -0.198532         11.154284
         -0.213009         11.157587
         -0.230058         11.161784
         -0.264407         11.171782
         -0.273275         11.173301
         -0.279522         11.169328
         -0.282399         11.155271
         -0.283500         11.153044
         -0.285079         11.150458
         -0.289782         11.150639
         -0.289782         11.150639
         -0.290273         11.149142
         -0.291391         11.143615
         -0.288792         11.139266
         -0.280385         11.136575
         -0.276166         11.133389
         -0.273974         11.121909
         -0.288359         11.115356
         -0.305290         11.112206
         -0.305290         11.112206
         -0.311611         11.111030
         -0.316944         11.108227
         -0.328583         11.107673
         -0.337401         11.103921
         -0.340166         11.100450
         -0.341486         11.095901
         -0.341486         11.095901
         -0.344915         11.084085
         -0.348842         11.080374
         -0.354890         11.079634
         -0.357424         11.076393
         -0.358297         11.069718
         -0.361078         11.068086
         -0.361798         11.070609
         -0.373331         11.084769
         -0.374336         11.093268
         -0.379060         11.100818
         -0.379101         11.101496
         -0.379604         11.109780
         -0.376660         11.116022
         -0.376660         11.116022
         -0.382362         11.116282
         -0.392424         11.120543
         -0.399639         11.120007
         -0.432699         11.098266
         -0.434181         11.085143
         -0.440275         11.068061
         -0.442918         11.054696
         -0.439246         11.038870
         -0.437513         11.029692
         -0.449773         11.022659
         -0.456254         11.019370
         -0.475647         11.025365
         -0.482618         11.024138
         -0.490898         11.015309
         -0.501540         11.009443
         -0.507404         10.993052
         -0.514315         10.986768
         -0.519407         10.984181
         -0.527567         10.985240
         -0.534392         10.991602
         -0.538084         10.988801
         -0.551631         10.972783
         -0.558486         10.981673
         -0.569656         10.981317
         -0.578863         10.972475
         -0.587568         10.960649
         -0.595046         10.943548
         -0.596293         10.930888
         -0.595608         10.912501
         -0.610400         10.903824
         -0.621151         10.902180
         -0.621151         10.902180
         -0.628211         10.928472
         -0.632686         10.936398
         -0.632686         10.936398
         -0.633894         10.938537
         -0.639737         10.941011
         -0.649522         10.942070
         -0.651178         10.944814
         -0.650545         10.951488
         -0.651968         10.954234
         -0.656320         10.957165
         -0.657357         10.957863
         -0.661273         10.953687
         -0.663078         10.947922
         -0.663078         10.947922
         -0.673144         10.953806
         -0.673872         10.956788
         -0.670451         10.963948
         -0.665845         10.969049
         -0.659349         10.971180
         -0.656831         10.975573
         -0.656417         10.980865
         -0.667356         10.980762
         -0.671569         10.983023
         -0.674588         10.982304
         -0.678949         10.976055
         -0.681736         10.975339
         -0.685012         10.977147
         -0.688777         10.981251
         -0.688824         10.986078
         -0.687089         10.990728
         -0.687089         10.990728
         -0.688957         10.990515
         -0.714806         10.991130
         -0.732263         10.990922
         -0.749962         10.991400
         -0.756925         10.989707
         -0.765310         10.990067
         -0.768359         10.991869
         -0.791644         10.992277
         -0.803062         10.993058
         -0.808878         10.992757
         -0.814127         11.002810
         -0.832985         11.002810
         -0.837031         10.991492
         -0.853068         10.989455
         -0.860749         10.989360
         -0.872884         10.973574
         -0.873523         10.968967
         -0.878686         10.959089
         -0.890629         10.959786
         -0.903356         10.971813
         -0.921538         10.973655
         -0.924248         10.985117
         -0.932981         10.994205
         -0.965109         10.994256
         -0.973911         10.990925
         -0.998351         10.990610
         -1.009632         10.998513
         -1.028958         10.998722
         -1.061344         11.000600
         -1.085555         11.000511
         -1.119553         11.000980
         -1.121862         10.982784
         -1.151677         10.983994
         -1.165438         10.985879
         -1.194546         10.986405
         -1.235809         10.990440
         -1.304500         10.991328
         -1.310109         10.992859
         -1.322193         10.991310
         -1.340591         10.991741
         -1.349652         10.990463
         -1.362228         10.990746
         -1.362241         10.991665
         -1.377357         10.990530
         -1.397374         10.990245
         -1.431780         11.018033
         -1.462055         11.018515
         -1.487650         11.017451
         -1.509091         11.018746
         -1.521643         11.017411
         -1.533536         11.018616
         -1.586861         11.018970
         -1.588422         11.014579
         -1.589028         11.008591
         -1.587284         11.001259
         -1.589465         10.991798
         -1.592670         10.988300
         -1.616687         10.990698
         -1.621091         10.989482
         -1.631168         10.993698
         -1.645668         10.997848
         -1.659856         10.996942
         -1.703420         10.984086
         -1.715878         10.976995
         -1.741705         10.976135
         -1.746637         10.978818
         -1.756002         10.982121
         -1.790696         10.982498
         -1.816760         10.981857
         -1.829576         10.982574
         -1.897550         10.982177
         -1.933857         10.981590
         -1.966406         10.978990
         -1.978090         10.981558
         -2.047656         10.979029
         -2.051120         10.977362
         -2.060919         10.978578
         -2.096062         10.977989
         -2.131222         10.978315
         -2.157986         10.977860
         -2.196494         10.983180
         -2.203925         10.982133
         -2.216089         10.985373
         -2.234497         10.986204
         -2.255023         10.988378
         -2.260356         10.987135
         -2.276881         10.986847
         -2.295937         10.984903
         -2.334102         10.984001
         -2.358785         10.984254
         -2.370684         10.985653
         -2.387894         10.984655
         -2.403272         10.985300
         -2.433071         10.985225
         -2.445174         10.985006
         -2.505444         10.983450
         -2.518982         10.985272
         -2.531844         10.988256
         -2.551877         10.988807
         -2.555583         10.987818
         -2.578256         10.992457
         -2.594807         10.993530
         -2.609058         10.996024
         -2.676079         10.994306
         -2.697774         10.996424
         -2.701238         10.994978
         -2.704756         10.996291
         -2.717101         10.996516
         -2.744112         10.996691
         -2.753463         10.998581
         -2.762303         10.998181
         -2.772211         11.004660
         -2.811774         11.003666
         -2.834325         11.004156
         -2.834325         11.004156
         -2.836361         10.999109
         -2.840689         10.980639
         -2.842269         10.977852
         -2.842163         10.971874
         -2.844743         10.959872
         -2.839689         10.950530
         -2.827393         10.939703
         -2.823049         10.931040
         -2.822254         10.925534
         -2.825063         10.913299
         -2.833611         10.896595
         -2.840681         10.888425
         -2.854329         10.883821
         -2.861558         10.884616
         -2.863904         10.883307
         -2.867088         10.881531
         -2.869361         10.878502
         -2.870535         10.866064
         -2.869134         10.852751
         -2.872006         10.844193
         -2.882867         10.826988
         -2.883517         10.811341
         -2.886302         10.797956
         -2.893785         10.774140
         -2.898379         10.765641
         -2.901439         10.759980
         -2.901439         10.759980
         -2.920085         10.736200
         -2.934555         10.726060
         -2.938661         10.721619
         -2.941347         10.715823
         -2.943062         10.707745
         -2.942526         10.703845
         -2.942526         10.703845
         -2.937191         10.704628
         -2.930091         10.697854
         -2.916557         10.695332
         -2.912073         10.691731
         -2.911277         10.686227
         -2.915711         10.674191
         -2.916724         10.665896
         -2.920805         10.660076
         -2.940737         10.643631
         -2.944584         10.637815
         -2.945597         10.629519
         -2.942349         10.612574
         -2.925246         10.584120
         -2.913130         10.556739
         -2.905504         10.546295
         -2.902601         10.527032
         -2.896935         10.509196
         -2.886976         10.498103
         -2.882430         10.490825
         -2.877778         10.477570
         -2.876966         10.471146
         -2.869885         10.451955
         -2.864905         10.446293
         -2.847113         10.438783
         -2.828580         10.428755
         -2.807115         10.423605
         -2.785247         10.421908
         -2.776345         10.417691
         -2.780637         10.410721
         -2.780637         10.410721
         -2.791358         10.399503
         -2.799687         10.397521
         -2.805636         10.392362
         -2.810229         10.393394
         -2.817997         10.395139
         -2.827242         10.392451
         -2.834779         10.385194
         -2.839497         10.376146
         -2.845872         10.342699
         -2.853016         10.326483
         -2.853642         10.321520
         -2.853642         10.321520
         -2.854034         10.318419
         -2.849398         10.305853
         -2.839440         10.294299
         -2.808204         10.274374
         -2.777117         10.262719
         -2.767900         10.253449
         -2.764050         10.245698
         -2.762533         10.238597
         -2.764001         10.229607
         -2.770515         10.217081
         -2.794025         10.194152
         -2.799592         10.180722
         -2.798444         10.169900
         -2.795635         10.153663
         -2.789744         10.135372
         -2.790103         10.129389
         -2.796424         10.106063
         -2.792973         10.081294
         -2.793496         10.071401
         -2.791757         10.051661
         -2.784485         10.033854
         -2.783621         10.024214
         -2.769211         10.000000
         -2.767369          9.996905
         -2.762683          9.980894
         -2.752748          9.956467
         -2.752376          9.948427
         -2.770096          9.913877
         -2.770838          9.909048
         -2.771762          9.903046
         -2.771400          9.898706
         -2.771400          9.898706
         -2.770882          9.892488
         -2.765614          9.869592
         -2.763219          9.865265
         -2.755123          9.852990
         -2.737410          9.834211
         -2.735684          9.828265
         -2.737207          9.822493
         -2.742178          9.815054
         -2.758207          9.804296
         -2.758207          9.804296
         -2.763258          9.800906
         -2.768487          9.795072
         -2.778626          9.778350
         -2.783272          9.766854
         -2.785735          9.760761
         -2.795241          9.747727
         -2.797213          9.741259
         -2.792558          9.726859
         -2.791551          9.722280
         -2.795654          9.705201
         -2.792262          9.696755
         -2.788224          9.691079
         -2.770228          9.682192
         -2.762899          9.673813
         -2.759061          9.652964
         -2.754237          9.642015
         -2.773154          9.610897
         -2.776854          9.597275
         -2.779201          9.585745
         -2.771415          9.564275
         -2.765722          9.556558
         -2.753719          9.545501
         -2.734488          9.531578
         -2.717937          9.525193
         -2.713727          9.522736
         -2.710650          9.518881
         -2.700636          9.507826
         -2.700636          9.507826
         -2.690352          9.496470
         -2.689926          9.488792
         -2.697670          9.483942
         -2.707217          9.474797
         -2.724810          9.451021
         -2.731300          9.439637
         -2.735870          9.436562
         -2.753395          9.409569
         -2.763182          9.401108
         -2.771072          9.402104
         -2.787197          9.409835
         -2.798727          9.419262
         -2.812664          9.433238
         -2.839153          9.461215
         -2.847219          9.470939
         -2.868674          9.490050
         -2.901227          9.531003
         -2.910804          9.546440
         -2.925487          9.573727
         -2.942411          9.608552
         -2.943338          9.608534
         -2.951238          9.621017
         -2.966127          9.646689
         -2.977536          9.671972
         -2.984721          9.694581
         -2.995202          9.719653
         -3.006692          9.737350
         -3.012834          9.742971
         -3.017246          9.743342
         -3.042777          9.722829
         -3.048255          9.718810
         -3.060089          9.719488
         -3.066193          9.723271
         -3.079850          9.744598
         -3.087779          9.757998
         -3.091553          9.761138
         -3.094314          9.771194
         -3.094960          9.790949
         -3.100507          9.801179
         -3.108096          9.809298
         -3.115107          9.822945
         -3.120559          9.839613
         -3.125532          9.844567
         -3.137202          9.848234
         -3.145763          9.847368
         -3.165133          9.842370
         -3.184156          9.842895
         -3.186981          9.844904
         -3.192947          9.852825
         -3.194421          9.856702
         -3.194435          9.868196
         -3.193417          9.885686
         -3.194333          9.896011
         -3.192418          9.914901
         -3.195469          9.927480
         -3.201265          9.927360
         -3.204052          9.924702
         -3.209423          9.924427
         -3.209423          9.924427
         -3.214314          9.920918
         -3.216168          9.908700
         -3.225029          9.899111
         -3.226772          9.898852
         -3.235666          9.897533
         -3.239794          9.895158
         -3.240767          9.893917
         -3.240767          9.893917
         -3.248395          9.884193
         -3.252649          9.876298
         -3.262532          9.871745
         -3.270050          9.863141
         -3.270050          9.863141
         -3.278865          9.853049
         -3.281157          9.851627
         -3.288903          9.856538
         -3.296025          9.853186
         -3.311108          9.853820
         -3.311884          9.853326
         -3.311884          9.853326
         -3.314736          9.855548
         -3.318525          9.859146
         -3.319819          9.865324
         -3.311584          9.881131
         -3.310117          9.888288
         -3.310725          9.894941
         -3.315275          9.901510
         -3.320394          9.902322
         -3.334605          9.894663
         -3.343328          9.890569
         -3.349601          9.891124
         -3.356722          9.898557
         -3.366815          9.904088
         -3.397239          9.916536
         -3.404652          9.916146
         -3.420782          9.911430
         -3.433598          9.914141
         -3.460471          9.923211
         -3.469790          9.925076
         -3.479037          9.923725
         -3.492009          9.922982
         -3.503878          9.924790
         -3.523350          9.924362
         -3.549371          9.926317
         -3.568602          9.925431
         -3.579661          9.922197
         -3.592832          9.920066
         -3.599318          9.919691
         -3.608332          9.928455
         -3.619765          9.941533
         -3.632315          9.952746
         -3.641695          9.957134
         -3.648618          9.955599
         -3.654324          9.951563
         -3.673775          9.940090
         -3.680946          9.939239
         -3.691421          9.940841
         -3.708624          9.942520
         -3.711579          9.939924
         -3.719898          9.938586
         -3.726869          9.939117
         -3.751976          9.931648
         -3.772414          9.922905
         -3.777643          9.918418
         -3.788624          9.911959
         -3.809170          9.888268
         -3.814032          9.887926
         -3.835464          9.892028
         -3.855927          9.894313
         -3.873387          9.897125
         -3.882471          9.898752
         -3.900427          9.900578
         -3.900427          9.900578
         -3.904811          9.892973
         -3.918652          9.878888
         -3.928401          9.879372
         -3.937039          9.871373
         -3.944944          9.872355
         -3.952548          9.870125
         -3.958115          9.870235
         -3.958115          9.870235
         -3.961894          9.873374
         -3.964443          9.873320
         -3.968998          9.869544
         -3.972938          9.869460
         -3.974500          9.866669
         -3.974185          9.865096
         -3.973720          9.862778
         -3.978129          9.852339
         -3.976885          9.848458
         -3.972835          9.843487
         -3.974078          9.841005
         -3.974078          9.841005
         -3.975279          9.838608
         -3.980951          9.832970
         -3.987601          9.829610
         -3.993158          9.829261
         -4.000160          9.831409
         -4.008619          9.836515
         -4.017138          9.833804
         -4.030594          9.834204
         -4.035616          9.830647
         -4.044521          9.818391
         -4.044521          9.818391
         -4.042902          9.801636
         -4.054233          9.800445
         -4.063473          9.799074
         -4.066315          9.801535
         -4.078906          9.804451
         -4.092125          9.814017
         -4.109221          9.820961
         -4.123397          9.831653
         -4.130129          9.831949
         -4.135402          9.829523
         -4.140798          9.822726
         -4.145170          9.812046
         -4.167058          9.797261
         -4.173185          9.782630
         -4.180421          9.775328
         -4.209064          9.761985
         -4.220201          9.762401
         -4.227609          9.761990
         -4.231704          9.758901
         -4.235301          9.754444
         -4.245934          9.753263
         -4.252425          9.753455
         -4.258786          9.756113
         -4.258786          9.756113
         -4.263634          9.754611
         -4.268815          9.758173
         -4.271105          9.756972
         -4.277660          9.739586
         -4.276680          9.737309
         -4.267178          9.737292
         -4.265524          9.735950
         -4.265703          9.733647
         -4.271299          9.725018
         -4.270020          9.719759
         -4.271041          9.713760
         -4.275558          9.708602
         -4.275506          9.707600
         -4.275142          9.700566
         -4.279506          9.698859
         -4.284427          9.691164
         -4.280089          9.683906
         -4.283847          9.676006
         -4.289484          9.669214
         -4.287247          9.662599
         -4.289630          9.655419
         -4.288809          9.649921
         -4.290850          9.637924
         -4.300447          9.622078
         -4.318694          9.599602
         -4.349087          9.624579
         -4.349087          9.624579
         -4.350811          9.625997
         -4.361242          9.626219
         -4.367414          9.622631
         -4.370801          9.618876
         -4.373193          9.612157
         -4.371637          9.604220
         -4.371353          9.602775
         -4.374913          9.596488
         -4.380185          9.594069
         -4.389462          9.594547
         -4.394383          9.596963
         -4.404334          9.606388
         -4.410676          9.620034
         -4.417085          9.646319
         -4.420235          9.652224
         -4.424634          9.656259
         -4.424634          9.656259
         -4.427813          9.659175
         -4.433447          9.662264
         -4.437621          9.662397
         -4.450944          9.657494
         -4.466131          9.653006
         -4.475835          9.651861
         -4.493435          9.651454
         -4.500074          9.648082
         -4.507348          9.646847
         -4.507920          9.646749
         -4.510522          9.648988
         -4.514165          9.656028
         -4.518873          9.659137
         -4.519351          9.669469
         -4.521777          9.674009
         -4.521246          9.680918
         -4.523274          9.688226
         -4.522058          9.705264
         -4.509786          9.715434
         -4.507342          9.719858
         -4.505348          9.733466
         -4.506777          9.739758
         -4.506777          9.739758
         -4.509500          9.742334
         -4.519322          9.746014
         -4.525831          9.745907
         -4.552454          9.745469
         -4.559288          9.740482
         -4.560611          9.737693
         -4.554743          9.724957
         -4.547044          9.722839
         -4.545346          9.719661
         -4.547519          9.713634
         -4.556239          9.700328
         -4.564814          9.690702
         -4.570990          9.687339
         -4.580503          9.687805
         -4.584587          9.690433
         -4.584587          9.690433
         -4.590153          9.694014
         -4.591742          9.702251
         -4.593667          9.705194
         -4.599331          9.709428
         -4.603181          9.715314
         -4.609457          9.716084
         -4.612756          9.718306
         -4.614703          9.722167
         -4.617725          9.722555
         -4.619749          9.719979
         -4.619051          9.713205
         -4.622984          9.710018
         -4.625845          9.703745
         -4.628343          9.701616
         -4.631365          9.702004
         -4.635877          9.706494
         -4.644475          9.707440
         -4.648580          9.714238
         -4.652749          9.714139
         -4.657309          9.711042
         -4.659739          9.706158
         -4.659069          9.697669
         -4.665804          9.688773
         -4.668804          9.688242
         -4.674656          9.690631
         -4.678193          9.683651
         -4.682255          9.679187
         -4.685696          9.677725
         -4.692400          9.677105
         -4.694513          9.678204
         -4.696105          9.686440
         -4.702392          9.687670
         -4.707962          9.687995
         -4.712288          9.694328
         -4.720468          9.715969
         -4.724789          9.722071
         -4.727529          9.729821
         -4.736942          9.735571
         -4.738682          9.740356
         -4.737688          9.747046
         -4.741010          9.750185
         -4.749418          9.752740
         -4.771465          9.753817
         -4.772730          9.748729
         -4.771160          9.737637
         -4.771044          9.736816
         -4.776824          9.736217
         -4.781281          9.738407
         -4.785090          9.742453
         -4.786325          9.754836
         -4.790094          9.757273
         -4.800241          9.755187
         -4.800982          9.757009
         -4.799086          9.764641
         -4.800590          9.769201
         -4.803851          9.769812
         -4.806359          9.768142
         -4.809834          9.768057
         -4.818129          9.784636
         -4.816321          9.786519
         -4.809319          9.784620
         -4.797298          9.783723
         -4.790739          9.783234
         -4.788700          9.785122
         -4.788768          9.787879
         -4.793058          9.792602
         -4.796270          9.800570
         -4.793068          9.811682
         -4.794375          9.817627
         -4.793580          9.822934
         -4.786805          9.830224
         -4.788739          9.833396
         -4.790216          9.833876
         -4.790216          9.833876
         -4.795985          9.835749
         -4.804330          9.844971
         -4.808038          9.844881
         -4.813310          9.842454
         -4.820494          9.842278
         -4.829546          9.851943
         -4.829103          9.862069
         -4.831467          9.863851
         -4.845956          9.868324
         -4.851669          9.864965
         -4.857225          9.864600
         -4.864612          9.872465
         -4.880336          9.870699
         -4.882781          9.875697
         -4.886101          9.878604
         -4.894212          9.878404
         -4.906918          9.888208
         -4.906918          9.888208
         -4.913843          9.893553
         -4.919603          9.892031
         -4.928032          9.886075
         -4.930738          9.883019
         -4.931259          9.876109
         -4.934439          9.873502
         -4.936994          9.873669
         -4.939370          9.875908
         -4.940854          9.879550
         -4.956012          9.882852
         -4.967852          9.892443
         -4.971516          9.904120
         -4.972648          9.907726
         -4.971785          9.910276
         -4.964913          9.913667
         -4.961416          9.922029
         -4.960218          9.929646
         -4.964613          9.938273
         -4.961496          9.943409
         -4.958303          9.945557
         -4.949761          9.947148
         -4.946882          9.952508
         -4.948807          9.955219
         -4.959113          9.959101
         -4.963141          9.962450
         -4.963329          9.969802
         -4.966680          9.973857
         -4.983090          9.980575
         -4.987827          9.984365
         -4.989042         10.000000
         -4.989556         10.006623
         -4.988265         10.010564
         -4.986238         10.011688
         -4.964433         10.004031
         -4.964080         10.008408
         -4.968395         10.013819
         -4.962084         10.021103
         -4.961452         10.023647
         -4.969732         10.029879
         -4.971021         10.034904
         -4.970472         10.040667
         -4.971673         10.042246
         -4.982416         10.044968
         -4.990245         10.051669
         -4.993727         10.060779
         -5.000000         10.063619
         -5.000000         10.063619
         -5.004396         10.065559
         -5.010265         10.063997
         -5.010265         10.063997
         -5.012337         10.063446
         -5.017638         10.064951
         -5.021224         10.070325
         -5.022075         10.073565
         -5.020105         10.078349
         -5.014892         10.082827
         -5.009223         10.096724
         -5.003714         10.103954
         -5.010413         10.105262
         -5.016785         10.100812
         -5.023059         10.100499
         -5.027284         10.098528
         -5.032960         10.094061
         -5.036698         10.092999
         -5.041446         10.088510
         -5.045105         10.081005
         -5.049501         10.081568
         -5.052467         10.083707
         -5.062982         10.080732
         -5.065197         10.085155
         -5.063233         10.089709
         -5.047350         10.103828
         -5.047760         10.106138
         -5.051681         10.107149
         -5.058931         10.104789
         -5.066284         10.107951
         -5.069738         10.107489
         -5.076529         10.106579
         -5.079954         10.108959
         -5.081653         10.115669
         -5.078673         10.123879
         -5.073863         10.121238
         -5.066369         10.124053
         -5.066369         10.124053
         -5.063137         10.123288
         -5.060230         10.118620
         -5.057241         10.117400
         -5.054420         10.118944
         -5.047924         10.118793
         -5.044092         10.123763
         -5.049243         10.131704
         -5.068207         10.134677
         -5.079864         10.142308
         -5.081591         10.147869
         -5.080301         10.153359
         -5.081142         10.157060
         -5.080604         10.157950
         -5.077035         10.163864
         -5.073596         10.181726
         -5.074729         10.182901
         -5.095466         10.179704
         -5.105083         10.175556
         -5.110402         10.176370
         -5.113592         10.178973
         -5.114698         10.181299
         -5.111595         10.184908
         -5.098526         10.187825
         -5.091251         10.200997
         -5.088477         10.210363
         -5.089074         10.219027
         -5.094822         10.226842
         -5.102465         10.217819
         -5.129114         10.206816
         -5.129895         10.206492
         -5.131688         10.209294
         -5.126451         10.226661
         -5.138900         10.216113
         -5.151451         10.215705
         -5.158786         10.220008
         -5.163657         10.230698
         -5.165215         10.244073
         -5.163896         10.251173
         -5.157524         10.265982
         -5.146194         10.284360
         -5.144166         10.291904
         -5.144927         10.306360
         -5.145306         10.313552
         -5.152773         10.322459
         -5.157140         10.324627
         -5.161784         10.324730
         -5.173360         10.319198
         -5.183534         10.307963
         -5.192394         10.302064
         -5.196112         10.304852
         -5.206014         10.308529
         -5.208045         10.311106
         -5.205606         10.316111
         -5.206856         10.322351
         -5.210111         10.322194
         -5.222486         10.309364
         -5.232098         10.315563
         -5.250242         10.314364
         -5.259327         10.313190
         -5.266371         10.309899
         -5.270207         10.314816
         -5.278549         10.315695
         -5.280674         10.314132
         -5.281254         10.309085
         -5.286124         10.309424
         -5.295433         10.318835
         -5.300287         10.319864
         -5.304967         10.318359
         -5.308053         10.315437
         -5.302090         10.312083
         -5.301477         10.308390
         -5.303882         10.304763
         -5.307116         10.305526
         -5.309153         10.307872
         -5.313942         10.301538
         -5.320680         10.301459
         -5.329689         10.293380
         -5.334569         10.293259
         -5.346030         10.299955
         -5.352028         10.301700
         -5.352916         10.303559
         -5.351001         10.306046
         -5.354701         10.306820
         -5.359173         10.304159
         -5.365123         10.287499
         -5.368192         10.285268
         -5.374217         10.285861
         -5.382150         10.294548
         -5.391724         10.292230
         -5.396764         10.295332
         -5.407210         10.295563
         -5.417192         10.306134
         -5.423182         10.308336
         -5.423901         10.317783
         -5.428199         10.322938
         -5.432852         10.322580
         -5.438036         10.319244
         -5.440807         10.319995
         -5.444409         10.325134
         -5.444710         10.332502
         -5.446681         10.337836
         -5.451480         10.341392
         -5.461453         10.342071
         -5.468105         10.345896
         -5.472611         10.352205
         -5.467190         10.355767
         -5.467603         10.358076
         -5.464988         10.360780
         -5.469903         10.369628
         -5.468660         10.373281
         -5.472764         10.376822
         -5.478811         10.376493
         -5.482825         10.373590
         -5.488074         10.377846
         -5.489179         10.380401
         -5.486528         10.384713
         -5.499717         10.408234
         -5.502953         10.408994
         -5.509521         10.416727
         -5.509101         10.425229
         -5.513797         10.423031
         -5.517508         10.423342
         -5.515539         10.428359
         -5.518916         10.433264
         -5.518325         10.439001
         -5.516575         10.443104
         -5.512200         10.453361
         -5.514624         10.459394
         -5.514326         10.462379
         -5.510993         10.465986
         -5.508776         10.471689
         -5.506190         10.473014
         -5.503256         10.479621
         -5.499484         10.482070
         -5.497933         10.489166
         -5.494609         10.492315
         -5.495694         10.495790
         -5.485218         10.517645
         -5.477375         10.546460
         -5.470221         10.554585
         -5.465415         10.561612
         -5.472893         10.580869
         -5.465894         10.592448
         -5.465090         10.597262
         -5.467473         10.605136
         -5.471590         10.608216
         -5.477596         10.609958
         -5.478445         10.613657
         -5.480970         10.615092
         -5.482879         10.623416
         -5.479894         10.628637
         -5.480263         10.645177
         -5.479445         10.660582
         -5.476382         10.718248
         -5.469968         10.735366
         -5.473898         10.758454
         -5.466352         10.763125
         -5.452565         10.765823
         -5.450052         10.769382
         -5.449204         10.770583
         -5.447776         10.782975
         -5.444560         10.791880
         -5.444087         10.803142
         -5.438074         10.812216
         -5.435014         10.813761
         -5.435421         10.816530
         -5.428986         10.823525
         -5.424052         10.836534
         -5.422309         10.852600
         -5.424994         10.857718
         -5.435480         10.868064
         -5.448428         10.872250
         -5.449040         10.873482
         -5.464947         10.905499
         -5.464339         10.934013
         -5.469268         10.943089
         -5.468638         10.961711
         -5.471814         10.965690
         -5.486852         10.970378
         -5.489587         10.973197
         -5.489271         10.977101
         -5.486628         10.980956
         -5.486567         10.994759
         -5.494565         11.023915
         -5.496531         11.063068
         -5.490751         11.071918
         -5.470592         11.077705
         -5.466103         11.080601
         -5.459117         11.080663
         -5.458413         11.080668
         -5.408988         11.092961
         -5.394202         11.097937
         -5.363714         11.117758
         -5.349013         11.129405
         -5.345094         11.133111
         -5.341400         11.136602
         -5.335909         11.153279
         -5.332216         11.172986
         -5.332987         11.180366
         -5.328185         11.197517
         -5.314232         11.206648
         -5.285945         11.220987
         -5.278231         11.228526
         -5.272127         11.234490
         -5.267380         11.248882
         -5.264622         11.266077
         -5.264353         11.273434
         -5.267807         11.335171
         -5.267482         11.349890
         -5.265651         11.358822
         -5.259377         11.368348
         -5.246336         11.377956
         -5.233850         11.383193
         -5.231739         11.384079
         -5.216318         11.395703
         -5.210968         11.405479
         -5.207438         11.417366
         -5.200931         11.425467
         -5.199527         11.432508
         -5.201984         11.437165
         -5.203201         11.445017
         -5.205695         11.447972
         -5.205695         11.447972
         -5.210919         11.454165
         -5.212310         11.458054
         -5.213601         11.461326
         -5.214361         11.466669
         -5.210486         11.482919
         -5.210954         11.489366
         -5.215004         11.512454
         -5.203893         11.529202
         -5.204776         11.534234
         -5.214574         11.548010
         -5.219388         11.558152
         -5.222656         11.571181
         -5.222861         11.575992
         -5.222861         11.575992
         -5.223245         11.585302
         -5.228673         11.591452
         -5.234688         11.594611
         -5.239928         11.602795
         -5.241263         11.604878
         -5.248699         11.606196
         -5.278636         11.603418
         -5.284440         11.604699
         -5.293194         11.611625
         -5.299093         11.619288
         -5.299405         11.626810
         -5.290743         11.644270
         -5.288995         11.650362
         -5.275588         11.674086
         -5.275588         11.674086
         -5.271607         11.685867
         -5.271475         11.691617
         -5.276196         11.709671
         -5.273508         11.714903
         -5.270077         11.721959
         -5.271011         11.732104
         -5.265390         11.743023
         -5.265082         11.746238
         -5.268838         11.755526
         -5.263980         11.763700
         -5.269763         11.766131
         -5.273984         11.765306
         -5.281839         11.758809
         -5.285558         11.759583
         -5.297515         11.770976
         -5.293643         11.775981
         -5.296154         11.779781
         -5.296154         11.779781
         -5.297421         11.781699
         -5.299438         11.785665
         -5.308312         11.785633
         -5.310327         11.786392
         -5.311554         11.786856
         -5.315917         11.793550
         -5.323666         11.794311
         -5.333986         11.798861
         -5.334642         11.799178
         -5.337839         11.801707
         -5.347631         11.802385
         -5.351299         11.805457
         -5.354156         11.802990
         -5.354908         11.799063
         -5.357282         11.796288
         -5.361265         11.798088
         -5.365180         11.802438
         -5.369766         11.803119
         -5.374171         11.810882
         -5.383322         11.813094
         -5.387239         11.817444
         -5.390387         11.818089
         -5.394214         11.814782
         -5.396227         11.814833
         -5.400144         11.819181
         -5.408094         11.823348
         -5.410006         11.827363
         -5.409314         11.831881
         -5.406336         11.835775
         -5.398000         11.836862
         -5.389756         11.839902
         -5.388309         11.841941
         -5.381990         11.842492
         -5.379541         11.837146
         -5.373254         11.836316
         -5.367262         11.832732
         -5.360680         11.824304
         -5.354128         11.824848
         -5.349366         11.827258
         -5.333482         11.837357
         -5.328682         11.844890
         -5.327237         11.845137
         -5.324477         11.842507
         -5.323627         11.841785
         -5.322485         11.840023
         -5.308291         11.838412
         -5.307342         11.838305
         -5.304175         11.846540
         -5.298506         11.850723
         -5.292977         11.853630
         -5.286191         11.854169
         -5.284115         11.852972
         -5.283313         11.848551
         -5.282936         11.844304
         -5.280183         11.841148
         -5.275359         11.839937
         -5.275359         11.839937
         -5.274106         11.839790
         -5.270266         11.835633
         -5.267698         11.835576
         -5.263348         11.841921
         -5.253288         11.842615
         -5.254381         11.845861
         -5.252348         11.850747
         -5.252476         11.853453
         -5.255049         11.854085
         -5.250489         11.863322
         -5.243429         11.869096
         -5.235913         11.870321
         -5.224471         11.878533
         -5.224471         11.878533
         -5.220809         11.886376
         -5.216473         11.887116
         -5.210774         11.895758
         -5.197214         11.898822
         -5.193000         11.904064
         -5.188636         11.904754
         -5.185558         11.908153
         -5.180317         11.921391
         -5.180439         11.927011
         -5.178732         11.929909
         -5.169164         11.934131
         -5.161739         11.931890
         -5.157970         11.933185
         -5.156523         11.947793
         -5.154552         11.949444
         -5.149419         11.949096
         -5.145960         11.947176
         -5.143484         11.948181
         -5.140062         11.949572
         -5.129116         11.958014
         -5.129116         11.958014
         -5.126734         11.959851
         -5.111536         11.963301
         -5.101559         11.967095
         -5.091179         11.971229
         -5.088073         11.974148
         -5.087290         11.977581
         -5.083069         11.978174
         -5.082564         11.979774
         -5.078550         11.981522
         -5.075914         11.979295
         -5.073509         11.977262
         -5.061821         11.977452
         -5.049793         11.982005
         -5.034790         11.983957
         -5.021776         11.980892
         -5.012057         11.986649
         -5.006222         11.986281
         -5.000000         11.984342
         -4.994895         11.983013
         -4.988852         11.984313
         -4.980166         11.991889
         -4.976837         11.989671
         -4.973807         11.989976
         -4.968997         11.993775
         -4.959474         11.996081
         -4.953291         12.001063
         -4.924075         12.000568
         -4.920088         12.000502
         -4.906185         12.005213
         -4.906185         12.005213
         -4.900042         12.002603
         -4.892830         12.003929
         -4.887610         12.000836
         -4.881076         12.001226
         -4.868118         12.006372
         -4.862868         12.011331
         -4.856637         12.014473
         -4.846091         12.013349
         -4.846091         12.013349
         -4.840816         12.017387
         -4.837769         12.017001
         -4.835077         12.012237
         -4.831738         12.009557
         -4.826080         12.007624
         -4.807405         12.008535
         -4.806973         12.009926
         -4.787750         12.007629
         -4.763434         12.007294
         -4.752758         12.000879
         -4.747824         11.999847
         -4.746451         12.001030
         -4.745716         11.999668
         -4.734348         11.996787
         -4.734348         11.996787
         -4.731380         11.998368
         -4.724597         12.006827
         -4.717538         12.030933
         -4.717719         12.037600
         -4.707304         12.050063
         -4.697408         12.055841
         -4.683188         12.057362
         -4.669994         12.053564
         -4.669287         12.053352
         -4.658313         12.053867
         -4.646696         12.065208
         -4.641975         12.072231
         -4.637452         12.095350
         -4.633013         12.104206
         -4.625549         12.113599
         -4.614536         12.121473
         -4.607372         12.124648
         -4.600595         12.124823
         -4.589040         12.129949
         -4.581095         12.130153
         -4.569054         12.134602
         -4.561505         12.149745
         -4.561573         12.152274
         -4.572106         12.161435
         -4.578293         12.165417
         -4.583490         12.167354
         -4.586866         12.171178
         -4.590900         12.182115
         -4.590875         12.189937
         -4.586606         12.196486
         -4.547213         12.228086
         -4.541005         12.232154
         -4.523664         12.248695
         -4.514452         12.254220
         -4.503342         12.267612
         -4.495899         12.278152
         -4.487911         12.294683
         -4.486615         12.316567
         -4.484440         12.322833
         -4.476826         12.326936
         -4.466973         12.326034
         -4.448121         12.320988
         -4.429581         12.309953
         -4.423698         12.308721
         -4.421036         12.314307
         -4.423819         12.322288
         -4.429617         12.329272
         -4.430552         12.329249
         -4.437892         12.341486
         -4.441275         12.354511
         -4.450986         12.376807
         -4.451834         12.400247
         -4.452916         12.414710
         -4.450889         12.426721
         -4.438024         12.453954
         -4.429434         12.483609
         -4.424478         12.491094
         -4.412382         12.503126
         -4.400128         12.518152
         -4.393459         12.531888
         -4.396747         12.541236
         -4.406192         12.553190
         -4.410410         12.562284
         -4.413074         12.574637
         -4.415955         12.577326
         -4.419814         12.590569
         -4.428079         12.602092
         -4.434094         12.608150
         -4.444851         12.616390
         -4.463322         12.623977
         -4.466228         12.627583
         -4.477875         12.633960
         -4.487478         12.651656
         -4.491354         12.665358
         -4.487636         12.684311
         -4.489498         12.710483
         -4.484761         12.717502
         -4.479250         12.721781
         -4.473876         12.722376
         -4.468663         12.720207
         -4.447129         12.721209
         -4.439460         12.723701
         -4.426561         12.723334
         -4.414179         12.724793
         -4.393185         12.728537
         -4.379895         12.731167
         -4.369590         12.731423
         -4.357760         12.727117
         -4.352507         12.723337
         -4.334216         12.704700
         -4.322622         12.700387
         -4.311305         12.697676
         -4.294474         12.699240
         -4.276185         12.707968
         -4.264681         12.716298
         -4.248287         12.725898
         -4.239276         12.740147
         -4.233337         12.755469
         -4.228288         12.778131
         -4.227244         12.801613
         -4.231096         12.824057
         -4.236279         12.843479
         -4.238499         12.856993
         -4.236436         12.868082
         -4.236693         12.878194
         -4.232409         12.903365
         -4.233329         12.911852
         -4.230222         12.937223
         -4.231950         12.949829
         -4.237622         12.960730
         -4.256146         12.978906
         -4.281556         13.009330
         -4.291437         13.037832
         -4.300914         13.059676
         -4.313106         13.077543
         -4.323287         13.090170
         -4.333410         13.100498
         -4.353298         13.116334
         -4.356983         13.122682
         -4.355398         13.133988
         -4.351120         13.140993
         -4.345856         13.146182
         -4.336580         13.150549
         -4.303598         13.173205
         -4.287360         13.180732
         -4.276340         13.181231
         -4.262434         13.179041
         -4.252118         13.179523
         -4.246329         13.182652
         -4.241560         13.188977
         -4.243654         13.197434
         -4.247789         13.203082
         -4.254734         13.208432
         -4.260418         13.219561
         -4.260788         13.224840
         -4.258330         13.229729
         -4.222662         13.258188
         -4.206216         13.267094
         -4.192264         13.272490
         -4.178517         13.276730
         -4.163717         13.285823
         -4.156312         13.290139
         -4.147126         13.298408
         -4.144900         13.303289
         -4.137540         13.309443
         -4.133372         13.311842
         -4.122692         13.326123
         -4.115361         13.342853
         -4.110839         13.359285
         -4.108608         13.373363
         -4.102580         13.385922
         -4.092478         13.395360
         -4.084541         13.397388
         -4.068724         13.403740
         -4.058347         13.411572
         -4.053341         13.418128
         -4.036399         13.426576
         -4.020058         13.430868
         -4.005791         13.433502
         -3.998429         13.439882
         -3.984585         13.459748
         -3.983279         13.473574
         -3.986533         13.491199
         -3.984532         13.495845
         -3.971972         13.501196
         -3.962291         13.499352
         -3.956788         13.495342
         -3.949610         13.470910
         -3.950208         13.466528
         -3.946271         13.459262
         -3.939818         13.454814
         -3.920175         13.449061
         -3.915836         13.444564
         -3.915640         13.436522
         -3.919750         13.431599
         -3.948230         13.424041
         -3.948207         13.423121
         -3.958271         13.421508
         -3.970066         13.413876
         -3.974844         13.407557
         -3.974206         13.400674
         -3.973802         13.393786
         -3.967529         13.387034
         -3.960848         13.382822
         -3.946604         13.376717
         -3.930913         13.378690
         -3.912366         13.379119
         -3.877156         13.370504
         -3.852295         13.362339
         -3.834190         13.361604
         -3.813788         13.362988
         -3.797708         13.358526
         -3.776962         13.345432
         -3.764700         13.333524
         -3.735138         13.295104
         -3.722646         13.283198
         -3.706551         13.277812
         -3.686424         13.270675
         -3.671440         13.262502
         -3.660681         13.254233
         -3.626098         13.220972
         -3.606986         13.206679
         -3.599840         13.202238
         -3.590392         13.199687
         -3.582809         13.196634
         -3.579211         13.193264
         -3.550776         13.181702
         -3.532245         13.171988
         -3.499233         13.165348
         -3.485553         13.162426
         -3.478218         13.159825
         -3.468834         13.160028
         -3.464800         13.158045
         -3.448837         13.157929
         -3.433222         13.162863
         -3.422715         13.175734
         -3.419593         13.193504
         -3.420315         13.204756
         -3.425122         13.230634
         -3.434223         13.249063
         -3.434874         13.257096
         -3.431493         13.263376
         -3.424770         13.267199
         -3.403735         13.271557
         -3.387562         13.272821
         -3.370235         13.275028
         -3.353791         13.274687
         -3.341398         13.277018
         -3.305989         13.279142
         -3.273415         13.282124
         -3.256077         13.283864
         -3.243998         13.289863
         -3.237766         13.305626
         -3.238476         13.316647
         -3.243671         13.328724
         -3.244361         13.338825
         -3.259598         13.358971
         -3.260983         13.368598
         -3.261248         13.402159
         -3.262895         13.423735
         -3.269689         13.476469
         -3.276552         13.510809
         -3.282000         13.534143
         -3.278964         13.545702
         -3.271028         13.558970
         -3.268469         13.560173
         -3.260583         13.575739
         -3.259035         13.590943
         -3.257247         13.605923
         -3.256490         13.625017
         -3.258271         13.631187
         -3.255122         13.648493
         -3.256295         13.669847
         -3.261893         13.678465
         -3.280626         13.696234
         -3.283787         13.700995
         -3.284844         13.706260
         -3.279644         13.715793
         -3.272642         13.718238
         -3.261593         13.718467
         -3.239355         13.712493
         -3.228926         13.708800
         -3.209845         13.696551
         -3.185615         13.685328
         -3.168931         13.685899
         -3.146483         13.691874
         -3.134334         13.695569
         -3.122120         13.696276
         -3.107286         13.695428
         -3.103016         13.693675
         -3.082904         13.676842
         -3.068739         13.663105
         -3.059929         13.635697
         -3.051451         13.623915
         -3.045566         13.623572
         -3.039088         13.628530
         -3.023638         13.654123
         -3.022770         13.657589
         -3.017245         13.663216
         -3.006520         13.667566
         -3.001330         13.666750
         -2.995151         13.663654
         -2.959428         13.630571
         -2.953706         13.626776
         -2.944104         13.628574
         -2.937177         13.634686
         -2.929440         13.635758
         -2.911576         13.647371
         -2.908696         13.655932
         -2.909365         13.665573
         -2.913364         13.688481
         -2.918307         13.700108
         -2.924673         13.723658
         -2.926903         13.751885
         -2.926074         13.768681
         -2.928643         13.778117
         -2.929804         13.812508
         -2.927737         13.826340
         -2.924024         13.840201
         -2.896849         13.891756
         -2.894878         13.898919
         -2.889619         13.906376
         -2.888071         13.911232
         -2.878106         13.930271
         -2.875038         13.941361
         -2.868214         13.964476
         -2.861757         13.982527
         -2.862698         13.982508
         -2.852649         13.997640
         -2.843616         14.004938
         -2.833124         14.009967
         -2.806240         14.019444
         -2.759490         14.037288
         -2.733793         14.046560
         -2.721908         14.052759
         -2.663292         14.077526
         -2.637147         14.089272
         -2.622849         14.092753
         -2.600681         14.103273
         -2.579643         14.111473
         -2.507397         14.139213
         -2.468541         14.152090
         -2.429904         14.164269
         -2.356125         14.187171
         -2.336936         14.194170
         -2.315140         14.200294
         -2.247445         14.221912
         -2.224188         14.225757
         -2.212196         14.227110
         -2.189918         14.233003
         -2.176528         14.235297
         -2.156174         14.243451
         -2.147321         14.249114
         -2.145713         14.251439
         -2.137332         14.268353
         -2.133429         14.276229
         -2.107497         14.329044
         -2.096193         14.356341
         -2.087785         14.374171
         -2.083317         14.388259
         -2.069309         14.422949
         -2.055041         14.456494
         -2.040401         14.496016
         -2.027740         14.527464
         -2.015321         14.559364
         -1.997326         14.582856
         -1.991972         14.587078
         -1.964993         14.596013
         -1.952063         14.598747
         -1.945973         14.601372
         -1.931419         14.605740
         -1.913358         14.612000
         -1.859384         14.629622
         -1.838960         14.635913
         -1.810106         14.646240
         -1.798823         14.648942
         -1.722533         14.673772
         -1.694139         14.683849
         -1.682378         14.686325
         -1.662439         14.693974
         -1.644808         14.698373
         -1.628625         14.704816
         -1.617105         14.707744
         -1.554883         14.728642
         -1.541249         14.732287
         -1.519408         14.739494
         -1.501313         14.744809
         -1.437963         14.770291
         -1.414683         14.776362
         -1.408771         14.775758
         -1.395150         14.780542
         -1.371593         14.784088
         -1.355846         14.788901
         -1.328327         14.795944
         -1.295761         14.797082
         -1.274532         14.798521
         -1.253815         14.802707
         -1.243198         14.803310
         -1.217986         14.806866
         -1.178158         14.812222
         -1.169922         14.814168
         -1.120668         14.821018
         -1.092625         14.825059
         -1.074006         14.827597
         -1.067194         14.830211
         -1.051858         14.831098
         -1.031827         14.834110
         -1.018439         14.839333
         -1.001791         14.848042
         -0.982371         14.861376
         -0.951750         14.884952
         -0.946632         14.890757
         -0.932168         14.904254
         -0.919831         14.917954
         -0.889044         14.947723
         -0.856174         14.981419
         -0.843086         14.992368
         -0.839613         14.997920
         -0.837462         15.000000
         -0.837462         15.000000
         -0.823745         15.013264
         -0.812736         15.020744
         -0.796590         15.033105
         -0.787454         15.039413
         -0.763062         15.053937
         -0.739169         15.070748
         -0.719200         15.080395
         -0.715419         15.080439
         -0.701488         15.081518
         -0.678320         15.081099
         -0.637434         15.081338
         -0.567228         15.080522
         -0.530114         15.080014
         -0.506974         15.081876
         -0.476728         15.082434
         -0.462076         15.082593
         -0.455674         15.080825
         -0.442056         15.068115
         -0.419982         15.039195
         -0.415629         15.030517
         -0.403619         15.013426
         -0.397661         15.008897
         -0.388667         15.007614
         -0.376423         15.011415
         -0.317027         15.046239
         -0.301744         15.053284
         -0.269802         15.071514
         -0.253790         15.076955
         -0.247633         15.075870
         -0.245261         15.075207
         -0.231751         15.071436
         -0.179546         15.051520
         -0.167948         15.049797
         -0.163657         15.046165
         -0.148705         15.040112
         -0.148696         15.039193
         -0.135433         15.036337
         -0.132101         15.034073
         -0.109808         15.026252
         -0.098649         15.021077
         -0.093676         15.019977
         -0.042955         15.000000
         -0.036741         14.997553
         -0.009211         14.985179
          0.000000         14.984146
          0.002142         14.983906
          0.013254         14.983088
          0.028394         14.981160
          0.038322         14.980561
          0.050384         14.979292
          0.062211         14.977790
          0.094575         14.978078
          0.121250         14.980378
          0.141807         14.980098
          0.148880         14.981765
          0.164245         14.980749
          0.182881         14.983893
          0.200555         14.988864
          0.211663         14.988499
          0.229351         14.989670
          0.229004         14.978084
          0.234462         14.896393
          0.235736         14.886071
          0.228094         14.869246
          0.204010         14.842868
          0.197035         14.830869
          0.190881         14.806706
          0.193144         14.791570
          0.196344         14.777131
          0.202614         14.762717
          0.202436         14.756286
          0.200591         14.751448
          0.198722         14.723416
          0.188845         14.642036
          0.184393         14.612831
          0.180018         14.601081
          0.177592         14.582686
          0.166250         14.533439
          0.167995         14.523348
          0.176769         14.492416
          0.182258         14.485342
          0.191292         14.477380
          0.201556         14.463685
          0.224179         14.439069
          0.266577         14.390494
          0.275406         14.378392
          0.288968         14.364031
          0.322928         14.362009
          0.330714         14.361153
          0.340173         14.357553
          0.351794         14.349145
          0.362986         14.335680
          0.367355         14.320784
          0.370054         14.308170
          0.382278         14.283686
          0.391382         14.265839
          0.390623         14.244007
          0.378146         14.214734
          0.367033         14.191672
          0.363078         14.185898
          0.359237         14.166569
          0.357036         14.148401
          0.357350         14.139214
          0.363348         14.126165
          0.381915         14.102646
          0.384328         14.095773
          0.384068         14.070497
          0.387461         14.059035
          0.398786         14.027875
          0.410462         14.010962
          0.422091         13.999563
          0.443404         13.983872
          0.450280         13.977721
          0.453405         13.969702
          0.450452         13.956582
          0.450720         13.952679
          0.455213         13.949955
          0.463435         13.951855
          0.472560         13.958588
          0.480504         13.965770
          0.483209         13.951315
          0.480455         13.942563
          0.473438         13.937224
          0.471614         13.929857
          0.473359         13.917692
          0.476478         13.910362
          0.491903         13.894162
          0.497349         13.889837
          0.504670         13.886444
          0.520769         13.873925
          0.526239         13.866383
          0.526861         13.847084
          0.530440         13.840675
          0.540372         13.834085
          0.551215         13.831405
          0.555007         13.827756
          0.564218         13.822996
          0.578173         13.812985
          0.581965         13.809336
          0.584663         13.794877
          0.589423         13.787557
          0.602174         13.780983
          0.613214         13.778848
          0.613658         13.786349
          0.620477         13.786627
          0.620997         13.779966
          0.619368         13.777658
          0.625296         13.771264
          0.625576         13.765291
          0.621178         13.755838
          0.599734         13.730409
          0.600292         13.718922
          0.605299         13.709764
          0.619017         13.699059
          0.635518         13.693429
          0.655975         13.693340
          0.667729         13.693651
          0.690308         13.692656
          0.742036         13.692540
          0.768373         13.692022
          0.772598         13.692969
          0.772605         13.692050
          0.787718         13.682495
          0.796923         13.677268
          0.784489         13.673511
          0.778440         13.664279
          0.779448         13.654404
          0.781645         13.642696
          0.827358         13.626670
          0.832543         13.624634
          0.846417         13.623800
          0.856523         13.624093
          0.862156         13.625277
          0.875794         13.624670
          0.897423         13.624112
          0.907096         13.618654
          0.912775         13.612713
          0.940895         13.589207
          0.958576         13.580576
          0.973647         13.575837
          0.987774         13.571551
          0.998148         13.566094
          1.005950         13.558324
          1.010004         13.548694
          1.014810         13.531023
          1.019139         13.514499
          1.024357         13.506484
          1.042297         13.492333
          1.044918         13.486142
          1.045178         13.482006
          1.043603         13.470275
          1.037644         13.445189
          1.058802         13.442317
          1.076902         13.440117
          1.115816         13.412742
          1.134441         13.400197
          1.143640         13.393120
          1.153274         13.392249
          1.167345         13.395999
          1.177909         13.396742
          1.197896         13.392474
          1.213665         13.386116
          1.221644         13.387304
          1.230541         13.392405
          1.241758         13.403261
          1.245755         13.402361
          1.265363         13.380158
          1.269155         13.373281
          1.280971         13.358625
          1.282974         13.352204
