> benin 0
2.695822 12.298634
2.705270 12.318096
2.715879 12.349339
2.723381 12.355067
2.728783 12.362639
2.732930 12.362175
2.732930 12.362175
2.755970 12.390091
2.775167 12.411002
2.792252 12.416509
2.794593 12.418346
2.805825 12.417418
2.819161 12.413730
2.832495 12.407511
2.836003 12.405208
2.857290 12.395532
2.866644 12.389774
2.890490 12.367217
2.916432 12.339137
2.941201 12.314274
2.958489 12.294477
2.971814 12.288941
2.981400 12.285939
2.995654 12.275342
3.001497 12.272345
3.015117 12.251107
3.019818 12.236821
3.033424 12.224632
3.033424 12.224632
3.048947 12.210724
3.053335 12.196910
3.056818 12.190688
3.061244 12.186532
3.082167 12.175254
3.082167 12.175254
3.085741 12.173326
3.105814 12.165196
3.105336 12.162669
3.110925 12.157357
3.121195 12.153405
3.119998 12.146741
3.120908 12.140530
3.124865 12.136374
3.143296 12.128017
3.152385 12.121540
3.168912 12.105602
3.168912 12.105602
3.178916 12.094751
3.189834 12.079756
3.209383 12.061043
3.216843 12.056870
3.224758 12.050166
3.228655 12.045005
3.229118 12.044390
3.229118 12.044390
3.235210 12.036321
3.255231 12.019902
3.261755 12.016192
3.260566 12.011599
3.248569 11.994179
3.262532 11.982386
3.268795 11.972928
3.272485 11.962564
3.275652 11.940703
3.277509 11.938165
3.283335 11.935148
3.283335 11.935148
3.291025 11.931432
3.302058 11.894127
3.307631 11.887661
3.321868 11.885752
3.325382 11.887804
3.339382 11.885205
3.352032 11.887539
3.370941 11.891026
3.383986 11.884521
3.404769 11.883953
3.412005 11.880759
3.412005 11.880759
3.427391 11.866474
3.439984 11.860457
3.455161 11.859721
3.468482 11.862899
3.476026 11.859776
3.476026 11.859776
3.476878 11.859424
3.485037 11.854339
3.495971 11.841657
3.502963 11.837035
3.514377 11.824622
3.519669 11.804328
3.522668 11.792193
3.526306 11.783440
3.541423 11.779996
3.551412 11.780240
3.558566 11.776603
3.560646 11.770158
3.559461 11.765103
3.550311 11.751338
3.548418 11.743756
3.549799 11.738003
3.555143 11.730396
3.570249 11.717266
3.599156 11.701268
3.605074 11.696975
3.600522 11.692314
3.600522 11.692314
3.600056 11.691837
3.591594 11.674622
3.586397 11.656705
3.578183 11.643397
3.565960 11.616996
3.561241 11.601606
3.549154 11.545312
3.535631 11.476376
3.513867 11.379873
3.501097 11.322660
3.495874 11.292326
3.540029 11.254930
3.553742 11.244766
3.567446 11.232072
3.580223 11.221451
3.625980 11.182656
3.667547 11.148008
3.691927 11.128139
3.708462 11.128074
3.717545 11.127808
3.725914 11.124095
3.727519 11.117650
3.723980 11.106169
3.719476 11.086183
3.720362 11.074913
3.723125 11.067084
3.724018 11.057424
3.721167 11.042950
3.717176 11.034688
3.716902 11.024343
3.718992 11.023185
3.730162 11.021530
3.736204 11.018976
3.751768 11.010634
3.758702 10.998420
3.766239 10.963210
3.767583 10.950788
3.771224 10.930770
3.771176 10.919044
3.768997 10.898821
3.764038 10.881368
3.754860 10.856115
3.749201 10.837516
3.749384 10.825560
3.752834 10.815659
3.757460 10.809202
3.760917 10.801371
3.772478 10.784538
3.778476 10.772557
3.784448 10.754600
3.797159 10.735462
3.812688 10.723209
3.833105 10.712314
3.840979 10.704922
3.843950 10.692953
3.845480 10.670876
3.848022 10.667645
3.851037 10.613376
3.851701 10.605786
3.850976 10.599812
3.848371 10.588788
3.831779 10.568632
3.820033 10.539718
3.814868 10.527786
3.806164 10.502996
3.800977 10.485317
3.801168 10.475661
3.802017 10.456807
3.799170 10.442797
3.786002 10.405383
3.775572 10.410715
3.769321 10.415798
3.760738 10.418593
3.749843 10.424385
3.730600 10.433890
3.716464 10.442683
3.695134 10.453803
3.687709 10.456361
3.665821 10.443113
3.646044 10.435143
3.637654 10.427588
3.631809 10.417266
3.632728 10.414503
3.634522 10.397026
3.633801 10.390363
3.630058 10.383020
3.626308 10.373610
3.614399 10.355722
3.603151 10.327490
3.584172 10.278366
3.584625 10.275146
3.592211 10.253283
3.597742 10.241770
3.612528 10.221718
3.623178 10.214093
3.646300 10.189411
3.655332 10.184091
3.672506 10.183794
3.678055 10.178256
3.678951 10.169748
3.675882 10.155969
3.676088 10.149302
3.673277 10.142188
3.668097 10.122441
3.662934 10.107061
3.658279 10.103171
3.646440 10.101608
3.640858 10.097951
3.636212 10.096590
3.629240 10.093168
3.623652 10.087902
3.615721 10.075980
3.611497 10.062435
3.610972 10.045198
3.612046 10.021062
3.611087 10.012562
3.611394 10.000000
3.611492 9.996012
3.608887 9.980852
3.602311 9.957434
3.595777 9.945736
3.571126 9.925370
3.564139 9.915972
3.564315 9.899653
3.562678 9.895522
3.551040 9.882004
3.548023 9.880865
3.547553 9.879028
3.538942 9.869175
3.529646 9.862082
3.517120 9.859826
3.511317 9.857318
3.499961 9.858045
3.481194 9.861782
3.474708 9.863182
3.456388 9.861171
3.423903 9.850698
3.390024 9.838159
3.370764 9.830859
3.356844 9.825842
3.346855 9.817595
3.329656 9.798798
3.323343 9.776753
3.324232 9.761354
3.328595 9.745946
3.338740 9.725926
3.340118 9.721097
3.350272 9.705214
3.352105 9.697396
3.348598 9.685226
3.336528 9.676067
3.315170 9.657742
3.309609 9.657526
3.291783 9.661937
3.279968 9.661737
3.271623 9.659000
3.263500 9.652356
3.256058 9.639735
3.253443 9.609871
3.249722 9.602527
3.239732 9.588533
3.232293 9.575913
3.226958 9.571330
3.216037 9.553892
3.207913 9.544490
3.194886 9.515108
3.186304 9.507085
3.180974 9.504799
3.162902 9.497714
3.154558 9.492906
3.149220 9.485105
3.136215 9.462844
3.130850 9.440339
3.133371 9.426089
3.151793 9.375739
3.153623 9.364708
3.151493 9.339211
3.151922 9.321521
3.153751 9.309571
3.158344 9.291413
3.157170 9.282456
3.149981 9.272593
3.131682 9.259075
3.126350 9.252194
3.122162 9.238419
3.121896 9.218664
3.123699 9.192244
3.120917 9.188114
3.101432 9.152777
3.092145 9.129824
3.088169 9.101578
3.083539 9.097911
3.056248 9.089689
3.051390 9.086712
3.042600 9.083510
3.035433 9.082832
3.018781 9.076657
3.008144 9.073917
2.994275 9.073937
2.984102 9.072345
2.964000 9.079493
2.956387 9.092365
2.953382 9.092599
2.912922 9.087595
2.896044 9.083710
2.891463 9.080210
2.881933 9.072929
2.879152 9.064664
2.867592 9.062149
2.854419 9.064459
2.837315 9.064244
2.780915 9.065207
2.778264 9.053801
2.778264 9.053801
2.779084 9.051574
2.785999 9.044891
2.782741 9.037322
2.782494 9.031810
2.774158 9.026093
2.775538 9.023792
2.776107 9.023653
2.783159 9.021932
2.784076 9.019403
2.782680 9.016191
2.772034 9.010711
2.772256 9.007494
2.780801 9.005631
2.782411 9.003100
2.777766 8.994845
2.779836 8.991624
2.786767 8.990685
2.788606 8.987693
2.787444 8.985400
2.782121 8.982659
2.783033 8.978293
2.787411 8.974146
2.788786 8.970237
2.785765 8.964046
2.774886 8.957188
2.771177 8.952835
2.778102 8.950747
2.781783 8.945224
2.770618 8.918846
2.768534 8.917015
2.763911 8.916110
2.759742 8.912218
2.758113 8.907859
2.758282 8.904663
2.758332 8.903725
2.761564 8.903027
2.770347 8.904838
2.773553 8.894723
2.768162 8.867181
2.757993 8.864914
2.757066 8.863539
2.756824 8.859635
2.759362 8.854955
2.759362 8.854955
2.761189 8.851585
2.758127 8.830008
2.758791 8.819672
2.763381 8.809783
2.761060 8.805427
2.759789 8.804717
2.755741 8.802457
2.744881 8.799963
2.739323 8.794237
2.737688 8.787354
2.730274 8.778189
2.728413 8.772683
2.733682 8.757742
2.741197 8.747887
2.741197 8.747887
2.744035 8.744164
2.746089 8.735203
2.745116 8.717296
2.746020 8.709945
2.750379 8.700289
2.744110 8.687219
2.741315 8.677813
2.746131 8.666548
2.739422 8.660827
2.737560 8.654862
2.738934 8.650725
2.746537 8.646111
2.749060 8.640364
2.750391 8.620844
2.750136 8.613270
2.750136 8.613270
2.749194 8.585207
2.749134 8.583424
2.750041 8.577682
2.758764 8.561584
2.754340 8.546905
2.749701 8.537964
2.749457 8.533143
2.761885 8.522547
2.761237 8.513855
2.761237 8.513855
2.760926 8.509693
2.761837 8.505328
2.750731 8.493423
2.750029 8.489752
2.756929 8.482615
2.749060 8.472767
2.744187 8.461991
2.742543 8.454029
2.740681 8.445014
2.734893 8.436307
2.726117 8.431971
2.714586 8.431543
2.706947 8.420317
2.711291 8.406073
2.714009 8.387241
2.708660 8.369582
2.697101 8.357448
2.696980 8.354720
2.696444 8.342566
2.696444 8.342566
2.695632 8.324169
2.698124 8.307178
2.711182 8.276156
2.714598 8.260539
2.718498 8.253643
2.726776 8.246506
2.732069 8.237966
2.737361 8.229428
2.737361 8.229428
2.740314 8.224664
2.754102 8.211312
2.751327 8.207648
2.750156 8.200767
2.751048 8.189978
2.748214 8.164742
2.744043 8.156034
2.736648 8.147563
2.732247 8.138855
2.729916 8.128305
2.732540 8.116840
2.730544 8.104897
2.724983 8.092292
2.724042 8.084951
2.729070 8.070480
2.728830 8.066810
2.723288 8.061089
2.720733 8.053064
2.707331 8.000000
2.707384 7.998213
2.704547 7.968105
2.699546 7.952677
2.697374 7.942066
2.697374 7.942066
2.695501 7.930818
2.690880 7.926237
2.687850 7.913383
2.675815 7.893206
2.668432 7.889781
2.695761 7.854793
2.704050 7.837430
2.706301 7.832714
2.709256 7.817086
2.711319 7.813175
2.720298 7.810853
2.724668 7.807626
2.729464 7.792222
2.732406 7.772228
2.727956 7.744905
2.729117 7.722892
2.730368 7.699183
2.725394 7.647966
2.729012 7.622912
2.728056 7.610049
2.729013 7.597198
2.730281 7.580174
2.736229 7.565223
2.746108 7.555774
2.747696 7.547038
2.746066 7.540150
2.749486 7.527503
2.754768 7.521284
2.762131 7.518965
2.775237 7.510655
2.786029 7.498676
2.788596 7.497129
2.792927 7.494520
2.798191 7.482555
2.799681 7.437971
2.799188 7.426483
2.795725 7.423275
2.785810 7.418708
2.762782 7.419233
2.757019 7.417182
2.749601 7.417384
2.747578 7.417439
2.747440 7.365962
2.750054 7.311027
2.748857 7.293792
2.748868 7.293225
2.749460 7.261153
2.750601 7.257473
2.756570 7.251020
2.762088 7.248246
2.774254 7.234420
2.783552 7.182446
2.783794 7.178181
2.784869 7.159227
2.775346 7.128221
2.767258 7.116982
2.750653 7.105764
2.745110 7.099114
2.745093 7.092677
2.752878 7.077252
2.758907 7.070923
2.762978 7.066649
2.767118 7.065258
2.781819 7.053722
2.792603 7.041276
2.785454 7.036469
2.775088 7.033510
2.766551 7.026408
2.752952 7.019320
2.743266 7.012450
2.729186 6.998007
2.727286 6.995456
2.720640 6.986536
2.718215 6.940331
2.720042 6.934807
2.726935 6.930419
2.747873 6.928291
2.751513 6.912416
2.750870 6.894717
2.750519 6.885058
2.743768 6.856566
2.744663 6.847136
2.749245 6.839306
2.729832 6.808549
2.727973 6.801656
2.729322 6.790154
2.732744 6.778647
2.733536 6.776995
2.739151 6.765293
2.744669 6.763667
2.751790 6.759048
2.762371 6.757638
2.778713 6.759200
2.786294 6.754580
2.789498 6.748132
2.789703 6.738933
2.785978 6.723307
2.786590 6.694790
2.784900 6.693273
2.769984 6.679889
2.760765 6.674167
2.752459 6.665682
2.731428 6.630785
2.735971 6.608694
2.742688 6.589445
2.744646 6.583831
2.753123 6.570467
2.750557 6.557365
2.742933 6.545428
2.729331 6.534426
2.724709 6.526390
2.720289 6.507771
2.719302 6.482934
2.718330 6.476608
2.717430 6.470750
2.710712 6.452598
2.706281 6.425605
2.708297 6.409361
2.709604 6.368820
2.709604 6.368820
2.690046 6.364953
2.665206 6.363593
2.603467 6.355901
2.580795 6.353075
2.546527 6.351947
2.518007 6.348516
2.477482 6.346312
2.476149 6.346240
2.445100 6.341197
2.409221 6.339375
2.351493 6.339237
2.327578 6.339180
2.289170 6.333214
2.225724 6.327999
2.222245 6.327713
2.179010 6.317832
2.124735 6.314391
2.100984 6.309659
2.060114 6.301516
1.976386 6.288293
1.955251 6.284954
1.900980 6.279888
1.870625 6.278503
1.850951 6.274172
1.838203 6.271366
1.797273 6.265145
1.748527 6.252940
1.727053 6.249610
1.703919 6.246023
1.694030 6.246709
1.688512 6.245557
1.678627 6.240492
1.665980 6.238647
1.647818 6.232888
1.635631 6.231502
1.627816 6.225748
1.627816 6.225748
1.629565 6.242367
1.645669 6.248093
1.656019 6.248768
1.668205 6.247599
1.680403 6.254482
1.689830 6.253317
1.694204 6.256990
1.709842 6.257196
1.722266 6.261087
1.736563 6.264667
1.736563 6.264667
1.748978 6.271112
1.763925 6.271807
1.768983 6.274798
1.769899 6.282160
1.778408 6.281472
1.799336 6.280558
1.806693 6.284240
1.801861 6.290679
1.795421 6.293208
1.789208 6.302867
1.797485 6.307240
1.797943 6.312761
1.791497 6.327021
1.788047 6.328859
1.782753 6.338979
1.784592 6.339439
1.787811 6.343811
1.789188 6.350482
1.783891 6.364971
1.783891 6.364971
1.780156 6.372329
1.772343 6.377403
1.770754 6.391667
1.774209 6.394422
1.769384 6.398340
1.769404 6.411681
1.774927 6.413052
1.776081 6.416040
1.773096 6.419725
1.761379 6.428256
1.755181 6.436776
1.752902 6.450810
1.747156 6.454040
1.746701 6.457490
1.750291 6.460016
1.750620 6.463924
1.743139 6.470109
1.743139 6.470109
1.741027 6.473063
1.740371 6.473979
1.736691 6.473058
1.733929 6.475817
1.737147 6.481108
1.734845 6.485477
1.730244 6.486395
1.728402 6.490535
1.729089 6.496055
1.727938 6.498354
1.724027 6.498123
1.720809 6.493982
1.717589 6.493290
1.712755 6.499499
1.706316 6.495816
1.703094 6.498575
1.695732 6.500412
1.693890 6.504321
1.694348 6.509611
1.696646 6.513062
1.701707 6.513063
1.701935 6.515364
1.700774 6.536752
1.696448 6.542251
1.695709 6.543189
1.698008 6.548019
1.696394 6.552619
1.688574 6.551926
1.683968 6.560433
1.673389 6.555829
1.670168 6.556058
1.668556 6.557667
1.666023 6.562955
1.673609 6.572848
1.675906 6.579978
1.674293 6.583197
1.671071 6.585035
1.663020 6.583882
1.655433 6.577669
1.651291 6.578358
1.650748 6.578900
1.650748 6.578900
1.640828 6.582545
1.634405 6.596814
1.630036 6.598200
1.623823 6.596369
1.617151 6.596839
1.609801 6.605819
1.609114 6.608810
1.610732 6.613867
1.609128 6.619619
1.602467 6.627448
1.602939 6.636876
1.608464 6.638938
1.611229 6.641924
1.602837 6.666285
1.594405 6.674686
1.594405 6.674686
1.589568 6.683881
1.578754 6.685025
1.575300 6.688473
1.573920 6.688242
1.576907 6.693533
1.581278 6.693995
1.585415 6.700896
1.590014 6.703428
1.592084 6.706418
1.591156 6.717685
1.591364 6.718866
1.592531 6.725503
1.600123 6.726198
1.603341 6.731948
1.608400 6.736549
1.616911 6.740003
1.620360 6.743683
1.616905 6.749200
1.618744 6.753340
1.626102 6.760242
1.622878 6.763919
1.610910 6.768512
1.608378 6.771270
1.607911 6.781617
1.612736 6.792427
1.610661 6.798173
1.607208 6.800241
1.598924 6.799778
1.598522 6.800940
1.596619 6.806443
1.598456 6.812193
1.609266 6.819556
1.614786 6.825077
1.613172 6.828755
1.603969 6.827141
1.599595 6.830127
1.601887 6.844844
1.601420 6.852890
1.595200 6.863694
1.594506 6.868982
1.597264 6.874731
1.606694 6.883472
1.604157 6.890599
1.605533 6.897956
1.606222 6.901865
1.605068 6.905773
1.586882 6.913350
1.580665 6.918175
1.577900 6.923002
1.576975 6.929668
1.576975 6.929668
1.574111 6.947114
1.559610 6.971475
1.559181 6.972194
1.557832 6.997486
1.586374 6.997906
1.588671 6.994683
1.593504 6.993526
1.606627 6.996497
1.642032 6.994573
1.641649 7.008507
1.638176 7.134834
1.638119 7.136911
1.638013 7.229774
1.636171 7.261137
1.635663 7.269800
1.636688 7.272527
1.635219 7.379398
1.635466 7.387263
1.636422 7.417775
1.643882 7.485553
1.648267 7.492440
1.653338 7.494500
1.667364 7.494623
1.675678 7.494696
1.677525 7.497910
1.675922 7.504807
1.669715 7.513547
1.668339 7.517685
1.659822 7.520686
1.652930 7.534023
1.649725 7.548274
1.648369 7.567576
1.649941 7.601730
1.650505 7.613985
1.637411 7.640425
1.631449 7.661111
1.630796 7.689829
1.632444 7.724076
1.636246 7.803072
1.635336 7.811802
1.630518 7.826969
1.630305 7.840062
1.630646 7.849463
1.632218 7.892657
1.634073 7.901152
1.632702 7.909882
1.635670 7.975321
1.636264 7.988420
1.635499 8.000000
1.635301 8.070688
1.634900 8.117269
1.634279 8.161097
1.634455 8.176014
1.633873 8.209289
1.633470 8.318994
1.631775 8.341251
1.624279 8.353149
1.619739 8.374103
1.622264 8.381910
1.622432 8.385126
1.622939 8.394765
1.627755 8.414283
1.626582 8.428972
1.631187 8.434028
1.633025 8.439540
1.630200 8.449511
1.645833 8.469615
1.650187 8.477665
1.648986 8.490746
1.640864 8.504033
1.631122 8.518692
1.631038 8.541419
1.630161 8.591695
1.630232 8.635088
1.628570 8.647710
1.630371 8.660114
1.631198 8.686293
1.631539 8.713155
1.631735 8.728543
1.631611 8.762068
1.633111 8.793761
1.631626 8.820853
1.629285 8.829342
1.631297 8.847260
1.630862 8.872519
1.630711 8.881247
1.629663 8.908977
1.629663 8.908977
1.628241 8.913679
1.627854 8.919436
1.626355 8.941696
1.622409 8.954553
1.625195 8.971092
1.625195 8.971092
1.625389 8.972240
1.624231 8.974766
1.629744 8.999118
1.627954 9.014851
1.627954 9.014851
1.624833 9.042293
1.624276 9.043626
1.616021 9.063413
1.616891 9.067791
1.616891 9.067791
1.617600 9.070923
1.605640 9.097279
1.597726 9.111491
1.582174 9.127744
1.579153 9.131638
1.559118 9.170154
1.553780 9.175187
1.525967 9.190701
1.502512 9.214500
1.483004 9.233489
1.477670 9.236914
1.475108 9.241038
1.462096 9.254769
1.459751 9.262341
1.453221 9.274488
1.447402 9.282735
1.420920 9.307435
1.410458 9.329467
1.408074 9.334489
1.403122 9.354915
1.402584 9.371683
1.402069 9.383168
1.400165 9.394876
1.401731 9.406831
1.401142 9.434628
1.394450 9.481009
1.390208 9.497304
1.374494 9.491032
1.364798 9.485246
1.361089 9.486378
1.358519 9.491191
1.358901 9.508655
1.345348 9.534788
1.341589 9.546260
1.349370 9.565825
1.355778 9.581938
1.360350 9.594596
1.366063 9.611395
1.366584 9.648623
1.369304 9.661502
1.363108 9.698471
1.362921 9.738455
1.364542 9.788329
1.362594 9.808544
1.360680 9.870585
1.359127 9.905281
1.358611 9.916310
1.358232 9.947795
1.355205 10.000000
1.337988 10.010907
1.312401 10.025730
1.295646 10.036685
1.279134 10.045112
1.260051 10.056973
1.148107 10.122379
1.138570 10.126467
1.088032 10.158836
1.063561 10.176632
1.056815 10.179353
1.052613 10.183468
1.045628 10.187106
1.037465 10.193956
1.026746 10.201022
1.016262 10.207629
1.008098 10.214248
1.001108 10.218575
0.996909 10.221999
0.932547 10.268975
0.905489 10.288811
0.883800 10.303619
0.874931 10.310691
0.829897 10.343512
0.797693 10.366523
0.789510 10.374516
0.782984 10.377922
0.774575 10.384763
0.775856 10.401323
0.774859 10.411201
0.778364 10.442259
0.782711 10.486196
0.782877 10.495852
0.781948 10.495846
0.783231 10.512177
0.787136 10.518868
0.793502 10.539600
0.800816 10.557809
0.806258 10.578075
0.807566 10.590958
0.808115 10.613031
0.805818 10.643364
0.801045 10.661726
0.796935 10.684919
0.801826 10.718287
0.808246 10.731894
0.819093 10.744378
0.851633 10.782978
0.867835 10.795264
0.873821 10.804958
0.881446 10.848919
0.885086 10.861816
0.900981 10.886744
0.898618 10.892478
0.890802 10.913814
0.890523 10.920939
0.899445 10.945135
0.899856 10.953645
0.907393 10.976223
0.912155 10.996490
0.921565 11.017466
0.944510 11.033927
0.948876 11.035832
0.948876 11.035832
0.962967 11.049467
0.962725 11.051765
0.965053 11.052004
0.969919 11.057999
0.971292 11.064442
0.970090 11.074554
0.971924 11.082149
0.977255 11.088836
0.978646 11.090450
0.981672 11.090691
0.984240 11.088860
0.989162 11.080369
0.999156 11.085692
1.009168 11.085726
1.013135 11.083440
1.014351 11.081907
1.016410 11.079312
1.022056 11.063235
1.029777 11.052685
1.035143 11.049483
1.043061 11.049048
1.064914 11.058776
1.069570 11.059021
1.074477 11.053747
1.084729 11.051710
1.091025 11.048740
1.100129 11.041640
1.110176 11.030404
1.115971 11.038469
1.115263 11.041226
1.109892 11.046268
1.099614 11.056584
1.099827 11.062564
1.097706 11.064721
1.093519 11.068982
1.096515 11.078419
1.095786 11.079941
1.095786 11.079941
1.092998 11.085766
1.086464 11.089885
1.086455 11.092644
1.090157 11.099783
1.084550 11.105054
1.086619 11.113338
1.083111 11.117696
1.078216 11.118831
1.073767 11.125944
1.067236 11.128913
1.066543 11.127301
1.068186 11.123398
1.064709 11.118788
1.060048 11.119693
1.053277 11.124730
1.050938 11.127711
1.054649 11.131863
1.052760 11.139444
1.055542 11.143131
1.060425 11.145677
1.091403 11.145314
1.094037 11.146298
1.094037 11.146298
1.096986 11.147401
1.111831 11.166300
1.118336 11.171608
1.125319 11.173239
1.141157 11.173744
1.147011 11.163875
1.150512 11.161355
1.155870 11.161140
1.159028 11.163579
1.160053 11.164371
1.155144 11.169876
1.150468 11.175611
1.152547 11.181365
1.149728 11.188945
1.152494 11.198380
1.148519 11.203197
1.151534 11.207575
1.149427 11.210788
1.155692 11.219084
1.156376 11.223915
1.153569 11.227586
1.143306 11.231236
1.136298 11.236963
1.129029 11.251658
1.129247 11.256488
1.136440 11.265937
1.142018 11.270321
1.147842 11.270798
1.152744 11.268052
1.159523 11.261173
1.168612 11.260739
1.173696 11.261758
1.173696 11.261758
1.176762 11.262371
1.181191 11.261694
1.185161 11.258716
1.190987 11.258502
1.198437 11.260592
1.206126 11.260841
1.211958 11.258327
1.222904 11.260196
1.228033 11.259290
1.242057 11.249800
1.248342 11.245545
1.252071 11.245324
1.260435 11.254313
1.273934 11.259865
1.276010 11.263780
1.276010 11.263780
1.276253 11.264238
1.273432 11.273659
1.274105 11.283319
1.270826 11.289519
1.265931 11.289967
1.263605 11.288352
1.263845 11.285823
1.269453 11.280088
1.266667 11.276402
1.261771 11.277081
1.258265 11.280980
1.254745 11.289939
1.254956 11.297988
1.253041 11.304381
1.252134 11.307408
1.252588 11.312009
1.255601 11.318224
1.259089 11.320992
1.265847 11.321239
1.274715 11.317122
1.282890 11.310243
1.290391 11.293244
1.301581 11.291891
1.303656 11.300405
1.308082 11.301104
1.311582 11.299273
1.314629 11.292611
1.325122 11.289876
1.326750 11.291029
1.331386 11.301156
1.338368 11.305311
1.340925 11.308076
1.340917 11.311295
1.334738 11.319539
1.331798 11.323462
1.332012 11.331511
1.326410 11.334717
1.320548 11.348961
1.321703 11.353102
1.317959 11.359072
1.320047 11.362756
1.323308 11.363683
1.335200 11.362329
1.340557 11.363951
1.344279 11.366948
1.343569 11.371776
1.351938 11.381452
1.350991 11.387197
1.353781 11.390423
1.356812 11.390200
1.359388 11.385146
1.361954 11.384691
1.372664 11.390233
1.375212 11.397367
1.388263 11.399462
1.390587 11.402686
1.389879 11.406593
1.385380 11.408719
1.385380 11.408719
1.383577 11.409570
1.382864 11.415777
1.379816 11.423360
1.384437 11.442225
1.403300 11.452839
1.407727 11.454227
1.414262 11.451481
1.419156 11.452410
1.422180 11.455865
1.425657 11.466219
1.431020 11.466228
1.434505 11.472214
1.440099 11.473834
1.443134 11.472229
1.446179 11.464877
1.446179 11.464877
1.451547 11.462586
1.460173 11.463522
1.467862 11.466525
1.475815 11.454121
1.480244 11.454589
1.494680 11.465879
1.501208 11.466350
1.509387 11.456475
1.518485 11.454420
1.523856 11.449829
1.531788 11.447311
1.537151 11.447780
1.541343 11.450545
1.546923 11.460211
1.550636 11.470564
1.554366 11.471489
1.556701 11.469882
1.559977 11.462299
1.567914 11.457252
1.568396 11.446904
1.572364 11.444381
1.578894 11.443469
1.580299 11.439332
1.574485 11.429896
1.583114 11.427838
1.589289 11.421766
1.589289 11.421766
1.589886 11.421179
1.590823 11.417961
1.589679 11.403243
1.592951 11.398189
1.599717 11.394748
1.613705 11.394075
1.618645 11.391395
1.620471 11.390404
1.625132 11.390869
1.628859 11.392943
1.637474 11.401461
1.640495 11.401982
1.640495 11.401982
1.642834 11.402387
1.648903 11.396645
1.658462 11.395735
1.663124 11.396430
1.670346 11.400576
1.683385 11.414155
1.687582 11.414390
1.692950 11.409335
1.699712 11.407962
1.703207 11.410034
1.707397 11.415327
1.714145 11.429130
1.717408 11.429822
1.722077 11.423157
1.729305 11.423853
1.733737 11.421786
1.736538 11.417419
1.739804 11.416502
1.747960 11.420187
1.752393 11.416741
1.755656 11.417204
1.758450 11.422264
1.763812 11.422498
1.766508 11.421614
1.773606 11.419285
1.777335 11.422047
1.783163 11.421821
1.787358 11.424812
1.795284 11.426426
1.797844 11.431716
1.802505 11.435858
1.807167 11.436550
1.821625 11.432878
1.828153 11.434260
1.835612 11.438172
1.841670 11.444384
1.845634 11.444614
1.847736 11.438407
1.851932 11.438869
1.867318 11.445312
1.872681 11.445773
1.884153 11.437966
1.884153 11.437966
1.892378 11.439611
1.912455 11.430693
1.934619 11.425227
1.953981 11.421363
1.956315 11.420219
1.958876 11.421604
1.981962 11.420046
2.010399 11.423326
2.019249 11.427713
2.034137 11.442920
2.060428 11.469873
2.073225 11.483694
2.090685 11.498902
2.103018 11.512951
2.144690 11.554180
2.157259 11.569606
2.166345 11.576978
2.185440 11.597241
2.193133 11.600701
2.202000 11.600024
2.206198 11.600949
2.218782 11.609705
2.257459 11.647924
2.288705 11.665666
2.305729 11.674421
2.309690 11.679714
2.309593 11.680806
2.309593 11.680806
2.304777 11.682862
2.303846 11.685853
2.306660 11.696886
2.300838 11.708391
2.300036 11.714542
2.299219 11.720811
2.302491 11.725405
2.303669 11.735291
2.313952 11.746086
2.319100 11.756197
2.328910 11.761243
2.335842 11.767883
2.335842 11.767883
2.338259 11.770198
2.339664 11.773416
2.340380 11.785372
2.349957 11.789267
2.370891 11.792887
2.370891 11.792887
2.372374 11.793143
2.372147 11.797972
2.370901 11.799275
2.368184 11.802117
2.370059 11.806943
2.367733 11.813385
2.370074 11.818212
2.381056 11.823713
2.383163 11.827619
2.382466 11.829919
2.378031 11.830846
2.375465 11.833379
2.374303 11.837060
2.375481 11.844417
2.379231 11.854069
2.389052 11.862792
2.400267 11.867143
2.402608 11.870588
2.402380 11.874498
2.399731 11.879425
2.399731 11.879425
2.394462 11.889227
2.397147 11.895473
2.402413 11.896113
2.404751 11.897948
2.405395 11.901612
2.406164 11.905994
2.404769 11.909677
2.399169 11.913824
2.398478 11.920724
2.390085 11.930855
2.390557 11.934073
2.395230 11.935216
2.396739 11.941389
2.396739 11.941389
2.397815 11.945789
2.401563 11.952911
2.407866 11.949912
2.412538 11.949444
2.420022 11.955180
2.431235 11.955391
2.433577 11.958837
2.431025 11.970108
2.432669 11.975164
2.437109 11.976536
2.442726 11.982275
2.446464 11.982038
2.455098 11.975814
2.458836 11.976268
2.460944 11.979483
2.460944 11.979483
2.465710 11.984607
2.466087 11.988173
2.468418 11.994621
2.466772 12.010946
2.463726 12.023821
2.459982 12.032097
2.455539 12.036465
2.449924 12.045659
2.445012 12.051635
2.437289 12.066807
2.422781 12.089562
2.412012 12.111170
2.399829 12.142663
2.392545 12.182668
2.388070 12.218534
2.385481 12.235548
2.387346 12.242217
2.403710 12.249356
2.425458 12.251440
2.430599 12.255352
2.434553 12.263228
2.434553 12.263228
2.438279 12.262815
2.446687 12.256362
2.451946 12.254283
2.452530 12.254052
2.456039 12.254505
2.458616 12.257259
2.462147 12.270130
2.464488 12.272196
2.470101 12.271955
2.475476 12.269876
2.482729 12.270782
2.494419 12.268689
2.499577 12.275807
2.505661 12.277405
2.508021 12.288668
2.511071 12.293720
2.511071 12.293720
2.514347 12.294403
2.522516 12.285419
2.530227 12.281724
2.536060 12.274584
2.542380 12.277559
2.559175 12.281699
2.559175 12.281699
2.561803 12.282347
2.569986 12.280489
2.573497 12.282091
2.577330 12.288603
2.577957 12.289669
2.587803 12.299764
2.595984 12.297215
2.601837 12.299961
2.608623 12.300865
2.616564 12.295788
2.624982 12.294847
2.652836 12.303288
2.663131 12.304181
2.669439 12.301636
2.670984 12.300435
2.670984 12.300435
2.675976 12.296559
2.679704 12.291031
2.682014 12.279529
2.686227 12.280666
2.688104 12.282731
2.695822 12.298634
