> botswana 0
25.215015 -17.790514
25.242859 -17.792688
25.253639 -17.791864
25.256701 -17.787922
25.260582 -17.791086
25.268705 -17.789145
25.271887 -17.793697
25.270332 -17.798908
25.268593 -17.798103
25.263098 -17.799551
25.259445 -17.812456
25.255888 -17.832253
25.252199 -17.842863
25.239624 -17.869661
25.237568 -17.877035
25.237028 -17.889902
25.241005 -17.899727
25.237085 -17.911030
25.237177 -17.917688
25.245539 -17.932051
25.267965 -17.956568
25.273739 -17.974409
25.276350 -17.989075
25.282188 -18.011276
25.292046 -18.029549
25.310362 -18.058123
25.317198 -18.065380
25.322193 -18.077944
25.328018 -18.081770
25.356258 -18.090340
25.361614 -18.094860
25.366932 -18.112473
25.372278 -18.116301
25.389132 -18.118364
25.396179 -18.123318
25.420530 -18.158806
25.429041 -18.180044
25.443151 -18.205568
25.447899 -18.216757
25.453018 -18.221046
25.461416 -18.234938
25.466599 -18.258060
25.490067 -18.296082
25.491554 -18.298817
25.513502 -18.360744
25.518621 -18.379276
25.522337 -18.385653
25.560528 -18.423908
25.582178 -18.451378
25.602175 -18.480249
25.609291 -18.487953
25.620438 -18.491919
25.636391 -18.495119
25.643454 -18.499605
25.649878 -18.508924
25.660641 -18.532190
25.664373 -18.539024
25.674089 -18.557251
25.695274 -18.583569
25.710228 -18.597805
25.716290 -18.599777
25.729534 -18.599108
25.740938 -18.603292
25.748911 -18.604313
25.755079 -18.612255
25.777786 -18.628201
25.783688 -18.634537
25.785965 -18.640474
25.784687 -18.663008
25.791048 -18.681284
25.797237 -18.690144
25.790857 -18.697369
25.790028 -18.704735
25.786608 -18.715586
25.787563 -18.728437
25.793125 -18.742361
25.790016 -18.757114
25.800713 -18.787956
25.811428 -18.806391
25.820696 -18.816648
25.821938 -18.826666
25.819630 -18.843729
25.825672 -18.845903
25.845654 -18.855913
25.853466 -18.860609
25.866341 -18.864761
25.889868 -18.883207
25.893831 -18.888655
25.904308 -18.893534
25.918533 -18.905010
25.933344 -18.909124
25.940855 -18.910376
25.947294 -18.918766
25.956301 -18.934925
25.963011 -18.944689
25.967405 -18.959547
25.978134 -18.977055
25.983721 -18.990973
25.986107 -18.991234
25.985222 -18.993704
25.986189 -18.993687
25.993683 -19.031008
25.991678 -19.039774
25.984873 -19.044308
25.980701 -19.047087
25.966946 -19.060650
25.959707 -19.073870
25.958132 -19.092506
25.960892 -19.097744
25.962530 -19.107367
25.965532 -19.112598
25.976158 -19.136772
25.986282 -19.147396
26.000753 -19.157715
26.008909 -19.166534
26.019419 -19.184271
26.026558 -19.190580
26.031359 -19.200836
26.043352 -19.219925
26.038006 -19.231049
26.038115 -19.236561
26.051710 -19.250797
26.058708 -19.263885
26.063356 -19.264378
26.070507 -19.270914
26.070845 -19.275734
26.068436 -19.288414
26.077225 -19.304111
26.089853 -19.342028
26.103380 -19.364305
26.106821 -19.378717
26.113913 -19.393986
26.113098 -19.401583
26.115231 -19.424723
26.120693 -19.429480
26.133936 -19.437281
26.137203 -19.442966
26.145365 -19.498196
26.152925 -19.512304
26.160480 -19.537672
26.165989 -19.546072
26.168781 -19.548542
26.173374 -19.551453
26.184263 -19.562052
26.189888 -19.564247
26.205441 -19.565798
26.212795 -19.569569
26.228848 -19.583288
26.244259 -19.589434
26.261686 -19.587729
26.294987 -19.579746
26.303497 -19.580734
26.307663 -19.582724
26.333193 -19.607971
26.345766 -19.617149
26.346371 -19.622652
26.323925 -19.650427
26.319773 -19.660387
26.320347 -19.664513
26.346867 -19.678709
26.350763 -19.679323
26.366253 -19.677416
26.378321 -19.674425
26.384396 -19.674767
26.387888 -19.679064
26.390482 -19.686596
26.395683 -19.691320
26.405842 -19.711573
26.410349 -19.728718
26.416630 -19.738245
26.430746 -19.750605
26.439348 -19.755260
26.468767 -19.756973
26.491930 -19.761106
26.506016 -19.771852
26.523106 -19.775873
26.528023 -19.778532
26.536257 -19.788015
26.550116 -19.788652
26.568609 -19.800684
26.575108 -19.808592
26.583778 -19.836678
26.597340 -19.855471
26.605085 -19.867567
26.609934 -19.877810
26.616232 -19.887564
26.621597 -19.888374
26.638472 -19.882517
26.643808 -19.882177
26.665287 -19.886333
26.683117 -19.890333
26.695131 -19.894909
26.698860 -19.898510
26.701235 -19.906502
26.704241 -19.920687
26.717180 -19.943857
26.717180 -19.943857
26.727167 -19.943699
26.739485 -19.939810
26.757465 -19.939499
26.777056 -19.947544
26.780008 -19.948755
26.785606 -19.949118
26.789225 -19.947676
26.793129 -19.948526
26.799053 -19.953016
26.807102 -19.966661
26.802444 -19.976852
26.804453 -19.980034
26.808630 -19.982258
26.820776 -19.981813
26.836630 -19.984289
26.843033 -19.988310
26.847174 -19.988695
26.851006 -19.985870
26.858656 -19.991478
26.873968 -19.991201
26.876137 -19.992258
26.889439 -19.998734
26.894062 -19.998880
26.901539 -19.995987
26.909821 -19.996756
26.915300 -20.000000
26.916222 -20.000261
26.922079 -20.001587
26.935381 -20.009844
26.952448 -20.012058
26.967936 -20.020042
26.975742 -20.021276
26.993715 -20.020250
27.000853 -20.022530
27.005957 -20.024158
27.017174 -20.025555
27.024193 -20.024044
27.028753 -20.021200
27.040470 -20.023277
27.055790 -20.023216
27.055853 -20.022200
27.055853 -20.022200
27.066755 -20.029993
27.077320 -20.034119
27.086473 -20.040115
27.092196 -20.054461
27.101450 -20.073551
27.109499 -20.083708
27.117601 -20.086508
27.129812 -20.088295
27.147078 -20.087894
27.171820 -20.085020
27.171820 -20.085020
27.177090 -20.086349
27.191135 -20.083544
27.201675 -20.087011
27.215118 -20.100531
27.217293 -20.105610
27.222824 -20.118528
27.229542 -20.125057
27.232754 -20.137859
27.242594 -20.142488
27.245119 -20.146574
27.247326 -20.168587
27.260090 -20.194525
27.261917 -20.210571
27.268593 -20.215830
27.281258 -20.225803
27.280558 -20.227911
27.280558 -20.227911
27.284246 -20.238163
27.287579 -20.262213
27.291786 -20.282564
27.297863 -20.299883
27.298443 -20.312277
27.297785 -20.341707
27.296743 -20.366089
27.298494 -20.385580
27.295641 -20.397139
27.296484 -20.419178
27.293718 -20.433950
27.287275 -20.457085
27.285801 -20.474583
27.283720 -20.487730
27.284971 -20.497812
27.287220 -20.499826
27.295540 -20.500776
27.311729 -20.495102
27.327673 -20.489431
27.358213 -20.473524
27.364094 -20.474529
27.372585 -20.481676
27.387064 -20.484768
27.417559 -20.484938
27.429792 -20.486244
27.440018 -20.485531
27.449850 -20.479542
27.463146 -20.475304
27.475775 -20.473381
27.487822 -20.476755
27.506189 -20.479280
27.545019 -20.489328
27.555059 -20.490683
27.571783 -20.495312
27.583477 -20.494781
27.601492 -20.485126
27.613361 -20.482294
27.623888 -20.483631
27.637884 -20.494989
27.645638 -20.501451
27.656397 -20.502321
27.665585 -20.499554
27.683853 -20.490343
27.690002 -20.492022
27.702925 -20.499954
27.715811 -20.514782
27.722071 -20.519283
27.728838 -20.534201
27.729893 -20.544973
27.728699 -20.553968
27.722143 -20.571375
27.722143 -20.571375
27.719290 -20.573673
27.719404 -20.578037
27.722467 -20.583252
27.722319 -20.586931
27.715916 -20.594200
27.708925 -20.597576
27.705170 -20.603405
27.704140 -20.610781
27.707518 -20.628166
27.705490 -20.644295
27.705856 -20.646917
27.706989 -20.655060
27.706266 -20.664955
27.707670 -20.672047
27.712217 -20.677917
27.717438 -20.690895
27.724976 -20.698996
27.731697 -20.713318
27.726202 -20.727457
27.734169 -20.752089
27.734325 -20.758059
27.731758 -20.764277
27.728577 -20.771975
27.727345 -20.781118
27.727345 -20.781118
27.731550 -20.794941
27.722002 -20.802546
27.719364 -20.820539
27.715382 -20.834431
27.713379 -20.849188
27.708448 -20.855982
27.697960 -20.864988
27.690090 -20.879900
27.689501 -20.884741
27.700537 -20.903599
27.700537 -20.903599
27.702990 -20.907415
27.702642 -20.912937
27.691114 -20.930656
27.689283 -20.935522
27.689442 -20.941721
27.692530 -20.947626
27.707251 -20.958780
27.712374 -20.967625
27.704126 -20.982325
27.701147 -20.987635
27.706308 -20.998085
27.703964 -21.002045
27.690512 -21.011766
27.689114 -21.014553
27.699591 -21.031778
27.702509 -21.040442
27.700264 -21.048304
27.687551 -21.058468
27.685694 -21.062414
27.686028 -21.065853
27.694702 -21.079441
27.697523 -21.087971
27.701342 -21.099506
27.705452 -21.106995
27.712221 -21.113045
27.722898 -21.118776
27.727186 -21.123503
27.730881 -21.133757
27.743856 -21.142879
27.748758 -21.152416
27.752998 -21.155306
27.770727 -21.158806
27.774973 -21.161924
27.781750 -21.170414
27.781750 -21.170414
27.784380 -21.173342
27.791132 -21.177757
27.812830 -21.182232
27.814611 -21.200335
27.827768 -21.213764
27.853209 -21.243866
27.865547 -21.270794
27.865547 -21.270794
27.880964 -21.286034
27.882301 -21.290136
27.900787 -21.302794
27.903936 -21.311337
27.904228 -21.312132
27.913031 -21.320192
27.918186 -21.338446
27.915947 -21.355267
27.916645 -21.362831
27.934765 -21.379627
27.948696 -21.404562
27.958027 -21.413757
27.960342 -21.419121
27.959045 -21.424068
27.954056 -21.429930
27.956131 -21.434015
27.967903 -21.442692
27.972502 -21.449242
27.974905 -21.456305
27.974051 -21.460918
27.971184 -21.463743
27.963869 -21.465527
27.959299 -21.468851
27.958448 -21.473696
27.960569 -21.479387
27.965061 -21.482035
27.976604 -21.482218
27.982342 -21.485525
27.984928 -21.490286
27.983072 -21.494236
27.970129 -21.505571
27.966589 -21.513760
27.966589 -21.513760
27.976343 -21.524214
27.982998 -21.524950
27.995848 -21.519770
28.000071 -21.521261
27.999702 -21.525175
27.994164 -21.528545
27.993341 -21.533621
28.000950 -21.548801
28.009958 -21.561644
28.016232 -21.573414
28.024292 -21.579622
28.030500 -21.581745
28.050344 -21.580042
28.050344 -21.580042
28.067547 -21.581989
28.078278 -21.587927
28.110415 -21.586447
28.118853 -21.589453
28.129208 -21.590803
28.138102 -21.594276
28.146351 -21.597496
28.161617 -21.598722
28.176699 -21.602020
28.200294 -21.610842
28.212788 -21.609608
28.225613 -21.602852
28.258495 -21.601555
28.264544 -21.598413
28.267376 -21.598288
28.276812 -21.597870
28.328072 -21.603207
28.336254 -21.605751
28.348019 -21.613024
28.354929 -21.613993
28.360682 -21.609249
28.366518 -21.607258
28.390690 -21.624626
28.390690 -21.624626
28.404787 -21.635221
28.428499 -21.638643
28.450533 -21.643261
28.457428 -21.650633
28.465578 -21.651764
28.478849 -21.658712
28.490450 -21.667088
28.497873 -21.668468
28.515013 -21.664705
28.515013 -21.664705
28.527594 -21.659243
28.541189 -21.646013
28.546041 -21.644043
28.554224 -21.646347
28.559330 -21.644600
28.564350 -21.640100
28.567305 -21.632439
28.571175 -21.630497
28.580786 -21.631382
28.588982 -21.634144
28.602640 -21.646400
28.619074 -21.648136
28.619902 -21.648222
28.632368 -21.653851
28.650316 -21.654041
28.655807 -21.656647
28.663177 -21.664249
28.671263 -21.678726
28.676785 -21.682247
28.694117 -21.686127
28.722027 -21.697746
28.734331 -21.701237
28.744856 -21.704222
28.770056 -21.715450
28.794561 -21.735426
28.797106 -21.734991
28.797106 -21.734991
28.818542 -21.737419
28.838755 -21.738604
28.847006 -21.742241
28.855186 -21.750475
28.870491 -21.758476
28.878149 -21.759375
28.891319 -21.762850
28.891352 -21.763767
28.907154 -21.765318
28.911758 -21.766504
28.911758 -21.766504
28.928518 -21.770819
28.942743 -21.776093
28.963671 -21.776550
28.974850 -21.772964
28.984650 -21.771950
29.000000 -21.775589
29.000000 -21.775589
29.000000 -21.771730
29.000000 -21.771730
29.001572 -21.773043
29.007185 -21.781319
29.017246 -21.788368
29.017925 -21.790226
29.051163 -21.797823
29.062078 -21.802954
29.076807 -21.819902
29.066235 -21.827185
29.055235 -21.840195
29.045889 -21.855318
29.039513 -21.862259
29.033661 -21.875874
29.032652 -21.884342
29.027184 -21.893602
29.023956 -21.909817
29.022007 -21.932266
29.023376 -21.951136
29.022528 -21.954556
29.030087 -21.980259
29.036694 -21.997208
29.046808 -22.011293
29.054871 -22.022518
29.064171 -22.032423
29.083632 -22.048582
29.106625 -22.062309
29.114878 -22.066442
29.134693 -22.071583
29.146601 -22.077192
29.157000 -22.075871
29.171762 -22.076965
29.177126 -22.078949
29.186230 -22.079657
29.197460 -22.075371
29.223507 -22.070339
29.248463 -22.060682
29.251419 -22.060762
29.256924 -22.066191
29.264559 -22.074661
29.274998 -22.096296
29.280249 -22.110212
29.287056 -22.121645
29.296715 -22.128561
29.302942 -22.134697
29.334013 -22.159859
29.346344 -22.176487
29.352379 -22.181007
29.360126 -22.194298
29.360781 -22.196627
29.352852 -22.198238
29.341501 -22.198170
29.333664 -22.204390
29.327278 -22.203302
29.318480 -22.192278
29.314377 -22.189184
29.303711 -22.190968
29.285534 -22.188187
29.279264 -22.191462
29.271065 -22.193308
29.265215 -22.190855
29.258101 -22.189516
29.254570 -22.191948
29.238937 -22.186705
29.220844 -22.181164
29.220818 -22.182081
29.213186 -22.181416
29.200106 -22.181519
29.189135 -22.185123
29.160784 -22.207994
29.150719 -22.214146
29.144808 -22.213755
29.141602 -22.213667
29.133448 -22.213766
29.124317 -22.213879
29.110731 -22.214191
29.110695 -22.215338
29.095667 -22.214460
29.087107 -22.219732
29.069263 -22.221991
29.065622 -22.220053
29.047438 -22.217476
29.033381 -22.217081
29.023977 -22.225540
29.013433 -22.230982
29.010277 -22.246744
29.004469 -22.259161
29.000000 -22.267166
29.000000 -22.267166
28.994211 -22.280766
28.975210 -22.287985
28.972134 -22.299095
28.965290 -22.308250
28.962000 -22.320286
28.960966 -22.333403
28.961805 -22.336184
28.961805 -22.336184
28.971420 -22.364941
28.972221 -22.372952
28.968803 -22.380411
28.953201 -22.398605
28.949694 -22.403772
28.941229 -22.434359
28.929710 -22.443232
28.916361 -22.459595
28.916361 -22.459595
28.908463 -22.459824
28.888346 -22.449387
28.875135 -22.445866
28.866259 -22.446352
28.848650 -22.453531
28.846273 -22.454500
28.830252 -22.462994
28.827936 -22.467651
28.831766 -22.478790
28.829489 -22.484594
28.825624 -22.487230
28.818727 -22.487885
28.772709 -22.501129
28.742641 -22.503582
28.726990 -22.508612
28.718245 -22.513218
28.707148 -22.513987
28.693056 -22.529070
28.677073 -22.531580
28.668526 -22.534801
28.656818 -22.547289
28.629023 -22.559301
28.626291 -22.559683
28.622871 -22.560158
28.610058 -22.561428
28.597555 -22.564753
28.584675 -22.563957
28.573965 -22.560719
28.573965 -22.560719
28.553570 -22.564203
28.539902 -22.576099
28.523518 -22.581190
28.512844 -22.587025
28.505386 -22.585873
28.492233 -22.577549
28.470041 -22.572252
28.455462 -22.572462
28.449469 -22.570805
28.410900 -22.572582
28.410900 -22.572582
28.376570 -22.573399
28.346272 -22.576941
28.340193 -22.580311
28.336433 -22.586834
28.327356 -22.597395
28.322517 -22.600964
28.301001 -22.609392
28.279261 -22.617907
28.272518 -22.624046
28.266626 -22.642096
28.260576 -22.646610
28.227400 -22.662138
28.202177 -22.670803
28.194468 -22.677881
28.186893 -22.689545
28.169495 -22.703747
28.161322 -22.711981
28.159458 -22.715929
28.163746 -22.752768
28.162384 -22.758904
28.162384 -22.758904
28.155172 -22.769220
28.125811 -22.787035
28.117373 -22.793928
28.109535 -22.804016
28.095848 -22.817022
28.085917 -22.823727
28.057127 -22.829350
28.052385 -22.831921
28.052385 -22.831921
28.051908 -22.832148
28.045897 -22.838488
28.043617 -22.845427
28.043552 -22.851852
28.048437 -22.866879
28.047615 -22.872862
28.049028 -22.879023
28.054338 -22.891514
28.049019 -22.901770
28.045177 -22.909172
28.031397 -22.921206
28.019035 -22.930908
27.990414 -22.943981
27.975210 -22.958567
27.965166 -22.962706
27.946020 -22.960405
27.940655 -22.963514
27.938553 -22.968151
27.948790 -22.988787
27.949699 -22.994730
27.946867 -22.999844
27.939854 -23.006203
27.938051 -23.012669
27.940039 -23.030745
27.939682 -23.044744
27.934855 -23.058393
27.922043 -23.070393
27.916521 -23.076944
27.895311 -23.090284
27.895311 -23.090284
27.871012 -23.100351
27.857006 -23.104626
27.840206 -23.114708
27.823790 -23.113308
27.817324 -23.120819
27.820196 -23.133362
27.816132 -23.138287
27.805841 -23.142458
27.790953 -23.150419
27.787735 -23.150734
27.779852 -23.144518
27.777115 -23.143715
27.777115 -23.143715
27.772854 -23.139198
27.768644 -23.139523
27.767038 -23.144375
27.770662 -23.150028
27.782871 -23.161219
27.788303 -23.169582
27.788898 -23.173239
27.786566 -23.178797
27.769754 -23.190414
27.755491 -23.204725
27.751446 -23.211239
27.751501 -23.212511
27.752045 -23.224527
27.750456 -23.230066
27.744417 -23.236395
27.734856 -23.240967
27.727934 -23.242039
27.719957 -23.240841
27.713749 -23.231346
27.702505 -23.222813
27.700832 -23.221542
27.696804 -23.209936
27.691511 -23.206842
27.680101 -23.207094
27.675684 -23.209026
27.670340 -23.213501
27.665623 -23.223009
27.652241 -23.233393
27.634146 -23.234476
27.626909 -23.233028
27.616867 -23.228661
27.607531 -23.222672
27.603336 -23.223680
27.598497 -23.228601
27.598030 -23.231396
27.597422 -23.235044
27.601524 -23.249863
27.599691 -23.255865
27.595325 -23.259859
27.581556 -23.265200
27.576242 -23.271048
27.579407 -23.278318
27.579309 -23.284283
27.572193 -23.307138
27.564482 -23.316475
27.564575 -23.320143
27.570034 -23.329657
27.570404 -23.334463
27.568628 -23.339417
27.563444 -23.353874
27.554720 -23.362545
27.543737 -23.370346
27.534088 -23.383484
27.534088 -23.383484
27.526205 -23.387911
27.515821 -23.389774
27.463892 -23.390133
27.449718 -23.389791
27.442596 -23.392715
27.433861 -23.400038
27.430157 -23.418242
27.426126 -23.424990
27.419752 -23.428125
27.413288 -23.428053
27.405697 -23.427301
27.405697 -23.427301
27.400171 -23.422155
27.401312 -23.417156
27.410219 -23.405840
27.412294 -23.400236
27.411909 -23.397610
27.406158 -23.395983
27.391607 -23.397474
27.379704 -23.403297
27.378563 -23.408297
27.383013 -23.421072
27.381262 -23.426962
27.376617 -23.431454
27.359209 -23.433006
27.352476 -23.430227
27.349558 -23.427658
27.348810 -23.423286
27.353979 -23.414396
27.352568 -23.408867
27.346140 -23.405497
27.333466 -23.406065
27.328468 -23.409100
27.320471 -23.418930
27.317543 -23.428648
27.313679 -23.438972
27.312136 -23.453342
27.309069 -23.457504
27.296560 -23.464796
27.288359 -23.466728
27.280994 -23.476833
27.276621 -23.479561
27.249447 -23.484238
27.242577 -23.488773
27.240511 -23.493479
27.238445 -23.500854
27.235983 -23.503880
27.227810 -23.503355
27.216873 -23.492794
27.211380 -23.491755
27.206320 -23.498730
27.195028 -23.505138
27.193674 -23.511126
27.194498 -23.514547
27.198048 -23.517460
27.208584 -23.521381
27.212629 -23.524282
27.214453 -23.527916
27.207436 -23.536304
27.197819 -23.539930
27.189123 -23.540327
27.183092 -23.537693
27.176010 -23.529703
27.171009 -23.531277
27.167225 -23.539833
27.161005 -23.539722
27.152260 -23.527052
27.147486 -23.524851
27.142031 -23.525642
27.138371 -23.528692
27.136272 -23.534922
27.139246 -23.545410
27.146833 -23.550997
27.154625 -23.554516
27.157417 -23.556984
27.158247 -23.560635
27.156170 -23.567781
27.151831 -23.573824
27.148449 -23.575371
27.148449 -23.575371
27.135841 -23.574398
27.127762 -23.569994
27.120789 -23.569695
27.113918 -23.573286
27.107891 -23.580528
27.101654 -23.598551
27.098257 -23.601835
27.087570 -23.602304
27.085089 -23.611988
27.083427 -23.615005
27.074547 -23.617954
27.063803 -23.616358
27.064985 -23.623438
27.077785 -23.636908
27.081713 -23.644156
27.082611 -23.649868
27.082611 -23.649868
27.082884 -23.650311
27.081026 -23.656305
27.077391 -23.660728
27.062006 -23.674080
27.044792 -23.680092
27.033598 -23.684002
27.032923 -23.675993
27.038927 -23.666027
27.036324 -23.660803
27.033810 -23.659704
27.024868 -23.660555
27.019556 -23.645296
27.016008 -23.642382
27.010048 -23.642950
27.005674 -23.647842
27.003590 -23.654987
27.000914 -23.669247
27.001621 -23.690319
26.998182 -23.692444
26.982943 -23.701431
26.977331 -23.706804
26.967705 -23.733793
26.966557 -23.749855
26.963892 -23.753342
26.964977 -23.780592
26.962841 -23.785444
26.955542 -23.793596
26.952711 -23.800980
26.950745 -23.813848
26.952448 -23.823442
26.959311 -23.829735
26.959906 -23.834307
26.957041 -23.840086
26.939566 -23.850254
26.938139 -23.853487
26.938229 -23.857611
26.941286 -23.860764
26.953484 -23.860086
26.953484 -23.860086
26.954559 -23.877975
26.948149 -23.890488
26.944536 -23.895376
26.940960 -23.911495
26.933821 -23.924709
26.932566 -23.934132
26.932932 -23.958183
26.928982 -23.969496
26.918959 -23.977499
26.914896 -23.984461
26.916035 -24.000000
26.916035 -24.000000
26.918467 -24.010530
26.917717 -24.017839
26.913334 -24.029169
26.898556 -24.052338
26.896839 -24.058702
26.896862 -24.072453
26.894060 -24.081306
26.889090 -24.087805
26.870401 -24.101004
26.869684 -24.121607
26.868874 -24.124640
26.866524 -24.133429
26.869263 -24.140844
26.879362 -24.145037
26.881929 -24.153618
26.884153 -24.158684
26.884153 -24.158684
26.881668 -24.164328
26.867901 -24.176683
26.869658 -24.182478
26.880701 -24.199381
26.877686 -24.205696
26.864914 -24.218086
26.864443 -24.223343
26.868101 -24.231501
26.868399 -24.242290
26.870907 -24.248114
26.865400 -24.260073
26.858789 -24.265951
26.854486 -24.269775
26.846405 -24.271553
26.830887 -24.271687
26.827253 -24.274767
26.821810 -24.285124
26.814302 -24.291046
26.800854 -24.295380
26.786161 -24.305401
26.771109 -24.306232
26.761696 -24.309792
26.761696 -24.309792
26.759466 -24.311508
26.745216 -24.304197
26.739742 -24.303343
26.733870 -24.306602
26.725023 -24.315958
26.723330 -24.316921
26.720425 -24.318567
26.712210 -24.317400
26.708252 -24.323009
26.704353 -24.333891
26.701019 -24.336081
26.694794 -24.335201
26.684101 -24.340143
26.676382 -24.352741
26.675749 -24.358448
26.674887 -24.366219
26.675186 -24.371729
26.676968 -24.377745
26.668745 -24.390326
26.665960 -24.391157
26.651520 -24.388874
26.640388 -24.391966
26.639837 -24.393324
26.623365 -24.398540
26.615675 -24.403341
26.604006 -24.407330
26.595991 -24.407307
26.593733 -24.414112
26.584488 -24.426888
26.573238 -24.432949
26.567467 -24.446522
26.558657 -24.447617
26.557051 -24.456964
26.554670 -24.460329
26.547930 -24.459656
26.545876 -24.460966
26.544363 -24.467794
26.538088 -24.474701
26.520382 -24.485598
26.509920 -24.503601
26.506071 -24.519068
26.498371 -24.530283
26.479923 -24.579670
26.475348 -24.587776
26.456690 -24.604795
26.453503 -24.607702
26.446415 -24.609306
26.441952 -24.614433
26.430628 -24.615210
26.428812 -24.616756
26.424974 -24.631535
26.421555 -24.635550
26.417473 -24.637251
26.409193 -24.637207
26.400976 -24.636696
26.399113 -24.637995
26.399113 -24.637995
26.390329 -24.639328
26.369024 -24.642557
26.348413 -24.648405
26.341887 -24.648378
26.256069 -24.667067
26.242933 -24.669924
26.241070 -24.672144
26.232252 -24.672709
26.130955 -24.694996
26.126303 -24.692511
26.123339 -24.692726
26.122269 -24.692804
26.112474 -24.697912
26.055841 -24.710264
26.050167 -24.713242
26.039566 -24.714180
26.026028 -24.718666
26.011860 -24.720598
25.990372 -24.720009
25.948122 -24.718840
25.933680 -24.721212
25.929266 -24.724009
25.912470 -24.743034
25.898081 -24.754128
25.886829 -24.752960
25.870193 -24.753855
25.868664 -24.755209
25.862370 -24.764309
25.861685 -24.772772
25.864325 -24.785049
25.865789 -24.805542
25.869219 -24.817165
25.872417 -24.822517
25.884281 -24.842371
25.887760 -24.843208
25.891159 -24.855518
25.889511 -24.887815
25.884604 -24.914923
25.879457 -24.922049
25.866488 -24.929529
25.863226 -24.934212
25.860193 -24.954054
25.841230 -25.000000
25.819382 -25.052940
25.806927 -25.083084
25.795343 -25.116793
25.778372 -25.152107
25.771185 -25.171030
25.751160 -25.223713
25.739822 -25.247330
25.733007 -25.256907
25.708467 -25.281441
25.695768 -25.364124
25.682411 -25.387192
25.681601 -25.397720
25.680134 -25.403580
25.675179 -25.423389
25.654711 -25.456247
25.649878 -25.470963
25.651346 -25.505018
25.642778 -25.521942
25.591579 -25.622952
25.583933 -25.633175
25.581467 -25.634521
25.566307 -25.643793
25.525221 -25.668903
25.521629 -25.669661
25.465584 -25.702269
25.452400 -25.715111
25.450039 -25.717411
25.436049 -25.727339
25.432709 -25.728106
25.420776 -25.737438
25.412033 -25.739563
25.395550 -25.739496
25.344751 -25.767704
25.331398 -25.770531
25.331398 -25.770531
25.326031 -25.768425
25.303774 -25.762009
25.285885 -25.764721
25.237320 -25.762035
25.225595 -25.763157
25.203310 -25.762463
25.185453 -25.764475
25.176764 -25.763561
25.172688 -25.762623
25.157177 -25.756865
25.132717 -25.759052
25.125158 -25.758045
25.110619 -25.744804
25.088486 -25.736292
25.086302 -25.734362
25.085503 -25.730196
25.072998 -25.731730
25.055941 -25.723198
25.049675 -25.721783
25.041908 -25.723722
25.031324 -25.726126
25.014439 -25.726471
25.011295 -25.728403
25.009281 -25.732985
25.008198 -25.735449
25.007042 -25.738075
25.008804 -25.741825
25.008804 -25.741825
25.000000 -25.749950
25.000000 -25.749950
24.995508 -25.749609
24.991028 -25.755779
24.978361 -25.760706
24.974752 -25.766817
24.974182 -25.767782
24.970247 -25.770023
24.960545 -25.764254
24.954294 -25.765909
24.952791 -25.769676
24.927734 -25.795328
24.919361 -25.790646
24.915829 -25.791029
24.912745 -25.799662
24.907930 -25.804466
24.904604 -25.813339
24.879005 -25.810904
24.879005 -25.810904
24.872599 -25.810293
24.866598 -25.809721
24.858255 -25.810314
24.834040 -25.817797
24.827129 -25.816719
24.818825 -25.817997
24.812004 -25.823343
24.806036 -25.825668
24.798681 -25.825756
24.771391 -25.818434
24.755621 -25.817732
24.746311 -25.814457
24.740532 -25.811131
24.734797 -25.807829
24.711395 -25.811581
24.699181 -25.815773
24.689182 -25.823545
24.684130 -25.823988
24.673750 -25.819605
24.654205 -25.819510
24.631798 -25.811726
24.631798 -25.811726
24.610788 -25.804420
24.608213 -25.803526
24.576265 -25.779139
24.565193 -25.775925
24.545092 -25.774689
24.486738 -25.753143
24.477379 -25.749685
24.467718 -25.744108
24.455767 -25.743446
24.451557 -25.740402
24.449062 -25.736141
24.446486 -25.735329
24.445402 -25.744097
24.440306 -25.743614
24.433395 -25.737236
24.430574 -25.746763
24.426212 -25.750843
24.416067 -25.750792
24.410650 -25.748943
24.406393 -25.750034
24.404251 -25.752874
24.403326 -25.759800
24.401152 -25.761953
24.396067 -25.761698
24.390284 -25.757568
24.387402 -25.757483
24.382444 -25.763163
24.375656 -25.764353
24.357080 -25.757978
24.324236 -25.734488
24.320435 -25.729359
24.326622 -25.721079
24.323240 -25.714096
24.320135 -25.712841
24.311842 -25.714317
24.307497 -25.713572
24.303020 -25.715355
24.294060 -25.723972
24.292236 -25.724646
24.290573 -25.725258
24.284193 -25.724361
24.279230 -25.721342
24.277634 -25.719799
24.281010 -25.716223
24.287432 -25.712755
24.290409 -25.706209
24.288681 -25.701916
24.286018 -25.699266
24.280935 -25.699007
24.272921 -25.706209
24.268850 -25.705910
24.262526 -25.700878
24.259783 -25.691343
24.250587 -25.684586
24.250587 -25.679306
24.240734 -25.674641
24.233641 -25.669409
24.229969 -25.661516
24.229980 -25.656046
24.230001 -25.646364
24.228418 -25.645048
24.219854 -25.646070
24.211908 -25.638803
24.202839 -25.634565
24.192842 -25.621408
24.188961 -25.619722
24.175581 -25.631258
24.158543 -25.629847
24.157139 -25.626917
24.161739 -25.617100
24.160576 -25.613930
24.157413 -25.611298
24.142923 -25.615526
24.138159 -25.621906
24.142265 -25.628407
24.135315 -25.631426
24.123917 -25.631403
24.094780 -25.636644
24.087452 -25.642431
24.083437 -25.643272
24.079792 -25.641113
24.077394 -25.633171
24.071915 -25.629705
24.065561 -25.629257
24.066622 -25.641151
24.065224 -25.649239
24.063591 -25.652285
24.060356 -25.653555
24.056513 -25.652586
24.051641 -25.651358
24.033369 -25.639648
24.029566 -25.639563
24.026154 -25.647953
24.023941 -25.649414
24.017071 -25.648752
24.011339 -25.650803
24.007483 -25.649569
24.006439 -25.643410
24.008410 -25.636681
24.012909 -25.629856
24.012182 -25.625063
24.009548 -25.622866
23.992134 -25.624203
23.982170 -25.622278
23.970743 -25.616045
23.967487 -25.616854
23.966419 -25.617849
23.962872 -25.621157
23.955379 -25.623499
23.949549 -25.634502
23.945839 -25.636475
23.937222 -25.636333
23.908648 -25.626135
23.904474 -25.617794
23.904305 -25.608389
23.899244 -25.602837
23.889265 -25.597935
23.889265 -25.597935
23.888371 -25.597496
23.884645 -25.593500
23.878429 -25.579035
23.875042 -25.576864
23.873850 -25.576788
23.863617 -25.576130
23.844702 -25.571995
23.839615 -25.565752
23.842049 -25.557861
23.841005 -25.551472
23.834951 -25.546183
23.820913 -25.549213
23.816587 -25.548679
23.812372 -25.544930
23.808048 -25.532921
23.809362 -25.528282
23.818476 -25.522676
23.821587 -25.518663
23.819658 -25.515060
23.810846 -25.510328
23.809616 -25.510265
23.805523 -25.510059
23.794498 -25.512520
23.786123 -25.511902
23.775709 -25.505157
23.766285 -25.503656
23.762608 -25.500574
23.760286 -25.493773
23.754431 -25.487095
23.754330 -25.480433
23.754330 -25.480433
23.754158 -25.469204
23.737036 -25.459253
23.724039 -25.445253
23.720554 -25.446524
23.715769 -25.450552
23.708601 -25.456583
23.704288 -25.456276
23.699097 -25.447279
23.694454 -25.445147
23.675230 -25.444901
23.671083 -25.442520
23.669342 -25.437304
23.674707 -25.426790
23.673521 -25.422701
23.671345 -25.419104
23.662558 -25.414591
23.658405 -25.417948
23.657570 -25.422108
23.658775 -25.426655
23.656359 -25.429264
23.644361 -25.432434
23.638788 -25.432169
23.635593 -25.428377
23.634607 -25.425055
23.630875 -25.412477
23.625351 -25.407391
23.612762 -25.402546
23.611637 -25.399832
23.617626 -25.398018
23.620983 -25.393772
23.619984 -25.388069
23.617064 -25.384727
23.612619 -25.381210
23.608320 -25.381128
23.605127 -25.383303
23.600924 -25.391479
23.596458 -25.393469
23.590887 -25.393200
23.588268 -25.390995
23.584778 -25.380100
23.581345 -25.376547
23.571014 -25.371162
23.562666 -25.368641
23.558731 -25.367451
23.557850 -25.364498
23.561937 -25.359539
23.561317 -25.356808
23.555101 -25.353117
23.537001 -25.349144
23.530287 -25.339504
23.526932 -25.337782
23.520918 -25.338903
23.505405 -25.348604
23.498362 -25.349298
23.495783 -25.348009
23.494614 -25.344147
23.501781 -25.328074
23.499760 -25.321947
23.493078 -25.312992
23.492054 -25.312004
23.478619 -25.299023
23.473228 -25.296907
23.462667 -25.297949
23.459829 -25.296438
23.457634 -25.292150
23.459269 -25.288885
23.465654 -25.284542
23.468473 -25.279400
23.464991 -25.274467
23.443264 -25.274044
23.438923 -25.279005
23.426548 -25.303738
23.421700 -25.308716
23.418200 -25.309151
23.416676 -25.309341
23.409513 -25.307053
23.402763 -25.302456
23.383554 -25.301939
23.370277 -25.298244
23.367683 -25.296494
23.357767 -25.282131
23.323429 -25.288294
23.317963 -25.284111
23.313955 -25.278503
23.310652 -25.277922
23.304691 -25.286833
23.303097 -25.287668
23.300488 -25.289034
23.295662 -25.288269
23.289970 -25.284782
23.283911 -25.271898
23.279259 -25.269064
23.273451 -25.269020
23.265032 -25.273190
23.249882 -25.272984
23.239714 -25.277664
23.231125 -25.277477
23.218786 -25.271673
23.198879 -25.272528
23.182695 -25.278313
23.181744 -25.278946
23.176542 -25.282404
23.168470 -25.295732
23.164810 -25.299059
23.148481 -25.301172
23.135221 -25.310989
23.130926 -25.310892
23.124413 -25.305588
23.114136 -25.300858
23.094431 -25.307196
23.088541 -25.311735
23.086590 -25.320284
23.082273 -25.326382
23.076717 -25.328470
23.069225 -25.328613
23.064104 -25.326704
23.057611 -25.321854
23.054659 -25.317125
23.054565 -25.314604
23.063208 -25.302641
23.065474 -25.295691
23.063234 -25.289793
23.059628 -25.287838
23.054342 -25.288227
23.049652 -25.291122
23.032873 -25.308376
23.026484 -25.306274
23.011873 -25.293407
23.009941 -25.295759
23.008429 -25.302025
23.008211 -25.302925
23.008211 -25.302925
23.006874 -25.308470
23.011171 -25.322336
23.008909 -25.329515
23.005280 -25.333754
22.987328 -25.333143
22.982332 -25.334669
22.978683 -25.338448
22.975164 -25.352776
22.977173 -25.366253
22.970869 -25.380436
22.951366 -25.392942
22.950541 -25.393366
22.928047 -25.404871
22.912861 -25.418163
22.906116 -25.439470
22.906116 -25.439470
22.905825 -25.440393
22.890150 -25.468613
22.896467 -25.475540
22.902626 -25.478115
22.904282 -25.481968
22.902645 -25.485687
22.896618 -25.486135
22.892559 -25.486439
22.872530 -25.477842
22.864716 -25.478525
22.855516 -25.482920
22.849674 -25.489283
22.851343 -25.493595
22.861162 -25.499506
22.863150 -25.505644
22.857037 -25.518669
22.856628 -25.528547
22.842735 -25.543402
22.837973 -25.551798
22.837029 -25.554510
22.831770 -25.569643
22.820969 -25.579128
22.818863 -25.584007
22.849443 -25.604242
22.854084 -25.613747
22.851685 -25.617487
22.846439 -25.619473
22.833050 -25.620314
22.826075 -25.623497
22.815670 -25.629988
22.812298 -25.634903
22.812057 -25.635572
22.809071 -25.643944
22.810917 -25.653297
22.816351 -25.656586
22.827522 -25.657415
22.829334 -25.658512
22.831316 -25.664421
22.828911 -25.682386
22.824816 -25.695583
22.817453 -25.709560
22.809137 -25.718058
22.804859 -25.718866
22.803270 -25.724190
22.798811 -25.727070
22.787296 -25.728424
22.783417 -25.728882
22.777493 -25.733408
22.773199 -25.741100
22.768362 -25.769691
22.763023 -25.783838
22.759865 -25.787828
22.747795 -25.790689
22.744320 -25.792850
22.743971 -25.797451
22.747723 -25.803312
22.771143 -25.813213
22.780216 -25.814283
22.784224 -25.817434
22.785912 -25.822206
22.779329 -25.837078
22.765203 -25.846653
22.755907 -25.849209
22.742245 -25.857622
22.745438 -25.869236
22.740786 -25.881529
22.737316 -25.883919
22.725931 -25.884924
22.721447 -25.887342
22.719553 -25.891296
22.718061 -25.899599
22.721157 -25.902231
22.724073 -25.904711
22.734415 -25.910162
22.745159 -25.912617
22.748837 -25.916185
22.749273 -25.921452
22.747395 -25.925865
22.729704 -25.942879
22.727697 -25.950968
22.730391 -25.970169
22.733046 -25.973539
22.733488 -25.986378
22.730236 -25.995188
22.726580 -25.999651
22.726189 -26.003607
22.724697 -26.018751
22.721285 -26.022976
22.696455 -26.025038
22.683592 -26.020340
22.677492 -26.020277
22.672455 -26.021563
22.667557 -26.026974
22.667204 -26.031574
22.671370 -26.042017
22.672150 -26.050028
22.670460 -26.075089
22.668163 -26.079161
22.666384 -26.082315
22.661690 -26.086344
22.644566 -26.091169
22.638823 -26.094309
22.632181 -26.108486
22.632805 -26.111912
22.630941 -26.121883
22.630941 -26.121883
22.629787 -26.128059
22.617744 -26.132973
22.612053 -26.137716
22.606108 -26.150038
22.602087 -26.151524
22.592669 -26.151316
22.590250 -26.147478
22.581781 -26.145180
22.581421 -26.147249
22.577721 -26.168467
22.576883 -26.196947
22.566689 -26.211906
22.562908 -26.220728
22.546673 -26.230106
22.537958 -26.228270
22.534561 -26.225603
22.517843 -26.220304
22.515892 -26.219282
22.515892 -26.219282
22.514318 -26.218462
22.512407 -26.217463
22.510515 -26.214069
22.475948 -26.207621
22.470377 -26.208452
22.466433 -26.212456
22.463198 -26.222637
22.459246 -26.226410
22.443363 -26.231176
22.427746 -26.228361
22.423691 -26.228924
22.413990 -26.236053
22.401184 -26.249689
22.397303 -26.255754
22.403282 -26.267767
22.400730 -26.275635
22.393059 -26.282713
22.380560 -26.290142
22.376785 -26.291613
22.364555 -26.291460
22.362570 -26.293116
22.361401 -26.297022
22.361185 -26.297739
22.366842 -26.315729
22.365776 -26.322412
22.364059 -26.324520
22.354528 -26.329348
22.330677 -26.332462
22.313379 -26.341610
22.304808 -26.344574
22.280699 -26.347687
22.270384 -26.352068
22.262342 -26.352013
22.255602 -26.351967
22.245081 -26.357958
22.239679 -26.364742
22.236906 -26.374220
22.232239 -26.380068
22.217426 -26.387537
22.211966 -26.392487
22.198120 -26.398323
22.194357 -26.408970
22.198313 -26.421957
22.194220 -26.430086
22.182592 -26.439287
22.180079 -26.451994
22.182108 -26.460209
22.178146 -26.472925
22.163786 -26.479000
22.160801 -26.481594
22.159910 -26.485975
22.162575 -26.498537
22.160805 -26.507757
22.149708 -26.520870
22.141930 -26.525412
22.130291 -26.537617
22.127983 -26.543287
22.125765 -26.548737
22.119717 -26.551401
22.109297 -26.553019
22.104786 -26.555876
22.092356 -26.576359
22.087614 -26.580139
22.083767 -26.579538
22.080006 -26.581919
22.067581 -26.602858
22.066687 -26.607239
22.056259 -26.626753
22.047277 -26.634300
22.044905 -26.635118
22.024509 -26.642155
22.003893 -26.644911
21.996374 -26.650126
21.966820 -26.662252
21.959558 -26.667690
21.951736 -26.671305
21.940552 -26.673384
21.915977 -26.671850
21.914518 -26.672018
21.903749 -26.673260
21.872244 -26.670490
21.872244 -26.670490
21.849005 -26.670982
21.834576 -26.666466
21.812576 -26.665546
21.803705 -26.668255
21.781866 -26.684063
21.779879 -26.685501
21.773251 -26.695965
21.771675 -26.704260
21.773375 -26.710651
21.776566 -26.715405
21.783869 -26.720993
21.785515 -26.725319
21.784634 -26.750353
21.788639 -26.776436
21.784208 -26.786158
21.784208 -26.786158
21.782833 -26.789177
21.783487 -26.794672
21.779606 -26.801266
21.777607 -26.804663
21.770304 -26.809172
21.759903 -26.812597
21.759689 -26.814209
21.755901 -26.816122
21.746668 -26.825260
21.739073 -26.828398
21.709557 -26.855156
21.699718 -26.860861
21.687160 -26.860191
21.677280 -26.864288
21.672163 -26.864389
21.666542 -26.866072
21.661493 -26.867582
21.640932 -26.864313
21.636110 -26.866014
21.626894 -26.865963
21.605867 -26.853975
21.599077 -26.848370
21.586765 -26.847227
21.552992 -26.847639
21.542559 -26.850130
21.536255 -26.855913
21.529533 -26.862078
21.523376 -26.861504
21.506830 -26.854467
21.501457 -26.854567
21.499613 -26.852306
21.481295 -26.845987
21.467197 -26.845097
21.452932 -26.836864
21.424534 -26.825901
21.408085 -26.825678
21.395355 -26.825502
21.388496 -26.827690
21.364746 -26.829712
21.355772 -26.828951
21.351635 -26.826958
21.344994 -26.827532
21.334112 -26.832998
21.311420 -26.848534
21.302526 -26.851440
21.294611 -26.852262
21.278408 -26.845261
21.270588 -26.841881
21.237463 -26.848629
21.215967 -26.848753
21.199440 -26.853842
21.171085 -26.868986
21.162180 -26.871653
21.145632 -26.873678
21.142775 -26.874027
21.077072 -26.852102
21.050968 -26.852041
21.040165 -26.849222
21.036871 -26.850878
21.021229 -26.849276
21.011806 -26.844439
21.000814 -26.838793
20.997427 -26.835630
20.990023 -26.822889
20.974142 -26.808205
20.968760 -26.807594
20.948099 -26.810877
20.942204 -26.810274
20.924625 -26.800200
20.901016 -26.795942
20.894203 -26.797392
20.881395 -26.800117
20.868729 -26.806986
20.868729 -26.806986
20.857071 -26.813305
20.827282 -26.821514
20.817339 -26.838400
20.808867 -26.836678
20.799400 -26.836803
20.791824 -26.842640
20.786739 -26.844543
20.778158 -26.853277
20.769379 -26.862213
20.756670 -26.867426
20.736195 -26.867460
20.726509 -26.869881
20.718910 -26.874796
20.715340 -26.875530
20.704361 -26.893108
20.693325 -26.907246
20.684505 -26.884178
20.684414 -26.883286
20.683599 -26.875469
20.688393 -26.855215
20.687572 -26.852013
20.685751 -26.850601
20.685751 -26.850601
20.680578 -26.846592
20.659786 -26.842489
20.650459 -26.835260
20.648317 -26.829090
20.652700 -26.815041
20.642273 -26.802546
20.631971 -26.798082
20.629326 -26.792376
20.630568 -26.789808
20.633785 -26.783144
20.634964 -26.776705
20.631039 -26.754494
20.633833 -26.736792
20.617329 -26.710831
20.615143 -26.701677
20.617237 -26.688343
20.620741 -26.683483
20.630861 -26.677166
20.631599 -26.674816
20.633541 -26.668642
20.632570 -26.639053
20.634457 -26.628935
20.632843 -26.623676
20.633797 -26.619305
20.630600 -26.594332
20.622450 -26.579058
20.609501 -26.566822
20.606853 -26.560658
20.606598 -26.556248
20.605120 -26.530621
20.608334 -26.523928
20.608484 -26.517042
20.612141 -26.505985
20.613188 -26.474308
20.619396 -26.446930
20.624870 -26.438145
20.630453 -26.437372
20.648529 -26.434874
20.654833 -26.430437
20.662746 -26.414967
20.669485 -26.405935
20.676285 -26.400803
20.687473 -26.399286
20.690756 -26.397409
20.696795 -26.376682
20.702953 -26.363527
20.710489 -26.357006
20.713602 -26.349735
20.719080 -26.336937
20.732895 -26.325058
20.746376 -26.308594
20.756529 -26.291252
20.761288 -26.286602
20.767347 -26.283541
20.779276 -26.281317
20.785807 -26.276184
20.789282 -26.270861
20.792181 -26.261644
20.797682 -26.255835
20.798105 -26.250782
20.808558 -26.236876
20.817854 -26.200270
20.818985 -26.191996
20.817862 -26.185816
20.822281 -26.183102
20.819777 -26.179974
20.825535 -26.173552
20.831854 -26.169727
20.831854 -26.169727
20.844915 -26.161816
20.852177 -26.155293
20.855017 -26.150669
20.857862 -26.146036
20.862476 -26.133583
20.860575 -26.126726
20.856417 -26.121508
20.844229 -26.122364
20.836832 -26.120859
20.825741 -26.111603
20.824896 -26.106796
20.827101 -26.101950
20.839340 -26.089622
20.841019 -26.083864
20.839666 -26.079065
20.829294 -26.067047
20.827179 -26.062258
20.827702 -26.057522
20.827839 -26.056284
20.835201 -26.043495
20.835201 -26.043495
20.836226 -26.041716
20.835024 -26.030951
20.817104 -26.008024
20.816780 -26.003899
20.827461 -25.989988
20.828289 -25.979195
20.836422 -25.964861
20.838047 -25.956121
20.832623 -25.950689
20.827795 -25.947466
20.817474 -25.940571
20.808676 -25.930595
20.802017 -25.912104
20.800816 -25.901110
20.809183 -25.885857
20.810015 -25.875063
20.806545 -25.865017
20.799376 -25.860983
20.789705 -25.859049
20.787094 -25.854496
20.786457 -25.843321
20.786375 -25.841888
20.790977 -25.814070
20.789568 -25.805601
20.785980 -25.803356
20.780666 -25.803885
20.756929 -25.824614
20.750614 -25.826073
20.745514 -25.824305
20.741869 -25.818388
20.742085 -25.816092
20.749475 -25.803148
20.752083 -25.792105
20.754168 -25.789053
20.757774 -25.783772
20.756985 -25.781946
20.750582 -25.777903
20.741411 -25.775040
20.734205 -25.768251
20.731329 -25.762783
20.727133 -25.738523
20.722124 -25.726431
20.702551 -25.706266
20.692808 -25.698820
20.685665 -25.695469
20.683712 -25.692459
20.679176 -25.685459
20.675720 -25.675180
20.690237 -25.648621
20.690138 -25.642429
20.688019 -25.636492
20.685696 -25.633539
20.680338 -25.630854
20.671488 -25.631424
20.665472 -25.635168
20.658886 -25.634792
20.655037 -25.631399
20.655910 -25.622444
20.666576 -25.608778
20.671579 -25.607258
20.672873 -25.606865
20.686901 -25.597973
20.692625 -25.591938
20.694061 -25.586874
20.692467 -25.582077
20.669657 -25.547043
20.634960 -25.527288
20.631859 -25.522968
20.631269 -25.517471
20.632153 -25.514950
20.633450 -25.511253
20.636692 -25.508461
20.639353 -25.500631
20.643251 -25.474895
20.646219 -25.470732
20.658361 -25.471498
20.670940 -25.467901
20.675425 -25.463718
20.677351 -25.457729
20.675486 -25.451561
20.668823 -25.445683
20.664507 -25.444359
20.654991 -25.449753
20.647764 -25.456264
20.642138 -25.458460
20.640480 -25.459105
20.633663 -25.459417
20.626009 -25.454697
20.622143 -25.449697
20.621582 -25.446035
20.622522 -25.441437
20.630493 -25.434000
20.631937 -25.429396
20.628319 -25.423937
20.625778 -25.423050
20.617008 -25.427742
20.610435 -25.427364
20.605837 -25.423979
20.604252 -25.419411
20.607258 -25.401030
20.606182 -25.396685
20.595186 -25.387642
20.585123 -25.390209
20.576319 -25.392454
20.571751 -25.390902
20.564331 -25.384338
20.563643 -25.381416
20.563643 -25.381416
20.560020 -25.366043
20.546892 -25.348768
20.542181 -25.337128
20.546059 -25.326075
20.545244 -25.322186
20.537893 -25.319977
20.530357 -25.322357
20.524773 -25.320127
20.520109 -25.311697
20.523111 -25.305216
20.525984 -25.299017
20.540462 -25.288301
20.532549 -25.281973
20.527790 -25.284321
20.522896 -25.277267
20.501032 -25.265362
20.492617 -25.258806
20.490292 -25.254934
20.489672 -25.246687
20.492449 -25.228998
20.490625 -25.224892
20.480490 -25.221336
20.478966 -25.221777
20.474714 -25.223005
20.470675 -25.222591
20.466864 -25.220570
20.457914 -25.211496
20.454947 -25.205719
20.454947 -25.205719
20.449368 -25.194851
20.450815 -25.190248
20.456804 -25.185827
20.468447 -25.171024
20.469080 -25.162075
20.465935 -25.153397
20.461340 -25.149092
20.455284 -25.148470
20.444500 -25.152256
20.437702 -25.152557
20.434389 -25.149843
20.433565 -25.146597
20.428534 -25.126747
20.429705 -25.120085
20.427319 -25.111399
20.415020 -25.095709
20.417976 -25.090862
20.412800 -25.080372
20.406147 -25.072418
20.396502 -25.066559
20.389069 -25.056547
20.386063 -25.038467
20.384394 -25.036161
20.379141 -25.028910
20.373566 -25.025988
20.357422 -25.023172
20.350571 -25.018887
20.333731 -25.000715
20.332912 -25.000000
20.320248 -24.988928
20.298000 -24.980436
20.290878 -24.974085
20.284391 -24.958023
20.282579 -24.953533
20.272615 -24.940792
20.266926 -24.927778
20.262606 -24.923923
20.245197 -24.919044
20.243670 -24.917454
20.238884 -24.916811
20.230604 -24.918262
20.223291 -24.916496
20.217701 -24.911505
20.211792 -24.900555
20.207499 -24.898760
20.200958 -24.898590
20.195969 -24.901846
20.187027 -24.911552
20.186460 -24.911522
20.183504 -24.911356
20.169310 -24.900936
20.157827 -24.885677
20.150757 -24.882759
20.127888 -24.883186
20.100008 -24.861414
20.091572 -24.847729
20.088848 -24.836884
20.087378 -24.831030
20.085094 -24.828756
20.082979 -24.828661
20.082979 -24.828661
20.068001 -24.827978
20.061356 -24.816799
20.052479 -24.808390
20.042677 -24.808008
20.035801 -24.798435
20.031429 -24.788155
20.025835 -24.781094
20.014698 -24.772240
20.000237 -24.752991
20.000244 -24.750099
20.000023 -24.666800
19.999916 -24.626955
19.999825 -24.583500
19.999619 -24.500937
19.999615 -24.500202
20.000000 -24.416901
20.000000 -24.333599
20.000000 -24.250299
20.000000 -24.167000
20.000000 -24.083700
20.000000 -24.000000
20.000000 -23.917101
20.000000 -23.833799
20.000000 -23.750500
20.000000 -23.667200
20.000000 -23.583900
20.000000 -23.500601
20.000000 -23.417299
20.000000 -23.334000
20.000000 -23.250700
20.000000 -23.167400
20.000000 -23.084101
20.000000 -23.000799
20.000000 -22.917500
20.000000 -22.834200
20.000000 -22.750900
20.000000 -22.667601
20.000000 -22.584299
20.000000 -22.500999
20.000000 -22.417700
20.000000 -22.334400
20.000000 -22.251101
19.999535 -22.167799
19.999878 -22.084499
20.000000 -22.054897
20.000000 -22.001778
21.001741 -22.003838
20.996950 -20.957802
20.997272 -20.000000
20.997551 -19.176298
20.998827 -18.317877
21.468939 -18.318029
22.988407 -18.018293
23.040241 -18.010813
23.081530 -18.001621
23.103615 -17.998857
23.131701 -17.998613
23.136021 -17.996775
23.146345 -17.997915
23.156427 -17.998138
23.222204 -17.997850
23.229643 -17.996464
23.235886 -17.997375
23.261093 -17.997574
23.266130 -17.995729
23.296621 -17.997524
23.302633 -18.002337
23.311762 -18.005539
23.319702 -18.014481
23.316351 -18.019310
23.311563 -18.026665
23.313263 -18.035849
23.319511 -18.038364
23.329487 -18.046135
23.329487 -18.046135
23.332232 -18.046680
23.335585 -18.051510
23.332457 -18.054718
23.327896 -18.053102
23.324776 -18.053556
23.323328 -18.056309
23.323065 -18.067560
23.325937 -18.072159
23.325930 -18.076063
23.327845 -18.079741
23.334330 -18.079754
23.338642 -18.085274
23.348478 -18.092182
23.349426 -18.099302
23.351818 -18.104589
23.354692 -18.107447
23.365248 -18.117933
23.367393 -18.126894
23.370750 -18.131493
23.378191 -18.134951
23.382488 -18.152182
23.387035 -18.163443
23.392559 -18.166668
23.404795 -18.178860
23.405989 -18.183912
23.404043 -18.200216
23.400675 -18.201818
23.399229 -18.204571
23.401627 -18.209169
23.404144 -18.207729
23.408842 -18.205046
23.412930 -18.204363
23.418449 -18.210342
23.421335 -18.210577
23.425669 -18.205530
23.429274 -18.205996
23.435995 -18.212894
23.439600 -18.213589
23.443928 -18.212217
23.451872 -18.202581
23.455236 -18.202356
23.458836 -18.208332
23.456907 -18.212692
23.449207 -18.219801
23.452320 -18.230141
23.456642 -18.235199
23.462410 -18.236586
23.468412 -18.244400
23.472017 -18.244864
23.477093 -18.242006
23.496305 -18.240988
23.499668 -18.242598
23.501350 -18.244667
23.500622 -18.252935
23.502777 -18.263271
23.506861 -18.267408
23.518883 -18.269258
23.524891 -18.273857
23.527056 -18.273859
23.525124 -18.285339
23.526083 -18.288786
23.532091 -18.294304
23.533770 -18.300964
23.531841 -18.307854
23.531841 -18.307854
23.529596 -18.317165
23.539263 -18.330458
23.556379 -18.340744
23.555212 -18.350853
23.562485 -18.365990
23.562263 -18.371733
23.555307 -18.377954
23.551720 -18.383938
23.553669 -18.391052
23.565285 -18.408703
23.565573 -18.422024
23.561535 -18.437424
23.562044 -18.445004
23.571451 -18.449799
23.572437 -18.456226
23.572437 -18.456226
23.572662 -18.461306
23.573862 -18.468887
23.572897 -18.473021
23.568802 -18.476692
23.568903 -18.478235
23.569042 -18.480368
23.571447 -18.484503
23.580116 -18.485199
23.591671 -18.495081
23.600580 -18.494854
23.603710 -18.498991
23.612860 -18.504047
23.617676 -18.503130
23.626829 -18.493029
23.654039 -18.477415
23.661503 -18.475121
23.666317 -18.471216
23.672094 -18.459503
23.680037 -18.450315
23.683886 -18.438372
23.687737 -18.436075
23.695198 -18.435616
23.699490 -18.431747
23.705549 -18.431480
23.713734 -18.435843
23.720234 -18.436531
23.723843 -18.433773
23.725044 -18.429180
23.744537 -18.421824
23.746218 -18.415852
23.750067 -18.412174
23.754881 -18.411024
23.759207 -18.405281
23.765224 -18.405508
23.769552 -18.399994
23.791918 -18.382067
23.800323 -18.364376
23.809938 -18.356560
23.811136 -18.351965
23.808481 -18.343010
23.811361 -18.337955
23.821220 -18.332207
23.825537 -18.331463
23.825537 -18.331463
23.844500 -18.323566
23.849529 -18.319408
23.853283 -18.301937
23.865320 -18.303947
23.866220 -18.292459
23.869324 -18.288540
23.870287 -18.288534
23.875507 -18.275879
23.895893 -18.265902
23.908863 -18.263540
23.921066 -18.253143
23.924889 -18.248762
23.932249 -18.234486
23.932249 -18.234486
23.931215 -18.231720
23.923759 -18.229435
23.922312 -18.226910
23.935255 -18.205763
23.939575 -18.202312
23.945587 -18.203682
23.949427 -18.199541
23.958075 -18.197231
23.959499 -18.188963
23.960941 -18.188730
23.965517 -18.192856
23.976574 -18.193527
23.981613 -18.189613
23.987022 -18.180923
23.992630 -18.171911
23.997440 -18.173510
24.003685 -18.171892
24.007763 -18.168669
24.015182 -18.155794
24.021177 -18.149582
24.032705 -18.147491
24.038212 -18.139214
24.057663 -18.135038
24.061499 -18.131586
24.062691 -18.128139
24.062433 -18.121708
24.059050 -18.114138
24.062168 -18.112064
24.065777 -18.114353
24.071440 -18.114689
24.073225 -18.114796
24.078037 -18.117311
24.093176 -18.118883
24.117397 -18.104357
24.125305 -18.097448
24.127684 -18.089863
24.147575 -18.075344
24.157866 -18.063604
24.169659 -18.046967
24.171730 -18.044046
24.171474 -18.039684
24.173864 -18.036003
24.177530 -18.038244
24.177530 -18.038244
24.183224 -18.036423
24.188250 -18.034094
24.194860 -18.019121
24.201082 -18.016554
24.216957 -18.020123
24.230667 -18.023245
24.244087 -18.019936
24.259392 -18.012251
24.271860 -18.010096
24.276911 -18.011209
24.286160 -18.026760
24.291239 -18.031315
24.296276 -18.030590
24.298893 -18.027815
24.304155 -18.010227
24.304155 -18.010227
24.307230 -18.002279
24.311052 -17.997673
24.323526 -17.995790
24.331430 -17.991398
24.338604 -17.984941
24.341930 -17.977121
24.348387 -17.971584
24.352186 -17.962156
24.353138 -17.961895
24.361534 -17.959595
24.364151 -17.954533
24.367975 -17.951073
24.375181 -17.952192
24.381893 -17.950558
24.391260 -17.952356
24.396816 -17.959913
24.400906 -17.961964
24.404261 -17.960800
24.409025 -17.952972
24.416956 -17.955694
24.419827 -17.953617
24.423664 -17.953142
24.428493 -17.959091
24.445343 -17.969122
24.450630 -17.970476
24.452991 -17.962429
24.455627 -17.961958
24.455891 -17.962410
24.458292 -17.966539
24.455486 -17.981247
24.457422 -17.984224
24.465605 -17.988321
24.470455 -17.997944
24.488054 -18.012102
24.489273 -18.015772
24.487143 -18.021521
24.479517 -18.032579
24.482183 -18.037390
24.486988 -18.037828
24.488436 -18.039198
24.489410 -18.041950
24.489399 -18.046997
24.489399 -18.046997
24.501957 -18.045521
24.509047 -18.058779
24.520834 -18.060747
24.530725 -18.065487
24.549696 -18.065092
24.562439 -18.066589
24.575153 -18.065100
24.592287 -18.049101
24.596989 -18.038954
24.615114 -18.017653
24.615114 -18.017653
24.617476 -18.014902
24.618355 -18.001579
24.624763 -17.989374
24.632158 -17.981754
24.639338 -17.978502
24.647493 -17.977537
24.651079 -17.975222
24.655590 -17.967159
24.665621 -17.959295
24.668234 -17.955147
24.667015 -17.952169
24.661486 -17.950823
24.660303 -17.948963
24.660030 -17.948534
24.661928 -17.944849
24.666946 -17.941607
24.671272 -17.942501
24.675863 -17.947298
24.679230 -17.948427
24.683542 -17.947254
24.695238 -17.937771
24.699350 -17.942570
24.702959 -17.943926
24.706551 -17.942528
24.708172 -17.933792
24.717226 -17.924093
24.721252 -17.916264
24.727732 -17.916452
24.729631 -17.913456
24.727680 -17.908876
24.728613 -17.904736
24.733852 -17.899195
24.732389 -17.895760
24.736191 -17.890224
24.738119 -17.889824
24.740742 -17.889278
24.742670 -17.890415
24.744148 -17.896147
24.746803 -17.898657
24.750401 -17.898176
24.756586 -17.890789
24.767132 -17.889347
24.771423 -17.885645
24.777180 -17.885380
24.777407 -17.883312
24.770897 -17.878990
24.769434 -17.875553
24.770866 -17.874628
24.776381 -17.874134
24.780479 -17.877092
24.784801 -17.877525
24.790045 -17.872898
24.791992 -17.876791
24.795828 -17.876535
24.800116 -17.872147
24.806345 -17.871187
24.808231 -17.866814
24.804831 -17.860865
24.806965 -17.857407
24.813265 -17.856325
24.820381 -17.855619
24.820381 -17.855619
24.832096 -17.852285
24.838974 -17.845554
24.847847 -17.845463
24.856436 -17.841469
24.861465 -17.840958
24.873026 -17.844971
24.880581 -17.834785
24.895897 -17.831869
24.902086 -17.828127
24.907522 -17.821409
24.911503 -17.813330
24.937168 -17.813971
24.947914 -17.810179
24.953508 -17.797028
24.961365 -17.792578
24.961365 -17.792578
24.969986 -17.789690
24.976700 -17.789871
24.980553 -17.791679
24.981773 -17.794426
24.978933 -17.798809
24.966269 -17.804184
24.966055 -17.807171
24.967890 -17.810225
24.969215 -17.812429
24.977144 -17.814436
24.979563 -17.816944
24.977215 -17.822933
24.979401 -17.826130
24.987831 -17.830660
24.990704 -17.829950
25.000000 -17.820339
25.002115 -17.818153
25.005953 -17.818354
25.008848 -17.820398
25.009363 -17.824528
25.000814 -17.834467
25.004196 -17.837425
25.010429 -17.837149
25.028803 -17.826447
25.043030 -17.813190
25.045456 -17.810932
25.050499 -17.811811
25.059919 -17.819544
25.061880 -17.824581
25.059046 -17.829195
25.050901 -17.830406
25.049961 -17.832481
25.052149 -17.835907
25.061281 -17.838133
25.068766 -17.843815
25.099154 -17.835764
25.113485 -17.829447
25.119661 -17.822966
25.121803 -17.814037
25.122202 -17.812384
25.125999 -17.808218
25.131506 -17.807484
25.135864 -17.811810
25.138508 -17.812477
25.141853 -17.811300
25.147068 -17.804829
25.154079 -17.785480
25.157642 -17.781776
25.162907 -17.780813
25.215015 -17.790514
