> central_african_rep 0
22.560961 10.987876
22.568689 10.984187
22.573027 10.984353
22.577065 10.987696
22.583765 10.990228
22.604437 10.996717
22.612274 10.997043
22.632048 10.990393
22.655767 10.979481
22.681807 10.980169
22.682911 10.980199
22.694756 10.975240
22.697397 10.975393
22.697397 10.975393
22.703142 10.972263
22.710827 10.971613
22.734318 10.974494
22.744577 10.971098
22.756031 10.961960
22.759808 10.952942
22.761219 10.949572
22.768696 10.944092
22.775671 10.945276
22.817385 10.934446
22.847406 10.934130
22.853239 10.931169
22.865801 10.932147
22.881338 10.930898
22.881338 10.930898
22.877228 10.917418
22.885273 10.894696
22.891115 10.887633
22.898781 10.882240
22.908524 10.872138
22.913891 10.869879
22.920692 10.862574
22.921518 10.846259
22.936306 10.827382
22.972715 10.780892
22.976225 10.778159
22.990643 10.747001
22.993763 10.733921
22.998480 10.724761
23.002251 10.721087
23.007380 10.716089
23.054989 10.690451
23.069483 10.679288
23.072975 10.678392
23.077909 10.671071
23.087496 10.663092
23.107664 10.652094
23.129959 10.639934
23.136740 10.634233
23.159536 10.597147
23.186424 10.572959
23.191082 10.571380
23.195843 10.564651
23.209377 10.545525
23.216702 10.540676
23.228025 10.536220
23.241329 10.526650
23.247908 10.515429
23.263840 10.494613
23.270607 10.489828
23.287579 10.481584
23.301876 10.474637
23.323154 10.444410
23.327160 10.435241
23.341692 10.413723
23.344524 10.406155
23.350134 10.400212
23.361420 10.381569
23.383675 10.344790
23.387407 10.341823
23.390707 10.333569
23.426769 10.280455
23.428858 10.274915
23.429363 10.273575
23.486477 10.182830
23.487463 10.178292
23.495321 10.167393
23.501493 10.158834
23.562086 10.059727
23.586912 10.019101
23.599091 10.000000
23.629433 9.952413
23.668243 9.891512
23.675682 9.837675
23.692970 9.712479
23.697796 9.677515
23.697866 9.667719
23.684540 9.642073
23.667936 9.618145
23.664454 9.600384
23.661345 9.596100
23.654255 9.586333
23.650160 9.572070
23.632635 9.558431
23.628553 9.542100
23.652636 9.540150
23.655664 9.536489
23.646914 9.527488
23.641418 9.515745
23.641022 9.509360
23.640562 9.501958
23.633532 9.473898
23.634018 9.469076
23.643856 9.445694
23.651690 9.452394
23.661158 9.456574
23.667866 9.456836
23.672737 9.454562
23.677443 9.438735
23.673979 9.428529
23.671741 9.421939
23.663721 9.406510
23.650827 9.394045
23.651112 9.383710
23.646271 9.380470
23.639111 9.343263
23.639620 9.323704
23.642675 9.314072
23.642902 9.313654
23.653646 9.293913
23.655308 9.285652
23.651209 9.273000
23.646832 9.269763
23.640110 9.272946
23.632484 9.271531
23.620293 9.259297
23.612501 9.245708
23.614162 9.237449
23.610962 9.230542
23.599926 9.223974
23.594608 9.220809
23.572378 9.197687
23.545816 9.177616
23.539824 9.174369
23.527576 9.173845
23.513670 9.180202
23.509512 9.179950
23.505386 9.173268
23.496433 9.172913
23.491983 9.172736
23.490030 9.149989
23.476307 9.141964
23.471727 9.117049
23.475279 9.102532
23.475092 9.094333
23.465488 9.076367
23.463236 9.066480
23.463497 9.062200
23.464510 9.045589
23.462000 9.040065
23.450762 9.025765
23.447809 9.017022
23.450850 9.010380
23.463358 9.004708
23.465012 8.998518
23.463476 8.984043
23.465570 8.981298
23.480375 8.977706
23.482704 8.974275
23.492365 8.967807
23.500397 8.962429
23.503613 8.961927
23.512735 8.963490
23.531273 8.963513
23.545286 8.977593
23.569607 9.008260
23.577238 9.007152
23.586300 8.997323
23.587152 8.991421
23.588457 8.982409
23.585564 8.961498
23.588160 8.951179
23.588711 8.934190
23.586021 8.918562
23.581026 8.902694
23.570274 8.883351
23.569605 8.878985
23.565699 8.875522
23.564795 8.871843
23.564526 8.871474
23.546459 8.846722
23.536814 8.837028
23.523449 8.832365
23.514019 8.826117
23.508539 8.814837
23.508127 8.806110
23.511658 8.793732
23.508223 8.771820
23.508331 8.771429
23.509130 8.768552
23.519823 8.758872
23.520107 8.726969
23.544621 8.717686
23.557552 8.716146
23.569920 8.733887
23.577499 8.740583
23.583773 8.741320
23.608177 8.744183
23.629639 8.744518
23.637728 8.742492
23.676817 8.725233
23.706562 8.723339
23.713755 8.722880
23.732706 8.716769
23.738941 8.716108
23.783173 8.733065
23.790785 8.733787
23.794022 8.732423
23.812708 8.734340
23.818005 8.736888
23.828176 8.735147
23.829782 8.734871
23.873480 8.716456
23.889854 8.719276
23.901066 8.723367
23.908068 8.723481
23.940582 8.730035
23.949547 8.728346
23.968065 8.724857
23.975473 8.718916
23.994438 8.707966
24.006670 8.707550
24.018892 8.710119
24.037584 8.709954
24.060984 8.703156
24.068478 8.703440
24.069817 8.703276
24.101543 8.699379
24.131796 8.692358
24.139864 8.694908
24.164513 8.707838
24.174671 8.706491
24.189646 8.697819
24.194784 8.694842
24.199644 8.690265
24.205879 8.688216
24.216246 8.694215
24.223377 8.701351
24.224522 8.704798
24.234198 8.710564
24.245499 8.712890
24.252655 8.711761
24.260986 8.703060
24.259888 8.683774
24.255072 8.673202
24.250095 8.666057
24.237608 8.648132
24.232567 8.636642
24.232119 8.631820
24.236307 8.619435
24.244177 8.610274
24.252121 8.606532
24.263224 8.597426
24.267941 8.592734
24.269745 8.588733
24.268497 8.586247
24.255875 8.578927
24.248474 8.571372
24.233263 8.555844
24.207294 8.525015
24.206844 8.521570
24.203852 8.519956
24.202480 8.515591
24.191919 8.500182
24.171225 8.481531
24.168756 8.475550
24.163446 8.462687
24.164877 8.447314
24.161928 8.432387
24.161058 8.416090
24.154907 8.392893
24.151928 8.387605
24.153368 8.369939
24.160780 8.358257
24.163582 8.355745
24.175571 8.344991
24.180218 8.333302
24.199409 8.312245
24.203583 8.303996
24.217426 8.297839
24.222279 8.293263
24.236126 8.285500
24.255030 8.282109
24.257919 8.280720
24.271641 8.274121
24.300234 8.265474
24.323950 8.270811
24.338465 8.271075
24.343315 8.266498
24.349560 8.256415
24.360399 8.251851
24.371500 8.251407
24.372450 8.252332
24.378124 8.257857
24.409418 8.275364
24.414244 8.280652
24.424608 8.282280
24.430832 8.281604
24.439369 8.275885
24.461723 8.272717
24.475542 8.275267
24.478775 8.272289
24.481489 8.265158
24.490818 8.240646
24.493359 8.237668
24.503262 8.238832
24.507412 8.236316
24.511114 8.228063
24.515961 8.223022
24.554003 8.204270
24.560686 8.202905
24.568516 8.203605
24.576359 8.206665
24.605118 8.217885
24.621927 8.222956
24.647030 8.226201
24.668228 8.223473
24.681824 8.219588
24.688513 8.212253
24.695467 8.209491
24.702341 8.206761
24.714088 8.206544
24.729748 8.209771
24.739655 8.208863
24.748875 8.202676
24.756262 8.186851
24.761332 8.183642
24.770544 8.184568
24.779299 8.181822
24.803015 8.188951
24.805086 8.191248
24.805746 8.191236
24.831806 8.190805
24.845865 8.177047
24.853231 8.183704
24.861984 8.181643
24.864750 8.180498
24.868208 8.173616
24.878126 8.147465
24.888725 8.137604
24.891226 8.129315
24.894262 8.119251
24.902117 8.062817
24.905806 8.051577
24.909491 8.047219
24.920082 8.044010
24.934589 8.034838
24.942186 8.031628
24.945536 8.028182
24.956232 8.017178
24.965755 8.000000
24.965263 7.999300
24.965952 7.994937
24.971701 7.983683
24.997944 7.964146
25.000000 7.963376
25.005314 7.961386
25.030869 7.944833
25.058723 7.927360
25.076214 7.910353
25.080124 7.904839
25.087479 7.888528
25.093233 7.883701
25.100374 7.884384
25.116964 7.891948
25.127100 7.892169
25.139540 7.894684
25.147606 7.899270
25.167416 7.899022
25.180088 7.902913
25.189524 7.895556
25.193432 7.888205
25.197573 7.883837
25.205858 7.877858
25.213446 7.867057
25.228649 7.869339
25.230951 7.867729
25.230947 7.864054
25.229788 7.856707
25.245661 7.840844
25.251183 7.835097
25.260605 7.816715
25.266586 7.812575
25.267033 7.799483
25.271864 7.796492
25.278315 7.796945
25.284540 7.803598
25.289602 7.799689
25.292356 7.792337
25.286818 7.781548
25.289104 7.767765
25.292543 7.755817
25.293222 7.745711
25.292063 7.739281
25.288370 7.731246
25.281221 7.724592
25.286736 7.713562
25.280277 7.704151
25.280270 7.697950
25.287632 7.691969
25.289232 7.683010
25.292452 7.680020
25.295677 7.680935
25.301661 7.677023
25.305338 7.672426
25.304869 7.665306
25.300489 7.661635
25.288977 7.662566
25.286669 7.657056
25.292187 7.650848
25.291948 7.643957
25.287798 7.638908
25.266373 7.629282
25.256462 7.621253
25.245182 7.624250
25.236891 7.620813
25.231813 7.610481
25.219610 7.611641
25.214314 7.609579
25.213846 7.604067
25.210615 7.597638
25.204855 7.593967
25.188965 7.591227
25.184582 7.582730
25.175369 7.579293
25.173059 7.573323
25.173977 7.569645
25.178806 7.565506
25.187092 7.561133
25.197424 7.536082
25.199476 7.516323
25.199924 7.506444
25.195770 7.496568
25.200367 7.488982
25.206348 7.485071
25.210491 7.484837
25.214869 7.487130
25.221083 7.486205
25.226376 7.484131
25.234192 7.474015
25.238794 7.472172
25.251917 7.472618
25.263655 7.470309
25.270327 7.467544
25.275631 7.475351
25.279533 7.465237
25.286438 7.463392
25.287355 7.460864
25.282743 7.454895
25.283432 7.452596
25.291487 7.451668
25.297001 7.441782
25.306890 7.435110
25.306883 7.428216
25.310099 7.422698
25.317467 7.423379
25.323685 7.427049
25.328520 7.426124
25.336571 7.421750
25.337257 7.418762
25.336096 7.410262
25.343447 7.397846
25.349422 7.390716
25.346418 7.381988
25.347332 7.376472
25.352154 7.366127
25.353525 7.358082
25.361103 7.344516
25.366161 7.341063
25.377899 7.340591
25.388006 7.324723
25.389387 7.324032
25.395142 7.324714
25.400446 7.331142
25.404129 7.332746
25.425287 7.318473
25.431723 7.312490
25.434477 7.306512
25.437923 7.302831
25.446676 7.307416
25.451738 7.306261
25.454956 7.302120
25.451483 7.288337
25.452858 7.283050
25.462530 7.288093
25.465292 7.287170
25.469194 7.280042
25.473795 7.278886
25.477465 7.269229
25.483448 7.268992
25.492664 7.276334
25.495884 7.273572
25.497028 7.268745
25.499096 7.267363
25.506693 7.267813
25.509918 7.271255
25.510391 7.278838
25.521893 7.274457
25.526499 7.276978
25.534550 7.273749
25.537994 7.268919
25.544189 7.256501
25.548328 7.253048
25.549433 7.251894
25.549433 7.251894
25.553167 7.256488
25.558462 7.258549
25.565132 7.255552
25.570879 7.250029
25.567175 7.236245
25.569010 7.233026
25.578899 7.228185
25.583750 7.238750
25.588354 7.240582
25.595942 7.235514
25.596621 7.228390
25.595463 7.223105
25.597986 7.218735
25.604427 7.215968
25.617319 7.218937
25.628126 7.212256
25.631805 7.211331
25.644926 7.212461
25.647917 7.211537
25.655031 7.200036
25.665379 7.194044
25.673199 7.192194
25.682865 7.192409
25.690006 7.196764
25.700586 7.193300
25.705645 7.190305
25.713902 7.173743
25.719877 7.169597
25.728865 7.176938
25.736691 7.177845
25.741524 7.177836
25.750952 7.174144
25.751410 7.172074
25.750471 7.162423
25.751156 7.158975
25.763121 7.158036
25.773472 7.154801
25.804995 7.152909
25.818104 7.149209
25.824080 7.144603
25.824764 7.142074
25.822666 7.127597
25.812292 7.117043
25.811598 7.114745
25.816883 7.110829
25.830917 7.109656
25.834597 7.107581
25.862898 7.107071
25.867035 7.104765
25.875305 7.096936
25.889112 7.096910
25.893471 7.090237
25.901291 7.088615
25.906572 7.083088
25.905186 7.080103
25.895275 7.071847
25.894114 7.065642
25.899628 7.061725
25.922863 7.058694
25.924463 7.054095
25.923759 7.046740
25.929272 7.042133
25.958948 7.038859
25.977812 7.036985
25.982866 7.033297
25.983545 7.028239
25.979385 7.018823
25.979832 7.011926
25.985573 7.006858
25.988792 7.006622
26.007664 7.008883
26.030670 7.007460
26.048601 7.000528
26.054111 6.994311
26.054090 6.985345
26.045315 6.969273
26.045076 6.965365
26.047134 6.959154
26.054926 6.944887
26.049852 6.938919
26.041094 6.931811
26.040165 6.927445
26.040850 6.925145
26.048206 6.922142
26.056950 6.922584
26.062702 6.923721
26.060602 6.910393
26.067944 6.900723
26.071854 6.899565
26.077379 6.901623
26.085443 6.908273
26.089117 6.904128
26.089781 6.892172
26.084892 6.865515
26.085558 6.854249
26.093575 6.838599
26.104586 6.823862
26.114687 6.815335
26.145506 6.812972
26.157236 6.812486
26.167589 6.813154
26.176317 6.807848
26.179522 6.800714
26.173746 6.789920
26.176727 6.786005
26.203140 6.768475
26.208418 6.762945
26.209549 6.754895
26.207232 6.747313
26.216187 6.741086
26.224470 6.741987
26.240335 6.739652
26.257572 6.734095
26.259401 6.729493
26.258917 6.719147
26.262802 6.709022
26.272221 6.704172
26.284178 6.702535
26.313848 6.703157
26.322117 6.698539
26.330606 6.690701
26.335205 6.689541
26.349237 6.690658
26.357512 6.689029
26.372662 6.676576
26.382288 6.663446
26.391468 6.655836
26.400660 6.652825
26.407097 6.651889
26.414434 6.643824
26.415108 6.637383
26.410244 6.623829
26.403774 6.611658
26.387419 6.601349
26.381655 6.594925
26.380486 6.587570
26.381844 6.578828
26.377008 6.576540
26.372410 6.576781
26.362068 6.579335
26.357698 6.579345
26.352859 6.575218
26.349361 6.555910
26.349808 6.550159
26.346117 6.546029
26.340361 6.542824
26.335985 6.540074
26.330679 6.533188
26.327427 6.519857
26.320511 6.512285
26.326927 6.503761
26.326914 6.498012
26.323223 6.493652
26.297241 6.493942
26.293083 6.486362
26.291454 6.477857
26.286589 6.462460
26.290031 6.459923
26.295092 6.460601
26.303610 6.465410
26.308424 6.459650
26.307028 6.452064
26.300562 6.441040
26.301704 6.438278
26.315708 6.429737
26.313852 6.422842
26.311316 6.419628
26.298416 6.409308
26.294029 6.401958
26.293549 6.392990
26.297903 6.387690
26.313971 6.377074
26.334394 6.361617
26.343580 6.356995
26.343578 6.356075
26.361929 6.340392
26.384619 6.312277
26.396557 6.305809
26.428268 6.301362
26.437229 6.299499
26.443655 6.294653
26.447319 6.289354
26.455585 6.285883
26.466156 6.284247
26.475561 6.277323
26.476244 6.274101
26.472717 6.244669
26.472467 6.237079
26.475433 6.228101
26.480700 6.220497
26.488728 6.214496
26.496319 6.216317
26.502077 6.220443
26.508984 6.224566
26.517723 6.226383
26.527143 6.224749
26.532646 6.220134
26.535391 6.215066
26.535595 6.205636
26.533728 6.194599
26.524025 6.176913
26.517569 6.168879
26.509724 6.157858
26.499586 6.148913
26.490841 6.144334
26.483009 6.138143
26.466209 6.130135
26.459068 6.123712
26.450510 6.102800
26.451155 6.085776
26.455734 6.079323
26.460327 6.077702
26.466082 6.081138
26.486593 6.102709
26.497412 6.108663
26.517195 6.115283
26.519033 6.115509
26.520866 6.113433
26.524292 6.105143
26.531635 6.101444
26.532522 6.089020
26.538017 6.081874
26.536840 6.071065
26.539120 6.063928
26.543705 6.060236
26.552198 6.056763
26.554239 6.046405
26.560179 6.033278
26.574640 6.027719
26.580153 6.026554
26.588657 6.027221
26.597168 6.029728
26.605442 6.029937
26.610031 6.027853
26.620111 6.016785
26.635048 6.016284
26.646982 6.010500
26.655008 6.004957
26.662361 6.004246
26.667192 6.006534
26.683544 6.018911
26.695267 6.019569
26.704222 6.017014
26.719816 6.005927
26.731308 6.006585
26.736378 6.011171
26.743280 6.014372
26.751780 6.013197
26.759119 6.008115
26.769432 5.998654
26.782755 5.997005
26.792625 5.993526
26.799259 5.983613
26.802246 5.983145
26.805708 5.987736
26.810532 5.987492
26.819244 5.980795
26.828379 5.962133
26.832903 5.939115
26.833025 5.903914
26.835077 5.898847
26.842182 5.892844
26.851360 5.888676
26.860775 5.886807
26.873169 5.882399
26.888586 5.889715
26.891352 5.892237
26.904686 5.894726
26.915941 5.893542
26.922363 5.890071
26.926933 5.881775
26.926685 5.876254
26.928503 5.870037
26.933771 5.864729
26.948454 5.857781
26.958761 5.847857
26.963123 5.847153
26.984526 5.857439
26.996935 5.858320
27.002674 5.856691
27.015972 5.848367
27.025587 5.837523
27.025333 5.830390
27.022774 5.820506
27.027803 5.813128
27.032164 5.811272
27.045254 5.809850
27.047775 5.808461
27.046581 5.794890
27.050932 5.790275
27.056919 5.794397
27.061745 5.794382
27.072054 5.786295
27.080132 5.797082
27.091400 5.800267
27.103807 5.800687
27.105873 5.799759
27.107666 5.786639
27.119173 5.792813
27.118898 5.779469
27.120033 5.775323
27.130379 5.777590
27.134491 5.770904
27.137707 5.770894
27.145061 5.771560
27.147133 5.772703
27.153103 5.771763
27.160440 5.767366
27.163866 5.761603
27.157413 5.755642
27.146381 5.754298
27.143618 5.752697
27.144985 5.749241
27.150709 5.743930
27.159199 5.740681
27.174795 5.733495
27.188328 5.727468
27.197926 5.712939
27.207993 5.701631
27.217592 5.687792
27.218262 5.682037
27.212706 5.670092
27.216818 5.663634
27.228043 5.654852
27.237190 5.643316
27.238087 5.637330
27.237591 5.627207
27.235266 5.619162
27.230412 5.610665
27.236362 5.604432
27.237913 5.588779
27.241579 5.586235
27.245506 5.592204
27.255180 5.599764
27.259546 5.600440
27.268951 5.597185
27.283386 5.587010
27.283823 5.581026
27.274832 5.571853
27.271826 5.566340
27.277281 5.550214
27.278843 5.537783
27.276520 5.530197
27.269136 5.521019
27.258522 5.506788
27.255955 5.495522
27.251762 5.479198
27.243196 5.459898
27.238337 5.449328
27.233204 5.426795
27.234062 5.410223
27.239929 5.380976
27.247709 5.373585
27.257311 5.361354
27.257067 5.356983
27.245779 5.347126
27.248920 5.326864
27.261253 5.308410
27.275152 5.278444
27.282471 5.270594
27.292778 5.263653
27.297781 5.250748
27.298208 5.241540
27.300915 5.228182
27.315992 5.207876
27.323767 5.199333
27.336611 5.196065
27.350147 5.193485
27.356554 5.187938
27.359957 5.176879
27.396597 5.152580
27.401611 5.143126
27.405884 5.118944
27.432856 5.088695
27.447979 5.081504
27.455286 5.071810
27.456636 5.064670
27.454691 5.035907
27.456726 5.027844
27.461510 5.018389
27.463421 5.016153
27.452085 5.015203
27.444752 5.017531
27.441082 5.021952
27.442156 5.037694
27.446507 5.047594
27.446272 5.052887
27.442589 5.063470
27.438223 5.070831
27.431561 5.077729
27.414570 5.087839
27.394136 5.096105
27.385427 5.097843
27.373478 5.100227
27.360851 5.105278
27.340651 5.110780
27.333073 5.114684
27.324343 5.122960
27.318144 5.126406
27.306208 5.128464
27.290594 5.135121
27.268555 5.141080
27.257538 5.143139
27.231823 5.152315
27.195995 5.172063
27.181749 5.184934
27.173441 5.189949
27.173441 5.189949
27.158047 5.199243
27.157402 5.199632
27.142937 5.204216
27.112179 5.206707
27.078672 5.204131
27.066742 5.200893
27.050917 5.193277
27.029123 5.187033
27.018803 5.181035
27.001152 5.166971
26.985329 5.158894
26.979593 5.157504
26.970192 5.152197
26.966755 5.148740
26.955057 5.144810
26.947952 5.138586
26.935108 5.134194
26.932135 5.127745
26.936047 5.121307
26.934900 5.119464
26.927561 5.117843
26.925112 5.113735
26.924128 5.112083
26.912231 5.088361
26.912245 5.080076
26.905373 5.073391
26.901014 5.072234
26.894814 5.074525
26.891144 5.073599
26.888628 5.068071
26.891392 5.063013
26.889791 5.059098
26.884293 5.053336
26.884995 5.045512
26.880865 5.044354
26.878807 5.040668
26.875595 5.039973
26.872164 5.033754
26.865963 5.036506
26.859303 5.039717
26.856321 5.039021
26.854481 5.042241
26.848280 5.044992
26.850105 5.051209
26.845968 5.054655
26.835180 5.056708
26.831505 5.059233
26.829210 5.058769
26.825783 5.049788
26.821198 5.047709
26.808115 5.049068
26.806278 5.050446
26.803740 5.058726
26.797773 5.058486
26.793863 5.063083
26.792250 5.067223
26.793158 5.072517
26.783745 5.075493
26.789013 5.081485
26.786480 5.086084
26.781435 5.083544
26.774191 5.085017
26.771336 5.085598
26.770641 5.088128
26.772243 5.090662
26.771320 5.093653
26.773375 5.100330
26.772453 5.101709
26.766493 5.098707
26.757769 5.100533
26.753872 5.097304
26.749960 5.103511
26.740784 5.101884
26.732536 5.094735
26.726559 5.100248
26.725182 5.100015
26.723131 5.092187
26.721525 5.091724
26.717840 5.099542
26.710949 5.102521
26.709360 5.093543
26.697206 5.088228
26.690554 5.087525
26.687794 5.090972
26.689394 5.093967
26.688929 5.096958
26.681358 5.096254
26.679987 5.093489
26.682980 5.087511
26.681152 5.084055
26.676105 5.082205
26.669691 5.077361
26.662119 5.076426
26.655464 5.076183
26.652935 5.078710
26.650398 5.085609
26.645580 5.084910
26.640984 5.088583
26.638245 5.081444
26.630898 5.082811
26.627460 5.080273
26.633450 5.069007
26.632309 5.065093
26.628870 5.063475
26.625191 5.067381
26.621288 5.067834
26.620367 5.070133
26.621965 5.073818
26.621496 5.078881
26.614609 5.080248
26.621021 5.086935
26.619413 5.088082
26.601986 5.081605
26.600325 5.077492
26.599474 5.075386
26.596493 5.073770
26.592361 5.074682
26.589592 5.082501
26.585232 5.082032
26.585009 5.078810
26.583405 5.077656
26.578348 5.081328
26.575138 5.080862
26.571711 5.073030
26.571949 5.068658
26.574707 5.067052
26.575630 5.064523
26.574484 5.063370
26.564386 5.063580
26.560938 5.066795
26.559771 5.076459
26.557247 5.076454
26.555643 5.075070
26.554281 5.067933
26.550388 5.064013
26.554531 5.058497
26.548796 5.057105
26.544224 5.049041
26.540327 5.046502
26.538485 5.049950
26.543747 5.057325
26.543736 5.062849
26.541660 5.067907
26.533859 5.067201
26.531803 5.063055
26.533422 5.056844
26.526794 5.044173
26.518990 5.045307
26.515306 5.050363
26.509125 5.043906
26.503839 5.047808
26.502909 5.053790
26.499691 5.055854
26.494873 5.055384
26.494236 5.053237
26.494236 5.053237
26.492823 5.048476
26.490763 5.046400
26.488008 5.046394
26.483177 5.052368
26.484877 5.056369
26.485916 5.058818
26.484764 5.061577
26.478575 5.058572
26.470533 5.063159
26.466183 5.058776
26.463657 5.058541
26.459974 5.064057
26.455841 5.065659
26.452841 5.073017
26.454903 5.074862
26.460869 5.075565
26.461782 5.077178
26.456944 5.086374
26.456934 5.090286
26.458990 5.095124
26.457150 5.096961
26.450954 5.096257
26.444313 5.090490
26.440868 5.091173
26.438793 5.095541
26.442902 5.105676
26.441050 5.113957
26.439833 5.113458
26.433712 5.110950
26.424068 5.113000
26.421770 5.115066
26.422441 5.122432
26.418083 5.120812
26.413034 5.121261
26.411882 5.123560
26.414850 5.130470
26.414156 5.133000
26.405436 5.132751
26.403376 5.129985
26.401787 5.122617
26.399494 5.121232
26.397182 5.129051
26.393278 5.129963
26.390749 5.132259
26.393723 5.136638
26.390944 5.147448
26.388416 5.148824
26.385984 5.148620
26.379927 5.148114
26.373510 5.143498
26.366398 5.142791
26.361116 5.144620
26.353750 5.154039
26.351223 5.155415
26.342062 5.146879
26.333336 5.149621
26.328289 5.148459
26.325771 5.145231
26.327169 5.136259
26.324417 5.136023
26.318893 5.142684
26.317955 5.151658
26.315884 5.153264
26.312674 5.152566
26.310848 5.147499
26.311546 5.144279
26.309715 5.141973
26.306505 5.140355
26.303291 5.140808
26.301683 5.141724
26.301201 5.151389
26.297293 5.154372
26.295212 5.160810
26.291540 5.160342
26.283060 5.155950
26.282133 5.159860
26.287397 5.165395
26.285553 5.169303
26.282564 5.170907
26.257092 5.169927
26.254564 5.171532
26.254564 5.171532
26.253868 5.174982
26.260496 5.185814
26.254288 5.191092
26.254053 5.192703
26.253811 5.197995
26.249451 5.198445
26.245785 5.195675
26.243290 5.183472
26.238235 5.185301
26.236610 5.192661
26.232237 5.198174
26.239563 5.205555
26.237490 5.208542
26.229692 5.206683
26.223265 5.206897
26.221230 5.194005
26.218008 5.197450
26.215927 5.204118
26.209719 5.208476
26.218426 5.214250
26.211752 5.221828
26.210592 5.226658
26.211267 5.231953
26.208042 5.237008
26.202991 5.237226
26.200245 5.234228
26.196833 5.221792
26.190647 5.217635
26.186745 5.217855
26.184443 5.219921
26.191540 5.227072
26.187853 5.233507
26.186914 5.241559
26.184618 5.241553
26.180042 5.235789
26.176918 5.234778
26.174309 5.233933
26.169043 5.229088
26.164223 5.228846
26.160084 5.232058
26.157776 5.237575
26.163465 5.255999
26.160934 5.258524
26.146706 5.257798
26.140953 5.263077
26.136360 5.263986
26.134300 5.262140
26.135006 5.255008
26.133871 5.250633
26.130659 5.250165
26.128609 5.243716
26.122650 5.240249
26.120146 5.231958
26.116709 5.229878
26.112116 5.231247
26.107738 5.236989
26.103146 5.238819
26.092819 5.237872
26.090986 5.236486
26.090534 5.233493
26.092607 5.230967
26.100883 5.225235
26.101351 5.222245
26.097015 5.213028
26.099552 5.208202
26.099215 5.207633
26.098181 5.205897
26.092670 5.206573
26.086456 5.213462
26.076817 5.213207
26.071095 5.207439
26.070429 5.198462
26.067915 5.194083
26.063095 5.194300
26.053894 5.202101
26.053635 5.213377
26.050192 5.213368
26.046526 5.210826
26.041498 5.202989
26.038286 5.202291
26.027716 5.206865
26.023359 5.205472
26.016474 5.205685
26.010960 5.208201
26.008652 5.212798
26.011610 5.222241
26.009296 5.228448
26.006538 5.230282
26.001030 5.229807
25.996000 5.222660
25.992565 5.220119
25.989342 5.223793
25.985167 5.239660
25.977144 5.235266
25.966621 5.223041
25.961166 5.203925
25.961863 5.200475
25.966240 5.194504
25.963953 5.191736
25.959133 5.192183
25.950146 5.204586
25.942337 5.206635
25.937750 5.205472
25.926527 5.197156
25.917805 5.197823
25.912058 5.200799
25.909534 5.200331
25.909126 5.198361
25.908628 5.195956
25.909559 5.191586
25.916698 5.183321
25.917410 5.174809
25.916046 5.170202
25.908487 5.164888
25.905045 5.165109
25.902735 5.170625
25.903166 5.180292
25.899702 5.187416
25.898535 5.194547
25.896000 5.197992
25.890030 5.199126
25.884966 5.203944
25.880140 5.206002
25.887234 5.213616
25.883776 5.218670
25.877039 5.219126
25.877039 5.219126
25.867477 5.219774
25.861969 5.219759
25.847073 5.211892
25.845018 5.208434
25.845724 5.202453
25.842991 5.195311
25.839096 5.192998
25.835899 5.186775
25.831991 5.189526
25.832666 5.193439
25.831284 5.195507
25.824846 5.199631
25.821842 5.206296
25.820663 5.217109
25.817909 5.217101
25.811493 5.213630
25.808964 5.215234
25.808493 5.219375
25.816954 5.229755
25.817846 5.238272
25.820818 5.242884
25.820120 5.245873
25.817364 5.246325
25.809797 5.244002
25.799917 5.238760
25.796276 5.236829
25.791458 5.236124
25.790075 5.237731
25.790527 5.240264
25.798994 5.248573
25.800817 5.253181
25.798954 5.262610
25.792496 5.272717
25.787674 5.273394
25.770029 5.263676
25.770267 5.260686
25.772108 5.259541
25.782202 5.260951
25.784962 5.259118
25.785889 5.256359
25.783379 5.251519
25.775356 5.247583
25.770782 5.242047
25.764818 5.240648
25.749680 5.237842
25.749224 5.236690
25.745966 5.251408
25.740200 5.260596
25.739956 5.264968
25.735823 5.265876
25.728483 5.263553
25.720211 5.266980
25.718134 5.270195
25.719038 5.274800
25.713976 5.279618
25.712559 5.292040
25.708872 5.297091
25.704273 5.299379
25.691412 5.301411
25.686352 5.304847
25.679693 5.305287
25.679693 5.305287
25.674393 5.312174
25.669804 5.311240
25.664999 5.306393
25.660870 5.306150
25.662886 5.321574
25.661724 5.325943
25.658733 5.328005
25.644964 5.327041
25.640615 5.322886
25.637192 5.316892
25.637201 5.313670
25.642042 5.307242
25.639990 5.302863
25.634485 5.301695
25.630577 5.303524
25.628040 5.306968
25.627523 5.314558
25.627319 5.317552
25.623863 5.321453
25.603437 5.320238
25.601822 5.322764
25.607996 5.330378
25.612347 5.334073
25.624500 5.337793
25.626783 5.341482
25.622633 5.347452
25.618498 5.348130
25.611618 5.346267
25.603580 5.346932
25.601061 5.345314
25.597158 5.345531
25.587717 5.354706
25.586555 5.358844
25.587898 5.369894
25.581453 5.375166
25.573643 5.376752
25.560331 5.375329
25.555048 5.376462
25.546064 5.386098
25.540785 5.385851
25.536892 5.382847
25.535305 5.376629
25.536699 5.371801
25.546825 5.363780
25.550287 5.358268
25.547544 5.354577
25.528038 5.352903
25.516726 5.346797
25.511311 5.343874
25.506708 5.347311
25.502079 5.358802
25.497469 5.364079
25.492870 5.366135
25.486904 5.365885
25.482782 5.362650
25.480522 5.351827
25.476406 5.347672
25.471819 5.346506
25.464233 5.349242
25.460331 5.348999
25.445898 5.340666
25.432409 5.324743
25.429209 5.320590
25.425770 5.319198
25.419804 5.318947
25.414976 5.321002
25.409903 5.327428
25.408485 5.339620
25.404114 5.342597
25.400217 5.340512
25.398399 5.335213
25.398199 5.326698
25.395000 5.322315
25.391792 5.320693
25.376183 5.320870
25.373205 5.318789
25.367708 5.315548
25.366808 5.310252
25.369581 5.304969
25.373486 5.304522
25.381506 5.308002
25.384733 5.304330
25.384291 5.299956
25.380411 5.293040
25.374693 5.287037
25.371027 5.285183
25.360922 5.286990
25.357252 5.286286
25.347898 5.269685
25.344028 5.260467
25.338396 5.225666
25.338396 5.225666
25.335943 5.210501
25.332752 5.204046
25.328173 5.201038
25.321997 5.195034
25.320646 5.187434
25.324106 5.182613
25.324362 5.175480
25.332232 5.156406
25.337070 5.151131
25.341204 5.150224
25.341921 5.150442
25.352667 5.153716
25.354507 5.152572
25.355207 5.149122
25.352283 5.132312
25.351200 5.114127
25.348700 5.106985
25.335899 5.092441
25.329512 5.081832
25.327703 5.074231
25.330536 5.051918
25.328945 5.047539
25.327354 5.043161
25.317970 5.036223
25.284491 5.029661
25.259258 5.027500
25.253717 5.026172
25.247566 5.024697
25.231312 5.014281
25.223511 5.014023
25.209499 5.017654
25.201698 5.017396
25.198536 5.014340
25.198536 5.014340
25.197582 5.013699
25.194399 5.005862
25.191195 5.003779
25.183853 5.003292
25.179947 5.004888
25.167286 5.015658
25.166571 5.022790
25.163572 5.026922
25.160585 5.028292
25.154160 5.028268
25.152100 5.026649
25.149134 5.022266
25.147568 5.011443
25.136427 5.000000
25.133625 4.997122
25.115744 4.992682
25.110254 4.988288
25.106625 4.977458
25.100681 4.971452
25.097967 4.961084
25.090937 4.939654
25.088419 4.937803
25.082220 4.938931
25.073021 4.944649
25.061039 4.957723
25.046553 4.965722
25.027737 4.965880
25.022678 4.968622
25.019451 4.972522
25.017117 4.982409
25.010624 4.989317
25.000326 4.993162
24.983345 4.993095
24.953314 4.986303
24.949427 4.982835
24.946924 4.977531
24.944426 4.971077
24.939404 4.964613
24.933681 4.961138
24.928406 4.960657
24.919218 4.963382
24.907520 4.962185
24.890774 4.961657
24.888494 4.957965
24.883968 4.942297
24.878481 4.937672
24.873207 4.936500
24.842222 4.939135
24.822948 4.939287
24.818140 4.936965
24.811285 4.930263
24.804461 4.916425
24.799204 4.911110
24.791651 4.906936
24.786964 4.906005
24.784544 4.905525
24.779945 4.908038
24.779015 4.911026
24.781054 4.917249
24.780579 4.921159
24.777357 4.923217
24.772081 4.922735
24.764099 4.911654
24.759750 4.908874
24.748964 4.909519
24.734755 4.906237
24.729692 4.909668
24.727379 4.915623
24.727379 4.915623
24.725052 4.921617
24.720913 4.923901
24.705542 4.923605
24.693163 4.921021
24.676422 4.919338
24.668175 4.916311
24.661749 4.916743
24.658066 4.919489
24.656439 4.924085
24.658026 4.928465
24.667856 4.936793
24.673306 4.950165
24.675556 4.960301
24.673910 4.969501
24.672308 4.968573
24.659678 4.970820
24.651861 4.974469
24.632814 4.975077
24.629875 4.982204
24.629269 4.984844
24.625792 5.000000
24.622545 5.014158
24.617680 5.024953
24.613525 5.030459
24.610535 5.032056
24.591949 5.031515
24.565311 5.036231
24.548273 5.049043
24.545031 5.055472
24.543844 5.064443
24.539202 5.075930
24.534363 5.080511
24.494377 5.092759
24.494377 5.092759
24.485640 5.098982
24.474300 5.098542
24.467239 5.104392
24.453945 5.103944
24.439112 5.097218
24.437574 5.090157
24.447802 5.074522
24.447449 5.064331
24.443945 5.060396
24.434172 5.059179
24.429855 5.063472
24.406992 5.111191
24.401510 5.112735
24.396036 5.112711
24.389400 5.109155
24.382019 5.096582
24.379732 5.081678
24.375467 5.072253
24.370390 5.070664
24.361794 5.068667
24.358677 5.065518
24.357918 5.060027
24.362652 5.049074
24.369312 5.045967
24.373617 5.045201
24.390011 5.052719
24.398220 5.053538
24.402533 5.050421
24.409203 5.044571
24.412363 5.036354
24.410818 5.031252
24.406141 5.027312
24.390520 5.022150
24.380789 5.010741
24.375324 5.008366
24.362034 5.007525
24.354986 5.009846
24.349121 5.009820
24.334288 5.003093
24.325684 5.003839
24.318632 5.006944
24.298317 5.002935
24.295683 5.000000
24.283134 4.986013
24.274942 4.981274
24.272635 4.971857
24.282064 4.960140
24.283670 4.949956
24.281754 4.940149
24.275902 4.936987
24.258709 4.934559
24.252451 4.934923
24.250475 4.940402
24.253557 4.951782
24.248055 4.958813
24.236322 4.959544
24.191086 4.930727
24.170805 4.906672
24.170805 4.906672
24.168051 4.901147
24.160479 4.894931
24.153135 4.892857
24.136843 4.893312
24.126972 4.897682
24.110905 4.911256
24.103790 4.912174
24.090252 4.910327
24.074648 4.903417
24.065010 4.897658
24.048721 4.882690
24.038855 4.877162
24.028988 4.874165
24.011089 4.871165
23.992046 4.859877
23.984932 4.861024
23.976213 4.856186
23.971165 4.858025
23.969782 4.871374
23.966797 4.876666
23.959911 4.877122
23.953487 4.871825
23.950737 4.866760
23.949137 4.852258
23.953732 4.837530
23.955345 4.822569
23.951679 4.810828
23.949842 4.809446
23.930107 4.811967
23.916107 4.817023
23.907152 4.828756
23.892235 4.832660
23.884663 4.831044
23.873425 4.821829
23.870214 4.816534
23.856220 4.810770
23.851171 4.810766
23.842674 4.823650
23.837393 4.828250
23.833492 4.829398
23.815828 4.819028
23.806425 4.811195
23.780283 4.783555
23.770649 4.779634
23.758717 4.778704
23.745865 4.781456
23.728884 4.784894
23.723606 4.785120
23.709150 4.782346
23.690344 4.771511
23.677500 4.763904
23.666948 4.759291
23.619926 4.740603
23.608686 4.736909
23.590101 4.735510
23.582073 4.732970
23.575653 4.728590
23.561211 4.714764
23.551355 4.703475
23.539890 4.696097
23.526358 4.691249
23.500679 4.673266
23.496550 4.672572
23.464888 4.673456
23.457319 4.669535
23.449528 4.661469
23.430956 4.650168
23.425915 4.644638
23.425011 4.632206
23.429174 4.600906
23.427118 4.591927
23.420927 4.588927
23.408079 4.590062
23.393856 4.589815
23.382616 4.588880
23.377110 4.590944
23.371361 4.602447
23.369984 4.603365
23.360323 4.607923
23.346567 4.608949
23.331215 4.602164
23.319279 4.606752
23.305727 4.620085
23.294935 4.627436
23.288740 4.628349
23.280485 4.625576
23.275202 4.630402
23.271048 4.650652
23.267597 4.658013
23.263000 4.663762
23.258179 4.666748
23.249001 4.667425
23.238216 4.668331
23.225351 4.681663
23.220530 4.684187
23.208359 4.692226
23.206518 4.696597
23.195473 4.720059
23.183067 4.732010
23.171587 4.738208
23.159428 4.736118
23.151407 4.729430
23.142925 4.723433
23.142925 4.724353
23.122976 4.715345
23.113350 4.707964
23.106237 4.707492
23.093386 4.709774
23.080070 4.715507
23.069962 4.724698
23.058016 4.733885
23.042173 4.740534
23.034359 4.749268
23.021740 4.749477
23.012785 4.753375
23.008646 4.758201
23.005421 4.766022
23.002192 4.777756
22.997585 4.788336
22.983761 4.823298
22.973875 4.834330
22.967215 4.837770
22.961710 4.836380
22.954380 4.828081
22.941322 4.815398
22.935356 4.814466
22.922501 4.818126
22.911484 4.819257
22.906668 4.817867
22.895212 4.807027
22.892696 4.802189
22.887678 4.784456
22.888613 4.775021
22.901253 4.763305
22.902641 4.757093
22.900810 4.753407
22.888205 4.746017
22.874910 4.738167
22.873547 4.730338
22.874477 4.722513
22.870134 4.713068
22.865786 4.707766
22.857536 4.701305
22.845606 4.701743
22.835947 4.714154
22.828590 4.721275
22.825783 4.722532
22.821932 4.724255
22.809082 4.725151
22.801973 4.722605
22.790516 4.714526
22.783422 4.704384
22.781384 4.690339
22.778416 4.682507
22.769035 4.668217
22.762415 4.650709
22.758522 4.646788
22.739521 4.624882
22.734747 4.602314
22.734077 4.591724
22.734106 4.577683
22.733688 4.556044
22.730267 4.546139
22.727974 4.544983
22.721563 4.538525
22.710581 4.523770
22.706469 4.515705
22.707203 4.491306
22.698984 4.471723
22.692116 4.464803
22.688225 4.461341
22.680195 4.461785
22.672157 4.466832
22.669163 4.472811
22.662725 4.480624
22.648043 4.481974
22.648045 4.481052
22.627163 4.484690
22.623264 4.484452
22.614326 4.480519
22.609749 4.475445
22.602640 4.474968
22.599207 4.471738
22.596701 4.463446
22.598343 4.445724
22.597927 4.424546
22.595415 4.419936
22.586727 4.406106
22.585594 4.399888
22.589973 4.389308
22.601685 4.382889
22.612236 4.381531
22.620043 4.377635
22.623495 4.372118
22.621918 4.358072
22.619410 4.350470
22.608635 4.348145
22.598330 4.341446
22.585043 4.334511
22.580692 4.330818
22.574965 4.328733
22.569244 4.322505
22.564922 4.305921
22.562185 4.298549
22.556921 4.293472
22.545946 4.278484
22.542068 4.268347
22.541410 4.254533
22.543486 4.249243
22.549690 4.243042
22.551994 4.238213
22.550438 4.215420
22.540604 4.203427
22.531675 4.196501
22.531677 4.195580
22.520454 4.189569
22.507414 4.176647
22.504215 4.171115
22.501465 4.170418
22.493692 4.159580
22.485224 4.152884
22.469883 4.143410
22.459133 4.132104
22.454098 4.127949
22.445164 4.124475
22.428425 4.125355
22.409393 4.125539
22.398169 4.121138
22.392208 4.120893
22.387400 4.118349
22.359428 4.118049
22.340179 4.113627
22.328716 4.113828
22.306015 4.115151
22.281260 4.112094
22.266352 4.114358
22.240189 4.124418
22.219091 4.126433
22.198204 4.135125
22.186949 4.142921
22.173405 4.149100
22.163763 4.154138
22.155485 4.162863
22.148594 4.167678
22.126518 4.191788
22.118711 4.196140
22.095280 4.211728
22.084267 4.214459
22.068901 4.214876
22.058569 4.220140
22.050310 4.221498
22.031277 4.221673
22.017954 4.230382
22.011055 4.237038
22.006695 4.238867
21.993160 4.240438
21.982162 4.236952
21.964998 4.225162
21.959499 4.223764
21.954683 4.223979
21.935396 4.232669
21.912003 4.233979
21.874605 4.241001
21.871857 4.240071
21.859243 4.240032
21.848909 4.245064
21.830065 4.258817
21.816755 4.261767
21.804577 4.270016
21.794025 4.271133
21.771784 4.270142
21.760984 4.277243
21.759136 4.281841
21.751991 4.293097
21.744404 4.299748
21.734529 4.303860
21.721460 4.303126
21.704048 4.297544
21.692347 4.299808
21.682957 4.295633
21.676765 4.295612
21.667791 4.304790
21.660439 4.309139
21.650578 4.309106
21.641884 4.303092
21.630230 4.290161
21.624283 4.285076
21.606657 4.275578
21.596807 4.272321
21.583549 4.259154
21.576916 4.254067
21.564785 4.247349
21.551945 4.247074
21.540934 4.248187
21.495268 4.257924
21.482409 4.262942
21.468628 4.268878
21.459913 4.269308
21.451214 4.265132
21.434259 4.260928
21.427839 4.260674
21.424850 4.262505
21.417967 4.264091
21.399132 4.272539
21.377329 4.277523
21.351372 4.289627
21.334387 4.293938
21.327494 4.297825
21.317604 4.305844
21.312994 4.312043
21.306330 4.315701
21.300121 4.320511
21.289061 4.334511
21.282169 4.337938
21.278728 4.337695
21.269573 4.332825
21.257193 4.332087
21.250551 4.329299
21.241903 4.311540
21.236917 4.295407
21.228226 4.289618
21.219294 4.286591
21.211266 4.287020
21.205980 4.289762
21.202059 4.295732
21.191706 4.304439
21.186520 4.302765
21.182316 4.301409
21.175432 4.302303
21.172436 4.306204
21.162779 4.312841
21.151741 4.320855
21.139105 4.326560
21.118887 4.336147
21.113815 4.342803
21.107334 4.358200
21.101095 4.370375
21.087290 4.381368
21.084755 4.384811
21.075321 4.392369
21.071878 4.393045
21.054192 4.399649
21.054188 4.400569
21.047073 4.401691
21.038132 4.401194
21.024366 4.402059
21.008516 4.407978
20.988049 4.421704
20.978405 4.424196
20.969673 4.428073
20.953382 4.429615
20.946737 4.428206
20.934114 4.430225
20.924004 4.434786
20.911142 4.438874
20.900824 4.438139
20.884769 4.437610
20.865469 4.445814
20.856983 4.445547
20.849892 4.440912
20.825630 4.428836
20.820374 4.424669
20.810074 4.419330
20.794500 4.413967
20.783268 4.412536
20.757347 4.413342
20.746559 4.415135
20.735067 4.420608
20.728184 4.421038
20.698616 4.416530
20.670647 4.413640
20.670643 4.414561
20.664230 4.412460
20.657581 4.411970
20.641314 4.408211
20.631233 4.405403
20.623909 4.402376
20.612673 4.401634
20.606243 4.403446
20.589695 4.411195
20.555170 4.437736
20.539333 4.439734
20.532900 4.442465
20.527824 4.448657
20.522509 4.457378
20.508659 4.476189
20.500612 4.480524
20.489601 4.480701
20.477880 4.485479
20.466352 4.498085
20.461971 4.502898
20.457342 4.512083
20.453382 4.524955
20.450306 4.544966
20.449757 4.564070
20.452463 4.573981
20.461294 4.599114
20.461031 4.606249
20.458235 4.615443
20.453362 4.627389
20.447136 4.634035
20.430325 4.647534
20.405178 4.676876
20.384445 4.694498
20.373133 4.709174
20.363863 4.728464
20.357857 4.736951
20.343103 4.751149
20.336428 4.755719
20.318239 4.768289
20.307659 4.773300
20.280804 4.775236
20.271601 4.780024
20.255016 4.793060
20.239128 4.804028
20.213810 4.819321
20.203007 4.823178
20.196331 4.827287
20.169811 4.853160
20.162611 4.870156
20.156845 4.875880
20.137508 4.887979
20.122559 4.894345
20.118200 4.893862
20.108086 4.897032
20.096340 4.905256
20.092203 4.906385
20.084137 4.913018
20.068243 4.924212
20.051376 4.946218
20.036856 4.958110
20.023962 4.965867
20.004196 4.971285
20.000000 4.972662
20.000000 4.972662
19.987642 4.976719
19.971794 4.978935
19.966755 4.977067
19.949337 4.972138
19.941074 4.972094
19.931196 4.973881
19.915100 4.979547
19.900793 4.993739
19.892181 5.000000
19.890425 5.001277
19.873814 5.017067
19.869415 5.023947
19.863379 5.036572
19.854740 5.063684
19.848255 5.074235
19.844339 5.076975
19.825197 5.093440
19.815769 5.096379
19.792789 5.100853
19.775562 5.102827
19.775568 5.101906
19.760620 5.106655
19.740833 5.114828
19.724512 5.118878
19.696426 5.132987
19.681503 5.133361
19.635162 5.128028
19.612665 5.127897
19.602085 5.131518
19.591511 5.133987
19.576561 5.138963
19.566200 5.144195
19.554943 5.145740
19.547602 5.145006
19.527662 5.139363
19.518980 5.132177
19.507544 5.125204
19.489655 5.122334
19.475191 5.122478
19.461864 5.124699
19.446920 5.128521
19.440720 5.128714
19.429924 5.130029
19.422817 5.128375
19.412973 5.123712
19.403347 5.121121
19.391918 5.112766
19.378000 5.098641
19.368002 5.081778
19.358873 5.072975
19.337830 5.060647
19.324318 5.055270
19.309456 5.045740
19.297806 5.036461
19.284554 5.026481
19.269901 5.020405
19.262583 5.015986
19.256163 5.014795
19.241293 5.006876
19.233696 5.000000
19.230793 4.997373
19.226488 4.988369
19.217468 4.962303
19.212036 4.949839
19.202444 4.942183
19.187544 4.939326
19.173998 4.940160
19.160679 4.941455
19.148283 4.941836
19.136126 4.940607
19.112766 4.932861
19.105906 4.928904
19.097916 4.922177
19.095877 4.918021
19.086088 4.905298
19.076515 4.894877
19.068132 4.877790
19.064333 4.861883
19.059399 4.843897
19.043255 4.820543
19.034658 4.801152
19.022558 4.791404
19.019148 4.786548
19.013762 4.767638
19.009724 4.753340
19.003347 4.745932
18.994219 4.738276
18.985300 4.733613
18.947454 4.696071
18.937740 4.672758
18.932049 4.666044
18.918324 4.659737
18.905960 4.655971
18.902590 4.645129
18.895283 4.639786
18.891193 4.633773
18.889877 4.624557
18.884439 4.614161
18.874651 4.602355
18.856150 4.590260
18.839760 4.570813
18.831814 4.558328
18.822586 4.531793
18.820833 4.519350
18.819052 4.511281
18.817558 4.494467
18.816013 4.485248
18.811131 4.460814
18.800264 4.439331
18.794411 4.422947
18.790779 4.417167
18.773937 4.397715
18.764814 4.390055
18.762772 4.386818
18.753420 4.379157
18.753412 4.380077
18.748631 4.374980
18.733341 4.363595
18.717108 4.356115
18.702913 4.352563
18.676077 4.353066
18.663931 4.351600
18.648354 4.348958
18.637362 4.346579
18.625889 4.347418
18.617836 4.351045
18.616913 4.351959
18.612524 4.356302
18.606781 4.357642
18.599007 4.354364
18.578207 4.344087
18.561113 4.328772
18.549046 4.316255
18.546120 4.308407
18.546167 4.301501
18.550840 4.289104
18.564331 4.262036
18.571083 4.247351
18.577568 4.238189
18.583609 4.226952
18.594999 4.204473
18.617504 4.166648
18.618422 4.166655
18.620760 4.159996
18.626619 4.141620
18.631960 4.131759
18.640829 4.109031
18.645533 4.091799
18.648848 4.076398
18.647829 4.057974
18.649300 4.043942
18.651600 4.009427
18.652275 3.977893
18.647572 3.961746
18.642599 3.951581
18.636036 3.939104
18.620096 3.923797
18.607819 3.909207
18.601723 3.895812
18.600189 3.885441
18.600483 3.876235
18.596277 3.854565
18.595228 3.840745
18.598389 3.814524
18.597780 3.803009
18.587137 3.751367
18.587420 3.743772
18.589558 3.732968
18.588640 3.732961
18.591364 3.703744
18.594664 3.690416
18.601641 3.675732
18.606110 3.659189
18.610876 3.632519
18.615990 3.588816
18.617828 3.554759
18.617226 3.542554
18.618435 3.533354
18.622961 3.508064
18.634657 3.473156
18.635096 3.471089
18.624128 3.471700
18.603731 3.472707
18.599600 3.473829
18.594995 3.477018
18.590113 3.487343
18.591030 3.487349
18.587973 3.498837
18.575378 3.530746
18.567753 3.540130
18.558296 3.549040
18.551321 3.563493
18.547552 3.578429
18.544220 3.596132
18.535645 3.610112
18.514002 3.624690
18.500134 3.641625
18.490898 3.651687
18.486761 3.653269
18.481720 3.653232
18.475349 3.646740
18.467896 3.631722
18.461288 3.626149
18.455120 3.623572
18.453857 3.607679
18.448633 3.601195
18.443611 3.598626
18.437187 3.599730
18.425907 3.607244
18.419706 3.609041
18.414015 3.603935
18.412935 3.594718
18.413448 3.586895
18.410534 3.577896
18.405952 3.577862
18.396973 3.584012
18.391209 3.588804
18.373283 3.596268
18.359514 3.599159
18.345934 3.607576
18.339298 3.606376
18.333361 3.603569
18.325619 3.596836
18.313761 3.588920
18.308733 3.587042
18.300247 3.588129
18.287159 3.591944
18.274548 3.593231
18.267685 3.591568
18.264732 3.588093
18.262615 3.564366
18.259747 3.549381
18.249924 3.514086
18.246300 3.508304
18.242891 3.504595
18.241547 3.500441
18.231537 3.490697
18.224674 3.489494
18.214855 3.485045
18.188995 3.481166
18.180496 3.484094
18.176113 3.488204
18.169832 3.500818
18.166252 3.520127
18.163448 3.527472
18.152550 3.544884
18.144697 3.553342
18.133408 3.561543
18.123522 3.566071
18.105150 3.571454
18.087049 3.571544
18.070751 3.575332
18.058395 3.573164
18.048809 3.568255
18.037565 3.570470
18.024019 3.574047
18.015057 3.577431
18.009100 3.577384
18.000000 3.578873
17.998728 3.553910
17.995741 3.551158
17.984982 3.553498
17.969427 3.560455
17.957550 3.571312
17.949343 3.583077
17.947990 3.589755
17.943876 3.599781
17.938637 3.601754
17.937723 3.602447
17.932671 3.599012
17.929892 3.589817
17.919298 3.573514
17.902298 3.559303
17.890377 3.557041
17.881418 3.549937
17.866701 3.533187
17.859140 3.532982
17.856993 3.539250
17.853695 3.548879
17.847994 3.556952
17.848230 3.559483
17.845493 3.563174
17.844629 3.578826
17.840303 3.587125
17.840134 3.605305
17.833319 3.623278
17.828976 3.626744
17.816605 3.626784
17.809509 3.629109
17.798227 3.629145
17.795761 3.629153
17.789585 3.631705
17.787304 3.634934
17.758905 3.638937
17.745173 3.643123
17.744493 3.646117
17.738321 3.650279
17.733053 3.651216
17.720663 3.645272
17.705050 3.634505
17.700924 3.634287
17.694754 3.639139
17.687658 3.641463
17.685753 3.641328
17.653282 3.639037
17.606319 3.641250
17.597620 3.643578
17.592609 3.653488
17.587584 3.658336
17.578205 3.663657
17.569906 3.665906
17.557600 3.669241
17.549385 3.681002
17.543671 3.685852
17.533369 3.689103
17.506569 3.691942
17.491705 3.702111
17.474064 3.703082
17.461908 3.699204
17.457193 3.696802
17.451124 3.693711
17.441006 3.680392
17.405231 3.669445
17.394213 3.661651
17.388002 3.652923
17.369127 3.616433
17.365892 3.610179
17.362677 3.606966
17.354650 3.604456
17.348694 3.604933
17.315741 3.619288
17.304539 3.628983
17.298815 3.630149
17.257994 3.614607
17.252483 3.610708
17.247660 3.605428
17.249451 3.588624
17.248291 3.583334
17.239346 3.579214
17.223528 3.575112
17.199236 3.572182
17.176767 3.565564
17.172186 3.565345
17.163458 3.572553
17.157085 3.575105
17.153648 3.573676
17.147232 3.572771
17.142906 3.570677
17.132093 3.565444
17.113293 3.559275
17.098177 3.560692
17.079372 3.552912
17.058056 3.548130
17.052517 3.530423
17.040359 3.516619
17.038965 3.515036
17.035295 3.513433
17.029570 3.513676
17.010820 3.529138
17.009239 3.539037
17.004444 3.546642
16.997801 3.546887
16.990692 3.543912
16.987709 3.540926
16.981749 3.539099
16.976023 3.540492
16.960714 3.558246
16.957281 3.559865
16.946051 3.558048
16.944519 3.557363
16.932751 3.552094
16.910067 3.550072
16.896095 3.551943
16.889008 3.558402
16.878471 3.559575
16.873655 3.557514
16.869753 3.553380
16.869514 3.549008
16.874300 3.536341
16.873363 3.527138
16.861971 3.513048
16.860731 3.511515
16.851795 3.510614
16.833488 3.520317
16.820663 3.521494
16.802608 3.543392
16.795053 3.546169
16.774443 3.549662
16.763456 3.554977
16.754526 3.557066
16.751736 3.556798
16.745132 3.556163
16.726103 3.549066
16.713043 3.547941
16.687832 3.542465
16.672024 3.541804
16.662853 3.537679
16.647490 3.529193
16.634806 3.518234
16.610550 3.497272
16.604811 3.490148
16.596540 3.477276
16.593315 3.466696
16.582920 3.416087
16.582140 3.408974
16.580826 3.396990
16.580090 3.368917
16.577066 3.342688
16.572922 3.329579
16.559383 3.313954
16.554558 3.305678
16.551579 3.290056
16.550169 3.282674
16.556553 3.266324
16.558363 3.253435
16.554228 3.244927
16.546886 3.236886
16.538849 3.224473
16.532406 3.205845
16.513697 3.178110
16.508991 3.171137
16.505768 3.159867
16.507122 3.147668
16.510996 3.135926
16.512344 3.120507
16.521927 3.099551
16.538836 3.079503
16.544315 3.070290
16.544537 3.065687
16.543571 3.064500
16.531460 3.049602
16.503252 3.021346
16.493380 3.004335
16.491167 2.956834
16.489586 2.922886
16.490250 2.909309
16.501678 2.899166
16.513802 2.893394
16.520889 2.887860
16.524769 2.880490
16.520819 2.847987
16.520128 2.842302
16.500380 2.803450
16.496479 2.798625
16.491196 2.786438
16.475819 2.759774
16.474436 2.754254
16.464695 2.735539
16.463186 2.732644
16.460667 2.730348
16.435879 2.685291
16.424858 2.661841
16.417519 2.650808
16.404114 2.625000
16.349821 2.520462
16.346304 2.512665
16.342247 2.503678
16.331928 2.487359
16.299120 2.422990
16.297970 2.417930
16.290400 2.402528
16.288584 2.400707
16.286963 2.399081
16.274574 2.374023
16.270908 2.369887
16.265402 2.356782
16.229774 2.289272
16.213118 2.257705
16.208757 2.246669
16.195232 2.223453
16.191990 2.220514
16.190817 2.223488
16.164814 2.245435
16.163935 2.254086
16.170141 2.265322
16.170490 2.268180
16.170490 2.268180
16.171152 2.273611
16.165356 2.292961
16.160015 2.304811
16.157393 2.311119
16.150515 2.331366
16.148724 2.349572
16.145733 2.354097
16.144157 2.356479
16.131153 2.371540
16.115700 2.393132
16.113747 2.403087
16.112108 2.408397
16.108538 2.415413
16.103251 2.428317
16.087772 2.439960
16.083824 2.444279
16.083508 2.450251
16.079563 2.456229
16.075626 2.465193
16.080233 2.470889
16.083246 2.478776
16.085060 2.491359
16.083923 2.497802
16.080008 2.503660
16.073095 2.510640
16.068493 2.517947
16.067253 2.526808
16.071857 2.544806
16.079815 2.560711
16.082474 2.569330
16.083784 2.577404
16.084852 2.597188
16.070108 2.626195
16.067377 2.639772
16.069073 2.646782
16.069073 2.646782
16.072664 2.661623
16.075138 2.675160
16.078459 2.683777
16.084417 2.691394
16.089720 2.700339
16.082941 2.707152
16.069897 2.707668
16.062128 2.711151
16.060543 2.715298
16.065367 2.719878
16.064692 2.722871
16.059896 2.725652
16.060823 2.728408
16.065414 2.731608
16.062950 2.744959
16.064808 2.751852
16.064135 2.755305
16.060026 2.758312
16.058891 2.762561
16.058891 2.762561
16.057320 2.768445
16.056202 2.775350
16.051889 2.784109
16.051271 2.788900
16.051001 2.791013
16.053303 2.794224
16.073248 2.802189
16.079010 2.812285
16.085667 2.816856
16.089119 2.821442
16.090317 2.834548
16.086952 2.851814
16.087439 2.859173
16.075201 2.892160
16.073193 2.903399
16.059277 2.915649
16.057713 2.925317
16.052721 2.937070
16.044077 2.950909
16.036781 2.958760
16.035194 2.962908
16.035927 2.974406
16.031576 2.973965
16.024498 2.978825
16.017410 2.981385
16.015362 2.984615
16.015387 2.991056
16.008078 2.995457
16.005121 3.000760
15.995275 3.000342
15.991604 2.998517
15.985888 3.000381
15.982451 2.999935
15.976944 2.996738
15.974163 2.988238
15.971410 2.986639
15.969125 2.987569
15.960238 2.998648
15.941775 3.020348
15.934493 3.032109
15.926491 3.035363
15.913978 3.056347
15.903751 3.077092
15.902353 3.079248
15.898516 3.085165
15.888252 3.096249
15.885053 3.097642
15.871543 3.097697
15.869260 3.099546
15.866996 3.106457
15.861279 3.108780
15.845859 3.107832
15.845859 3.107832
15.840208 3.107485
15.834934 3.105665
15.828044 3.100172
15.812250 3.101846
15.805278 3.093420
15.798162 3.099983
15.794502 3.106659
15.784435 3.116332
15.780794 3.119416
15.778487 3.123240
15.751263 3.155015
15.747829 3.156628
15.723704 3.188593
15.716029 3.198761
15.710535 3.201987
15.703671 3.210276
15.700465 3.211198
15.689483 3.226163
15.656073 3.265534
15.652867 3.266917
15.646916 3.272903
15.641088 3.282097
15.638451 3.286255
15.616479 3.310430
15.605036 3.326315
15.559579 3.378324
15.543460 3.396764
15.537280 3.405742
15.507288 3.440503
15.499045 3.447181
15.493322 3.455698
15.476430 3.472842
15.469279 3.480100
15.465614 3.481253
15.436304 3.513021
15.419815 3.528675
15.401266 3.550773
15.395082 3.555377
15.388552 3.562505
15.336448 3.619368
15.324765 3.630187
15.303345 3.655546
15.301630 3.657577
15.298422 3.659188
15.263599 3.696244
15.262684 3.699696
15.247792 3.713966
15.231297 3.738822
15.225164 3.752681
15.222133 3.759535
15.210675 3.774494
15.169200 3.840544
15.167824 3.845147
15.158215 3.859429
15.150637 3.870692
15.149720 3.875754
15.146282 3.878746
15.134134 3.901068
15.107087 3.945023
15.100457 3.970249
15.097229 3.982534
15.090352 3.995881
15.064679 3.997719
15.064679 3.996799
15.057741 3.997192
15.061606 4.006758
15.067584 4.012951
15.069488 4.013124
15.074922 4.013619
15.082041 4.018198
15.096721 4.021143
15.102923 4.025955
15.111862 4.025237
15.111862 4.025237
15.120355 4.028892
15.146042 4.033412
15.155011 4.043276
15.160285 4.043720
15.164190 4.046698
15.172675 4.047591
15.180250 4.050558
15.183470 4.054228
15.180277 4.059990
15.178922 4.066896
15.173655 4.068753
15.160585 4.068335
15.152550 4.064450
15.149116 4.065841
15.146170 4.078043
15.139553 4.089107
15.137980 4.099925
15.133181 4.105691
15.129058 4.106854
15.126097 4.113766
15.117847 4.115172
15.114417 4.118403
15.106900 4.135911
15.107601 4.140511
15.108293 4.141454
15.113815 4.149003
15.110623 4.155225
15.112700 4.160280
15.110197 4.166729
15.112963 4.171782
15.111135 4.174318
15.107470 4.175250
15.106330 4.177783
15.107050 4.189054
15.102726 4.200801
15.102741 4.206092
15.107576 4.213209
15.107356 4.216430
15.103239 4.220124
15.101648 4.225420
15.097535 4.230494
15.096862 4.235558
15.099625 4.239690
15.098955 4.245904
15.100760 4.253065
15.101505 4.256018
15.100597 4.259472
15.094878 4.264091
15.096957 4.269606
15.095136 4.274212
15.095839 4.279502
15.093122 4.292163
15.086284 4.306678
15.083535 4.307837
15.081238 4.306463
15.078492 4.308542
15.075983 4.313611
15.067750 4.321688
15.063655 4.333664
15.056343 4.343579
15.047879 4.351196
15.049743 4.355370
15.050648 4.357399
15.046538 4.363853
15.044022 4.366161
15.041727 4.365938
15.037128 4.361581
15.033235 4.362973
15.031409 4.366429
15.030514 4.374714
15.022748 4.386470
15.022071 4.390383
15.023227 4.393831
15.019137 4.408106
15.015482 4.413408
15.016179 4.416627
15.013889 4.418244
15.005404 4.418039
15.000000 4.419208
14.987065 4.422005
14.984563 4.429374
14.981817 4.432143
14.972143 4.434868
14.969441 4.435630
14.961413 4.435424
14.958655 4.433131
14.948566 4.434310
14.946049 4.436388
14.946523 4.442139
14.943320 4.445138
14.936449 4.447708
14.936449 4.447708
14.932779 4.449080
14.926600 4.453929
14.918350 4.456944
14.907588 4.463876
14.896122 4.464828
14.890852 4.466914
14.887191 4.470376
14.884459 4.478435
14.873712 4.491348
14.868672 4.494123
14.861564 4.494833
14.858587 4.497372
14.855404 4.508193
14.848751 4.507982
14.846004 4.510060
14.836830 4.510545
14.834311 4.512163
14.832262 4.518150
14.822871 4.523927
14.822871 4.523927
14.815303 4.524638
14.807080 4.538923
14.801124 4.541700
14.791969 4.550237
14.788773 4.556457
14.783278 4.561073
14.782765 4.562154
14.780540 4.566832
14.773900 4.572371
14.771852 4.578818
14.757865 4.581386
14.748274 4.599814
14.743691 4.601898
14.740717 4.605816
14.735902 4.606519
14.732008 4.609290
14.734783 4.618714
14.732055 4.629074
14.726106 4.635530
14.724054 4.641287
14.726388 4.658074
14.722754 4.673726
14.725070 4.682921
14.725108 4.699254
14.722602 4.706392
14.722418 4.725946
14.720387 4.740213
14.714436 4.746440
14.713302 4.752424
14.704830 4.759808
14.702775 4.763953
14.710353 4.766464
14.714721 4.770133
14.715157 4.771134
14.717027 4.775418
14.717731 4.782087
14.721416 4.787828
14.719828 4.795424
14.721906 4.800939
14.713951 4.833854
14.708461 4.841000
14.710311 4.846975
14.707346 4.854574
14.713781 4.859158
14.716085 4.863062
14.715634 4.866514
14.706944 4.879189
14.705289 4.884960
14.700342 4.902208
14.693727 4.919247
14.686854 4.924556
14.685714 4.927549
14.688022 4.933524
14.692626 4.939262
14.691258 4.943636
14.695888 4.960646
14.693611 4.968703
14.686286 4.976542
14.684236 4.983449
14.678735 4.986913
14.678282 4.989214
14.681395 4.995687
14.683586 5.000000
14.679010 5.006924
14.679934 5.009222
14.684063 5.008291
14.685216 5.010358
14.682469 5.013815
14.682246 5.016346
14.690516 5.019315
14.691898 5.021842
14.684380 5.045783
14.684380 5.045783
14.685322 5.056361
14.684182 5.060044
14.679146 5.065348
14.677551 5.071102
14.679873 5.082597
14.691133 5.087858
14.692749 5.091994
14.695513 5.095993
14.692029 5.116868
14.691686 5.118240
14.676385 5.179211
14.673629 5.183351
14.670638 5.193012
14.659707 5.198112
14.656512 5.206631
14.652620 5.211010
14.641829 5.211038
14.633116 5.215430
14.628196 5.216538
14.628196 5.216538
14.622790 5.217756
14.616816 5.215011
14.608099 5.218023
14.598916 5.218276
14.589978 5.225888
14.578959 5.225686
14.572083 5.230533
14.565674 5.239748
14.564035 5.240732
14.553751 5.246907
14.532669 5.265588
14.527874 5.278019
14.530173 5.279624
14.534322 5.286973
14.537998 5.288344
14.541915 5.295005
14.551336 5.298662
14.553639 5.301876
14.553185 5.303947
14.548370 5.307409
14.548839 5.311777
14.553441 5.316596
14.554150 5.325794
14.557153 5.334296
14.570756 5.360252
14.577891 5.368284
14.578835 5.379781
14.576778 5.384385
14.577931 5.386912
14.582045 5.388485
14.583907 5.389197
14.588281 5.394017
14.595632 5.395378
14.601842 5.399962
14.604615 5.408235
14.601675 5.428940
14.602148 5.435149
14.607241 5.453304
14.607254 5.459514
14.604282 5.465500
14.606589 5.470324
14.610266 5.471235
14.614869 5.476053
14.619025 5.485931
14.618813 5.493751
14.619343 5.494309
14.631013 5.506598
14.630791 5.510048
14.617963 5.524799
14.612021 5.537922
14.609302 5.554717
14.606565 5.563002
14.597406 5.575673
14.595134 5.587407
14.595620 5.599363
14.597702 5.605797
14.602319 5.616593
14.602795 5.623951
14.606260 5.633141
14.611107 5.643707
14.611134 5.655664
14.618075 5.678872
14.627997 5.698392
14.629902 5.728281
14.627739 5.754984
14.627442 5.758639
14.627114 5.817274
14.620054 5.845344
14.621084 5.861345
14.621084 5.861345
14.622314 5.880461
14.622672 5.886034
14.621317 5.896153
14.610105 5.917104
14.600003 5.920578
14.591269 5.919681
14.576061 5.905414
14.571198 5.901920
14.564538 5.898695
14.555573 5.905128
14.527780 5.897518
14.514913 5.898198
14.510546 5.901415
14.506179 5.902331
14.500912 5.908461
14.493607 5.914398
14.490864 5.921532
14.489741 5.934410
14.485427 5.938251
14.485427 5.938251
14.484444 5.939126
14.481714 5.941556
14.477134 5.948695
14.471200 5.968711
14.465702 5.977231
14.449642 5.989222
14.436111 6.002588
14.430633 6.020763
14.421922 6.031818
14.420097 6.038490
14.420794 6.042626
14.424500 6.057331
14.430734 6.071571
14.425698 6.081927
14.425704 6.084916
14.440657 6.085423
14.444780 6.085562
14.455595 6.091744
14.468472 6.095393
14.472383 6.097913
14.474234 6.103655
14.498867 6.124288
14.505539 6.127260
14.510609 6.133685
14.514998 6.144710
14.525820 6.153879
14.532005 6.164246
14.534585 6.168571
14.542177 6.172230
14.561982 6.190113
14.568885 6.193085
14.574173 6.193990
14.579254 6.192621
14.579254 6.192621
14.624762 6.207587
14.635099 6.213572
14.641556 6.215168
14.650956 6.217491
14.724259 6.244436
14.739655 6.251571
14.750682 6.261004
14.754502 6.267024
14.777396 6.302268
14.796162 6.331155
14.799378 6.332765
14.804204 6.338746
14.806959 6.346334
14.815918 6.360363
14.815917 6.363812
14.809011 6.384502
14.809696 6.396458
14.813600 6.405426
14.813369 6.409104
14.815762 6.413779
14.837029 6.455326
14.837717 6.460614
14.847368 6.474411
14.858624 6.500394
14.866436 6.514650
14.871421 6.526642
14.896072 6.585925
14.923015 6.641975
14.930773 6.658115
14.932840 6.667540
14.952835 6.713057
14.955365 6.714896
14.960651 6.725011
14.966857 6.743401
14.970765 6.748918
14.979126 6.749828
14.981344 6.750069
14.995912 6.755264
15.000000 6.755842
15.005275 6.756588
15.016336 6.764598
15.017717 6.764969
15.021400 6.765961
15.031059 6.765472
15.042782 6.762680
15.047375 6.759909
15.051518 6.761045
15.066510 6.776164
15.071371 6.787179
15.072582 6.809002
15.074900 6.815429
15.085464 6.830367
15.085464 6.830367
15.090142 6.836980
15.090722 6.839708
15.092240 6.846853
15.099175 6.859238
15.101514 6.872787
15.110750 6.884934
15.114223 6.892505
15.119341 6.912707
15.126730 6.922563
15.133673 6.937015
15.141506 6.940896
15.144282 6.946630
15.143574 6.949790
15.139740 6.966861
15.147691 7.011633
15.147384 7.016323
15.147384 7.016323
15.147030 7.021742
15.148658 7.027939
15.155346 7.033202
15.157211 7.041925
15.162283 7.045125
15.162529 7.050867
15.167170 7.064176
15.169707 7.066695
15.184453 7.073080
15.191115 7.069613
15.196640 7.070514
15.198489 7.073494
15.197351 7.077862
15.199294 7.080696
15.209574 7.106435
15.225329 7.137473
15.218477 7.140962
15.216187 7.144414
15.213286 7.175662
15.218611 7.186210
15.228540 7.197432
15.230869 7.206841
15.238484 7.213936
15.236422 7.216700
15.232052 7.217632
15.228844 7.222006
15.222402 7.222486
15.216194 7.224804
15.224038 7.231209
15.223358 7.234886
15.224753 7.239705
15.224753 7.239705
15.229369 7.244053
15.238128 7.248388
15.248765 7.265578
15.249244 7.271548
15.251784 7.274525
15.262378 7.276787
15.268614 7.284116
15.274377 7.286853
15.298497 7.311483
15.305314 7.318442
15.314307 7.323694
15.329309 7.336963
15.334836 7.338323
15.338990 7.341524
15.348000 7.352057
15.361600 7.358441
15.369691 7.369666
15.380986 7.375139
15.394979 7.389513
15.399923 7.394592
15.407762 7.398239
15.419767 7.409679
15.427841 7.414933
15.429693 7.418141
15.428801 7.426869
15.432495 7.430531
15.441026 7.434864
15.443802 7.438987
15.445674 7.448165
15.449140 7.452286
15.459507 7.454776
15.466927 7.471052
15.464416 7.477490
15.464416 7.477490
15.465329 7.479300
15.465806 7.480241
15.477334 7.485711
15.483336 7.490970
15.482425 7.493499
15.483357 7.497399
15.489593 7.503346
15.494891 7.504246
15.497199 7.506075
15.495380 7.513199
15.502788 7.525112
15.507478 7.527468
15.533472 7.516646
15.546547 7.511202
15.560359 7.510506
15.622053 7.514148
15.622052 7.513230
15.639549 7.516665
15.648067 7.515511
15.657351 7.517108
15.660038 7.517571
15.727948 7.519134
15.729858 7.516185
15.727641 7.504991
15.731539 7.500614
15.742970 7.478527
15.746184 7.476218
15.755386 7.474575
15.755386 7.474575
15.758136 7.470891
15.759030 7.463769
15.766376 7.457771
15.769139 7.457989
15.773530 7.462795
15.785294 7.461887
15.799974 7.454884
15.807143 7.444585
15.809591 7.441068
15.813047 7.441743
15.816744 7.445403
15.825495 7.446287
15.829863 7.444662
15.834009 7.445564
15.840244 7.450592
15.845775 7.452176
15.845775 7.452176
15.863963 7.453022
15.883557 7.460291
15.909367 7.467075
15.918589 7.470711
15.923937 7.474138
15.931050 7.478696
15.951097 7.483665
15.974808 7.483338
15.981047 7.489282
15.981047 7.489282
15.990029 7.490392
15.997889 7.498626
16.010347 7.505691
16.017540 7.519896
16.023077 7.522858
16.027006 7.529935
16.035772 7.530841
16.039005 7.533812
16.039045 7.543455
16.043255 7.559968
16.049284 7.570733
16.056677 7.577589
16.066135 7.581911
16.087807 7.589165
16.104624 7.591618
16.118517 7.591199
16.131329 7.590814
16.139633 7.594910
16.149307 7.595787
16.163578 7.594576
16.172819 7.602342
16.180687 7.611949
16.185532 7.614453
16.196360 7.615783
16.204185 7.615060
16.211077 7.611356
16.233168 7.608274
16.234463 7.607361
16.235464 7.606656
16.251148 7.613244
16.251148 7.613244
16.261784 7.623527
16.277689 7.627817
16.286459 7.632598
16.292233 7.636934
16.296656 7.647934
16.301506 7.651814
16.311865 7.651078
16.341385 7.661963
16.342482 7.661795
16.347597 7.661016
16.354071 7.666955
16.357067 7.667400
16.360968 7.664398
16.372261 7.666870
16.375481 7.665937
16.384714 7.671175
16.392775 7.671137
16.394648 7.678244
16.403646 7.682794
16.406654 7.685764
16.408808 7.690670
16.408808 7.690670
16.410376 7.694240
16.418938 7.703841
16.425869 7.709088
16.430517 7.718708
16.427765 7.721246
16.425232 7.721028
16.417433 7.727722
16.415619 7.734158
16.416798 7.740579
16.418648 7.742407
16.424179 7.743299
16.426268 7.746732
16.420338 7.759844
16.413910 7.764235
16.412544 7.767915
16.414644 7.774102
16.423880 7.779338
16.438963 7.805204
16.442190 7.805878
16.447475 7.803098
16.449389 7.802920
16.455301 7.802372
16.457357 7.798690
16.454107 7.792509
16.456158 7.787908
16.459829 7.784906
16.489101 7.790277
16.492563 7.792097
16.494659 7.797136
16.493996 7.803107
16.495632 7.808608
16.508808 7.819102
16.514143 7.827340
16.516056 7.842938
16.518831 7.845678
16.521177 7.845807
16.530350 7.846312
16.530350 7.846312
16.534966 7.848355
16.542139 7.855894
16.546520 7.856791
16.552727 7.854237
16.560558 7.854658
16.563114 7.859465
16.560837 7.864755
16.563618 7.868413
16.577442 7.869953
16.595448 7.878356
16.595917 7.880190
16.597971 7.876050
16.598173 7.870310
16.594450 7.862066
16.586802 7.851546
16.585585 7.837781
16.583725 7.833888
16.591284 7.825130
16.591454 7.812047
16.591454 7.812047
16.597870 7.804899
16.598068 7.798242
16.595280 7.792976
16.596807 7.774836
16.594477 7.768879
16.612391 7.758233
16.617689 7.758666
16.627150 7.762751
16.631292 7.762272
16.638412 7.758104
16.649651 7.748178
16.668024 7.738217
16.670288 7.729712
16.665356 7.709307
16.666359 7.697500
16.666664 7.693921
16.666254 7.686475
16.666254 7.686475
16.665655 7.675560
16.667234 7.668666
16.672514 7.664967
16.679184 7.663326
16.685122 7.653195
16.690176 7.650874
16.698153 7.650914
16.707020 7.651495
16.711273 7.651484
16.719439 7.649897
16.726784 7.650231
16.733656 7.642620
16.735699 7.636641
16.738676 7.633183
16.748093 7.628543
16.750410 7.624335
16.751518 7.622327
16.754957 7.619555
16.761854 7.617223
16.774696 7.606598
16.793932 7.585377
16.797577 7.577322
16.796350 7.561717
16.800695 7.555726
16.806896 7.552938
16.809647 7.550169
16.811213 7.540747
16.814871 7.535677
16.822912 7.532421
16.834887 7.532818
16.843849 7.529787
16.846397 7.532988
16.850782 7.535261
16.863451 7.536343
16.867836 7.538617
16.869923 7.541360
16.869741 7.551464
16.869741 7.551464
16.874142 7.556262
16.878292 7.557847
16.883587 7.557590
16.891842 7.550889
16.895983 7.550178
16.901751 7.552902
16.907995 7.558150
16.910084 7.561583
16.909647 7.566177
16.907360 7.569403
16.899080 7.571284
16.895643 7.574516
16.895668 7.579108
16.904480 7.591918
16.905657 7.597193
16.899944 7.605488
16.898127 7.610318
16.898605 7.613989
16.900919 7.616502
16.905294 7.616250
16.922508 7.605597
16.926886 7.606034
16.927814 7.607636
16.924641 7.617754
16.928350 7.622785
16.937363 7.628935
16.943590 7.631198
16.956968 7.635948
16.963413 7.635455
16.975117 7.627816
16.978113 7.628259
16.981827 7.634208
16.987131 7.635557
16.993559 7.631849
17.005316 7.634770
17.040316 7.635040
17.042406 7.638242
17.044079 7.650400
17.046169 7.653603
17.047844 7.654490
17.049171 7.655194
17.062963 7.650986
17.067341 7.651422
17.079117 7.657555
17.085566 7.657979
17.090645 7.660476
17.091837 7.668275
17.087757 7.680693
17.087328 7.686435
17.088268 7.690332
17.091272 7.692152
17.096567 7.691894
17.102074 7.688419
17.110600 7.689291
17.115656 7.687656
17.125040 7.669117
17.125912 7.667398
17.132107 7.663231
17.139236 7.661814
17.144306 7.662474
17.160448 7.666746
17.162539 7.670178
17.161650 7.676381
17.162827 7.681195
17.174149 7.688478
17.165918 7.699543
17.165705 7.702758
17.169182 7.706870
17.198265 7.719562
17.209095 7.720878
17.213728 7.725903
17.218567 7.726563
17.220196 7.729768
17.220018 7.730466
17.217039 7.742181
17.220057 7.746525
17.225370 7.749938
17.228415 7.758873
17.232584 7.763441
17.237883 7.763869
17.244076 7.759473
17.244076 7.759473
17.254599 7.746329
17.260118 7.745151
17.262661 7.746972
17.267078 7.754521
17.269421 7.761624
17.268988 7.766906
17.263762 7.779790
17.264708 7.784145
17.266788 7.785740
17.270700 7.785258
17.274187 7.790977
17.281559 7.791394
17.283646 7.793907
17.281843 7.801262
17.283928 7.803545
17.291111 7.804374
17.300982 7.805513
17.304226 7.809396
17.303350 7.817435
17.304535 7.823625
17.308704 7.827733
17.314695 7.828386
17.328012 7.820965
17.328012 7.820965
17.332846 7.820478
17.335850 7.822297
17.341230 7.837414
17.345398 7.841062
17.359211 7.840293
17.365246 7.848750
17.368706 7.849648
17.376289 7.846620
17.380207 7.847584
17.393587 7.850879
17.398384 7.843736
17.402987 7.843020
17.404852 7.847370
17.403500 7.852427
17.404451 7.857930
17.408875 7.866167
17.411871 7.866608
17.415297 7.861309
17.423571 7.858506
17.424288 7.863092
17.419250 7.868171
17.418116 7.871391
17.421135 7.875504
17.433121 7.877270
17.435646 7.875648
17.438824 7.867597
17.441118 7.865976
17.445726 7.866178
17.449192 7.868223
17.449358 7.869083
17.449903 7.871891
17.447172 7.877645
17.449047 7.883372
17.455490 7.882186
17.459644 7.883768
17.467766 7.894048
17.472836 7.894706
17.476742 7.892846
17.485453 7.885680
17.505651 7.873624
17.511145 7.867623
17.515066 7.868748
17.523487 7.890960
17.526943 7.891397
17.529116 7.888821
17.530832 7.886784
17.536823 7.887207
17.538689 7.891097
17.538532 7.903950
17.542280 7.914713
17.547155 7.921340
17.551311 7.923150
17.561674 7.922628
17.563961 7.919631
17.564842 7.912971
17.567122 7.908825
17.569422 7.908123
17.574493 7.909010
17.578659 7.912428
17.585176 7.923862
17.596516 7.932744
17.601353 7.932714
17.605692 7.929373
17.610065 7.926005
17.616520 7.926884
17.626947 7.937376
17.629744 7.942867
17.633213 7.945370
17.645411 7.943459
17.648878 7.945732
17.658882 7.962422
17.657082 7.969548
17.658262 7.974131
17.664047 7.978914
17.668396 7.981112
17.668396 7.981112
17.671673 7.982768
17.683199 7.984073
17.694010 7.981710
17.697678 7.978705
17.703382 7.969490
17.707302 7.970154
17.713104 7.977460
17.716335 7.978588
17.733170 7.978384
17.741116 7.977474
17.772427 7.973472
17.795803 7.972329
17.797529 7.972244
17.847488 7.965196
17.921644 7.958610
17.930616 7.959417
17.944908 7.962805
17.995653 7.992783
18.000000 7.985907
18.018101 8.000000
18.023849 8.003666
18.031982 8.009303
18.046751 8.011183
18.122343 8.012966
18.155771 8.014597
18.164068 8.014717
18.191755 8.017797
18.253563 8.022253
18.270367 8.021108
18.274323 8.024039
18.304995 8.026148
18.315838 8.027147
18.330374 8.028556
18.342121 8.028394
18.401640 8.033538
18.413149 8.032687
18.421227 8.033722
18.424248 8.035517
18.450069 8.036530
18.453981 8.036244
18.456768 8.037812
18.481892 8.038373
18.488352 8.038969
18.501978 8.041070
18.550182 8.044277
18.569557 8.045603
18.601604 8.046740
18.604630 8.048762
18.613407 8.050240
18.618048 8.052467
18.624605 8.059719
18.623287 8.064102
18.624346 8.073502
18.627872 8.078272
18.635088 8.083217
18.637047 8.090996
18.630798 8.120943
18.628643 8.131080
18.628099 8.141192
18.630020 8.146446
18.641336 8.163733
18.652826 8.176883
18.657795 8.185536
18.657701 8.194954
18.666624 8.205845
18.673634 8.212172
18.681038 8.213898
18.689693 8.222266
18.710585 8.231598
18.734880 8.237201
18.740223 8.239876
18.748062 8.239757
18.748075 8.240675
18.763823 8.245028
18.774235 8.247396
18.780491 8.249367
18.785873 8.254567
18.797020 8.259678
18.804415 8.260713
18.809824 8.267519
18.819876 8.276322
18.823868 8.281083
18.830360 8.284284
18.837183 8.288976
18.840117 8.296261
18.843166 8.298490
18.850935 8.305436
18.854609 8.314773
18.857124 8.323906
18.855524 8.334742
18.855083 8.335670
18.853840 8.341903
18.850502 8.347262
18.850502 8.347262
18.853291 8.348119
18.857195 8.347341
18.868380 8.342031
18.876204 8.341164
18.873751 8.344896
18.873369 8.348351
18.876734 8.354249
18.879778 8.356247
18.885979 8.354957
18.887640 8.356987
18.883652 8.364201
18.885082 8.366236
18.887400 8.366643
18.892000 8.366078
18.899570 8.364067
18.900776 8.366337
18.900414 8.370711
18.903265 8.374322
18.910248 8.376920
18.908104 8.384092
18.910709 8.387019
18.919495 8.387737
18.923941 8.390392
18.923763 8.392694
18.923611 8.396145
18.927387 8.399734
18.926962 8.401353
18.919853 8.403354
18.917385 8.406398
18.920683 8.409309
18.923075 8.412931
18.920948 8.420793
18.921719 8.424222
18.924313 8.426690
18.930294 8.425863
18.931726 8.427898
18.931372 8.432503
18.932388 8.436615
18.937136 8.442251
18.944397 8.446910
18.957161 8.459944
18.970419 8.464233
18.972580 8.467860
18.970936 8.476630
18.972898 8.481641
18.977089 8.483152
18.981113 8.487426
18.988543 8.489322
18.997332 8.499918
18.990755 8.507986
18.989040 8.510682
18.989555 8.512968
18.991674 8.514758
19.000000 8.515809
19.002359 8.517038
19.008224 8.524035
19.014008 8.523225
19.015999 8.527624
19.022697 8.527289
19.029058 8.532458
19.031731 8.537559
19.033127 8.549065
19.042257 8.554285
19.042114 8.561859
19.046473 8.575485
19.046064 8.597060
19.049198 8.602486
19.049416 8.602862
19.058496 8.610837
19.063452 8.617357
19.065844 8.637378
19.070312 8.640101
19.070312 8.640101
19.077782 8.640812
19.083626 8.649185
19.091003 8.649550
19.093960 8.651900
19.096622 8.657690
19.100485 8.660975
19.113342 8.664655
19.120653 8.668692
19.122221 8.671246
19.121452 8.675364
19.115858 8.678247
19.109024 8.685700
19.104948 8.693892
19.105087 8.698717
19.099764 8.699538
19.082243 8.710468
19.081253 8.710663
19.071280 8.712621
19.071280 8.712621
19.059519 8.715791
19.041754 8.727404
19.033287 8.735514
19.019634 8.761438
19.014473 8.765705
19.000000 8.770378
18.997131 8.769295
18.985233 8.774398
18.970375 8.781407
18.962864 8.786408
18.960360 8.788075
18.956556 8.793450
18.952299 8.809179
18.946602 8.812758
18.942671 8.812619
18.935907 8.810017
18.922976 8.800428
18.916788 8.802639
18.909721 8.806939
18.907124 8.814585
18.906590 8.821493
18.906820 8.841717
18.906244 8.846787
18.900784 8.850591
18.894110 8.851892
18.888550 8.851330
18.883856 8.848218
18.880747 8.843692
18.881367 8.840459
18.879072 8.841201
18.874447 8.841076
18.871481 8.842753
18.868624 8.849255
18.865866 8.850007
18.863567 8.850519
18.862459 8.852613
18.867289 8.861699
18.865536 8.865876
18.865662 8.871391
18.868301 8.875699
18.879749 8.880956
18.882298 8.881127
18.892662 8.889627
18.892727 8.892385
18.892290 8.893543
18.888639 8.895696
18.886614 8.898041
18.888992 8.900975
18.895704 8.901282
18.905334 8.897843
18.911686 8.912642
18.918631 8.923058
18.922626 8.925955
18.933043 8.926406
18.943090 8.931003
18.948170 8.930655
18.952738 8.928251
18.957102 8.927002
18.960354 8.927616
18.962345 8.933778
18.966097 8.935990
18.968510 8.940303
18.975937 8.941510
18.977484 8.948372
18.981445 8.953649
18.981445 8.953649
18.983770 8.968349
18.987579 8.975183
18.992731 8.979239
18.998753 8.979831
19.000000 8.978979
19.000000 8.978979
19.004211 8.977034
19.009737 8.978055
19.013596 8.981802
19.018738 8.990855
19.023279 8.995074
19.028322 8.997234
19.043169 8.994294
19.050732 8.997649
19.058626 8.995728
19.059221 8.996394
19.066547 9.004601
19.069769 9.005350
19.076036 9.003858
19.077679 9.014913
19.091673 9.020452
19.095617 9.019606
19.101116 9.009830
19.104609 9.008515
19.121046 9.006978
19.124542 9.005434
19.127289 9.006862
19.135191 9.004478
19.141150 9.007113
19.150824 9.008897
19.156973 9.013831
19.161808 9.015039
19.169857 9.017050
19.175034 9.024493
19.180344 9.024818
19.187801 9.021507
19.192423 9.021590
19.218359 9.031472
19.222359 9.027638
19.225374 9.027003
19.235512 9.028792
19.240881 9.025902
19.252668 9.025882
19.261776 9.020760
19.263678 9.017807
19.270460 9.013333
19.275053 9.011827
19.275053 9.011827
19.289753 9.011542
19.302307 9.007896
19.309240 9.007809
19.321646 9.011279
19.337864 9.020338
19.354599 9.015626
19.357880 9.013396
19.365742 9.013097
19.379044 9.017960
19.388773 9.016779
19.395674 9.018296
19.396017 9.018785
19.401062 9.025985
19.414026 9.024868
19.420668 9.027758
19.428112 9.025868
19.428112 9.025868
19.431562 9.025781
19.439095 9.031192
19.441214 9.028932
19.450760 9.024960
19.458145 9.025544
19.459206 9.017754
19.473759 9.018229
19.479139 9.014417
19.482594 9.015163
19.488277 9.020542
19.490864 9.018060
19.493280 9.018272
19.494095 9.018344
19.497282 9.021154
19.498943 9.031977
19.500992 9.033849
19.506763 9.034176
19.511894 9.031506
19.514639 9.019838
19.517227 9.017125
19.523020 9.016304
19.535229 9.018576
19.542549 9.023062
19.554359 9.035202
19.559189 9.036660
19.568670 9.036359
19.572783 9.039183
19.577623 9.039952
19.581833 9.037036
19.585878 9.030888
19.585878 9.030888
19.602001 9.019403
19.614437 9.021482
19.631367 9.018365
19.646971 9.023949
19.658987 9.023951
19.666681 9.020424
19.671989 9.020756
19.683607 9.029247
19.701897 9.027530
19.703707 9.028840
19.719910 9.040575
19.721464 9.044466
19.721464 9.044466
19.734953 9.044351
19.743662 9.048854
19.759604 9.049337
19.763285 9.050315
19.772879 9.057358
19.779499 9.058527
19.780024 9.058619
19.789270 9.058537
19.798094 9.056149
19.804325 9.056706
19.812384 9.058670
19.822464 9.064342
19.828711 9.049510
19.832714 9.044978
19.835512 9.043414
19.841974 9.043975
19.849447 9.053738
19.856510 9.060050
19.864531 9.064538
19.871675 9.065798
19.877958 9.063139
19.882906 9.063551
19.882906 9.063551
19.886189 9.061027
19.894426 9.062146
19.904942 9.068311
19.919487 9.063388
19.927143 9.060796
19.930660 9.067929
19.932711 9.079342
19.935423 9.084382
19.939430 9.087082
19.941778 9.088278
19.957485 9.088794
19.980309 9.091964
19.987160 9.096452
19.997887 9.116398
20.000000 9.113297
20.007092 9.102896
20.009071 9.104873
20.011280 9.111567
20.010239 9.119132
20.010630 9.123732
20.012444 9.126056
20.018198 9.127749
20.029770 9.127004
20.035763 9.128242
20.046906 9.140352
20.048319 9.140882
20.052654 9.142505
20.057753 9.141662
20.071302 9.132444
20.081463 9.133284
20.088083 9.138894
20.093470 9.149769
20.101460 9.156548
20.104931 9.156368
20.108910 9.153212
20.113184 9.145694
20.117393 9.142539
20.130638 9.138139
20.139194 9.138033
20.147478 9.140680
20.152763 9.138970
20.179888 9.137534
20.191187 9.139108
20.207396 9.150643
20.221245 9.151800
20.229420 9.147118
20.238688 9.145899
20.247709 9.132273
20.262407 9.124485
20.265219 9.123887
20.273636 9.122096
20.281416 9.122211
20.281416 9.122211
20.303358 9.121535
20.318127 9.123578
20.324572 9.125505
20.331871 9.132497
20.336716 9.133253
20.346273 9.127643
20.353203 9.128198
20.378006 9.140022
20.381763 9.143237
20.387829 9.148426
20.392887 9.150562
20.410419 9.153327
20.434229 9.153878
20.443861 9.159520
20.450253 9.165578
20.455925 9.173464
20.468052 9.213738
20.470299 9.221205
20.482748 9.241126
20.498053 9.272111
20.497734 9.278539
20.491533 9.292240
20.491238 9.296831
20.496218 9.304937
20.495775 9.307105
20.508270 9.303259
20.518200 9.304538
20.523943 9.307600
20.526873 9.313381
20.527489 9.319133
20.524771 9.331962
20.528635 9.337067
20.534645 9.337375
20.540716 9.333320
20.543489 9.333586
20.548529 9.337327
20.560663 9.329674
20.567366 9.330220
20.571486 9.333490
20.575777 9.341356
20.578070 9.342995
20.580849 9.342800
20.582760 9.341349
20.584122 9.340316
20.588154 9.332787
20.594215 9.329419
20.599663 9.319840
20.604336 9.316455
20.637863 9.317802
20.640570 9.323120
20.637522 9.326298
20.628469 9.328480
20.625198 9.330965
20.623529 9.334620
20.626249 9.339019
20.630388 9.340910
20.641275 9.339900
20.647724 9.342278
20.649652 9.345869
20.650208 9.346905
20.652023 9.367374
20.662766 9.395308
20.666893 9.398347
20.691875 9.399120
20.701180 9.395560
20.705347 9.395383
20.712894 9.402369
20.719147 9.401987
20.728935 9.396595
20.732103 9.397107
20.733555 9.397342
20.740435 9.402251
20.745070 9.401849
20.748110 9.399360
20.753666 9.399199
20.760815 9.401124
20.768135 9.407876
20.769901 9.414560
20.766998 9.424633
20.768110 9.428093
20.780361 9.429392
20.793167 9.441724
20.798239 9.443394
20.804029 9.443005
20.817411 9.428003
20.820429 9.428739
20.827333 9.430420
20.827669 9.440533
20.824762 9.451066
20.826931 9.462810
20.839449 9.479961
20.844719 9.484390
20.849566 9.485597
20.855391 9.482450
20.862547 9.484143
20.866442 9.487406
20.863987 9.498864
20.868746 9.507193
20.874481 9.511395
20.876520 9.515096
20.873680 9.520117
20.874500 9.523102
20.874567 9.523344
20.877321 9.525215
20.894907 9.526113
20.899284 9.528002
20.906458 9.528316
20.915291 9.525433
20.919420 9.528468
20.921909 9.533322
20.919043 9.540641
20.919453 9.545011
20.924440 9.553800
20.924314 9.564137
20.927473 9.571068
20.931164 9.572260
20.936741 9.570716
20.944239 9.563451
20.951595 9.567902
20.953129 9.572520
20.954277 9.575974
20.955305 9.586785
20.950117 9.613838
20.951477 9.616381
20.954460 9.618713
20.960938 9.619247
20.978334 9.617150
20.988020 9.620708
20.990728 9.626713
20.987396 9.634257
20.971861 9.635688
20.968582 9.638637
20.967146 9.642527
20.969856 9.646465
20.970333 9.647159
20.975189 9.647903
20.982409 9.644540
20.988903 9.643926
20.993748 9.645589
20.996241 9.650213
20.993639 9.654778
20.985962 9.657449
20.981054 9.661069
20.981466 9.665439
20.994974 9.678921
20.998610 9.684937
20.993910 9.690627
20.987614 9.694002
20.974159 9.695457
20.969730 9.697703
20.967823 9.702276
20.969404 9.705742
20.972181 9.706003
20.973782 9.705127
20.980808 9.701277
21.001883 9.701978
21.004389 9.705683
21.000793 9.715753
20.993013 9.727153
20.991531 9.734948
20.994986 9.747046
21.010332 9.732176
21.021032 9.728621
21.030533 9.728498
21.036285 9.732010
21.038536 9.737551
21.038265 9.740993
21.024853 9.758536
21.024340 9.761812
21.023849 9.764959
21.025421 9.769343
21.030464 9.773996
21.039240 9.776623
21.049248 9.772828
21.058128 9.766494
21.063238 9.765402
21.074209 9.778623
21.079073 9.778907
21.085127 9.776446
21.092539 9.776758
21.107737 9.785198
21.115307 9.791945
21.118080 9.801333
21.118080 9.801333
21.117960 9.802065
21.116365 9.811779
21.117426 9.818687
21.122332 9.832083
21.133072 9.847903
21.152205 9.866277
21.177216 9.884086
21.183828 9.891760
21.190111 9.890007
21.192621 9.891141
21.192621 9.891141
21.198984 9.895344
21.203089 9.901362
21.204399 9.908731
21.200726 9.926387
21.202532 9.930277
21.202765 9.930775
21.211752 9.935697
21.213320 9.940769
21.212547 9.947656
21.214827 9.951357
21.234003 9.957765
21.237453 9.960329
21.242498 9.965438
21.242920 9.969350
21.249352 9.974933
21.251314 9.986444
21.254053 9.990380
21.262831 9.993690
21.282631 9.985622
21.286949 9.978596
21.287825 9.977173
21.292713 9.975385
21.294382 9.971265
21.297894 9.968084
21.301825 9.969274
21.304794 9.973441
21.309486 9.990036
21.316957 9.985287
21.319403 9.973591
21.320808 9.972226
21.324301 9.970883
21.330088 9.971862
21.336420 9.965261
21.340611 9.963696
21.347548 9.965605
21.354687 9.970273
21.359402 9.985029
21.362375 9.988966
21.364227 9.987727
21.369148 9.984438
21.373329 9.983790
21.377256 9.985209
21.385075 9.991722
21.392660 10.000000
21.393789 10.001232
21.395987 10.012975
21.402210 10.016714
21.404482 10.021333
21.403000 10.030051
21.403650 10.034425
21.407757 10.041130
21.416033 10.048337
21.420420 10.050219
21.429729 10.047323
21.432035 10.048724
21.433138 10.054252
21.437492 10.059350
21.438103 10.062793
21.438103 10.062793
21.437796 10.073224
21.441406 10.080853
21.445089 10.082969
21.453438 10.083076
21.455011 10.087002
21.452522 10.099840
21.454752 10.106763
21.453773 10.110658
21.450966 10.112460
21.448332 10.118632
21.450121 10.123711
21.455414 10.126995
21.462122 10.128460
21.468983 10.136131
21.471666 10.143749
21.471140 10.148568
21.468077 10.152206
21.475853 10.158865
21.481155 10.163404
21.487635 10.164635
21.491034 10.170883
21.493841 10.187006
21.504513 10.187140
21.510120 10.189857
21.511515 10.194566
21.511515 10.194566
21.522938 10.215545
21.536751 10.226938
21.543938 10.227925
21.547678 10.225203
21.553822 10.214228
21.561285 10.210390
21.579111 10.215154
21.584686 10.214746
21.588665 10.211335
21.589350 10.212491
21.597469 10.213025
21.610338 10.217997
21.610882 10.218205
21.622360 10.231412
21.627935 10.231003
21.632845 10.227370
21.636797 10.226717
21.640970 10.227215
21.649494 10.233957
21.668316 10.231829
21.672709 10.233706
21.675690 10.237640
21.673792 10.241991
21.668629 10.248151
21.663044 10.249479
21.660688 10.253136
21.663670 10.257070
21.675259 10.259012
21.680342 10.261586
21.682636 10.264365
21.681999 10.264984
21.675608 10.271197
21.674650 10.274407
21.676472 10.278101
21.682270 10.278843
21.693905 10.275958
21.705509 10.276291
21.709665 10.278855
21.719492 10.295722
21.724581 10.297834
21.728260 10.301775
21.730288 10.308458
21.734430 10.312632
21.737379 10.320243
21.729626 10.330059
21.724199 10.341163
21.723473 10.342647
21.723141 10.347060
21.723141 10.347060
21.727997 10.356713
21.740795 10.354335
21.740408 10.367202
21.741331 10.372490
21.742941 10.381698
21.766628 10.404025
21.770988 10.411688
21.770451 10.417888
21.758114 10.420273
21.754086 10.426891
21.758354 10.438893
21.758526 10.443952
21.751453 10.452604
21.752546 10.458363
21.750854 10.463860
21.744041 10.469813
21.744041 10.469813
21.732685 10.477886
21.719692 10.501219
21.717541 10.507867
21.721029 10.527318
21.721298 10.528818
21.729801 10.539237
21.732916 10.554206
21.733084 10.561334
21.728994 10.576469
21.726946 10.597140
21.733320 10.611679
21.731998 10.629138
21.733265 10.648398
21.733631 10.653979
21.736170 10.656071
21.740587 10.655880
21.748817 10.645607
21.753029 10.642654
21.758614 10.642243
21.764616 10.646663
21.770365 10.653839
21.780777 10.659216
21.782356 10.664516
21.788591 10.669397
21.787121 10.677660
21.789124 10.687792
21.788830 10.694687
21.783171 10.703374
21.783379 10.706134
21.786848 10.708233
21.787924 10.713268
21.787924 10.713268
21.786335 10.722177
21.789707 10.731871
21.788443 10.740361
21.784351 10.752038
21.785851 10.762859
21.790800 10.776709
21.788115 10.787482
21.788494 10.794613
21.791243 10.798093
21.802591 10.802131
21.809950 10.809111
21.814121 10.810308
21.818146 10.821242
21.819304 10.824389
21.832617 10.839483
21.841707 10.837748
21.844429 10.847533
21.844429 10.847533
21.849157 10.846426
21.856581 10.844686
21.865173 10.846597
21.871618 10.854465
21.878250 10.867855
21.880791 10.869945
21.887302 10.870228
21.899233 10.862739
21.904346 10.863240
21.908512 10.866033
21.912643 10.872503
21.921024 10.871881
21.927406 10.860208
21.933977 10.853363
21.940037 10.852262
21.943031 10.855735
21.942797 10.857846
21.941521 10.869287
21.944548 10.869081
21.949043 10.860150
21.952791 10.857192
21.960228 10.858171
21.963467 10.860265
21.962212 10.871290
21.970844 10.868370
21.978333 10.863141
21.982517 10.863633
21.989414 10.873803
22.001747 10.873439
22.016544 10.885049
22.020723 10.886230
22.026011 10.885848
22.029337 10.885607
22.036104 10.883130
22.041679 10.884322
22.048620 10.889202
22.060026 10.888599
22.074163 10.895833
22.081615 10.894969
22.088392 10.891341
22.098696 10.882912
22.104996 10.880659
22.111977 10.880481
22.116842 10.883045
22.120579 10.881464
22.144358 10.878325
22.144358 10.878325
22.151804 10.876023
22.156071 10.878899
22.158733 10.880692
22.174677 10.883804
22.182755 10.900081
22.195543 10.908558
22.204941 10.911043
22.222372 10.912826
22.236280 10.917562
22.245274 10.925467
22.251314 10.926215
22.265614 10.923018
22.265614 10.923018
22.282166 10.930652
22.289841 10.931394
22.298187 10.935818
22.313023 10.944193
22.323656 10.954379
22.326904 10.955780
22.355991 10.956430
22.370176 10.958362
22.376617 10.969438
22.377155 10.968914
22.384348 10.961901
22.402443 10.970752
22.413609 10.971742
22.424322 10.970659
22.430815 10.974379
22.433329 10.981291
22.442825 10.988477
22.456562 10.987872
22.461428 10.991120
22.468592 10.999210
22.476963 11.000641
22.486597 10.998746
22.493977 10.997294
22.497198 11.003062
22.509043 11.007271
22.520679 11.007569
22.552656 10.993732
22.560961 10.987876
