> cameroon 0
8.531593 4.665962
8.528148 4.666636
8.526514 4.672148
8.526714 4.677670
8.529672 4.682516
8.537683 4.686236
8.541357 4.685564
8.543211 4.681892
8.544176 4.672695
8.542593 4.668317
8.531593 4.665962
> cameroon 1
9.640797 3.635050
9.641862 3.630870
9.638232 3.627535
9.634824 3.615481
9.634691 3.607980
9.632790 3.606225
9.630997 3.616679
9.634234 3.628210
9.639235 3.634866
9.640797 3.635050
> cameroon 2
14.178668 12.450310
14.179725 12.459559
14.174788 12.470827
14.178290 12.477044
14.186477 12.483266
14.191136 12.497997
14.197922 12.502147
14.195332 12.511117
14.196965 12.515260
14.194852 12.518478
14.190867 12.520314
14.183825 12.529738
14.178865 12.554121
14.177431 12.571835
14.170825 12.599666
14.170812 12.607948
14.157804 12.678564
14.155676 12.689144
14.155432 12.694665
14.151419 12.711225
14.150461 12.722497
14.146682 12.739516
14.145743 12.739515
14.145020 12.751478
14.134834 12.809439
14.131286 12.826689
14.127966 12.846699
14.125345 12.869011
14.123228 12.872919
14.122044 12.879358
14.119213 12.887636
14.117778 12.902588
14.107356 12.955714
14.104282 12.967902
14.104262 12.978714
14.101185 12.992972
14.099068 12.995960
14.097397 13.010221
14.094783 13.027009
14.092175 13.040808
14.085769 13.075764
14.085435 13.078056
14.089286 13.077840
14.134113 13.077677
14.167676 13.077262
14.179411 13.077047
14.187391 13.077518
14.213207 13.077778
14.223064 13.077559
14.289019 13.075784
14.298875 13.076252
14.318356 13.076037
14.324928 13.074892
14.358255 13.075835
14.364121 13.076299
14.370460 13.074923
14.441809 13.074724
14.453544 13.074038
14.459880 13.074500
14.473739 13.053800
14.487829 13.034478
14.490884 13.027348
14.512719 12.998364
14.533376 12.968920
14.540418 12.960177
14.543703 12.956726
14.552150 12.950745
14.553559 12.941543
14.550512 12.930961
14.554503 12.918767
14.561308 12.914856
14.561776 12.913245
14.566802 12.901495
14.566802 12.901495
14.568749 12.891757
14.567320 12.888777
14.560959 12.884911
14.558333 12.878487
14.560614 12.869496
14.563849 12.862802
14.564506 12.856124
14.564708 12.851751
14.567881 12.836312
14.566361 12.828711
14.566361 12.828711
14.563907 12.826974
14.562501 12.825824
14.555704 12.811790
14.551253 12.797068
14.551724 12.785794
14.555477 12.780963
14.562042 12.776591
14.572827 12.776589
14.576578 12.773598
14.579864 12.757954
14.585725 12.747369
14.594164 12.744607
14.600728 12.748056
14.617840 12.768297
14.621591 12.770367
14.624872 12.767605
14.624638 12.759092
14.620419 12.745980
14.621591 12.738388
14.627686 12.739996
14.636592 12.739532
14.653937 12.725032
14.662844 12.720197
14.671515 12.719501
14.689095 12.720643
14.699409 12.724319
14.706207 12.724774
14.716752 12.718326
14.723545 12.706358
14.720496 12.696927
14.710414 12.685660
14.706193 12.678990
14.706426 12.670938
14.712749 12.661271
14.718607 12.657356
14.723528 12.657352
14.729858 12.665171
14.736426 12.681501
14.743927 12.686327
14.747678 12.686324
14.752598 12.683330
14.757514 12.673893
14.759184 12.668145
14.759184 12.668145
14.761258 12.661006
14.761950 12.640299
14.765228 12.635465
14.771552 12.631318
14.791938 12.630610
14.815606 12.634498
14.819355 12.634494
14.831534 12.628499
14.834107 12.622515
14.835035 12.611240
14.836666 12.598584
14.840405 12.585926
14.846487 12.575796
14.851865 12.563596
14.854665 12.550018
14.853957 12.544727
14.853007 12.529543
14.856742 12.514584
14.852283 12.503315
14.858589 12.483980
14.849916 12.471796
14.847566 12.462596
14.848965 12.456382
14.856685 12.447860
14.862775 12.449924
14.868437 12.457778
14.868437 12.457778
14.872387 12.463257
14.878009 12.464170
14.881750 12.458414
14.883138 12.440466
14.886168 12.426887
14.892946 12.414224
14.903465 12.398794
14.907670 12.389815
14.910468 12.379228
14.909519 12.367265
14.907619 12.341267
14.909715 12.330680
14.908067 12.321018
14.902204 12.309522
14.900090 12.302392
14.908952 12.273159
14.906833 12.260967
14.904002 12.238652
14.906095 12.225304
14.904917 12.217482
14.899991 12.205523
14.900688 12.200231
14.910026 12.181811
14.907055 12.178340
14.907055 12.178340
14.905107 12.176065
14.892467 12.167798
14.891292 12.160897
14.895727 12.152147
14.903211 12.150527
14.933575 12.113900
14.938486 12.113203
14.946431 12.108130
14.952270 12.101448
14.957175 12.097528
14.967224 12.091991
14.980552 12.090360
14.982659 12.093118
14.988976 12.095407
14.990621 12.100927
14.994606 12.107364
15.000000 12.111496
15.009346 12.112401
15.010981 12.110787
15.016591 12.109397
15.026875 12.105007
15.038086 12.096244
15.038782 12.092101
15.035487 12.078761
15.034772 12.069098
15.049963 12.064699
15.054398 12.059169
15.061104 12.041591
15.061104 12.041591
15.058275 12.035048
15.055890 12.029777
15.053064 12.027500
15.043253 12.028507
15.040668 12.026919
15.039708 12.024166
15.042237 12.019541
15.048755 12.016262
15.051759 12.012323
15.054049 12.007010
15.058228 12.003751
15.071075 12.002485
15.077848 12.001735
15.082732 11.998929
15.086658 11.993601
15.086854 11.989457
15.082778 11.978217
15.080169 11.974098
15.075457 11.969998
15.071247 11.969806
15.063332 11.973328
15.056546 11.972698
15.053485 11.970194
15.052044 11.965834
15.053864 11.960295
15.063295 11.943411
15.064845 11.933732
15.064323 11.927752
15.061232 11.921797
15.057225 11.918151
15.049011 11.914311
15.044528 11.909518
15.042609 11.904012
15.042094 11.898723
15.043892 11.890653
15.049171 11.880019
15.049602 11.875874
15.051786 11.858825
15.054525 11.851666
15.062165 11.843774
15.067750 11.841192
15.072900 11.842297
15.075257 11.844577
15.076961 11.852157
15.076087 11.858838
15.078211 11.861120
15.087466 11.851142
15.094901 11.846472
15.096261 11.841857
15.095004 11.832203
15.095851 11.822530
15.100204 11.813055
15.108533 11.804235
15.116418 11.797949
15.118947 11.793553
15.117964 11.788270
15.114877 11.782775
15.111569 11.778662
15.110635 11.778670
15.103591 11.774822
15.093307 11.774224
15.087915 11.771972
15.082024 11.766272
15.080345 11.761454
15.081710 11.757529
15.086814 11.753571
15.096122 11.749804
15.098901 11.747248
15.103678 11.733167
15.102242 11.729498
15.098483 11.727000
15.093351 11.727737
15.083817 11.732196
15.078447 11.732473
15.073523 11.730216
15.069515 11.726110
15.065689 11.716249
15.065639 11.710726
15.066993 11.705420
15.067923 11.704952
15.067418 11.700814
15.069234 11.695045
15.073895 11.693851
15.073895 11.693851
15.080128 11.685972
15.080128 11.685972
15.077061 11.682548
15.077946 11.677016
15.076953 11.670581
15.078073 11.665278
15.085708 11.657615
15.082221 11.649652
15.079987 11.644549
15.081800 11.638550
15.087561 11.630213
15.089806 11.620297
15.092573 11.616590
15.099553 11.613996
15.102558 11.610746
15.102724 11.603380
15.102735 11.596578
15.102735 11.596578
15.097768 11.588992
15.100557 11.582314
15.104287 11.579315
15.127845 11.570752
15.136703 11.564521
15.142291 11.557836
15.142266 11.544950
15.142486 11.537356
15.140143 11.533220
15.131946 11.517131
15.133100 11.509995
15.129594 11.507011
15.107405 11.495093
15.104353 11.484975
15.096880 11.481078
15.099427 11.470029
15.087987 11.464759
15.082828 11.449353
15.080727 11.448207
15.074418 11.442697
15.076971 11.434638
15.071131 11.430048
15.069954 11.423377
15.058736 11.410053
15.057781 11.396940
15.060910 11.391152
15.060910 11.391152
15.066611 11.377947
15.069785 11.367793
15.069069 11.365958
15.068590 11.364582
15.058731 11.357535
15.053780 11.351597
15.051139 11.343105
15.052061 11.341947
15.052061 11.341947
15.050584 11.333215
15.047251 11.325650
15.051605 11.317097
15.051809 11.313873
15.048746 11.310219
15.038928 11.307544
15.034473 11.304822
15.032346 11.301619
15.036693 11.292145
15.035953 11.287549
15.029640 11.285764
15.026584 11.282799
15.026545 11.278427
15.031856 11.272627
15.032529 11.269629
15.030828 11.261821
15.029078 11.248488
15.030663 11.243182
15.033449 11.242007
15.033449 11.242007
15.040386 11.235502
15.041752 11.231809
15.040557 11.228597
15.030255 11.223625
15.026958 11.219742
15.033676 11.215080
15.035976 11.211609
15.035946 11.208157
15.031939 11.203130
15.028396 11.197867
15.028831 11.194412
15.033916 11.189535
15.035036 11.184463
15.032888 11.178728
15.035202 11.176867
15.039581 11.171306
15.038847 11.167399
15.033916 11.163301
15.035527 11.160986
15.034319 11.156163
15.037538 11.151073
15.036809 11.147858
15.026234 11.137825
15.025036 11.134154
15.026877 11.131607
15.035252 11.129922
15.039068 11.113550
15.038765 11.105728
15.036397 11.101377
15.033519 11.092198
15.034184 11.088280
15.035337 11.087119
15.042548 11.085675
15.045078 11.081970
15.043180 11.078075
15.037063 11.071456
15.037735 11.068459
15.042611 11.066574
15.044671 11.062414
15.042987 11.056446
15.046691 11.053882
15.051714 11.042332
15.052380 11.038644
15.051134 11.029680
15.051815 11.027603
15.051758 11.021161
15.050350 11.020023
15.047968 11.014061
15.051882 11.008964
15.052090 11.006201
15.052090 11.006201
15.050464 10.999937
15.049899 10.998130
15.050123 10.995471
15.051570 10.992804
15.053267 10.990859
15.055036 10.989230
15.057826 10.986464
15.061077 10.980246
15.062919 10.966437
15.074083 10.958594
15.082915 10.947992
15.084523 10.935105
15.086582 10.913474
15.092134 10.892527
15.093485 10.866066
15.088584 10.858944
15.081825 10.854125
15.081355 10.851366
15.074596 10.846317
15.070161 10.838734
15.068054 10.831375
15.068254 10.811359
15.069408 10.805375
15.075216 10.799152
15.078461 10.790633
15.079150 10.785110
15.083092 10.776820
15.093539 10.762536
15.100952 10.743425
15.106060 10.736743
15.116979 10.726828
15.126954 10.710702
15.129959 10.700113
15.133906 10.696194
15.139462 10.681458
15.143159 10.667876
15.149413 10.654059
15.154515 10.646456
15.157494 10.622523
15.154673 10.607807
15.148835 10.595397
15.144171 10.588736
15.143430 10.565963
15.144099 10.551238
15.145935 10.538351
15.151964 10.529826
15.159390 10.522908
15.170769 10.515982
15.182614 10.509973
15.182614 10.509973
15.202595 10.503714
15.208637 10.502319
15.219778 10.494011
15.241114 10.470723
15.244121 10.464504
15.248265 10.447241
15.251497 10.437341
15.262630 10.426960
15.267264 10.421197
15.281173 10.406207
15.283253 10.401371
15.282512 10.383201
15.282701 10.365257
15.286406 10.359957
15.293365 10.355107
15.297296 10.347276
15.294489 10.339462
15.296105 10.335318
15.307468 10.327005
15.311625 10.316643
15.308591 10.311360
15.310207 10.307446
15.329712 10.303480
15.338761 10.299084
15.344789 10.294465
15.355698 10.290752
15.360250 10.284019
15.363333 10.279459
15.367028 10.271627
15.378375 10.258942
15.393452 10.251075
15.409650 10.230093
15.416571 10.214200
15.420506 10.209587
15.424915 10.208652
15.438118 10.196879
15.451560 10.187865
15.456875 10.179337
15.462155 10.159768
15.470012 10.147552
15.480200 10.138547
15.486175 10.118977
15.493366 10.117341
15.505415 10.110169
15.510723 10.100261
15.513941 10.090590
15.518577 10.088273
15.521377 10.092862
15.529508 10.094674
15.534374 10.091896
15.553819 10.076582
15.564007 10.068558
15.572334 10.060246
15.580686 10.059066
15.591114 10.054426
15.606849 10.040796
15.618922 10.042359
15.629101 10.032889
15.643839 10.027729
15.649034 10.025910
15.675187 10.007404
15.680269 10.001404
15.679340 10.001408
15.679655 10.000000
15.682534 9.987135
15.683687 9.985061
15.658128 9.976195
15.642565 9.971659
15.628639 9.970794
15.623531 9.969894
15.600526 9.960324
15.589844 9.957835
15.574755 9.955592
15.546663 9.950406
15.521836 9.950036
15.500236 9.942983
15.493965 9.940704
15.487924 9.937965
15.469590 9.936188
15.449169 9.934876
15.435013 9.933312
15.429912 9.934249
15.419950 9.939341
15.408590 9.942137
15.371050 9.958581
15.351346 9.965539
15.345779 9.966246
15.337903 9.971099
15.328629 9.973885
15.328627 9.972965
15.316792 9.972769
15.309835 9.974399
15.304737 9.977172
15.282240 9.981374
15.263920 9.986252
15.251169 9.991115
15.236097 9.996444
15.212591 9.964534
15.204008 9.965705
15.189402 9.970799
15.184306 9.975410
15.159506 9.989497
15.142808 9.994594
15.132830 9.994616
15.118196 9.985908
15.111461 9.982931
15.107041 9.976961
15.106560 9.967072
15.101449 9.963863
15.083584 9.964589
15.071524 9.967143
15.066882 9.966692
15.057609 9.971539
15.051344 9.971781
15.036507 9.980088
15.029325 9.988610
15.018197 9.995529
15.006351 10.000000
15.002891 10.001306
15.000000 10.001235
14.994071 10.001090
14.985485 10.001104
14.982897 10.000000
14.949498 9.985751
14.933948 9.982325
14.928146 9.982333
14.919094 9.979815
14.902607 9.968339
14.891000 9.961915
14.876371 9.950204
14.869636 9.941473
14.866850 9.940557
14.862671 9.936882
14.847352 9.928391
14.835980 9.924493
14.816261 9.924744
14.798864 9.927751
14.790979 9.932128
14.781932 9.934436
14.770567 9.940886
14.762449 9.944112
14.756187 9.949177
14.746675 9.949644
14.728115 9.951037
14.719762 9.951734
14.713497 9.949898
14.705377 9.949903
14.674985 9.959579
14.644126 9.966493
14.633221 9.973166
14.610481 9.977314
14.603752 9.980995
14.594470 9.982147
14.571264 9.989051
14.544112 9.999403
14.541574 10.000000
14.516727 10.005842
14.499554 10.008831
14.484700 10.010209
14.471474 10.008136
14.463586 10.005375
14.433417 10.004905
14.416943 10.002829
14.406267 10.003514
14.381668 10.004422
14.359626 10.001649
14.356176 10.000000
14.353363 9.998655
14.347331 9.997042
14.332478 9.998871
14.326704 10.000000
14.307875 10.003682
14.303698 10.003448
14.298825 10.002524
14.288384 10.001366
14.279209 10.000000
14.272840 9.999052
14.249866 9.998569
14.236409 9.997405
14.229219 9.994178
14.209502 9.989555
14.200233 9.981496
14.192369 9.965157
14.193297 9.965158
14.191231 9.951126
14.188925 9.942385
14.185224 9.936171
14.181780 9.913628
14.177626 9.900284
14.166982 9.883943
14.162352 9.879336
14.125330 9.828921
14.117927 9.819482
14.106818 9.807277
14.104278 9.801754
14.083908 9.783325
14.078832 9.770899
14.075351 9.766730
14.067949 9.763522
14.049658 9.751534
14.038560 9.737487
14.024951 9.705729
14.023132 9.689399
14.019464 9.670767
14.020895 9.652834
14.022067 9.647088
14.041337 9.630567
14.046679 9.625288
14.062048 9.589214
14.075977 9.575672
14.078296 9.574986
14.081090 9.568092
14.086431 9.562353
14.099657 9.551797
14.108487 9.537556
14.135877 9.508166
14.149328 9.498758
14.157443 9.493482
14.166955 9.484987
14.177153 9.481322
14.186650 9.480414
14.191053 9.478121
14.195250 9.461573
14.196656 9.450079
14.201293 9.447095
14.211718 9.445039
14.224932 9.435397
14.236071 9.419316
14.244666 9.399783
14.250465 9.391513
14.265295 9.383251
14.277347 9.373377
14.288928 9.369709
14.299351 9.366500
14.317409 9.366744
14.327381 9.351119
14.331095 9.342385
14.334108 9.338480
14.337358 9.329516
14.345009 9.318717
14.354510 9.307689
14.376973 9.296208
14.385775 9.288627
14.392268 9.274378
14.392736 9.267941
14.390432 9.255297
14.389745 9.248400
14.380042 9.228856
14.378428 9.222189
14.376591 9.207246
14.380765 9.196904
14.390955 9.186107
14.404381 9.177378
14.412950 9.167038
14.417578 9.164971
14.419894 9.160146
14.430311 9.151645
14.435868 9.144751
14.438648 9.140155
14.445827 9.126366
14.449531 9.122919
14.454620 9.121312
14.464108 9.115568
14.472669 9.112352
14.474983 9.108675
14.486553 9.099713
14.493263 9.091900
14.493266 9.087072
14.484252 9.076269
14.484486 9.070752
14.504157 9.039268
14.509941 9.032372
14.514336 9.030535
14.527055 9.028696
14.536767 9.025708
14.548563 9.017434
14.559663 9.011917
14.577700 8.994678
14.590880 8.982954
14.620474 8.953300
14.626253 8.950540
14.635730 8.938127
14.644976 8.928700
14.647653 8.926197
14.648674 8.926860
14.653990 8.921343
14.661155 8.911687
14.681952 8.889385
14.698127 8.876048
14.717534 8.863167
14.729083 8.848452
14.738786 8.841320
14.753565 8.820168
14.766500 8.813264
14.771353 8.813949
14.790992 8.812782
14.800694 8.810705
14.808782 8.810698
14.823100 8.801261
14.829570 8.801714
14.836040 8.804005
14.850133 8.802840
14.855222 8.809038
14.858537 8.809561
14.858537 8.809561
14.860248 8.810696
14.861869 8.811142
14.868094 8.809482
14.873694 8.816100
14.879650 8.809846
14.881519 8.812358
14.884068 8.813256
14.890514 8.810215
14.897898 8.809004
14.900419 8.806684
14.906769 8.792152
14.905801 8.786875
14.907157 8.783416
14.910381 8.782010
14.915190 8.776913
14.925289 8.769013
14.914804 8.761372
14.914804 8.761372
14.910617 8.755658
14.924699 8.747137
14.933707 8.746665
14.943644 8.748948
14.951034 8.747559
14.955645 8.740428
14.972267 8.733969
14.976656 8.733502
14.987267 8.722686
14.989109 8.718087
14.986324 8.708442
14.983294 8.687767
14.984672 8.681102
14.988361 8.677420
14.998755 8.678781
15.000000 8.678744
15.007070 8.678537
15.034539 8.670677
15.045853 8.669507
15.055326 8.672707
15.060437 8.672774
15.070337 8.672907
15.070337 8.672907
15.079426 8.670454
15.086593 8.671309
15.097465 8.673278
15.106936 8.673421
15.127163 8.662894
15.128311 8.662194
15.146703 8.653062
15.156888 8.647223
15.156888 8.647223
15.174227 8.633109
15.189840 8.614291
15.207611 8.610803
15.209452 8.608042
15.208746 8.601610
15.209408 8.587364
15.211917 8.573344
15.216516 8.565063
15.218805 8.555867
15.220626 8.543917
15.226611 8.536321
15.230739 8.524364
15.230954 8.517012
15.241726 8.483445
15.251348 8.452409
15.253635 8.444134
15.258660 8.421839
15.262325 8.410574
15.267355 8.390576
15.270554 8.377476
15.286306 8.309216
15.291583 8.297718
15.301920 8.281383
15.305124 8.271498
15.312465 8.255860
15.318894 8.245277
15.326923 8.229408
15.355587 8.170993
15.359721 8.165239
15.374165 8.136492
15.386542 8.111653
15.398230 8.088196
15.397986 8.083834
15.392607 8.055148
15.390954 8.040917
15.395299 8.029424
15.399179 8.016094
15.416507 8.000000
15.419861 7.990908
15.422854 7.987464
15.424463 7.977822
15.453225 7.894712
15.464025 7.873321
15.468874 7.863714
15.474169 7.857054
15.488896 7.830646
15.493040 7.827659
15.500634 7.815029
15.505006 7.803547
15.510758 7.796198
15.521811 7.790912
15.544345 7.785582
15.578221 7.777567
15.591115 7.776183
15.597327 7.767455
15.597556 7.762633
15.595851 7.757754
15.591499 7.749540
15.591021 7.744262
15.595374 7.737818
15.593043 7.729564
15.595546 7.720831
15.594600 7.713490
15.594600 7.713490
15.595689 7.695121
15.598204 7.690062
15.594930 7.675382
15.588273 7.666183
15.582668 7.658440
15.582428 7.655456
15.586553 7.649702
15.587217 7.641894
15.581632 7.624467
15.570073 7.610964
15.568440 7.604772
15.570034 7.599485
15.574624 7.595107
15.573918 7.590518
15.570911 7.586626
15.568926 7.585646
15.568926 7.585646
15.566298 7.584347
15.559131 7.575190
15.549901 7.569025
15.545588 7.563367
15.540650 7.556890
15.527722 7.546375
15.522882 7.544785
15.516854 7.532179
15.507478 7.527468
15.502788 7.525112
15.495380 7.513199
15.497199 7.506075
15.494891 7.504246
15.489593 7.503346
15.483357 7.497399
15.482425 7.493499
15.483336 7.490970
15.477334 7.485711
15.465806 7.480241
15.465329 7.479300
15.464416 7.477490
15.464416 7.477490
15.466927 7.471052
15.459507 7.454776
15.449140 7.452286
15.445674 7.448165
15.443802 7.438987
15.441026 7.434864
15.432495 7.430531
15.428801 7.426869
15.429693 7.418141
15.427841 7.414933
15.419767 7.409679
15.407762 7.398239
15.399923 7.394592
15.394979 7.389513
15.380986 7.375139
15.369691 7.369666
15.361600 7.358441
15.348000 7.352057
15.338990 7.341524
15.334836 7.338323
15.329309 7.336963
15.314307 7.323694
15.305314 7.318442
15.298497 7.311483
15.274377 7.286853
15.268614 7.284116
15.262378 7.276787
15.251784 7.274525
15.249244 7.271548
15.248765 7.265578
15.238128 7.248388
15.229369 7.244053
15.224753 7.239705
15.224753 7.239705
15.223358 7.234886
15.224038 7.231209
15.216194 7.224804
15.222402 7.222486
15.228844 7.222006
15.232052 7.217632
15.236422 7.216700
15.238484 7.213936
15.230869 7.206841
15.228540 7.197432
15.218611 7.186210
15.213286 7.175662
15.216187 7.144414
15.218477 7.140962
15.225329 7.137473
15.209574 7.106435
15.199294 7.080696
15.197351 7.077862
15.198489 7.073494
15.196640 7.070514
15.191115 7.069613
15.184453 7.073080
15.169707 7.066695
15.167170 7.064176
15.162529 7.050867
15.162283 7.045125
15.157211 7.041925
15.155346 7.033202
15.148658 7.027939
15.147030 7.021742
15.147384 7.016323
15.147384 7.016323
15.147691 7.011633
15.139740 6.966861
15.143574 6.949790
15.144282 6.946630
15.141506 6.940896
15.133673 6.937015
15.126730 6.922563
15.119341 6.912707
15.114223 6.892505
15.110750 6.884934
15.101514 6.872787
15.099175 6.859238
15.092240 6.846853
15.090722 6.839708
15.090142 6.836980
15.085464 6.830367
15.085464 6.830367
15.074900 6.815429
15.072582 6.809002
15.071371 6.787179
15.066510 6.776164
15.051518 6.761045
15.047375 6.759909
15.042782 6.762680
15.031059 6.765472
15.021400 6.765961
15.017717 6.764969
15.016336 6.764598
15.005275 6.756588
15.000000 6.755842
14.995912 6.755264
14.981344 6.750069
14.979126 6.749828
14.970765 6.748918
14.966857 6.743401
14.960651 6.725011
14.955365 6.714896
14.952835 6.713057
14.932840 6.667540
14.930773 6.658115
14.923015 6.641975
14.896072 6.585925
14.871421 6.526642
14.866436 6.514650
14.858624 6.500394
14.847368 6.474411
14.837717 6.460614
14.837029 6.455326
14.815762 6.413779
14.813369 6.409104
14.813600 6.405426
14.809696 6.396458
14.809011 6.384502
14.815917 6.363812
14.815918 6.360363
14.806959 6.346334
14.804204 6.338746
14.799378 6.332765
14.796162 6.331155
14.777396 6.302268
14.754502 6.267024
14.750682 6.261004
14.739655 6.251571
14.724259 6.244436
14.650956 6.217491
14.641556 6.215168
14.635099 6.213572
14.624762 6.207587
14.579254 6.192621
14.579254 6.192621
14.574173 6.193990
14.568885 6.193085
14.561982 6.190113
14.542177 6.172230
14.534585 6.168571
14.532005 6.164246
14.525820 6.153879
14.514998 6.144710
14.510609 6.133685
14.505539 6.127260
14.498867 6.124288
14.474234 6.103655
14.472383 6.097913
14.468472 6.095393
14.455595 6.091744
14.444780 6.085562
14.440657 6.085423
14.425704 6.084916
14.425698 6.081927
14.430734 6.071571
14.424500 6.057331
14.420794 6.042626
14.420097 6.038490
14.421922 6.031818
14.430633 6.020763
14.436111 6.002588
14.449642 5.989222
14.465702 5.977231
14.471200 5.968711
14.477134 5.948695
14.481714 5.941556
14.484444 5.939126
14.485427 5.938251
14.485427 5.938251
14.489741 5.934410
14.490864 5.921532
14.493607 5.914398
14.500912 5.908461
14.506179 5.902331
14.510546 5.901415
14.514913 5.898198
14.527780 5.897518
14.555573 5.905128
14.564538 5.898695
14.571198 5.901920
14.576061 5.905414
14.591269 5.919681
14.600003 5.920578
14.610105 5.917104
14.621317 5.896153
14.622672 5.886034
14.622314 5.880461
14.621084 5.861345
14.621084 5.861345
14.620054 5.845344
14.627114 5.817274
14.627442 5.758639
14.627739 5.754984
14.629902 5.728281
14.627997 5.698392
14.618075 5.678872
14.611134 5.655664
14.611107 5.643707
14.606260 5.633141
14.602795 5.623951
14.602319 5.616593
14.597702 5.605797
14.595620 5.599363
14.595134 5.587407
14.597406 5.575673
14.606565 5.563002
14.609302 5.554717
14.612021 5.537922
14.617963 5.524799
14.630791 5.510048
14.631013 5.506598
14.619343 5.494309
14.618813 5.493751
14.619025 5.485931
14.614869 5.476053
14.610266 5.471235
14.606589 5.470324
14.604282 5.465500
14.607254 5.459514
14.607241 5.453304
14.602148 5.435149
14.601675 5.428940
14.604615 5.408235
14.601842 5.399962
14.595632 5.395378
14.588281 5.394017
14.583907 5.389197
14.582045 5.388485
14.577931 5.386912
14.576778 5.384385
14.578835 5.379781
14.577891 5.368284
14.570756 5.360252
14.557153 5.334296
14.554150 5.325794
14.553441 5.316596
14.548839 5.311777
14.548370 5.307409
14.553185 5.303947
14.553639 5.301876
14.551336 5.298662
14.541915 5.295005
14.537998 5.288344
14.534322 5.286973
14.530173 5.279624
14.527874 5.278019
14.532669 5.265588
14.553751 5.246907
14.564035 5.240732
14.565674 5.239748
14.572083 5.230533
14.578959 5.225686
14.589978 5.225888
14.598916 5.218276
14.608099 5.218023
14.616816 5.215011
14.622790 5.217756
14.628196 5.216538
14.628196 5.216538
14.633116 5.215430
14.641829 5.211038
14.652620 5.211010
14.656512 5.206631
14.659707 5.198112
14.670638 5.193012
14.673629 5.183351
14.676385 5.179211
14.691686 5.118240
14.692029 5.116868
14.695513 5.095993
14.692749 5.091994
14.691133 5.087858
14.679873 5.082597
14.677551 5.071102
14.679146 5.065348
14.684182 5.060044
14.685322 5.056361
14.684380 5.045783
14.684380 5.045783
14.691898 5.021842
14.690516 5.019315
14.682246 5.016346
14.682469 5.013815
14.685216 5.010358
14.684063 5.008291
14.679934 5.009222
14.679010 5.006924
14.683586 5.000000
14.681395 4.995687
14.678282 4.989214
14.678735 4.986913
14.684236 4.983449
14.686286 4.976542
14.693611 4.968703
14.695888 4.960646
14.691258 4.943636
14.692626 4.939262
14.688022 4.933524
14.685714 4.927549
14.686854 4.924556
14.693727 4.919247
14.700342 4.902208
14.705289 4.884960
14.706944 4.879189
14.715634 4.866514
14.716085 4.863062
14.713781 4.859158
14.707346 4.854574
14.710311 4.846975
14.708461 4.841000
14.713951 4.833854
14.721906 4.800939
14.719828 4.795424
14.721416 4.787828
14.717731 4.782087
14.717027 4.775418
14.715157 4.771134
14.714721 4.770133
14.710353 4.766464
14.702775 4.763953
14.704830 4.759808
14.713302 4.752424
14.714436 4.746440
14.720387 4.740213
14.722418 4.725946
14.722602 4.706392
14.725108 4.699254
14.725070 4.682921
14.722754 4.673726
14.726388 4.658074
14.724054 4.641287
14.726106 4.635530
14.732055 4.629074
14.734783 4.618714
14.732008 4.609290
14.735902 4.606519
14.740717 4.605816
14.743691 4.601898
14.748274 4.599814
14.757865 4.581386
14.771852 4.578818
14.773900 4.572371
14.780540 4.566832
14.782765 4.562154
14.783278 4.561073
14.788773 4.556457
14.791969 4.550237
14.801124 4.541700
14.807080 4.538923
14.815303 4.524638
14.822871 4.523927
14.822871 4.523927
14.832262 4.518150
14.834311 4.512163
14.836830 4.510545
14.846004 4.510060
14.848751 4.507982
14.855404 4.508193
14.858587 4.497372
14.861564 4.494833
14.868672 4.494123
14.873712 4.491348
14.884459 4.478435
14.887191 4.470376
14.890852 4.466914
14.896122 4.464828
14.907588 4.463876
14.918350 4.456944
14.926600 4.453929
14.932779 4.449080
14.936449 4.447708
14.936449 4.447708
14.943320 4.445138
14.946523 4.442139
14.946049 4.436388
14.948566 4.434310
14.958655 4.433131
14.961413 4.435424
14.969441 4.435630
14.972143 4.434868
14.981817 4.432143
14.984563 4.429374
14.987065 4.422005
15.000000 4.419208
15.005404 4.418039
15.013889 4.418244
15.016179 4.416627
15.015482 4.413408
15.019137 4.408106
15.023227 4.393831
15.022071 4.390383
15.022748 4.386470
15.030514 4.374714
15.031409 4.366429
15.033235 4.362973
15.037128 4.361581
15.041727 4.365938
15.044022 4.366161
15.046538 4.363853
15.050648 4.357399
15.049743 4.355370
15.047879 4.351196
15.056343 4.343579
15.063655 4.333664
15.067750 4.321688
15.075983 4.313611
15.078492 4.308542
15.081238 4.306463
15.083535 4.307837
15.086284 4.306678
15.093122 4.292163
15.095839 4.279502
15.095136 4.274212
15.096957 4.269606
15.094878 4.264091
15.100597 4.259472
15.101505 4.256018
15.100760 4.253065
15.098955 4.245904
15.099625 4.239690
15.096862 4.235558
15.097535 4.230494
15.101648 4.225420
15.103239 4.220124
15.107356 4.216430
15.107576 4.213209
15.102741 4.206092
15.102726 4.200801
15.107050 4.189054
15.106330 4.177783
15.107470 4.175250
15.111135 4.174318
15.112963 4.171782
15.110197 4.166729
15.112700 4.160280
15.110623 4.155225
15.113815 4.149003
15.108293 4.141454
15.107601 4.140511
15.106900 4.135911
15.114417 4.118403
15.117847 4.115172
15.126097 4.113766
15.129058 4.106854
15.133181 4.105691
15.137980 4.099925
15.139553 4.089107
15.146170 4.078043
15.149116 4.065841
15.152550 4.064450
15.160585 4.068335
15.173655 4.068753
15.178922 4.066896
15.180277 4.059990
15.183470 4.054228
15.180250 4.050558
15.172675 4.047591
15.164190 4.046698
15.160285 4.043720
15.155011 4.043276
15.146042 4.033412
15.120355 4.028892
15.111862 4.025237
15.111862 4.025237
15.102923 4.025955
15.096721 4.021143
15.082041 4.018198
15.074922 4.013619
15.069488 4.013124
15.067584 4.012951
15.061606 4.006758
15.057741 3.997192
15.064679 3.996799
15.064679 3.997719
15.090352 3.995881
15.097229 3.982534
15.100457 3.970249
15.107087 3.945023
15.134134 3.901068
15.146282 3.878746
15.149720 3.875754
15.150637 3.870692
15.158215 3.859429
15.167824 3.845147
15.169200 3.840544
15.210675 3.774494
15.222133 3.759535
15.225164 3.752681
15.231297 3.738822
15.247792 3.713966
15.262684 3.699696
15.263599 3.696244
15.298422 3.659188
15.301630 3.657577
15.303345 3.655546
15.324765 3.630187
15.336448 3.619368
15.388552 3.562505
15.395082 3.555377
15.401266 3.550773
15.419815 3.528675
15.436304 3.513021
15.465614 3.481253
15.469279 3.480100
15.476430 3.472842
15.493322 3.455698
15.499045 3.447181
15.507288 3.440503
15.537280 3.405742
15.543460 3.396764
15.559579 3.378324
15.605036 3.326315
15.616479 3.310430
15.638451 3.286255
15.641088 3.282097
15.646916 3.272903
15.652867 3.266917
15.656073 3.265534
15.689483 3.226163
15.700465 3.211198
15.703671 3.210276
15.710535 3.201987
15.716029 3.198761
15.723704 3.188593
15.747829 3.156628
15.751263 3.155015
15.778487 3.123240
15.780794 3.119416
15.784435 3.116332
15.794502 3.106659
15.798162 3.099983
15.805278 3.093420
15.812250 3.101846
15.828044 3.100172
15.834934 3.105665
15.840208 3.107485
15.845859 3.107832
15.845859 3.107832
15.861279 3.108780
15.866996 3.106457
15.869260 3.099546
15.871543 3.097697
15.885053 3.097642
15.888252 3.096249
15.898516 3.085165
15.902353 3.079248
15.903751 3.077092
15.913978 3.056347
15.926491 3.035363
15.934493 3.032109
15.941775 3.020348
15.960238 2.998648
15.969125 2.987569
15.971410 2.986639
15.974163 2.988238
15.976944 2.996738
15.982451 2.999935
15.985888 3.000381
15.991604 2.998517
15.995275 3.000342
16.005121 3.000760
16.008078 2.995457
16.015387 2.991056
16.015362 2.984615
16.017410 2.981385
16.024498 2.978825
16.031576 2.973965
16.035927 2.974406
16.035194 2.962908
16.036781 2.958760
16.044077 2.950909
16.052721 2.937070
16.057713 2.925317
16.059277 2.915649
16.073193 2.903399
16.075201 2.892160
16.087439 2.859173
16.086952 2.851814
16.090317 2.834548
16.089119 2.821442
16.085667 2.816856
16.079010 2.812285
16.073248 2.802189
16.053303 2.794224
16.051001 2.791013
16.051271 2.788900
16.051889 2.784109
16.056202 2.775350
16.057320 2.768445
16.058891 2.762561
16.058891 2.762561
16.060026 2.758312
16.064135 2.755305
16.064808 2.751852
16.062950 2.744959
16.065414 2.731608
16.060823 2.728408
16.059896 2.725652
16.064692 2.722871
16.065367 2.719878
16.060543 2.715298
16.062128 2.711151
16.069897 2.707668
16.082941 2.707152
16.089720 2.700339
16.084417 2.691394
16.078459 2.683777
16.075138 2.675160
16.072664 2.661623
16.069073 2.646782
16.069073 2.646782
16.067377 2.639772
16.070108 2.626195
16.084852 2.597188
16.083784 2.577404
16.082474 2.569330
16.079815 2.560711
16.071857 2.544806
16.067253 2.526808
16.068493 2.517947
16.073095 2.510640
16.080008 2.503660
16.083923 2.497802
16.085060 2.491359
16.083246 2.478776
16.080233 2.470889
16.075626 2.465193
16.079563 2.456229
16.083508 2.450251
16.083824 2.444279
16.087772 2.439960
16.103251 2.428317
16.108538 2.415413
16.112108 2.408397
16.113747 2.403087
16.115700 2.393132
16.131153 2.371540
16.144157 2.356479
16.145733 2.354097
16.148724 2.349572
16.150515 2.331366
16.157393 2.311119
16.160015 2.304811
16.165356 2.292961
16.171152 2.273611
16.170490 2.268180
16.170490 2.268180
16.170141 2.265322
16.163935 2.254086
16.164814 2.245435
16.190817 2.223488
16.191990 2.220514
16.192116 2.216189
16.188469 2.208569
16.180563 2.198629
16.167522 2.194734
16.163630 2.191749
16.160057 2.189729
16.160057 2.189729
16.153767 2.179794
16.147490 2.175165
16.141882 2.175178
16.140570 2.177170
16.135500 2.192473
16.132370 2.196423
16.122808 2.197771
16.113909 2.199117
16.101198 2.198495
16.095938 2.198271
16.086325 2.192301
16.084255 2.182642
16.082624 2.155041
16.080091 2.140323
16.080528 2.121001
16.081656 2.118345
16.083948 2.112947
16.087605 2.109952
16.089920 2.099347
16.089411 2.089249
16.088718 2.083959
16.087570 2.081776
16.082764 2.075456
16.071054 2.069873
16.065828 2.064894
16.066053 2.060754
16.069706 2.055690
16.077936 2.052283
16.084332 2.046473
16.084553 2.039572
16.077677 2.025320
16.073267 2.021507
16.062799 2.012456
16.055723 2.001262
16.055698 1.990982
16.058310 1.980034
16.055656 1.973076
16.055664 1.969684
16.061241 1.964442
16.070374 1.954278
16.080097 1.945965
16.081205 1.939179
16.082678 1.927868
16.086523 1.920287
16.087498 1.913985
16.088766 1.893424
16.091066 1.890103
16.097651 1.886442
16.110220 1.889585
16.113482 1.889060
16.114796 1.886985
16.114702 1.882674
16.112785 1.873809
16.112934 1.867177
16.115707 1.854903
16.124535 1.825374
16.127508 1.815511
16.132633 1.808888
16.140293 1.798151
16.141901 1.781901
16.147125 1.761996
16.143700 1.750601
16.139936 1.744203
16.139475 1.733831
16.140112 1.724877
16.144995 1.717294
16.152979 1.704636
16.151794 1.700154
16.148846 1.689004
16.144724 1.682111
16.135071 1.685435
16.125954 1.695243
16.119961 1.696010
16.113964 1.695269
16.103821 1.692277
16.098827 1.691482
16.094446 1.690219
16.083925 1.685402
16.078657 1.674600
16.070541 1.662182
16.070541 1.662182
16.064692 1.653230
16.061657 1.652928
16.057833 1.652548
16.050865 1.656643
16.046751 1.656661
16.032352 1.657412
16.028709 1.660876
16.022610 1.679522
16.022871 1.687797
16.026814 1.702263
16.025234 1.707327
16.018398 1.712873
16.018190 1.718621
16.021196 1.727344
16.030565 1.743465
16.030565 1.743465
16.033857 1.749130
16.035252 1.755102
16.032537 1.762470
16.026606 1.765484
16.019287 1.765285
15.996410 1.761014
15.989977 1.761201
15.959607 1.762087
15.934960 1.773684
15.920787 1.773973
15.916451 1.775830
15.913723 1.779979
15.912836 1.787340
15.910787 1.789417
15.897985 1.789699
15.886516 1.779631
15.880572 1.779885
15.883348 1.788380
15.873178 1.819688
15.868624 1.824994
15.848740 1.826914
15.843720 1.829922
15.835076 1.841683
15.828916 1.845156
15.807451 1.852599
15.794695 1.865524
15.791533 1.876343
15.787898 1.882795
15.775139 1.895260
15.769911 1.903788
15.769303 1.904376
15.764897 1.908636
15.750060 1.915821
15.742517 1.916311
15.733127 1.912209
15.728558 1.913146
15.722637 1.920296
15.686783 1.933080
15.670764 1.929463
15.654082 1.932515
15.626206 1.938598
15.626206 1.938598
15.608158 1.943494
15.592870 1.952748
15.583493 1.952553
15.570439 1.946623
15.564724 1.947104
15.551954 1.957727
15.545334 1.960970
15.538242 1.960307
15.530443 1.952977
15.525643 1.953685
15.514785 1.961150
15.493702 1.975643
15.493702 1.975643
15.487070 1.975437
15.479276 1.969257
15.450897 1.962460
15.433043 1.956775
15.422736 1.951753
15.409204 1.938694
15.393876 1.936219
15.389753 1.934164
15.357918 1.917719
15.349441 1.912000
15.344864 1.911096
15.338943 1.918933
15.334400 1.928835
15.334716 1.929659
15.336245 1.933657
15.335121 1.939869
15.327099 1.933688
15.319543 1.930725
15.312455 1.930979
15.306979 1.934446
15.304936 1.939741
15.307940 1.950078
15.308189 1.956745
15.304564 1.967563
15.290890 1.982784
15.281081 1.990864
15.271483 1.992966
15.267604 1.995738
15.265105 2.001494
15.259860 2.006340
15.243404 2.009154
15.251212 2.020395
15.251914 2.025681
15.242551 2.030080
15.223346 2.031753
15.214438 2.035691
15.205064 2.035951
15.196596 2.034139
15.188114 2.027038
15.178473 2.014423
15.174359 2.015586
15.172771 2.017936
15.171399 2.019964
15.162310 2.039997
15.152472 2.038879
15.149720 2.036128
15.148532 2.020037
15.146684 2.013604
15.141179 2.007874
15.135231 2.007432
15.127469 2.011826
15.121751 2.011384
15.114627 1.999220
15.112993 1.987269
15.107708 1.978318
15.089183 1.977686
15.083016 1.980234
15.075241 1.980028
15.074112 1.985550
15.076194 1.993821
15.075517 1.997042
15.072170 2.000227
15.071639 2.000733
15.066381 2.001438
15.051688 1.980330
15.046875 1.976436
15.042533 1.977369
15.035234 1.984519
15.034131 1.999238
15.034131 1.999238
15.024776 2.006624
15.009242 2.012879
15.000000 2.021357
14.987114 2.033179
14.980006 2.026532
14.973785 2.008845
14.968057 2.004493
14.954554 2.000395
14.940374 2.000206
14.930762 1.997245
14.930762 1.997245
14.922989 1.997727
14.914765 2.001200
14.901073 2.012736
14.897886 2.018263
14.898808 2.020790
14.909122 2.029728
14.913713 2.036613
14.917172 2.048099
14.917647 2.054766
14.914916 2.059833
14.891436 2.066025
14.890233 2.066342
14.883386 2.071420
14.880666 2.081315
14.881177 2.102468
14.878218 2.107765
14.873188 2.108699
14.863799 2.103897
14.861732 2.100224
14.869016 2.086407
14.868776 2.082268
14.866940 2.079284
14.850481 2.082550
14.841098 2.080047
14.836658 2.071943
14.835814 2.070404
14.827560 2.062379
14.814742 2.057586
14.810397 2.058058
14.797624 2.071659
14.794193 2.071899
14.779987 2.061130
14.774958 2.061604
14.770851 2.065754
14.770171 2.068285
14.776605 2.080684
14.777304 2.086201
14.775262 2.092645
14.772066 2.095413
14.761315 2.094752
14.749861 2.086735
14.744374 2.087439
14.742324 2.091124
14.743706 2.095259
14.755369 2.094998
14.756755 2.100743
14.755390 2.103506
14.729589 2.122200
14.724100 2.121984
14.722492 2.118999
14.722254 2.115091
14.727040 2.107950
14.726802 2.103812
14.723143 2.103822
14.714919 2.108212
14.702571 2.109165
14.698936 2.119752
14.690494 2.128511
14.685925 2.130593
14.680037 2.129976
14.655955 2.127451
14.650927 2.129074
14.645687 2.137825
14.649366 2.146784
14.647775 2.151157
14.642524 2.155079
14.630632 2.156259
14.619823 2.174639
14.619823 2.174639
14.616277 2.180670
14.612182 2.190799
14.606706 2.196791
14.600761 2.198416
14.591163 2.201659
14.586607 2.210408
14.583179 2.211797
14.580890 2.211113
14.573323 2.202853
14.567378 2.203558
14.556960 2.211535
14.545922 2.196979
14.538834 2.195364
14.529048 2.190016
14.525345 2.187993
14.490818 2.177384
14.445548 2.159404
14.440060 2.159400
14.433659 2.155944
14.426798 2.155938
14.420847 2.161453
14.415488 2.168799
14.411457 2.174326
14.396812 2.182593
14.385604 2.184653
14.385605 2.183733
14.362503 2.185091
14.351985 2.183011
14.335287 2.184604
14.309894 2.190559
14.300976 2.188709
14.296962 2.188655
14.282450 2.188460
14.275821 2.185233
14.269646 2.185226
14.260961 2.179236
14.256394 2.172330
14.245646 2.171628
14.184122 2.172017
14.177564 2.171067
14.174518 2.170626
14.130146 2.172411
14.093096 2.171214
14.051900 2.171439
14.025168 2.171583
14.009163 2.169491
13.992467 2.169467
13.989263 2.171072
13.982172 2.171523
13.926674 2.171320
13.876966 2.171135
13.862097 2.172722
13.847005 2.171088
13.801095 2.171231
13.701774 2.171532
13.675354 2.170800
13.657406 2.170302
13.632015 2.172325
13.628359 2.170478
13.550127 2.169971
13.527728 2.169824
13.495477 2.171369
13.479698 2.169957
13.424487 2.168823
13.404914 2.168420
13.401481 2.169793
13.351620 2.171064
13.330810 2.169868
13.298965 2.170563
13.300165 2.182692
13.288961 2.188681
13.289878 2.191669
13.294683 2.193505
13.295992 2.195346
13.300406 2.201548
13.303839 2.203844
13.306585 2.207981
13.306130 2.210741
13.299959 2.220175
13.300194 2.228453
13.293333 2.231219
13.291277 2.234210
13.286940 2.250081
13.282136 2.250775
13.277101 2.244341
13.274584 2.244113
13.274587 2.249862
13.272530 2.251473
13.265896 2.251019
13.263610 2.255391
13.265215 2.260908
13.256755 2.266895
13.251954 2.273338
13.247836 2.273341
13.241886 2.267367
13.235481 2.268982
13.233191 2.263235
13.226099 2.261401
13.223810 2.259333
13.220149 2.259106
13.217177 2.262328
13.213517 2.261641
13.212143 2.259573
13.207340 2.259346
13.207340 2.259346
13.205053 2.262568
13.205514 2.267856
13.200253 2.267630
13.197735 2.264413
13.194990 2.264875
13.193619 2.268785
13.188344 2.272109
13.187805 2.274909
13.190590 2.275235
13.196485 2.272336
13.197448 2.273414
13.197055 2.277751
13.194083 2.281433
13.187449 2.281668
13.180813 2.277534
13.178724 2.278279
13.162745 2.283986
13.125223 2.272975
13.114470 2.268383
13.117440 2.260102
13.115380 2.257574
13.117895 2.251364
13.108289 2.255049
13.106458 2.252521
13.100967 2.252525
13.099822 2.246087
13.092957 2.242182
13.090442 2.242183
13.088840 2.238967
13.087924 2.237126
13.086095 2.241726
13.082208 2.244488
13.079235 2.249089
13.076947 2.249551
13.071228 2.246335
13.065739 2.247028
13.060703 2.239213
13.054985 2.239906
13.050867 2.237149
13.045606 2.237842
13.042173 2.236464
13.037827 2.238076
13.036458 2.247736
13.034171 2.247507
13.031425 2.243829
13.026164 2.244292
13.021362 2.249584
13.015643 2.248897
13.008323 2.247751
13.001918 2.249365
12.999630 2.247066
12.994826 2.249138
12.985219 2.247304
12.972179 2.241561
12.964860 2.244095
12.952278 2.242491
12.945874 2.243874
12.935353 2.253307
12.920256 2.252854
12.915909 2.250326
12.916137 2.248026
12.921168 2.243425
12.900352 2.235385
12.891660 2.235849
12.888229 2.241599
12.882053 2.245281
12.878621 2.243903
12.877021 2.241143
12.875190 2.230796
12.872673 2.228498
12.868098 2.230569
12.863523 2.228501
12.859177 2.228963
12.855517 2.236093
12.850486 2.236094
12.845224 2.239316
12.828754 2.239781
12.827154 2.242081
12.826696 2.252889
12.820520 2.257721
12.818233 2.257031
12.818462 2.252662
12.815488 2.248524
12.808625 2.246226
12.801991 2.246918
12.796044 2.249449
12.795434 2.248147
12.794213 2.245541
12.794671 2.241401
12.792841 2.238642
12.776830 2.229908
12.750067 2.223476
12.742976 2.223248
12.738859 2.225088
12.734970 2.228998
12.721016 2.229921
12.719186 2.231071
12.715755 2.228772
12.711410 2.228313
12.689677 2.242344
12.675037 2.243496
12.671148 2.240278
12.659254 2.238669
12.626085 2.244421
12.614875 2.250861
12.611900 2.254771
12.608698 2.255231
12.600921 2.253161
12.600921 2.253161
12.589483 2.254772
12.585135 2.258911
12.585589 2.263333
12.585820 2.265580
12.576440 2.269030
12.544189 2.255922
12.528153 2.254101
12.504188 2.260766
12.492293 2.260727
12.475160 2.254230
12.467385 2.253284
12.453435 2.252548
12.424604 2.255673
12.391187 2.262461
12.382481 2.266572
12.353879 2.269465
12.330401 2.275781
12.326862 2.276733
12.316338 2.277617
12.300785 2.277102
12.291104 2.276392
12.285698 2.262774
12.282497 2.258864
12.279754 2.257253
12.268774 2.255869
12.259623 2.257705
12.256879 2.256555
12.254136 2.252414
12.241785 2.249880
12.225538 2.258382
12.222563 2.261141
12.220270 2.268728
12.213402 2.277234
12.207453 2.279531
12.202193 2.276309
12.185717 2.279349
12.185717 2.279349
12.174669 2.281387
12.173594 2.281585
12.168105 2.281353
12.161018 2.274451
12.154386 2.272377
12.148666 2.273294
12.139737 2.282718
12.125319 2.290990
12.121202 2.290068
12.108400 2.279252
12.096963 2.278785
12.086667 2.281080
12.082779 2.279927
12.078890 2.280845
12.074081 2.285441
12.066076 2.284517
12.053492 2.287498
12.050289 2.287036
12.047778 2.281746
12.044431 2.281920
12.039084 2.282200
12.030159 2.286564
12.020092 2.287937
12.014141 2.291152
12.012546 2.285172
12.010489 2.283101
12.003625 2.284246
12.001335 2.286314
11.991729 2.284698
11.987382 2.285845
11.981200 2.291359
11.972968 2.287214
11.969535 2.289971
11.964278 2.285138
11.953067 2.286510
11.950549 2.288348
11.946203 2.288115
11.942318 2.284432
11.935226 2.283507
11.933856 2.281896
11.930196 2.282123
11.922869 2.288557
11.918064 2.289012
11.915555 2.282342
11.909152 2.280267
11.902516 2.281411
11.897251 2.285546
11.893820 2.285774
11.885819 2.279558
11.877122 2.283920
11.866371 2.283221
11.862950 2.273330
11.855979 2.273494
11.853572 2.273552
11.853106 2.280910
11.846930 2.280905
11.838926 2.277218
11.834118 2.282043
11.828395 2.285028
11.823819 2.285253
11.821535 2.282952
11.821541 2.277432
11.812846 2.279034
11.798892 2.279251
11.793856 2.282236
11.790653 2.281773
11.787227 2.278321
11.783795 2.277857
11.781514 2.272796
11.773505 2.275318
11.760236 2.276225
11.753448 2.274154
11.750403 2.273225
11.750165 2.281044
11.748105 2.281962
11.743977 2.289777
11.745573 2.294147
11.744882 2.297826
11.740536 2.297592
11.734363 2.294826
11.730702 2.295282
11.721998 2.304012
11.711243 2.306761
11.706662 2.310435
11.699555 2.322156
11.695208 2.322612
11.689034 2.320075
11.673939 2.317759
11.668220 2.317753
11.664325 2.321888
11.651980 2.315435
11.646728 2.308530
11.643986 2.306688
11.638724 2.305992
11.626796 2.307840
11.612197 2.299752
11.606935 2.300436
11.602581 2.305260
11.587932 2.311222
11.577636 2.312129
11.567345 2.309587
11.557279 2.309805
11.557279 2.309805
11.552485 2.302900
11.547915 2.299215
11.544485 2.298521
11.539449 2.300814
11.536020 2.298740
11.531903 2.298505
11.527553 2.300799
11.527553 2.300799
11.521372 2.303781
11.513368 2.302161
11.505130 2.303760
11.500329 2.301914
11.495760 2.297769
11.486613 2.295227
11.474017 2.303949
11.457545 2.304617
11.451142 2.303228
11.455953 2.299095
11.456872 2.296337
11.452989 2.293113
11.446584 2.292874
11.440626 2.299074
11.433988 2.301825
11.432847 2.299524
11.424846 2.296523
11.413636 2.296737
11.390977 2.303374
11.383435 2.298994
11.376115 2.299213
11.370636 2.292306
11.364695 2.288388
11.366301 2.286091
11.373168 2.283341
11.375237 2.277365
11.377297 2.276219
11.377988 2.273690
11.372508 2.267933
11.374344 2.264256
11.377091 2.263110
11.377554 2.260351
11.370251 2.249992
11.370251 2.249992
11.364307 2.247914
11.359970 2.242849
11.357470 2.233876
11.350162 2.226737
11.350852 2.224209
11.356804 2.221458
11.354065 2.218234
11.355907 2.211109
11.354004 2.206523
11.352946 2.203975
11.356153 2.201681
11.356843 2.198922
11.351598 2.190176
11.350464 2.184426
11.352074 2.179599
11.357440 2.174149
11.334608 2.173887
11.248872 2.173765
11.228024 2.173735
11.203520 2.180517
11.191137 2.187128
11.182450 2.186166
11.166495 2.174817
11.129312 2.174499
11.039794 2.173728
11.003565 2.173978
10.962944 2.174257
10.962938 2.175177
10.899592 2.173699
10.878742 2.173757
10.752992 2.174096
10.669732 2.174309
10.640686 2.174149
10.636120 2.172744
10.627455 2.173016
10.598833 2.173917
10.521534 2.172791
10.501725 2.172817
10.389793 2.172953
10.376003 2.173835
10.373321 2.174007
10.330331 2.172604
10.303561 2.174286
10.288932 2.172818
10.250404 2.172880
10.197903 2.172961
10.193963 2.172673
10.172578 2.158832
10.164320 2.166396
10.162011 2.173058
10.159350 2.175499
10.152464 2.174575
10.148010 2.175465
10.142385 2.174249
10.130023 2.162616
10.124999 2.160071
10.119963 2.161436
10.113773 2.165556
10.108512 2.166000
10.101442 2.163627
10.072153 2.163131
10.060708 2.165855
10.054735 2.173885
10.052895 2.181641
10.049466 2.176168
10.046070 2.165810
10.040822 2.161885
10.029829 2.165990
10.029829 2.165990
10.025244 2.169195
10.000000 2.176527
9.995481 2.177840
9.989770 2.175523
9.982674 2.177340
9.963879 2.188548
9.946027 2.191710
9.941158 2.193359
9.935264 2.195355
9.925637 2.200843
9.921597 2.200159
9.912864 2.190762
9.907693 2.191773
9.904057 2.195908
9.902956 2.211347
9.899735 2.216626
9.894689 2.220748
9.888283 2.221187
9.884364 2.229683
9.881839 2.232204
9.871077 2.235388
9.867175 2.239055
9.851289 2.246211
9.847888 2.246572
9.843795 2.257460
9.843795 2.257460
9.831199 2.290960
9.831374 2.299243
9.834263 2.312374
9.833010 2.329390
9.828600 2.339253
9.822182 2.346989
9.822182 2.346989
9.824910 2.351598
9.824910 2.351598
9.823507 2.360102
9.826208 2.372530
9.826143 2.390468
9.820998 2.421728
9.822122 2.427481
9.829408 2.437395
9.830574 2.444239
9.830976 2.446599
9.826787 2.466134
9.829502 2.474883
9.822069 2.505676
9.827516 2.518344
9.824918 2.540874
9.826881 2.567560
9.833023 2.577931
9.834806 2.591047
9.839339 2.603482
9.840445 2.614295
9.843631 2.619136
9.845133 2.647431
9.847379 2.651842
9.848769 2.654573
9.852112 2.679885
9.861439 2.696017
9.863923 2.705225
9.861609 2.712348
9.862276 2.718100
9.876404 2.735857
9.879542 2.754499
9.878117 2.769215
9.880836 2.777044
9.887433 2.788566
9.889695 2.796395
9.893348 2.799397
9.894709 2.802621
9.888001 2.822381
9.884274 2.840770
9.887635 2.861483
9.893516 2.881974
9.895344 2.882900
9.899696 2.881994
9.898759 2.888201
9.901000 2.902010
9.898876 2.920175
9.902740 2.928009
9.902721 2.933529
9.906597 2.938143
9.905199 2.945039
9.907931 2.949418
9.911530 2.967602
9.914938 2.975434
9.928156 2.992959
9.932045 2.994122
9.950753 3.013274
9.954613 3.022948
9.957806 3.026639
9.960069 3.034237
9.959360 3.040676
9.961617 3.050344
9.965949 3.055649
9.966844 3.061863
9.965198 3.074509
9.969535 3.078434
9.974340 3.079369
9.975469 3.084204
9.969831 3.099747
9.963217 3.117980
9.943402 3.153113
9.928609 3.192862
9.923768 3.201818
9.924447 3.204351
9.934808 3.199205
9.931081 3.206443
9.924191 3.212172
9.919358 3.218827
9.911057 3.234903
9.903698 3.243851
9.898245 3.260931
9.898245 3.260931
9.900183 3.266614
9.900183 3.266614
9.898106 3.270978
9.895995 3.285004
9.887914 3.303611
9.874332 3.322891
9.864681 3.331601
9.859841 3.340097
9.847872 3.356620
9.830765 3.374315
9.829248 3.375883
9.816131 3.392863
9.799120 3.409369
9.779333 3.433227
9.744437 3.466016
9.743472 3.466922
9.732675 3.475167
9.720483 3.488698
9.717278 3.487996
9.712685 3.490971
9.700270 3.502660
9.686948 3.511816
9.658907 3.535872
9.652948 3.536311
9.646742 3.541580
9.646742 3.541580
9.637686 3.551241
9.637686 3.551241
9.636397 3.549385
9.631171 3.552320
9.629599 3.554229
9.629580 3.557718
9.631472 3.561042
9.632689 3.560701
9.634802 3.555480
9.643888 3.569177
9.645227 3.578384
9.648421 3.581846
9.648421 3.581846
9.646111 3.586899
9.646111 3.586899
9.642888 3.591029
9.636694 3.593077
9.635756 3.598595
9.637203 3.608106
9.639976 3.626324
9.641191 3.626331
9.642299 3.614303
9.646902 3.619800
9.651949 3.618208
9.661730 3.618077
9.662760 3.620350
9.659724 3.622376
9.648951 3.623488
9.648705 3.627629
9.653513 3.628796
9.647016 3.641365
9.647274 3.657762
9.645864 3.661765
9.643445 3.659309
9.644300 3.651307
9.644543 3.649025
9.643704 3.643439
9.641958 3.645173
9.638468 3.668542
9.615161 3.710789
9.592350 3.748541
9.576875 3.774147
9.546248 3.811305
9.545549 3.814293
9.549213 3.814996
9.552197 3.813857
9.564157 3.803319
9.563710 3.800096
9.567604 3.800800
9.571277 3.799203
9.579328 3.791641
9.579328 3.791641
9.584587 3.794651
9.585939 3.800637
9.591190 3.805948
9.591190 3.805948
9.596673 3.810338
9.599141 3.823921
9.597590 3.836624
9.597485 3.837489
9.605226 3.850860
9.610217 3.863992
9.614345 3.863547
9.620285 3.868399
9.625103 3.867267
9.631318 3.860157
9.644402 3.855142
9.645566 3.850315
9.656125 3.845981
9.658893 3.841620
9.657531 3.838165
9.658231 3.834716
9.666702 3.837047
9.676615 3.821898
9.678689 3.818685
9.678689 3.818685
9.690354 3.824937
9.690354 3.824937
9.687816 3.829529
9.686878 3.835047
9.687764 3.843333
9.690719 3.850015
9.696433 3.853946
9.702159 3.855117
9.713395 3.853545
9.713395 3.853545
9.718627 3.864376
9.718627 3.864376
9.712656 3.867347
9.699772 3.880415
9.698384 3.883861
9.699750 3.886396
9.692634 3.889362
9.689636 3.894183
9.686421 3.895782
9.680203 3.903352
9.678349 3.908637
9.679482 3.912552
9.683604 3.913257
9.692095 3.910756
9.696441 3.913302
9.696441 3.913302
9.697550 3.922968
9.694771 3.930550
9.690170 3.934905
9.690170 3.934905
9.687181 3.937655
9.659904 3.937329
9.654393 3.940070
9.647528 3.937055
9.642712 3.937728
9.640196 3.936109
9.636525 3.937016
9.633535 3.939536
9.630533 3.945507
9.626115 3.962055
9.627931 3.966663
9.632741 3.967600
9.633911 3.966153
9.633911 3.966153
9.636940 3.968512
9.636940 3.968512
9.635921 3.974974
9.643876 3.992947
9.658460 4.016005
9.661438 4.016476
9.669255 4.010292
9.669255 4.010292
9.675197 4.015374
9.675197 4.015374
9.673547 4.027331
9.674674 4.032397
9.678327 4.036551
9.681759 4.038173
9.690639 4.054079
9.705256 4.069084
9.711891 4.072558
9.713017 4.078313
9.718481 4.088225
9.717784 4.090753
9.700848 4.083102
9.699693 4.085399
9.703567 4.091624
9.701958 4.092768
9.696457 4.092289
9.695758 4.095277
9.700967 4.112320
9.699567 4.118757
9.697729 4.119901
9.690933 4.098021
9.685691 4.089720
9.684795 4.084196
9.687575 4.076384
9.692418 4.068809
9.691743 4.065586
9.678228 4.062547
9.668389 4.057451
9.653711 4.059010
9.654543 4.055725
9.655340 4.052573
9.647354 4.042653
9.643468 4.039878
9.636635 4.028350
9.624937 4.029919
9.621737 4.027606
9.626110 4.023021
9.624514 4.020715
9.614664 4.018839
9.603919 4.011208
9.593392 4.006339
9.584683 4.005847
9.572062 4.009482
9.567003 4.013374
9.562919 4.013208
9.562919 4.013208
9.556224 4.014715
9.556224 4.014715
9.540614 4.019949
9.538301 4.025232
9.533255 4.026133
9.528216 4.024734
9.528216 4.024734
9.521379 4.014816
9.521379 4.014816
9.524691 4.011518
9.525061 4.011149
9.529926 3.998054
9.529503 3.989310
9.536697 3.966790
9.532611 3.956883
9.527578 3.954103
9.523445 3.956158
9.517716 3.955677
9.499396 3.951237
9.483066 3.964980
9.483736 3.969353
9.478211 3.975084
9.478211 3.975084
9.471079 3.981729
9.471079 3.981729
9.468086 3.984939
9.462582 3.985608
9.460970 3.987442
9.460970 3.987442
9.455241 3.986730
9.452608 3.983906
9.452608 3.983906
9.458501 3.974319
9.459205 3.970411
9.461271 3.969499
9.464282 3.961918
9.461123 3.949253
9.461602 3.944193
9.457714 3.939111
9.455568 3.941047
9.457292 3.933364
9.462022 3.932705
9.460871 3.930165
9.460871 3.930165
9.464913 3.918899
9.464913 3.918899
9.478259 3.906296
9.476890 3.904680
9.451273 3.891240
9.430220 3.882877
9.418537 3.881222
9.407304 3.881639
9.387805 3.886037
9.380233 3.887746
9.360483 3.896871
9.326231 3.920892
9.315414 3.931202
9.293726 3.964705
9.293726 3.964705
9.288898 3.967906
9.288898 3.967906
9.287991 3.965832
9.286421 3.965583
9.285012 3.965360
9.279725 3.969020
9.272617 3.969221
9.271253 3.966685
9.275405 3.960721
9.272673 3.956338
9.267628 3.956778
9.257339 3.950525
9.255983 3.946148
9.258521 3.942247
9.257384 3.940172
9.254176 3.939929
9.250298 3.935542
9.239286 3.937568
9.239479 3.946081
9.236011 3.953199
9.227765 3.951555
9.225462 3.954076
9.222940 3.954066
9.221146 3.945086
9.218862 3.943237
9.216111 3.943225
9.215447 3.944421
9.212415 3.949882
9.211937 3.954251
9.214665 3.959324
9.213040 3.964148
9.216899 3.972906
9.216196 3.976584
9.209042 3.987598
9.210180 3.989443
9.214541 3.988081
9.216136 3.990388
9.216124 3.993149
9.211055 3.999109
9.214009 4.005103
9.212160 4.008546
9.200687 4.011030
9.184866 4.011885
9.179831 4.010024
9.173864 4.011379
9.170896 4.008837
9.166275 4.009022
9.155305 4.009462
9.150233 4.015882
9.143353 4.016314
9.137170 4.015138
9.131238 4.008671
9.127118 4.007273
9.123208 4.010248
9.122960 4.014388
9.116325 4.011369
9.107590 4.016853
9.100673 4.025796
9.073077 4.045004
9.064997 4.049214
9.059060 4.052307
9.034944 4.062096
9.028497 4.068279
9.025285 4.068726
9.020714 4.065715
9.014504 4.069829
9.014482 4.074660
9.002540 4.079440
8.993549 4.089983
8.987568 4.094558
8.979534 4.096594
8.978838 4.098431
8.980878 4.103501
8.985452 4.106052
8.989189 4.113513
8.992267 4.119656
8.988798 4.126082
8.991189 4.154620
8.995730 4.164072
8.996383 4.171897
9.000248 4.179046
8.999764 4.184335
8.996068 4.190531
8.997886 4.193989
8.996022 4.200423
8.990027 4.207529
8.985383 4.220392
8.977778 4.228410
8.970630 4.237121
8.965338 4.241009
8.956834 4.245342
8.943288 4.248964
8.933860 4.254673
8.924641 4.264525
8.916079 4.281051
8.910565 4.283097
8.907340 4.286303
8.906855 4.292052
8.908922 4.301363
8.912020 4.315311
8.909925 4.321973
8.902298 4.334363
8.899028 4.347001
8.893232 4.360088
8.892059 4.365604
8.893147 4.378262
8.890090 4.394122
8.883376 4.407435
8.881957 4.416400
8.884691 4.420324
8.886285 4.422862
8.883060 4.425608
8.880969 4.431350
8.881607 4.441935
8.888682 4.449328
8.894171 4.452804
8.902191 4.454220
8.900107 4.458352
8.893434 4.463153
8.890409 4.472342
8.891075 4.476716
8.895205 4.476734
8.908424 4.494507
8.908424 4.494507
8.899889 4.504591
8.899889 4.504591
8.898289 4.503664
8.887946 4.507988
8.882391 4.518545
8.882391 4.518545
8.869267 4.528838
8.869267 4.528838
8.862416 4.522366
8.858743 4.523039
8.854365 4.527160
8.840797 4.534230
8.836855 4.543185
8.837299 4.546177
8.841882 4.547348
8.840267 4.549181
8.834531 4.549615
8.831334 4.546380
8.830164 4.551206
8.824637 4.555781
8.824637 4.555781
8.812022 4.555493
8.799891 4.549917
8.799891 4.549917
8.801522 4.544633
8.798788 4.540710
8.793756 4.537926
8.787591 4.531916
8.781631 4.531199
8.778205 4.528192
8.768348 4.526766
8.751498 4.548082
8.747589 4.550135
8.742513 4.556092
8.738374 4.558143
8.730570 4.559027
8.719072 4.564724
8.707775 4.576174
8.702024 4.579367
8.704772 4.580530
8.705445 4.583524
8.701264 4.593856
8.697255 4.615922
8.697935 4.617535
8.705278 4.617110
8.693999 4.624878
8.690047 4.635211
8.678506 4.649419
8.680775 4.654491
8.680775 4.654491
8.675681 4.663899
8.675681 4.663899
8.673367 4.667799
8.662557 4.673268
8.661170 4.675332
8.662066 4.679707
8.656330 4.679679
8.650797 4.684944
8.646609 4.696656
8.644445 4.716199
8.644445 4.716199
8.637090 4.718925
8.637090 4.718925
8.635983 4.710867
8.633930 4.708558
8.636029 4.701666
8.633361 4.684861
8.635674 4.681190
8.649524 4.664464
8.654624 4.653907
8.661676 4.619894
8.663647 4.592988
8.663010 4.582863
8.666984 4.567929
8.665850 4.565392
8.670238 4.559433
8.673689 4.557378
8.674672 4.544270
8.674672 4.544270
8.677881 4.544745
8.684777 4.541788
8.684777 4.541788
8.689826 4.541351
8.704352 4.526237
8.703684 4.522323
8.706022 4.513362
8.703509 4.511280
8.703523 4.508519
8.710623 4.510623
8.714308 4.507649
8.713179 4.504194
8.699959 4.487108
8.691952 4.482929
8.682562 4.480124
8.674893 4.479388
8.672474 4.479156
8.657085 4.483223
8.632771 4.483337
8.618078 4.486027
8.601799 4.484798
8.593534 4.486369
8.574977 4.481907
8.564659 4.481166
8.554785 4.483418
8.553160 4.487322
8.553160 4.487322
8.543033 4.493944
8.543033 4.493944
8.526751 4.493173
8.523759 4.495229
8.516262 4.496499
8.513198 4.497017
8.506061 4.502273
8.502588 4.508237
8.498245 4.549394
8.494763 4.557199
8.494973 4.561110
8.500494 4.558147
8.513334 4.559131
8.517480 4.555931
8.519068 4.559390
8.525032 4.559419
8.523407 4.563091
8.526351 4.570468
8.524727 4.574141
8.525397 4.577594
8.525397 4.577594
8.517778 4.586988
8.517778 4.586988
8.514331 4.588122
8.511774 4.594550
8.498833 4.612890
8.502436 4.625791
8.507889 4.635939
8.514044 4.643561
8.516963 4.655768
8.515996 4.665195
8.522661 4.662928
8.537580 4.661621
8.542844 4.664177
8.547181 4.668339
8.548062 4.670938
8.551476 4.681013
8.553531 4.682863
8.556755 4.681947
8.556755 4.681947
8.557920 4.685531
8.557920 4.685531
8.556486 4.688169
8.557393 4.690243
8.562905 4.689120
8.566870 4.689936
8.566870 4.689936
8.565394 4.695803
8.565394 4.695803
8.557086 4.705424
8.552226 4.713452
8.549891 4.721262
8.551107 4.728005
8.551889 4.732349
8.551889 4.732349
8.546263 4.735122
8.546263 4.735122
8.543801 4.731796
8.542276 4.729736
8.539299 4.728801
8.539299 4.728801
8.527482 4.726633
8.527482 4.726633
8.525886 4.751006
8.530889 4.767189
8.539079 4.793684
8.545185 4.804778
8.545614 4.805224
8.545614 4.805224
8.555880 4.815909
8.561829 4.818028
8.568274 4.815549
8.572706 4.806380
8.581230 4.802077
8.590405 4.802380
8.598408 4.805896
8.614379 4.817299
8.629453 4.826164
8.628870 4.841807
8.623979 4.850972
8.609657 4.862823
8.604556 4.869456
8.603800 4.877964
8.604893 4.884876
8.604893 4.884876
8.608231 4.889931
8.613490 4.893637
8.621464 4.905177
8.628554 4.909811
8.649654 4.912443
8.653302 4.917291
8.654643 4.924428
8.649765 4.936136
8.649743 4.940506
8.651782 4.945807
8.658440 4.945378
8.668045 4.952095
8.670091 4.956015
8.667311 4.961292
8.670498 4.966368
8.681705 4.974242
8.683046 4.981380
8.686248 4.983695
8.690378 4.983944
8.693344 4.987409
8.697707 4.986969
8.699067 4.990426
8.694217 4.996614
8.684799 4.997949
8.682493 5.000000
8.682018 5.003457
8.697777 5.019172
8.701362 5.020136
8.702132 5.020343
8.703721 5.023801
8.701619 5.031151
8.710093 5.034872
8.711916 5.037640
8.709810 5.045681
8.712528 5.053055
8.717094 5.057906
8.721836 5.073800
8.731899 5.081207
8.736690 5.087210
8.743559 5.090692
8.744452 5.095986
8.743274 5.101962
8.744869 5.104269
8.766189 5.110119
8.775338 5.116831
8.785604 5.129989
8.789530 5.140083
8.791810 5.145945
8.791810 5.145945
8.793312 5.149806
8.800385 5.158578
8.806291 5.171716
8.816417 5.184829
8.816716 5.193666
8.818035 5.217427
8.816298 5.234209
8.817450 5.263668
8.814024 5.291020
8.821837 5.318694
8.827435 5.338518
8.836987 5.380233
8.843142 5.386262
8.839868 5.398415
8.839828 5.406464
8.842545 5.414756
8.842962 5.423497
8.838064 5.439343
8.838064 5.439343
8.839853 5.449241
8.843724 5.456158
8.857890 5.471170
8.860620 5.476702
8.862842 5.492351
8.866102 5.503006
8.868269 5.510083
8.875787 5.522766
8.890163 5.542147
8.894914 5.557577
8.904513 5.567508
8.907001 5.575568
8.906002 5.592581
8.902043 5.604061
8.895572 5.612771
8.894340 5.613968
8.884265 5.623758
8.875048 5.629926
8.864429 5.640915
8.858183 5.650316
8.851679 5.665463
8.835793 5.672980
8.831847 5.681470
8.822163 5.689244
8.819606 5.695441
8.817837 5.707426
8.816756 5.714744
8.818800 5.719582
8.824815 5.710871
8.828034 5.710196
8.851780 5.740427
8.858846 5.751956
8.859056 5.756096
8.851664 5.764570
8.852560 5.769403
8.852560 5.769403
8.854383 5.772401
8.864914 5.780036
8.867875 5.785338
8.869446 5.793393
8.868275 5.797987
8.865735 5.800735
8.853542 5.804128
8.847539 5.810309
8.841041 5.824076
8.842866 5.826614
8.851578 5.830563
8.862062 5.848084
8.889336 5.862233
8.906896 5.890143
8.915812 5.899369
8.933939 5.904737
8.969672 5.933549
8.977883 5.938434
8.995520 5.948923
9.000526 5.955401
9.037271 5.988564
9.043674 5.992752
9.067177 6.015005
9.073355 6.020352
9.104166 6.047016
9.107147 6.047958
9.135454 6.073463
9.152337 6.090145
9.159649 6.109500
9.167668 6.130732
9.179089 6.140473
9.186837 6.149498
9.213355 6.169007
9.229164 6.175789
9.241333 6.177487
9.249124 6.180763
9.254940 6.181938
9.265648 6.184101
9.285878 6.215519
9.289715 6.225435
9.295406 6.233064
9.310825 6.262607
9.320469 6.273972
9.325745 6.274438
9.328259 6.277895
9.328017 6.280423
9.324786 6.283628
9.325467 6.285470
9.332596 6.285038
9.333735 6.287571
9.337633 6.289656
9.341045 6.298173
9.340334 6.303457
9.341686 6.309898
9.340465 6.316658
9.337990 6.321664
9.343014 6.326298
9.344945 6.345856
9.350652 6.351415
9.353183 6.351202
9.367484 6.344176
9.378086 6.339323
9.386167 6.338114
9.392394 6.333082
9.423724 6.317112
9.433845 6.315772
9.446992 6.361333
9.447169 6.368926
9.447169 6.368926
9.447384 6.378113
9.447619 6.378708
9.448295 6.380415
9.452425 6.382269
9.455129 6.395841
9.460362 6.408961
9.461720 6.414713
9.459394 6.421140
9.462579 6.429656
9.461870 6.434249
9.462671 6.437161
9.462671 6.437161
9.466175 6.449895
9.472486 6.451362
9.513694 6.443369
9.528182 6.442779
9.542637 6.447016
9.566294 6.460731
9.584773 6.471444
9.588202 6.475138
9.587426 6.487346
9.584881 6.491704
9.586692 6.498834
9.586659 6.507338
9.592838 6.514944
9.597155 6.528290
9.599216 6.530365
9.603584 6.530612
9.608196 6.527180
9.615102 6.525136
9.623841 6.524708
9.633523 6.518538
9.638796 6.522694
9.644013 6.523233
9.644013 6.523233
9.650289 6.523883
9.652102 6.530784
9.657651 6.522531
9.662264 6.518870
9.665973 6.511069
9.668737 6.509470
9.678379 6.513640
9.686666 6.511142
9.690099 6.515521
9.692860 6.515300
9.696096 6.510485
9.701157 6.510043
9.705052 6.513504
9.706893 6.513280
9.709181 6.516276
9.710838 6.523579
9.710838 6.523579
9.718682 6.558136
9.717946 6.560907
9.723231 6.570092
9.723922 6.571254
9.730932 6.602992
9.741438 6.622561
9.741183 6.629224
9.745743 6.640040
9.747551 6.648549
9.749840 6.651545
9.755586 6.652483
9.757188 6.654557
9.758075 6.663292
9.755989 6.667651
9.761724 6.671807
9.756370 6.689252
9.760953 6.693635
9.755853 6.704646
9.760640 6.716152
9.761956 6.733620
9.761956 6.733620
9.765382 6.740066
9.774318 6.749287
9.775682 6.753657
9.774751 6.756871
9.769442 6.761908
9.775384 6.772267
9.778160 6.784299
9.778780 6.786985
9.784036 6.796423
9.790494 6.791390
9.795790 6.790030
9.796952 6.786587
9.802701 6.787066
9.804776 6.785694
9.806613 6.786619
9.808207 6.791220
9.811892 6.789854
9.817202 6.784357
9.822957 6.782998
9.858384 6.781507
9.868411 6.775013
9.868411 6.775013
9.869680 6.774191
9.879952 6.769824
9.891322 6.782190
9.901353 6.796045
9.918488 6.814082
9.922615 6.816177
9.945014 6.838383
9.954635 6.844650
9.956668 6.848014
9.972618 6.874411
10.000000 6.897537
10.003050 6.900113
10.012010 6.902007
10.022477 6.920229
10.042596 6.936018
10.056128 6.946637
10.072821 6.962827
10.076721 6.964460
10.079912 6.969306
10.089759 6.976720
10.116926 6.999799
10.124231 7.008409
10.135016 7.017400
10.136860 7.022233
10.154898 7.039550
10.161408 7.038382
10.169243 7.034499
10.167430 7.025764
10.168135 7.021402
10.168135 7.021402
10.169519 7.020029
10.178034 7.019593
10.179188 7.018448
10.179888 7.015463
10.173239 7.008094
10.171186 7.002345
10.173731 6.997987
10.173743 6.994082
10.176982 6.988807
10.181585 6.987902
10.182554 6.972742
10.184866 6.969074
10.179852 6.954127
10.179852 6.954127
10.180106 6.946775
10.175272 6.947681
10.174901 6.940847
10.213100 6.894738
10.217493 6.891087
10.270468 6.896105
10.344398 6.903101
10.352895 6.905449
10.371525 6.906018
10.390368 6.909345
10.395990 6.909570
10.430614 6.910956
10.435894 6.912825
10.471073 6.915554
10.486344 6.900013
10.493732 6.899972
10.496561 6.901684
10.498373 6.912027
10.502044 6.915712
10.507244 6.918232
10.507244 6.918232
10.514909 6.921947
10.528934 6.924969
10.534202 6.933712
10.543153 6.941086
10.544703 6.962914
10.546523 6.970500
10.552717 6.976948
10.554542 6.982924
10.556022 6.995010
10.556342 6.997632
10.565665 7.038314
10.562871 7.050482
10.565597 7.063582
10.565597 7.063582
10.564388 7.084943
10.567609 7.085410
10.568750 7.088628
10.567122 7.094826
10.568961 7.116364
10.570691 7.136640
10.574085 7.158010
10.576607 7.161691
10.583519 7.158492
10.588140 7.151382
10.596202 7.148646
10.603356 7.140623
10.603639 7.120870
10.603639 7.120870
10.609659 7.106873
10.609221 7.098603
10.601425 7.076405
10.601228 7.075843
10.631207 7.050187
10.636960 7.049971
10.654922 7.044499
10.659060 7.045887
10.661345 7.051865
10.681619 7.041804
10.683928 7.038135
10.683500 7.025498
10.687433 7.017238
10.689734 7.017243
10.699861 7.016118
10.704934 7.011535
10.711406 6.999833
10.723854 6.989983
10.736046 6.990930
10.740652 6.988872
10.748276 6.976254
10.752204 6.969370
10.762572 6.963191
10.768116 6.954013
10.772023 6.955630
10.773388 6.961835
10.777749 6.965981
10.783499 6.966911
10.787183 6.965541
10.791797 6.960497
10.795710 6.959816
10.801913 6.962817
10.803756 6.962131
10.810450 6.952956
10.815982 6.948373
10.821277 6.947006
10.841315 6.937170
10.844776 6.933042
10.845936 6.928679
10.823982 6.873954
10.824924 6.864995
10.820101 6.861768
10.818045 6.855790
10.822660 6.849597
10.820138 6.846375
10.819683 6.844077
10.826845 6.831225
10.827548 6.825483
10.836309 6.817229
10.841157 6.809887
10.846448 6.809898
10.851748 6.805314
10.855200 6.805092
10.860021 6.808778
10.879603 6.795722
10.891858 6.767944
10.896571 6.762788
10.898775 6.760376
10.902457 6.759694
10.904739 6.767511
10.907264 6.770274
10.910949 6.767983
10.915565 6.760870
10.916965 6.752370
10.914235 6.738809
10.919593 6.708948
10.921901 6.705736
10.949317 6.684649
10.951830 6.692007
10.953210 6.691781
10.973692 6.685846
10.977137 6.688380
10.980356 6.688616
10.982893 6.685174
10.990944 6.684500
10.993929 6.686574
10.997844 6.684284
11.006564 6.693262
11.026081 6.708005
11.035948 6.718823
11.042384 6.720444
11.045381 6.717462
11.058954 6.715189
11.064478 6.713590
11.068611 6.716815
11.072061 6.717051
11.077587 6.713614
11.087276 6.699615
11.095790 6.691141
11.095790 6.691141
11.104791 6.682183
11.105721 6.677129
11.100261 6.648165
11.100222 6.619091
11.100170 6.580603
11.099082 6.550496
11.100942 6.541077
11.112197 6.538318
11.112192 6.539238
11.122306 6.539978
11.133803 6.539804
11.139073 6.543508
11.144993 6.555491
11.153465 6.562659
11.162889 6.563395
11.171416 6.559298
11.183430 6.547631
11.183909 6.546825
11.185748 6.543735
11.194967 6.539181
11.208083 6.536946
11.220037 6.537463
11.234313 6.533163
11.241487 6.523542
11.245175 6.521490
11.252049 6.526351
11.261249 6.525935
11.272231 6.537482
11.281655 6.537986
11.290641 6.534121
11.293420 6.532265
11.309785 6.521336
11.319485 6.511955
11.324550 6.510600
11.330552 6.505340
11.352637 6.502454
11.354242 6.503381
11.355372 6.507524
11.353734 6.513954
11.355984 6.524539
11.362636 6.528018
11.375752 6.525550
11.388743 6.528256
11.401710 6.530957
11.429532 6.530623
11.423285 6.539101
11.430376 6.547180
11.433239 6.575009
11.425817 6.589228
11.429938 6.592925
11.433358 6.599607
11.440348 6.599454
11.442097 6.599416
11.453352 6.601996
11.462971 6.610774
11.476125 6.600260
11.484187 6.597077
11.491544 6.597339
11.498181 6.604266
11.505772 6.603839
11.511268 6.608921
11.520921 6.609883
11.525021 6.618867
11.522911 6.627823
11.529527 6.639893
11.529983 6.640727
11.537768 6.648117
11.538667 6.652948
11.545775 6.657577
11.549453 6.658053
11.553566 6.664048
11.554924 6.668880
11.553050 6.676687
11.557615 6.684523
11.551811 6.697140
11.556355 6.709572
11.557247 6.716012
11.564569 6.724779
11.573300 6.726426
11.586016 6.732947
11.588216 6.734076
11.590261 6.739831
11.589522 6.750861
11.580947 6.765993
11.575868 6.770568
11.574236 6.775388
11.576283 6.780913
11.584276 6.793818
11.600346 6.800784
11.597097 6.807206
11.597293 6.815251
11.583025 6.817028
11.584146 6.826189
11.585024 6.833354
11.581520 6.845520
11.578050 6.850331
11.574129 6.852612
11.558951 6.851857
11.557997 6.859897
11.559346 6.866797
11.567815 6.876257
11.571434 6.890292
11.580116 6.903889
11.589753 6.909447
11.600813 6.911665
11.614346 6.914379
11.619826 6.923595
11.622485 6.947047
11.625445 6.954184
11.626058 6.972342
11.631996 6.982248
11.638189 6.986412
11.648762 6.988755
11.662793 6.989274
11.662536 6.995708
11.664494 6.996342
11.674023 6.999433
11.682953 7.009352
11.687737 7.020401
11.697139 7.027795
11.707016 7.031513
11.715524 7.032468
11.715430 7.054757
11.718405 7.058906
11.731978 7.058962
11.737487 7.062202
11.745783 7.059020
11.749443 7.059597
11.751760 7.059963
11.761393 7.067356
11.771057 7.067166
11.806059 7.059727
11.827908 7.061654
11.831116 7.064883
11.838467 7.067671
11.843735 7.073437
11.846931 7.079654
11.848056 7.086092
11.846642 7.094358
11.844757 7.095913
11.841101 7.098931
11.825106 7.128507
11.816254 7.155124
11.810390 7.182211
11.808101 7.214319
11.807950 7.216435
11.805401 7.220560
11.803034 7.236862
11.802029 7.257535
11.804248 7.277530
11.812209 7.300536
11.818555 7.324683
11.822677 7.329524
11.825193 7.335393
11.829288 7.344942
11.836149 7.355996
11.849199 7.372818
11.888613 7.416618
11.893438 7.418705
11.897093 7.425840
11.903887 7.432503
11.924377 7.452592
11.935588 7.470093
11.950711 7.487837
11.960351 7.494995
11.970928 7.498022
11.992102 7.499251
12.000278 7.503990
12.007261 7.508038
12.012788 7.507599
12.039432 7.523089
12.032238 7.538220
12.028961 7.552217
12.026104 7.577009
12.024755 7.602802
12.022875 7.638774
12.017762 7.651155
12.020961 7.657597
12.026919 7.664738
12.031744 7.667512
12.035625 7.676253
12.037653 7.687742
12.037593 7.703586
12.040519 7.721073
12.042321 7.731847
12.046892 7.740820
12.056762 7.749123
12.060422 7.755565
12.061513 7.771413
12.067253 7.776026
12.068130 7.787739
12.073623 7.796714
12.083489 7.806165
12.093739 7.829891
12.096502 7.836290
12.113939 7.853803
12.132774 7.867188
12.141720 7.877093
12.152971 7.886087
12.161801 7.903438
12.165462 7.906958
12.171901 7.921878
12.177423 7.928766
12.182163 7.932968
12.187782 7.937950
12.191927 7.939787
12.196529 7.945756
12.198822 7.959527
12.210564 7.969399
12.219641 7.988361
12.221887 8.000000
12.219763 8.003181
12.220197 8.006168
12.218732 8.015571
12.213799 8.026320
12.214631 8.036660
12.216141 8.048384
12.213443 8.066960
12.209912 8.075427
12.206108 8.088713
12.211483 8.106440
12.222396 8.123525
12.229465 8.131853
12.239279 8.143414
12.245347 8.161377
12.256345 8.169045
12.257716 8.170435
12.258724 8.187208
12.257479 8.224632
12.249393 8.279916
12.241933 8.315684
12.237908 8.327595
12.230123 8.347513
12.227803 8.356928
12.226057 8.364017
12.225500 8.375038
12.230989 8.406783
12.237027 8.428885
12.242954 8.437204
12.248680 8.442076
12.259970 8.444006
12.269206 8.443393
12.279555 8.447383
12.285984 8.451111
12.285975 8.452259
12.301805 8.463183
12.309388 8.466920
12.319539 8.467232
12.338507 8.461869
12.349348 8.462415
12.352560 8.464737
12.357587 8.470749
12.367460 8.476800
12.372296 8.477986
12.383610 8.477385
12.396993 8.477718
12.405060 8.478930
12.411486 8.483343
12.417394 8.494875
12.433606 8.516593
12.437675 8.527421
12.439198 8.538919
12.441852 8.553642
12.442775 8.553650
12.446835 8.565627
12.452084 8.573248
12.458504 8.578810
12.461270 8.579290
12.465847 8.584379
12.468800 8.590604
12.468259 8.600709
12.469589 8.607612
12.469788 8.611749
12.473903 8.617064
12.480326 8.622396
12.484937 8.623349
12.496029 8.622052
12.522642 8.614205
12.532815 8.612441
12.556431 8.603880
12.566148 8.601192
12.575422 8.595974
12.583964 8.596034
12.588799 8.597906
12.600505 8.607178
12.628516 8.628739
12.643657 8.642399
12.654270 8.643620
12.665838 8.640481
12.673456 8.640762
12.678966 8.645394
12.681245 8.649546
12.687441 8.655101
12.686517 8.655095
12.691951 8.670526
12.694921 8.675140
12.710773 8.686963
12.713709 8.696403
12.714290 8.712491
12.713238 8.730866
12.716415 8.738929
12.722586 8.748620
12.729028 8.752339
12.734792 8.753984
12.739404 8.755164
12.746088 8.757275
12.756248 8.758030
12.767810 8.756266
12.773142 8.753542
12.783761 8.754528
12.790658 8.759627
12.801200 8.772331
12.808941 8.789384
12.808925 8.791911
12.806499 8.809361
12.798740 8.829305
12.794080 8.835250
12.789621 8.845333
12.788419 8.852449
12.789751 8.860501
12.796808 8.876632
12.801602 8.885394
12.800871 8.891135
12.790173 8.901179
12.790296 8.917268
12.799241 8.927666
12.803392 8.929070
12.820390 8.945493
12.833046 8.954305
12.845638 8.973227
12.855000 8.991211
12.859783 9.002501
12.874902 9.024656
12.878328 9.031342
12.878978 9.038240
12.877549 9.044668
12.873569 9.052459
12.876025 9.066034
12.882672 9.075498
12.886771 9.085635
12.887630 9.095984
12.885719 9.105626
12.887996 9.111386
12.892353 9.117158
12.891618 9.123819
12.887410 9.130690
12.888764 9.135985
12.885711 9.143322
12.880133 9.147427
12.878726 9.150407
12.879819 9.160297
12.884363 9.173427
12.881530 9.182374
12.883112 9.188130
12.889513 9.200351
12.889949 9.204721
12.889471 9.207017
12.890139 9.211159
12.892158 9.221285
12.903889 9.232388
12.904934 9.250325
12.903675 9.266409
12.901330 9.271223
12.900990 9.288463
12.902476 9.309851
12.900755 9.325933
12.903929 9.336527
12.902440 9.352381
12.899873 9.355584
12.894526 9.359001
12.863731 9.359507
12.856298 9.363370
12.855333 9.369342
12.857359 9.378320
12.854769 9.384972
12.863871 9.391911
12.863871 9.391911
12.863717 9.392600
12.871129 9.395350
12.879005 9.399940
12.901248 9.412102
12.915609 9.416682
12.927892 9.424715
12.932767 9.435056
12.941113 9.443782
12.957799 9.452267
12.971017 9.465124
12.971712 9.465814
12.976352 9.471095
12.983764 9.471544
12.990021 9.473834
12.998591 9.474511
13.002530 9.475655
13.018997 9.490575
13.043342 9.505481
13.046824 9.510303
13.050298 9.510068
13.058925 9.509217
13.058925 9.509217
13.059670 9.509481
13.071223 9.513568
13.091156 9.511603
13.104556 9.517880
13.116147 9.516330
13.130975 9.515945
13.132815 9.518254
13.146012 9.519700
13.149705 9.522247
13.161040 9.525063
13.171710 9.522586
13.176338 9.523528
13.180493 9.526308
13.187897 9.528183
13.199422 9.539275
13.203796 9.544584
13.214932 9.541419
13.219328 9.542589
13.226227 9.552738
13.229419 9.562870
13.235875 9.568879
13.237221 9.583249
13.237221 9.583249
13.239498 9.587631
13.245076 9.594976
13.247878 9.604168
13.245566 9.606703
13.240949 9.614303
13.242353 9.620278
13.241898 9.623729
13.239587 9.626954
13.242844 9.632005
13.244476 9.636830
13.243329 9.641663
13.239175 9.649261
13.240109 9.652939
13.242905 9.658681
13.248481 9.664877
13.255212 9.669000
13.256612 9.672906
13.252249 9.690624
13.253892 9.699359
13.255991 9.704873
13.260874 9.711301
13.259742 9.722802
13.263722 9.739811
13.263045 9.747401
13.265844 9.754754
13.272586 9.762096
13.283041 9.771039
13.289804 9.786661
13.297945 9.796989
13.296173 9.800331
13.296173 9.800331
13.296356 9.805541
13.290281 9.814942
13.281664 9.822493
13.272592 9.827971
13.266298 9.834382
13.257719 9.834112
13.243762 9.842327
13.238189 9.843680
13.235389 9.847117
13.233227 9.861825
13.230648 9.867103
13.226925 9.869385
13.228526 9.873762
13.227325 9.881805
13.225207 9.887774
13.227476 9.897675
13.229085 9.900672
13.236934 9.908298
13.252902 9.915961
13.257290 9.919891
13.268327 9.939720
13.272655 9.955838
13.275864 9.963902
13.276534 9.969195
13.275350 9.974020
13.271386 9.977912
13.258813 9.986363
13.250367 10.000000
13.248494 10.007936
13.247991 10.015753
13.252570 10.028193
13.277293 10.050385
13.286480 10.070207
13.294090 10.080360
13.309301 10.103198
13.315537 10.109896
13.330364 10.116401
13.355211 10.114897
13.363565 10.115852
13.382095 10.125130
13.399493 10.128421
13.410405 10.128466
13.417121 10.132173
13.423080 10.149677
13.428823 10.163960
13.433672 10.170190
13.441551 10.173901
13.454288 10.181771
13.459607 10.186852
13.463971 10.198370
13.464389 10.209412
13.463416 10.219529
13.462208 10.230565
13.463815 10.235171
13.472811 10.249697
13.485538 10.261246
13.488767 10.266779
13.496858 10.276239
13.504002 10.290068
13.509507 10.307340
13.511291 10.325519
13.507017 10.347816
13.507421 10.362538
13.511101 10.372213
13.523114 10.389279
13.522575 10.407681
13.520645 10.425386
13.522193 10.444945
13.524942 10.454846
13.527234 10.462907
13.542414 10.476438
13.553228 10.489459
13.554462 10.504869
13.553291 10.516726
13.548519 10.526220
13.540900 10.533579
13.535249 10.551502
13.535447 10.560015
13.534937 10.571285
13.529997 10.585301
13.529275 10.591280
13.529940 10.599564
13.532692 10.609236
13.539084 10.639396
13.546924 10.656908
13.549939 10.658989
13.553184 10.661991
13.561304 10.667542
13.577070 10.681169
13.584254 10.688556
13.589808 10.696166
13.594653 10.706996
13.598565 10.718512
13.602687 10.736240
13.608165 10.764787
13.611853 10.774231
13.620424 10.784842
13.629674 10.801208
13.630124 10.805350
13.635001 10.808356
13.637071 10.815266
13.640309 10.820567
13.649589 10.829340
13.652615 10.829579
13.658186 10.833738
13.663741 10.842498
13.674624 10.858867
13.681547 10.876373
13.687798 10.886976
13.690784 10.898258
13.690024 10.916202
13.689981 10.928856
13.692492 10.943588
13.694741 10.966833
13.698224 10.969834
13.707276 10.978834
13.730089 10.982352
13.746375 10.987460
13.769579 11.003285
13.769579 11.003285
13.776110 11.004271
13.781471 11.005168
13.784729 11.004463
13.791492 11.006275
13.793130 11.008109
13.798741 11.013146
13.800634 11.019811
13.800204 11.028097
13.802320 11.032690
13.806992 11.035430
13.811902 11.039781
13.814264 11.047133
13.815928 11.054489
13.818279 11.059542
13.831628 11.075129
13.836299 11.077869
13.839573 11.080385
13.845201 11.088413
13.851259 11.088616
13.855701 11.092048
13.859228 11.098934
13.865108 11.110642
13.873067 11.118890
13.882166 11.121148
13.883569 11.122293
13.884984 11.125968
13.883362 11.128046
13.879213 11.137960
13.879717 11.146012
13.882533 11.150141
13.888839 11.153103
13.903326 11.161318
13.915059 11.178061
13.916039 11.187950
13.919310 11.189546
13.923053 11.192519
13.924235 11.196195
13.925470 11.210687
13.927618 11.220801
13.939576 11.235240
13.944017 11.237749
13.952225 11.247604
13.961137 11.258375
13.964149 11.268929
13.964149 11.268929
13.970616 11.295396
13.974329 11.302997
13.980380 11.307611
13.989465 11.311540
13.997628 11.310175
14.014914 11.296863
14.027504 11.296885
14.037305 11.293452
14.055733 11.289803
14.061335 11.286820
14.071613 11.276714
14.076525 11.268899
14.087733 11.259944
14.099639 11.251909
14.107800 11.250311
14.119691 11.250099
14.126917 11.251030
14.137171 11.252655
14.141829 11.255193
14.155110 11.258892
14.184230 11.272506
14.197048 11.275513
14.200541 11.278508
14.209159 11.283580
14.222192 11.299702
14.230805 11.309605
14.240342 11.325952
14.248029 11.332401
14.267136 11.343465
14.293236 11.358905
14.312119 11.365363
14.325636 11.374578
14.340323 11.379880
14.360145 11.384035
14.368073 11.386110
14.379729 11.391639
14.392784 11.399240
14.415638 11.407073
14.424033 11.409377
14.434755 11.420196
14.442677 11.434464
14.448497 11.454484
14.451527 11.458627
14.453987 11.459768
14.466920 11.465764
14.486283 11.469219
14.503549 11.470372
14.514046 11.472904
14.531308 11.480728
14.576336 11.500973
14.584036 11.502583
14.606902 11.511551
14.616937 11.513849
14.629071 11.520978
14.637239 11.528798
14.639806 11.540763
14.637707 11.556870
14.640276 11.579419
14.647280 11.603346
14.645412 11.606338
14.644946 11.616693
14.641212 11.628429
14.640045 11.637634
14.634676 11.644309
14.631641 11.651443
14.625104 11.655817
14.615532 11.659962
14.615531 11.661112
14.608293 11.667787
14.605257 11.672390
14.593817 11.680676
14.572800 11.690344
14.563457 11.699549
14.552478 11.717728
14.553410 11.726472
14.557612 11.730153
14.570222 11.735674
14.576527 11.744416
14.583999 11.751549
14.592873 11.755228
14.598712 11.760750
14.599879 11.764200
14.607820 11.774093
14.610156 11.780305
14.605717 11.794572
14.606417 11.806538
14.610387 11.818501
14.605480 11.832309
14.605947 11.838521
14.605479 11.840592
14.613890 11.853476
14.610385 11.854857
14.605712 11.859921
14.605244 11.864523
14.607347 11.869814
14.621366 11.884537
14.626278 11.894986
14.626278 11.894986
14.627945 11.893097
14.631730 11.899283
14.635261 11.902709
14.640185 11.904974
14.642783 11.908636
14.643501 11.910933
14.641431 11.915320
14.638927 11.924314
14.638969 11.930067
14.646547 11.943358
14.651970 11.949532
14.657855 11.955010
14.658576 11.957767
14.655353 11.964234
14.648603 11.968197
14.646069 11.973048
14.645861 11.976502
14.636394 11.992221
14.631565 12.003073
14.627182 12.011159
14.623024 12.017863
14.621695 12.027768
14.624439 12.034633
14.624439 12.034633
14.623936 12.042843
14.633522 12.052733
14.645915 12.056411
14.651760 12.061240
14.651996 12.067452
14.642176 12.080342
14.639837 12.089087
14.640773 12.092998
14.643579 12.095067
14.652700 12.106799
14.654572 12.115312
14.654808 12.129807
14.657849 12.135558
14.678668 12.151195
14.680073 12.156026
14.678204 12.165461
14.673760 12.174437
14.663937 12.179274
14.665575 12.185946
14.658558 12.195843
14.650370 12.187793
14.643853 12.190283
14.643853 12.190283
14.643220 12.186627
14.640879 12.186415
14.639485 12.187805
14.634562 12.186461
14.631972 12.184178
14.632633 12.178651
14.627252 12.178460
14.620015 12.180585
14.618879 12.185195
14.615148 12.186833
14.603229 12.188301
14.601831 12.189232
14.602313 12.191069
14.604192 12.192206
14.610540 12.196532
14.602437 12.208097
14.596861 12.213430
14.597814 12.215725
14.598315 12.220324
14.588736 12.222234
14.574707 12.223485
14.572157 12.226725
14.556505 12.230289
14.549971 12.232635
14.551405 12.236998
14.557986 12.241094
14.559410 12.243844
14.561593 12.254645
14.560193 12.255116
14.553836 12.249637
14.550838 12.255872
14.548328 12.264864
14.550247 12.271523
14.550282 12.276356
14.548194 12.278903
14.539578 12.284946
14.530224 12.285933
14.527216 12.290786
14.523957 12.293340
14.515292 12.292480
14.513435 12.294793
14.516755 12.300983
14.516546 12.304437
14.513529 12.308140
14.514011 12.310207
14.523368 12.309452
14.524781 12.310593
14.524798 12.313124
14.519260 12.324439
14.506166 12.326140
14.498700 12.329873
14.493834 12.336810
14.487991 12.338231
14.486833 12.339849
14.488754 12.346971
14.485957 12.348830
14.482434 12.347013
14.476791 12.343369
14.471931 12.351457
14.467502 12.354249
14.460012 12.354299
14.455540 12.350647
14.451992 12.345379
14.450121 12.345621
14.446214 12.356233
14.441554 12.359486
14.435245 12.361138
14.428216 12.360264
14.420236 12.357095
14.410193 12.360613
14.405046 12.361107
14.385582 12.355711
14.378792 12.355524
14.368052 12.359735
14.358220 12.359798
14.352130 12.359147
14.348158 12.360322
14.331361 12.369403
14.325736 12.368518
14.315857 12.360986
14.308099 12.355742
14.303650 12.355538
14.301555 12.357392
14.297170 12.367544
14.296708 12.368467
14.292949 12.366190
14.291530 12.363897
14.297088 12.354198
14.292141 12.349166
14.284512 12.364631
14.280083 12.367649
14.274936 12.368371
14.266500 12.367041
14.265328 12.366818
14.254304 12.363203
14.249633 12.364841
14.231110 12.359889
14.224786 12.359236
14.220354 12.362023
14.218059 12.369631
14.215502 12.372868
14.208976 12.377738
14.199181 12.384008
14.188507 12.400639
14.183604 12.402967
14.173080 12.405099
14.172862 12.407862
14.179227 12.415189
14.175042 12.420505
14.175763 12.423722
14.182088 12.424147
14.185838 12.424815
14.187270 12.429640
14.192648 12.428227
14.195928 12.428669
14.195246 12.432124
14.191999 12.437666
14.195761 12.440175
14.197886 12.443155
14.195096 12.446623
14.190415 12.447110
14.180567 12.444635
14.178668 12.450310
