> cape_verde 0
        -24.681503         14.836562
        -24.681713         14.834492
        -24.679344         14.834063
        -24.677429         14.832019
        -24.679279         14.828780
        -24.679468         14.824874
        -24.678959         14.821894
        -24.677746         14.819383
        -24.680790         14.817047
        -24.688807         14.815569
        -24.697287         14.813166
        -24.702913         14.809420
        -24.706406         14.805242
        -24.709677         14.802214
        -24.712524         14.803097
        -24.713968         14.805146
        -24.715176         14.807198
        -24.716257         14.807259
        -24.718487         14.807385
        -24.725574         14.807066
        -24.735802         14.812220
        -24.738714         14.818154
        -24.741190         14.827081
        -24.742571         14.827386
        -24.748064         14.828601
        -24.758011         14.830082
        -24.761255         14.833261
        -24.762236         14.837898
        -24.760733         14.839693
        -24.756483         14.840207
        -24.753923         14.843455
        -24.755642         14.848487
        -24.759762         14.856473
        -24.759848         14.863132
        -24.757288         14.866381
        -24.755884         14.867547
        -24.752090         14.866676
        -24.747362         14.866736
        -24.745016         14.868145
        -24.745775         14.872040
        -24.746307         14.876856
        -24.746840         14.881443
        -24.746634         14.881902
        -24.744270         14.884002
        -24.738617         14.885681
        -24.736029         14.886633
        -24.734406         14.889180
        -24.731339         14.889678
        -24.728472         14.887418
        -24.724670         14.885859
        -24.721384         14.887737
        -24.716198         14.888951
        -24.710770         14.889709
        -24.706757         14.890219
        -24.705599         14.892301
        -24.704454         14.895301
        -24.704002         14.896914
        -24.703072         14.898074
        -24.700468         14.897877
        -24.699488         14.895133
        -24.698534         14.894457
        -24.696651         14.895169
        -24.694775         14.896341
        -24.691282         14.897082
        -24.690338         14.895128
        -24.690931         14.891566
        -24.692553         14.888790
        -24.690187         14.888820
        -24.686882         14.889091
        -24.685452         14.888190
        -24.685423         14.885894
        -24.687742         14.882190
        -24.689337         14.877346
        -24.687346         14.869333
        -24.682238         14.857683
        -24.678555         14.846705
        -24.678450         14.838208
        -24.681503         14.836562
> cape_verde 1
        -22.918222         16.853725
        -22.913193         16.848946
        -22.911978         16.844599
        -22.913853         16.839319
        -22.912176         16.837955
        -22.909311         16.836597
        -22.906937         16.837757
        -22.904318         16.838003
        -22.902409         16.837099
        -22.900488         16.834591
        -22.895485         16.834393
        -22.892633         16.835327
        -22.889063         16.835577
        -22.888098         16.833292
        -22.889740         16.829159
        -22.894230         16.822947
        -22.898430         16.808258
        -22.902946         16.806627
        -22.906742         16.804312
        -22.905298         16.801571
        -22.901714         16.799532
        -22.893803         16.790186
        -22.890429         16.783106
        -22.892056         16.776222
        -22.887747         16.772354
        -22.885132         16.773058
        -22.882259         16.770325
        -22.884144         16.766647
        -22.885557         16.764118
        -22.885540         16.761141
        -22.885048         16.758165
        -22.888611         16.756769
        -22.890514         16.756527
        -22.897879         16.753733
        -22.898819         16.751665
        -22.898806         16.749146
        -22.898787         16.746166
        -22.895639         16.737020
        -22.895849         16.732208
        -22.898928         16.729210
        -22.897717         16.725780
        -22.895805         16.724419
        -22.895552         16.721899
        -22.897207         16.719826
        -22.896475         16.716623
        -22.894293         16.709763
        -22.891405         16.704281
        -22.883993         16.698599
        -22.878983         16.696337
        -22.878963         16.693129
        -22.880363         16.688080
        -22.880564         16.681664
        -22.876970         16.677561
        -22.872911         16.675293
        -22.870041         16.672562
        -22.872406         16.670027
        -22.875015         16.668406
        -22.878092         16.665409
        -22.881395         16.660347
        -22.885883         16.654362
        -22.887049         16.650229
        -22.887239         16.641979
        -22.887695         16.638538
        -22.892439         16.635759
        -22.896009         16.635967
        -22.898846         16.632282
        -22.899755         16.625174
        -22.898279         16.616703
        -22.896292         16.612722
        -22.894579         16.609289
        -22.893286         16.606699
        -22.889614         16.599339
        -22.886974         16.595690
        -22.886475         16.591337
        -22.890993         16.591082
        -22.897192         16.593334
        -22.906240         16.594425
        -22.909563         16.593029
        -22.915241         16.587263
        -22.919504         16.584028
        -22.922819         16.581488
        -22.925436         16.581470
        -22.927832         16.584206
        -22.929539         16.591070
        -22.928862         16.597490
        -22.929646         16.609175
        -22.932123         16.625889
        -22.932833         16.627756
        -22.934298         16.631603
        -22.940271         16.635691
        -22.948620         16.638845
        -22.950306         16.642502
        -22.943409         16.643003
        -22.947279         16.653521
        -22.946331         16.654215
        -22.943016         16.656984
        -22.940416         16.660210
        -22.937815         16.662975
        -22.938107         16.671911
        -22.940750         16.679403
        -22.941494         16.681513
        -22.947023         16.690645
        -22.953968         16.697702
        -22.963257         16.698561
        -22.968493         16.698528
        -22.973951         16.695972
        -22.977737         16.692053
        -22.982481         16.689501
        -22.987011         16.690617
        -22.989172         16.693811
        -22.990631         16.698843
        -22.988276         16.702982
        -22.983295         16.705994
        -22.980455         16.708532
        -22.977844         16.709696
        -22.977854         16.711529
        -22.979301         16.714727
        -22.980513         16.717928
        -22.983389         16.721346
        -22.986975         16.723614
        -22.988659         16.726810
        -22.988674         16.729330
        -22.987261         16.731630
        -22.985601         16.732788
        -22.984190         16.735546
        -22.984453         16.739668
        -22.984238         16.743336
        -22.982105         16.745182
        -22.979965         16.745426
        -22.977123         16.747965
        -22.975231         16.750038
        -22.976189         16.751467
        -22.976913         16.752548
        -22.983347         16.753424
        -22.988600         16.755909
        -22.990538         16.761395
        -22.989134         16.765530
        -22.986534         16.768753
        -22.987736         16.770578
        -22.990379         16.774456
        -22.991623         16.783155
        -22.991415         16.788195
        -22.992617         16.789793
        -22.994049         16.790470
        -22.994547         16.794132
        -22.994581         16.799631
        -22.994434         16.814524
        -22.990648         16.818441
        -22.986389         16.823051
        -22.975935         16.827013
        -22.968809         16.830038
        -22.962385         16.830996
        -22.959539         16.832846
        -22.954342         16.839981
        -22.952929         16.842510
        -22.949112         16.841618
        -22.947430         16.838879
        -22.945982         16.835682
        -22.943823         16.833174
        -22.939795         16.836637
        -22.936474         16.838718
        -22.931973         16.842871
        -22.926765         16.848402
        -22.918222         16.853725
> cape_verde 2
        -24.756367         16.790966
        -24.755091         16.785065
        -24.752584         16.775246
        -24.748720         16.770941
        -24.742743         16.768953
        -24.739380         16.766705
        -24.737913         16.763744
        -24.735943         16.758499
        -24.731552         16.750305
        -24.721735         16.745846
        -24.717230         16.747278
        -24.714170         16.750065
        -24.709923         16.753098
        -24.705181         16.754761
        -24.698524         16.755529
        -24.694220         16.753981
        -24.689676         16.752432
        -24.688908         16.748089
        -24.691938         16.743011
        -24.695700         16.739069
        -24.701607         16.735558
        -24.704477         16.736668
        -24.709005         16.737068
        -24.710176         16.735451
        -24.711807         16.732679
        -24.714891         16.731726
        -24.716812         16.733076
        -24.717548         16.734900
        -24.719700         16.735561
        -24.720871         16.733942
        -24.722269         16.731632
        -24.725109         16.730223
        -24.735844         16.731920
        -24.742729         16.730459
        -24.747725         16.730167
        -24.752262         16.731255
        -24.754221         16.735584
        -24.755274         16.743362
        -24.755564         16.747482
        -24.759144         16.748123
        -24.764423         16.751495
        -24.768986         16.754416
        -24.774035         16.758245
        -24.780746         16.761827
        -24.786707         16.762438
        -24.790508         16.761702
        -24.793379         16.762812
        -24.794834         16.764854
        -24.795851         16.769882
        -24.797804         16.773523
        -24.799526         16.777855
        -24.797428         16.781319
        -24.795786         16.783173
        -24.794157         16.786173
        -24.794436         16.789375
        -24.796371         16.791643
        -24.794743         16.794641
        -24.791889         16.794907
        -24.789272         16.795170
        -24.786436         16.796810
        -24.786018         16.801399
        -24.784361         16.802107
        -24.781244         16.800543
        -24.776234         16.799690
        -24.768326         16.795895
        -24.765430         16.792953
        -24.760670         16.793015
        -24.756367         16.790966
> cape_verde 3
        -24.308065         16.648993
        -24.307543         16.644644
        -24.301109         16.644028
        -24.294888         16.640888
        -24.292234         16.637709
        -24.291220         16.631990
        -24.289982         16.627651
        -24.286152         16.625629
        -24.280958         16.629354
        -24.278378         16.632820
        -24.276739         16.635359
        -24.271980         16.635410
        -24.251505         16.634489
        -24.244165         16.639212
        -24.240633         16.641483
        -24.235205         16.645666
        -24.229500         16.646416
        -24.226599         16.642094
        -24.223221         16.637775
        -24.217237         16.634632
        -24.214172         16.637415
        -24.211815         16.639502
        -24.210867         16.639742
        -24.205612         16.637964
        -24.196571         16.638292
        -24.192730         16.635124
        -24.189131         16.632412
        -24.185328         16.632683
        -24.180731         16.625628
        -24.175430         16.619495
        -24.165602         16.612724
        -24.159876         16.611181
        -24.157215         16.607084
        -24.154360         16.607115
        -24.151073         16.611504
        -24.146355         16.615219
        -24.141859         16.617788
        -24.137358         16.619669
        -24.133764         16.617414
        -24.129921         16.614017
        -24.125166         16.614296
        -24.122087         16.615704
        -24.119488         16.617563
        -24.117361         16.618961
        -24.113512         16.614876
        -24.094915         16.611403
        -24.088451         16.607574
        -24.078220         16.607679
        -24.069622         16.604559
        -24.065792         16.602306
        -24.059345         16.600080
        -24.054327         16.598068
        -24.053570         16.593723
        -24.053040         16.588457
        -24.049673         16.584824
        -24.031082         16.581575
        -24.030607         16.581305
        -24.021988         16.576395
        -24.019751         16.566792
        -24.021851         16.562647
        -24.025410         16.561693
        -24.027296         16.559841
        -24.025097         16.554132
        -24.025537         16.550690
        -24.028374         16.548828
        -24.032173         16.548101
        -24.037176         16.548738
        -24.040518         16.549850
        -24.044550         16.548664
        -24.047623         16.546799
        -24.050993         16.550661
        -24.057688         16.554029
        -24.062469         16.556273
        -24.069355         16.554829
        -24.071236         16.552746
        -24.073818         16.549282
        -24.076416         16.547421
        -24.080931         16.546915
        -24.088322         16.548445
        -24.090084         16.549549
        -24.092630         16.551149
        -24.096695         16.552942
        -24.100508         16.553589
        -24.105013         16.552168
        -24.107632         16.552370
        -24.111660         16.550724
        -24.117830         16.549284
        -24.120687         16.549482
        -24.122858         16.552441
        -24.131268         16.560373
        -24.154961         16.573647
        -24.170248         16.579443
        -24.176193         16.579151
        -24.179527         16.579346
        -24.181704         16.582760
        -24.188883         16.586580
        -24.192698         16.587227
        -24.197935         16.587627
        -24.208401         16.587286
        -24.214094         16.585621
        -24.220072         16.588306
        -24.227951         16.590973
        -24.242472         16.591503
        -24.246952         16.587786
        -24.250954         16.583847
        -24.253284         16.579237
        -24.254446         16.576704
        -24.256573         16.575304
        -24.261097         16.575714
        -24.264204         16.577055
        -24.268497         16.577925
        -24.272270         16.574903
        -24.274826         16.569147
        -24.276461         16.566378
        -24.277861         16.563841
        -24.283798         16.562860
        -24.287312         16.558008
        -24.289120         16.549278
        -24.290916         16.539633
        -24.297977         16.532677
        -24.305651         16.516777
        -24.314064         16.503160
        -24.316357         16.495340
        -24.313168         16.486666
        -24.312418         16.483465
        -24.315029         16.482977
        -24.318857         16.484999
        -24.321684         16.482445
        -24.321400         16.478323
        -24.323792         16.479443
        -24.325737         16.483316
        -24.327421         16.485132
        -24.329994         16.481207
        -24.332127         16.480495
        -24.336679         16.483423
        -24.336014         16.487787
        -24.332743         16.493095
        -24.332844         16.502033
        -24.337219         16.510466
        -24.345167         16.519316
        -24.349531         16.526600
        -24.351082         16.527622
        -24.351927         16.528179
        -24.354578         16.531128
        -24.357220         16.533390
        -24.356316         16.537527
        -24.358767         16.543917
        -24.362381         16.548000
        -24.368376         16.552288
        -24.368647         16.555265
        -24.366087         16.560335
        -24.365622         16.561258
        -24.367123         16.567659
        -24.373661         16.577898
        -24.379177         16.581732
        -24.390818         16.579994
        -24.399883         16.582184
        -24.409475         16.588507
        -24.415947         16.592772
        -24.425787         16.600222
        -24.432055         16.607254
        -24.431677         16.615738
        -24.431108         16.628349
        -24.432394         16.636585
        -24.430815         16.644165
        -24.424702         16.650652
        -24.413338         16.655825
        -24.404528         16.655468
        -24.399805         16.659803
        -24.394619         16.663143
        -24.382053         16.667412
        -24.376789         16.664949
        -24.372730         16.663851
        -24.362816         16.671066
        -24.355038         16.677799
        -24.347431         16.678802
        -24.343334         16.674265
        -24.339724         16.670639
        -24.331617         16.669355
        -24.322758         16.664640
        -24.319527         16.660650
        -24.318897         16.659872
        -24.315784         16.658302
        -24.310043         16.655615
        -24.308344         16.652657
        -24.308065         16.648993
> cape_verde 4
        -24.675314         16.661591
        -24.670355         16.653908
        -24.667206         16.649364
        -24.666903         16.644096
        -24.668545         16.642244
        -24.673559         16.643557
        -24.679295         16.645548
        -24.681919         16.645973
        -24.684826         16.650063
        -24.691353         16.658232
        -24.694269         16.663008
        -24.692663         16.667841
        -24.689835         16.669937
        -24.686985         16.670431
        -24.685991         16.667236
        -24.683340         16.664518
        -24.675314         16.661591
> cape_verde 5
        -24.583345         16.622658
        -24.587307         16.615734
        -24.589128         16.609066
        -24.588839         16.604715
        -24.592419         16.605589
        -24.596483         16.607143
        -24.603859         16.607054
        -24.608135         16.606544
        -24.609549         16.605381
        -24.610535         16.608120
        -24.613235         16.614962
        -24.613079         16.621611
        -24.611208         16.624384
        -24.608860         16.626932
        -24.608837         16.625099
        -24.607853         16.622362
        -24.604376         16.624355
        -24.601189         16.626875
        -24.595421         16.628805
        -24.592478         16.630110
        -24.589390         16.630606
        -24.586740         16.627888
        -24.587194         16.626049
        -24.584566         16.625164
        -24.583345         16.622658
> cape_verde 6
        -22.796131         16.227310
        -22.792906         16.225117
        -22.788376         16.221933
        -22.783834         16.216915
        -22.778130         16.216490
        -22.773149         16.218122
        -22.768164         16.219069
        -22.764828         16.217253
        -22.759333         16.211323
        -22.755514         16.207905
        -22.751696         16.204716
        -22.744566         16.204527
        -22.737677         16.204565
        -22.731501         16.204830
        -22.725323         16.204407
        -22.722221         16.202129
        -22.719591         16.198935
        -22.718159         16.197567
        -22.716267         16.198954
        -22.714369         16.199652
        -22.713877         16.196444
        -22.712898         16.190716
        -22.709787         16.186377
        -22.706888         16.176533
        -22.704315         16.169970
        -22.702316         16.164862
        -22.698723         16.158920
        -22.695135         16.154125
        -22.691084         16.151623
        -22.682043         16.148462
        -22.680368         16.146179
        -22.675808         16.136572
        -22.674358         16.131306
        -22.674339         16.127636
        -22.676952         16.127621
        -22.679806         16.128294
        -22.682178         16.127823
        -22.682880         16.125526
        -22.682302         16.104889
        -22.680416         16.102669
        -22.679197         16.101236
        -22.676100         16.099190
        -22.672539         16.099209
        -22.669443         16.097849
        -22.671541         16.089811
        -22.677107         16.062260
        -22.681805         16.052143
        -22.688410         16.043392
        -22.695990         16.039452
        -22.703337         16.037117
        -22.706650         16.034805
        -22.709249         16.032269
        -22.711605         16.028585
        -22.720371         16.025097
        -22.730553         16.019535
        -22.740923         16.014036
        -22.741919         16.013508
        -22.750771         16.006634
        -22.760128         16.000101
        -22.771517         15.998660
        -22.776497         15.997715
        -22.780508         15.993104
        -22.784990         15.987803
        -22.790642         15.979053
        -22.794874         15.971459
        -22.796989         15.967777
        -22.798161         15.964788
        -22.801737         15.967520
        -22.806503         15.971163
        -22.814945         15.973827
        -22.825272         15.973804
        -22.837366         15.971668
        -22.849945         15.971593
        -22.866585         15.975620
        -22.867058         15.975389
        -22.871552         15.972150
        -22.878670         15.971647
        -22.886749         15.973433
        -22.889633         15.979380
        -22.890842         15.983271
        -22.901791         15.988250
        -22.919407         15.996627
        -22.928919         15.999549
        -22.945572         16.005407
        -22.958464         16.017481
        -22.962799         16.027546
        -22.965010         16.039917
        -22.963200         16.054836
        -22.961113         16.063335
        -22.961418         16.074800
        -22.961245         16.085352
        -22.957481         16.091568
        -22.952993         16.095495
        -22.932354         16.099524
        -22.914841         16.109726
        -22.910143         16.118927
        -22.909775         16.137276
        -22.910221         16.143251
        -22.910547         16.147591
        -22.916325         16.160856
        -22.919210         16.166800
        -22.923534         16.175257
        -22.923574         16.182137
        -22.921207         16.183298
        -22.919325         16.186520
        -22.917696         16.192263
        -22.915335         16.195028
        -22.914646         16.198931
        -22.915613         16.201906
        -22.917763         16.203728
        -22.921577         16.205997
        -22.923031         16.211031
        -22.921879         16.217230
        -22.923323         16.220201
        -22.923342         16.223640
        -22.920973         16.224804
        -22.916224         16.225061
        -22.906694         16.220995
        -22.893589         16.214424
        -22.885475         16.208054
        -22.879272         16.203506
        -22.873068         16.198729
        -22.856188         16.196768
        -22.832197         16.197599
        -22.813936         16.203440
        -22.806116         16.207384
        -22.802637         16.211781
        -22.802105         16.212452
        -22.801170         16.215208
        -22.801203         16.221170
        -22.800983         16.224840
        -22.797434         16.227385
        -22.796131         16.227310
> cape_verde 7
        -22.932760         16.168549
        -22.927496         16.161932
        -22.926767         16.159185
        -22.928431         16.159174
        -22.931044         16.159388
        -22.933659         16.159599
        -22.937233         16.161411
        -22.941055         16.165056
        -22.944637         16.168474
        -22.944414         16.170769
        -22.942287         16.172617
        -22.938250         16.172871
        -22.935389         16.171055
        -22.932760         16.168549
> cape_verde 8
        -23.174566         15.328452
        -23.170063         15.323531
        -23.170977         15.318705
        -23.172371         15.314792
        -23.174011         15.312255
        -23.173513         15.308585
        -23.170656         15.306311
        -23.166626         15.305421
        -23.164259         15.305667
        -23.161402         15.303392
        -23.156416         15.301362
        -23.150501         15.302093
        -23.144596         15.304200
        -23.141771         15.306746
        -23.139648         15.307908
        -23.137766         15.309758
        -23.134689         15.310009
        -23.132545         15.307958
        -23.130627         15.304298
        -23.129658         15.301091
        -23.125870         15.301118
        -23.122086         15.301833
        -23.119001         15.300937
        -23.118494         15.295890
        -23.119152         15.287850
        -23.120073         15.283712
        -23.119814         15.280500
        -23.119099         15.279587
        -23.116497         15.280064
        -23.115313         15.279842
        -23.114353         15.278012
        -23.114815         15.276174
        -23.116703         15.275242
        -23.117403         15.273630
        -23.115969         15.271574
        -23.114302         15.270208
        -23.112635         15.268612
        -23.112858         15.266545
        -23.114271         15.265387
        -23.116158         15.264456
        -23.118525         15.264210
        -23.119703         15.263513
        -23.119694         15.261906
        -23.119316         15.261367
        -23.117781         15.259164
        -23.116114         15.257569
        -23.115868         15.256193
        -23.115612         15.253210
        -23.114656         15.252069
        -23.112757         15.251164
        -23.110624         15.250720
        -23.108723         15.249585
        -23.109421         15.247744
        -23.111284         15.243139
        -23.111506         15.240613
        -23.111729         15.238544
        -23.112421         15.235785
        -23.110283         15.234652
        -23.107672         15.233522
        -23.105541         15.233537
        -23.106895         15.223426
        -23.108496         15.214921
        -23.107712         15.203446
        -23.104095         15.193140
        -23.100723         15.184210
        -23.099752         15.180313
        -23.101391         15.177547
        -23.102329         15.176393
        -23.104216         15.175231
        -23.104193         15.171787
        -23.102053         15.170196
        -23.099215         15.170444
        -23.098490         15.168154
        -23.099419         15.165393
        -23.106266         15.163049
        -23.113100         15.158639
        -23.114725         15.153807
        -23.117283         15.146670
        -23.121515         15.142738
        -23.123848         15.137441
        -23.131647         15.136008
        -23.137320         15.134820
        -23.143007         15.136158
        -23.146776         15.133606
        -23.152412         15.127137
        -23.153076         15.126241
        -23.158745         15.118596
        -23.165089         15.112122
        -23.170052         15.111168
        -23.175966         15.110896
        -23.180956         15.114075
        -23.185928         15.114498
        -23.194685         15.114664
        -23.199413         15.114170
        -23.202024         15.115529
        -23.205141         15.121246
        -23.210127         15.123735
        -23.214153         15.124395
        -23.217236         15.125291
        -23.220093         15.127795
        -23.227945         15.133937
        -23.234125         15.138024
        -23.239346         15.140053
        -23.242653         15.139110
        -23.245491         15.138859
        -23.246441         15.139541
        -23.246700         15.142753
        -23.246250         15.145970
        -23.246506         15.148724
        -23.247711         15.151700
        -23.251534         15.156952
        -23.253923         15.160149
        -23.252790         15.167503
        -23.249907         15.174643
        -23.248138         15.179018
        -23.246765         15.185686
        -23.241831         15.190774
        -23.239990         15.198364
        -23.240507         15.204559
        -23.243855         15.209355
        -23.245287         15.211182
        -23.245790         15.215311
        -23.243668         15.216475
        -23.242500         15.218779
        -23.237297         15.219276
        -23.233295         15.222520
        -23.230986         15.224729
        -23.229057         15.225995
        -23.227423         15.228992
        -23.229582         15.233338
        -23.232449         15.236990
        -23.232737         15.244334
        -23.230396         15.248254
        -23.231367         15.251691
        -23.234224         15.253965
        -23.239180         15.251633
        -23.242247         15.250003
        -23.246510         15.250431
        -23.245102         15.252278
        -23.243462         15.254586
        -23.242298         15.257349
        -23.245153         15.259624
        -23.245634         15.260538
        -23.243750         15.261930
        -23.240681         15.263101
        -23.239271         15.264718
        -23.239279         15.265865
        -23.240240         15.267695
        -23.242624         15.270203
        -23.241686         15.271587
        -23.238384         15.273219
        -23.229624         15.273283
        -23.218113         15.286223
        -23.212021         15.295681
        -23.210165         15.301204
        -23.211599         15.303259
        -23.213741         15.304851
        -23.217306         15.306661
        -23.221109         15.308699
        -23.219465         15.310548
        -23.214724         15.309894
        -23.209978         15.308321
        -23.206413         15.306511
        -23.202148         15.306083
        -23.199322         15.308399
        -23.199341         15.311153
        -23.201977         15.315496
        -23.207195         15.316835
        -23.207443         15.318670
        -23.203426         15.319847
        -23.200583         15.319408
        -23.198940         15.321716
        -23.198732         15.326079
        -23.197577         15.329990
        -23.194504         15.330931
        -23.194946         15.326337
        -23.195152         15.321973
        -23.194172         15.316930
        -23.190836         15.313970
        -23.187750         15.312844
        -23.183737         15.314710
        -23.180916         15.317715
        -23.180233         15.321852
        -23.179083         15.326680
        -23.174566         15.328452
> cape_verde 9
        -25.097111         17.197178
        -25.085161         17.195282
        -25.081282         17.190756
        -25.079067         17.185978
        -25.073093         17.185144
        -25.069460         17.181072
        -25.067410         17.180122
        -25.053617         17.173735
        -25.046959         17.174969
        -25.043190         17.178455
        -25.039351         17.176676
        -25.033375         17.175613
        -25.025932         17.172049
        -25.023243         17.167278
        -25.024572         17.159931
        -25.024920         17.150539
        -25.023518         17.148682
        -25.005247         17.124470
        -25.004522         17.123793
        -25.000000         17.122772
        -24.995913         17.121849
        -24.991100         17.118708
        -24.987488         17.116009
        -24.983629         17.112854
        -24.976952         17.112713
        -24.972401         17.111172
        -24.970451         17.107992
        -24.971045         17.099052
        -24.972538         17.086208
        -24.976067         17.082726
        -24.981241         17.077618
        -24.981192         17.073954
        -24.983034         17.069120
        -24.990597         17.062105
        -24.999462         17.050348
        -25.000000         17.050060
        -25.011293         17.044004
        -25.019247         17.040237
        -25.030712         17.034809
        -25.047487         17.024273
        -25.065527         17.018988
        -25.068865         17.018335
        -25.078592         17.016436
        -25.081928         17.015783
        -25.094231         17.009430
        -25.105070         17.000576
        -25.105629         16.999907
        -25.118193         16.984819
        -25.134352         16.964895
        -25.136341         16.963579
        -25.137894         16.962555
        -25.145023         16.961309
        -25.151663         16.958925
        -25.156857         16.955647
        -25.159637         16.950109
        -25.160961         16.947287
        -25.166342         16.935814
        -25.179274         16.923717
        -25.190193         16.921045
        -25.195913         16.921192
        -25.198273         16.919556
        -25.199898         16.916553
        -25.200403         16.914822
        -25.201714         16.910343
        -25.204525         16.907097
        -25.206924         16.908207
        -25.208889         16.912304
        -25.210848         16.915939
        -25.215897         16.919075
        -25.218983         16.918344
        -25.221804         16.915785
        -25.226784         16.914108
        -25.232218         16.911055
        -25.234064         16.911652
        -25.236288         16.912371
        -25.241112         16.916424
        -25.243567         16.921429
        -25.252903         16.924501
        -25.260979         16.922781
        -25.271627         16.917816
        -25.278170         16.914309
        -25.283918         16.911224
        -25.292208         16.907898
        -25.297239         16.909885
        -25.303280         16.915525
        -25.309322         16.921392
        -25.317265         16.926775
        -25.319012         16.932018
        -25.317940         16.940052
        -25.313808         16.950649
        -25.311323         16.959848
        -25.311823         16.961653
        -25.312584         16.964411
        -25.316463         16.968937
        -25.319155         16.973707
        -25.318401         16.987003
        -25.319508         16.999245
        -25.319828         17.002787
        -25.323572         17.014185
        -25.327002         17.020319
        -25.333237         17.022976
        -25.344440         17.023041
        -25.349785         17.029833
        -25.356401         17.041876
        -25.358747         17.055124
        -25.356522         17.065693
        -25.352594         17.073996
        -25.344753         17.075714
        -25.340971         17.077829
        -25.340073         17.081509
        -25.339933         17.088152
        -25.336420         17.092325
        -25.328161         17.093952
        -25.327625         17.094057
        -25.319324         17.096928
        -25.311533         17.102079
        -25.299707         17.108435
        -25.297583         17.109838
        -25.292593         17.111057
        -25.289709         17.109495
        -25.286879         17.107611
        -25.283234         17.106842
        -25.278507         17.109657
        -25.274263         17.112925
        -25.266716         17.118530
        -25.263664         17.121780
        -25.260654         17.121655
        -25.259609         17.121609
        -25.252686         17.121021
        -25.242943         17.123222
        -25.235834         17.126303
        -25.234348         17.127457
        -25.232534         17.128868
        -25.228373         17.137859
        -25.225586         17.142937
        -25.220125         17.144617
        -25.216503         17.145584
        -25.215660         17.149033
        -25.214735         17.151106
        -25.209251         17.151184
        -25.203779         17.151949
        -25.201210         17.155649
        -25.200203         17.158516
        -25.196749         17.160521
        -25.190073         17.160616
        -25.182425         17.159349
        -25.177677         17.160789
        -25.171040         17.163631
        -25.167536         17.168718
        -25.163353         17.176334
        -25.157640         17.177101
        -25.148811         17.176767
        -25.144346         17.181410
        -25.129919         17.189854
        -25.112112         17.195368
        -25.097111         17.197178
> cape_verde 10
        -24.922134         16.918531
        -24.914625         16.909237
        -24.910938         16.900810
        -24.912788         16.896662
        -24.918499         16.896130
        -24.919428         16.894283
        -24.917952         16.890867
        -24.916489         16.888367
        -24.918356         16.885363
        -24.920954         16.883726
        -24.923326         16.883007
        -24.922575         16.880268
        -24.911686         16.867582
        -24.896568         16.859304
        -24.887966         16.857126
        -24.882977         16.858109
        -24.881086         16.859453
        -24.875866         16.860722
        -24.871765         16.856882
        -24.869568         16.852785
        -24.871433         16.849783
        -24.873758         16.845400
        -24.874912         16.842636
        -24.874830         16.841333
        -24.874611         16.837828
        -24.871939         16.833969
        -24.868816         16.831947
        -24.868790         16.829885
        -24.869904         16.824142
        -24.870728         16.814281
        -24.872831         16.811275
        -24.878273         16.808683
        -24.883011         16.806787
        -24.895863         16.806162
        -24.905115         16.803520
        -24.912926         16.799980
        -24.916931         16.796719
        -24.921177         16.793684
        -24.928539         16.792212
        -24.940681         16.792051
        -24.956375         16.790466
        -24.968948         16.786861
        -24.974855         16.783575
        -24.976692         16.782661
        -24.980532         16.780750
        -24.984035         16.775661
        -24.984928         16.771296
        -24.990152         16.770309
        -24.998257         16.770885
        -25.000000         16.773731
        -25.003128         16.778839
        -25.010595         16.785154
        -25.013472         16.786489
        -25.017780         16.788036
        -25.020655         16.789371
        -25.021185         16.789825
        -25.023546         16.791853
        -25.026632         16.791124
        -25.029222         16.789026
        -25.031874         16.791281
        -25.035492         16.794668
        -25.039295         16.794159
        -25.041679         16.794355
        -25.043365         16.795708
        -25.044355         16.798443
        -25.046724         16.797495
        -25.049799         16.796078
        -25.052448         16.798103
        -25.052732         16.801537
        -25.054310         16.803013
        -25.055145         16.803795
        -25.057283         16.803307
        -25.060593         16.801657
        -25.066799         16.802717
        -25.069469         16.806347
        -25.075068         16.814978
        -25.075382         16.820471
        -25.076319         16.822119
        -25.077579         16.824335
        -25.082108         16.824503
        -25.088041         16.823046
        -25.093021         16.821602
        -25.096352         16.821327
        -25.096388         16.823847
        -25.094084         16.829376
        -25.092485         16.834211
        -25.092070         16.838570
        -25.093559         16.842903
        -25.090019         16.845242
        -25.087725         16.851460
        -25.085180         16.856764
        -25.084263         16.859297
        -25.077141         16.860998
        -25.068602         16.863636
        -25.065018         16.862770
        -25.066261         16.866646
        -25.067526         16.871899
        -25.065193         16.875366
        -25.060947         16.878403
        -25.056234         16.882133
        -25.052183         16.881960
        -25.048367         16.881554
        -25.045731         16.880444
        -25.043606         16.881847
        -25.039583         16.883736
        -25.031900         16.879488
        -25.028027         16.874958
        -25.024181         16.872492
        -25.016582         16.874197
        -25.012045         16.875799
        -25.007812         16.877295
        -25.003366         16.879858
        -25.000000         16.883352
        -25.000786         16.886095
        -25.003206         16.888811
        -25.005121         16.889473
        -25.008236         16.890804
        -25.007568         16.894251
        -25.006666         16.897928
        -25.006697         16.900219
        -25.007689         16.902954
        -25.006987         16.903879
        -25.003403         16.903240
        -25.000000         16.902435
        -24.997906         16.901941
        -24.996000         16.901966
        -24.995073         16.903812
        -24.996044         16.905172
        -24.995123         16.907476
        -24.992514         16.908199
        -24.976665         16.916658
        -24.971695         16.919016
        -24.968098         16.917233
        -24.970421         16.912848
        -24.971577         16.910313
        -24.968477         16.910126
        -24.966314         16.908779
        -24.967697         16.905325
        -24.962912         16.903786
        -24.953856         16.903448
        -24.948154         16.904669
        -24.947178         16.905441
        -24.945797         16.906534
        -24.943430         16.907711
        -24.941568         16.910942
        -24.942101         16.915058
        -24.942135         16.917578
        -24.937859         16.918550
        -24.935932         16.916973
        -24.930704         16.917959
        -24.928585         16.919821
        -24.922134         16.918531
> cape_verde 11
        -23.774271         15.310296
        -23.780209         15.312078
        -23.778805         15.314157
        -23.773613         15.316041
        -23.769354         15.316310
        -23.769608         15.318374
        -23.771061         15.322033
        -23.769663         15.324572
        -23.767296         15.324594
        -23.763008         15.321649
        -23.758490         15.319625
        -23.755169         15.318967
        -23.753534         15.321507
        -23.754278         15.325402
        -23.756210         15.329516
        -23.754578         15.332286
        -23.749334         15.328662
        -23.749773         15.324755
        -23.749268         15.321087
        -23.746181         15.320197
        -23.742874         15.321146
        -23.740042         15.322090
        -23.737665         15.321194
        -23.737648         15.319357
        -23.737852         15.315682
        -23.735468         15.313868
        -23.732622         15.313205
        -23.729355         15.318745
        -23.726795         15.323818
        -23.721849         15.326847
        -23.718307         15.328028
        -23.715935         15.327590
        -23.716618         15.324370
        -23.716122         15.321849
        -23.712793         15.320502
        -23.709223         15.318239
        -23.707073         15.316193
        -23.703728         15.312779
        -23.700163         15.311205
        -23.696119         15.309175
        -23.693016         15.306082
        -23.697699         15.300207
        -23.698622         15.297444
        -23.698366         15.295381
        -23.696928         15.293327
        -23.697618         15.291025
        -23.699747         15.290777
        -23.702103         15.289378
        -23.703737         15.286609
        -23.706066         15.282226
        -23.706039         15.279242
        -23.705532         15.275344
        -23.702402         15.269403
        -23.699314         15.268283
        -23.697170         15.266695
        -23.695242         15.262810
        -23.689970         15.255511
        -23.688282         15.251853
        -23.685904         15.250726
        -23.683777         15.251204
        -23.681639         15.250306
        -23.679958         15.247565
        -23.678751         15.244822
        -23.676384         15.244843
        -23.674501         15.246237
        -23.671907         15.247408
        -23.669533         15.246511
        -23.665956         15.243559
        -23.662857         15.241060
        -23.660954         15.239930
        -23.659403         15.239554
        -23.654549         15.238379
        -23.648388         15.237745
        -23.646242         15.235928
        -23.647400         15.232933
        -23.648306         15.228104
        -23.645670         15.224454
        -23.640211         15.222665
        -23.637144         15.223840
        -23.634075         15.224786
        -23.630054         15.225280
        -23.625519         15.220728
        -23.620977         15.215717
        -23.617146         15.210240
        -23.613079         15.205225
        -23.609745         15.202729
        -23.608759         15.198146
        -23.606821         15.192882
        -23.602747         15.186718
        -23.595827         15.180120
        -23.594341         15.177943
        -23.592712         15.175555
        -23.588928         15.175817
        -23.586313         15.174462
        -23.584137         15.168971
        -23.583382         15.163467
        -23.583115         15.159796
        -23.584270         15.156343
        -23.584480         15.153126
        -23.582100         15.151539
        -23.578779         15.150649
        -23.577137         15.152270
        -23.574543         15.153441
        -23.572645         15.152998
        -23.570755         15.153244
        -23.570267         15.151411
        -23.571411         15.146810
        -23.570900         15.146200
        -23.569500         15.144530
        -23.566908         15.145930
        -23.563623         15.149402
        -23.557968         15.152434
        -23.549427         15.149753
        -23.545126         15.144738
        -23.541298         15.139490
        -23.538649         15.133772
        -23.539074         15.129519
        -23.538355         15.126886
        -23.536907         15.126348
        -23.531710         15.124416
        -23.523893         15.123335
        -23.520355         15.124742
        -23.518007         15.127058
        -23.514462         15.127547
        -23.513262         15.125490
        -23.513706         15.122043
        -23.514172         15.120891
        -23.513657         15.115844
        -23.512197         15.110805
        -23.511675         15.104609
        -23.509741         15.099574
        -23.509222         15.093838
        -23.504219         15.089517
        -23.499437         15.083358
        -23.496326         15.078791
        -23.494425         15.077659
        -23.492277         15.075380
        -23.491762         15.070104
        -23.489357         15.065072
        -23.484608         15.063045
        -23.481989         15.060770
        -23.479115         15.056431
        -23.479309         15.051147
        -23.478100         15.047713
        -23.472643         15.045692
        -23.464603         15.045987
        -23.461758         15.045093
        -23.459843         15.042353
        -23.461477         15.039584
        -23.464081         15.039792
        -23.466446         15.039772
        -23.468809         15.039294
        -23.469980         15.037907
        -23.468765         15.033783
        -23.464504         15.033359
        -23.460491         15.034540
        -23.457182         15.034797
        -23.452459         15.035983
        -23.451509         15.035302
        -23.454086         15.032066
        -23.455235         15.027694
        -23.455894         15.021489
        -23.454437         15.016449
        -23.451584         15.014635
        -23.449686         15.013962
        -23.448296         15.017418
        -23.447124         15.019034
        -23.445463         15.018359
        -23.444721         15.014232
        -23.443758         15.011943
        -23.441145         15.010587
        -23.439705         15.007843
        -23.442299         15.006904
        -23.446569         15.008476
        -23.449396         15.007075
        -23.451744         15.004760
        -23.450544         15.002703
        -23.448647         15.001800
        -23.444857         15.001142
        -23.444019         15.000000
        -23.443184         14.998858
        -23.442213         14.995652
        -23.442432         14.993354
        -23.444305         14.991042
        -23.443563         14.986915
        -23.441416         14.984406
        -23.437851         14.982139
        -23.438770         14.978686
        -23.443245         14.976354
        -23.446341         14.979084
        -23.451555         14.980420
        -23.454407         14.982233
        -23.455841         14.984288
        -23.458443         14.984267
        -23.460775         14.980115
        -23.460266         14.975296
        -23.462614         14.973210
        -23.466398         14.973179
        -23.471832         14.972445
        -23.472164         14.971970
        -23.473936         14.969443
        -23.471771         14.964868
        -23.467976         14.963291
        -23.463003         14.962414
        -23.461338         14.961279
        -23.465326         14.957112
        -23.475183         14.947617
        -23.484289         14.932843
        -23.488436         14.919030
        -23.488367         14.910303
        -23.487846         14.904337
        -23.492796         14.902228
        -23.496353         14.903577
        -23.501080         14.903308
        -23.505581         14.904419
        -23.509518         14.907409
        -23.513905         14.910549
        -23.517443         14.909601
        -23.519558         14.907976
        -23.522120         14.903131
        -23.521364         14.897396
        -23.522278         14.893254
        -23.525106         14.892312
        -23.530811         14.896168
        -23.540054         14.898846
        -23.554497         14.901249
        -23.563486         14.901861
        -23.571049         14.901567
        -23.572966         14.904536
        -23.573929         14.906594
        -23.577982         14.910693
        -23.582930         14.908584
        -23.585274         14.906267
        -23.585962         14.903735
        -23.587624         14.904409
        -23.588818         14.905777
        -23.590952         14.906677
        -23.594030         14.907110
        -23.596380         14.905481
        -23.598503         14.904775
        -23.601589         14.906355
        -23.608463         14.908362
        -23.615570         14.910149
        -23.618177         14.910804
        -23.625624         14.912013
        -23.630442         14.907251
        -23.634703         14.907673
        -23.638266         14.909708
        -23.640909         14.914738
        -23.644718         14.917689
        -23.648987         14.919259
        -23.652534         14.919457
        -23.659655         14.922609
        -23.662760         14.926255
        -23.667782         14.932641
        -23.671055         14.935212
        -23.671827         14.935821
        -23.674904         14.936022
        -23.679396         14.935982
        -23.684137         14.937317
        -23.687208         14.936831
        -23.689604         14.940483
        -23.690350         14.944839
        -23.691061         14.944834
        -23.690847         14.947591
        -23.693453         14.948027
        -23.696081         14.951219
        -23.697521         14.953732
        -23.700127         14.954167
        -23.702234         14.951622
        -23.705301         14.950906
        -23.711035         14.957513
        -23.720543         14.971104
        -23.723009         14.974627
        -23.729168         14.975719
        -23.734627         14.977965
        -23.738234         14.984592
        -23.738512         14.989412
        -23.735249         14.994724
        -23.728897         14.998686
        -23.727949         15.000000
        -23.725393         15.003540
        -23.726141         15.007896
        -23.738560         15.021332
        -23.747400         15.031354
        -23.751671         15.032922
        -23.757544         15.028275
        -23.762968         15.026388
        -23.767246         15.028645
        -23.767994         15.033001
        -23.768724         15.035290
        -23.771355         15.038481
        -23.773508         15.041216
        -23.772120         15.044444
        -23.772409         15.050411
        -23.775043         15.054061
        -23.778631         15.058391
        -23.782671         15.060419
        -23.785503         15.059704
        -23.790478         15.060347
        -23.791683         15.062860
        -23.790306         15.067466
        -23.789871         15.071833
        -23.788227         15.072997
        -23.786123         15.076001
        -23.788515         15.078734
        -23.787807         15.078971
        -23.790447         15.083079
        -23.790236         15.085836
        -23.789324         15.089748
        -23.787918         15.091140
        -23.784864         15.093694
        -23.783094         15.095833
        -23.780651         15.098784
        -23.777159         15.105017
        -23.777212         15.110987
        -23.777245         15.114659
        -23.778215         15.117406
        -23.779188         15.120152
        -23.777096         15.124305
        -23.773581         15.128241
        -23.773127         15.130311
        -23.776476         15.134413
        -23.778387         15.136462
        -23.778404         15.138298
        -23.777479         15.140603
        -23.775122         15.141773
        -23.771582         15.142724
        -23.770182         15.145034
        -23.772568         15.147078
        -23.775881         15.147047
        -23.778503         15.149319
        -23.778788         15.154596
        -23.777620         15.156445
        -23.773849         15.158087
        -23.772688         15.160394
        -23.773897         15.163367
        -23.776760         15.165866
        -23.779367         15.166301
        -23.779388         15.168826
        -23.776804         15.170917
        -23.771614         15.172802
        -23.770939         15.176482
        -23.772392         15.180371
        -23.770557         15.186817
        -23.769217         15.195554
        -23.764805         15.205237
        -23.765066         15.207991
        -23.767948         15.212555
        -23.766588         15.219226
        -23.764488         15.222690
        -23.760723         15.225249
        -23.757898         15.226883
        -23.754881         15.233568
        -23.752106         15.240941
        -23.751720         15.245627
        -23.754080         15.250106
        -23.758842         15.253046
        -23.762392         15.253014
        -23.767603         15.253195
        -23.769487         15.252259
        -23.770462         15.255235
        -23.769293         15.256852
        -23.767200         15.261233
        -23.770559         15.266024
        -23.772722         15.269676
        -23.772514         15.272893
        -23.769926         15.274754
        -23.767843         15.280053
        -23.768353         15.283951
        -23.771452         15.286448
        -23.775948         15.285946
        -23.780928         15.286819
        -23.785898         15.286772
        -23.786398         15.289522
        -23.785482         15.292974
        -23.784313         15.294822
        -23.782202         15.296907
        -23.780790         15.297839
        -23.777719         15.298785
        -23.774395         15.297668
        -23.772720         15.295848
        -23.770140         15.298397
        -23.766357         15.299121
        -23.763752         15.299145
        -23.761881         15.301687
        -23.760963         15.304910
        -23.764540         15.307631
        -23.772366         15.308936
        -23.774271         15.310296
> cape_verde 12
        -24.359957         15.042502
        -24.351192         15.041453
        -24.347630         15.040116
        -24.341646         15.033984
        -24.335451         15.029921
        -24.332857         15.030639
        -24.330267         15.031816
        -24.326929         15.029327
        -24.325636         15.019467
        -24.323946         15.016272
        -24.320162         15.016315
        -24.316133         15.015671
        -24.314196         15.011559
        -24.312704         15.004916
        -24.311600         15.000000
        -24.309719         14.991630
        -24.306618         14.989139
        -24.301992         14.977249
        -24.298937         14.957303
        -24.298635         14.951336
        -24.301443         14.948548
        -24.302584         14.944860
        -24.300406         14.940292
        -24.297052         14.936425
        -24.295059         14.927032
        -24.294355         14.905910
        -24.292973         14.887553
        -24.292349         14.873780
        -24.295311         14.863641
        -24.299501         14.857623
        -24.305609         14.854109
        -24.309612         14.852687
        -24.309690         14.851948
        -24.310255         14.846707
        -24.316561         14.839746
        -24.322651         14.834625
        -24.328022         14.828593
        -24.331049         14.824425
        -24.335297         14.823917
        -24.340738         14.824315
        -24.349905         14.819617
        -24.356697         14.814028
        -24.362104         14.811440
        -24.365400         14.810254
        -24.367306         14.811610
        -24.369932         14.813877
        -24.370565         14.813632
        -24.372990         14.812694
        -24.376513         14.810587
        -24.379793         14.808022
        -24.391144         14.808581
        -24.413143         14.810165
        -24.425949         14.813921
        -24.435305         14.819680
        -24.447392         14.828601
        -24.456720         14.838139
        -24.458691         14.845006
        -24.460850         14.847736
        -24.465479         14.848858
        -24.470566         14.849918
        -24.474823         14.850099
        -24.476059         14.854677
        -24.478699         14.858091
        -24.480848         14.859903
        -24.483706         14.861707
        -24.486794         14.863049
        -24.493402         14.871996
        -24.499937         14.875066
        -24.507296         14.877504
        -24.509911         14.878852
        -24.510437         14.883438
        -24.510284         14.890560
        -24.511084         14.898129
        -24.512125         14.906385
        -24.514782         14.911177
        -24.516516         14.917816
        -24.516966         14.923507
        -24.517349         14.928370
        -24.510963         14.948427
        -24.503286         14.960817
        -24.501215         14.964159
        -24.500568         14.969449
        -24.499228         14.976125
        -24.491713         14.980807
        -24.487497         14.984302
        -24.484728         14.990305
        -24.479401         14.993996
        -24.473230         14.998249
        -24.469538         15.000000
        -24.468761         15.000000
        -24.461010         15.005052
        -24.452818         15.012497
        -24.442957         15.019042
        -24.434956         15.022580
        -24.423616         15.023860
        -24.419977         15.024274
        -24.419128         15.024371
        -24.413994         15.030630
        -24.409313         15.035048
        -24.394701         15.039808
        -24.391048         15.041145
        -24.389519         15.041705
        -24.386711         15.044493
        -24.381996         15.045925
        -24.375601         15.045309
        -24.359957         15.042502
> cape_verde 13
        -24.648487         14.974794
        -24.647781         14.978456
        -24.645662         14.979173
        -24.643286         14.978283
        -24.641121         14.975325
        -24.640837         14.971424
        -24.642479         14.970255
        -24.645060         14.968616
        -24.647636         14.966517
        -24.649260         14.963970
        -24.652277         14.959340
        -24.654884         14.959767
        -24.655180         14.964586
        -24.652411         14.970132
        -24.648487         14.974794
> cape_verde 14
        -24.696445         14.973717
        -24.694378         14.974580
        -24.691717         14.974005
        -24.692144         14.970325
        -24.694242         14.967772
        -24.696112         14.965912
        -24.697012         14.962226
        -24.698614         14.958072
        -24.701187         14.955743
        -24.704258         14.955475
        -24.708996         14.956104
        -24.711414         14.960437
        -24.709806         14.964132
        -24.707499         14.968754
        -24.703506         14.971101
        -24.696445         14.973717
