> western_sahara 0
        -16.010820         23.553377
        -16.013031         23.555466
        -16.008253         23.559540
        -16.007195         23.564571
        -16.004942         23.565693
        -16.003500         23.561781
        -16.005051         23.557213
        -16.007830         23.553804
        -16.010820         23.553377
> western_sahara 1
        -16.008137         23.529737
        -16.012955         23.541939
        -16.011686         23.543989
        -16.007015         23.539583
        -16.004612         23.533138
        -16.006393         23.529949
        -16.008137         23.529737
> western_sahara 2
        -15.993511         23.506887
        -15.996230         23.508062
        -16.002310         23.518673
        -16.003246         23.523268
        -15.998292         23.521839
        -15.993209         23.511009
        -15.993511         23.506887
> western_sahara 3
        -13.168586         27.667017
        -13.026878         27.667295
        -12.885043         27.667746
        -12.743207         27.668051
        -12.601369         27.668207
        -12.499719         27.668230
        -12.459533         27.668409
        -12.317696         27.668945
        -12.175858         27.669334
        -12.034019         27.669579
        -11.892180         27.669674
        -11.784320         27.669649
        -11.750347         27.669096
        -11.608536         27.666695
        -11.545901         27.665588
        -11.466718         27.666355
        -11.324890         27.667612
        -11.306587         27.667765
        -11.183059         27.666811
        -11.067330         27.665819
        -11.041230         27.665985
        -10.899399         27.666801
        -10.828010         27.667158
        -10.757569         27.666382
        -10.708385         27.665819
        -10.615741         27.666145
        -10.473906         27.666521
        -10.332071         27.666752
        -10.190236         27.666834
        -10.048400         27.666771
        -10.000000         27.666698
         -9.906566         27.666561
         -9.764731         27.666203
         -9.631425         27.665733
         -9.622899         27.665621
         -9.511801         27.664095
         -9.481080         27.664207
         -9.339249         27.664642
         -9.197416         27.664928
         -9.055584         27.665068
         -8.913751         27.665062
         -8.771918         27.664907
         -8.730325         27.664835
         -8.670276         27.662115
         -8.672074         27.607903
         -8.671810         27.550577
         -8.671333         27.447071
         -8.671721         27.424320
         -8.673868         27.298073
         -8.672479         27.288321
         -8.673350         27.207947
         -8.672337         27.171907
         -8.671062         27.126513
         -8.673019         27.045683
         -8.672853         26.919428
         -8.672674         26.793177
         -8.672495         26.666927
         -8.672318         26.540684
         -8.672140         26.414444
         -8.671985         26.304436
         -8.672100         26.288210
         -8.672996         26.161983
         -8.673888         26.035765
         -8.674157         25.997614
         -8.771624         25.997458
         -8.911311         25.997108
         -8.979050         25.996887
         -9.050996         25.997513
         -9.190679         25.998621
         -9.283809         25.999279
         -9.330366         25.999001
         -9.470051         25.998074
         -9.487068         25.997952
         -9.562904         26.000011
         -9.609695         25.999084
         -9.686016         25.997540
         -9.696992         25.998957
         -9.749254         25.998655
         -9.888144         25.997753
         -9.888939         25.997759
        -10.000000         25.998484
        -10.028625         25.998671
        -10.168313         25.999437
        -10.217933         25.999676
        -10.308002         25.999134
        -10.374055         25.998699
        -10.447688         25.999071
        -10.587379         25.999668
        -10.686212         26.000002
        -10.727066         25.999615
        -10.841290         25.998466
        -10.866750         25.998507
        -11.006439         25.998644
        -11.146130         25.998634
        -11.285820         25.998482
        -11.304828         25.998451
        -11.425508         25.998549
        -11.565199         25.998526
        -11.704888         25.998360
        -11.844577         25.998049
        -11.918627         25.997826
        -11.984262         25.998457
        -12.003894         25.998640
        -12.004821         25.890169
        -12.005052         25.863150
        -12.003805         25.763971
        -12.003370         25.729239
        -12.003653         25.637777
        -12.004042         25.511589
        -12.004429         25.385412
        -12.004815         25.259245
        -12.005201         25.133089
        -12.005587         25.006945
        -12.005608         25.000000
        -12.005971         24.880812
        -12.006257         24.786570
        -12.005875         24.754694
        -12.004357         24.628595
        -12.002975         24.513275
        -12.003132         24.502510
        -12.004931         24.378571
        -12.004901         24.376442
        -12.003140         24.250389
        -12.002987         24.239416
        -12.003781         24.124346
        -12.003913         24.105217
        -12.000504         24.003046
        -12.000000         24.000000
        -12.000000         23.900000
        -12.000000         23.799999
        -12.000000         23.700001
        -12.000000         23.600000
        -12.000000         23.500000
        -12.000000         23.454517
        -12.037883         23.447683
        -12.060465         23.445709
        -12.076144         23.444336
        -12.124462         23.444107
        -12.196404         23.435242
        -12.201679         23.434589
        -12.258204         23.430252
        -12.309673         23.428036
        -12.332589         23.425573
        -12.370416         23.421501
        -12.464292         23.415184
        -12.468694         23.414808
        -12.604725         23.403116
        -12.740398         23.391354
        -12.740729         23.391289
        -12.759831         23.387550
        -12.767838         23.383574
        -12.773837         23.377626
        -12.775601         23.379358
        -12.807095         23.361746
        -12.824895         23.349628
        -12.850433         23.328930
        -12.852881         23.326410
        -12.892012         23.286114
        -12.898755         23.282476
        -12.941775         23.231356
        -12.957145         23.213079
        -13.018483         23.127144
        -13.018616         23.126959
        -13.045618         23.083223
        -13.058871         23.058502
        -13.077330         23.013718
        -13.085238         22.994520
        -13.111426         22.891769
        -13.138265         22.786314
        -13.141555         22.768793
        -13.144698         22.752047
        -13.145754         22.731411
        -13.138030         22.648544
        -13.137053         22.643320
        -13.134144         22.627773
        -13.128506         22.557585
        -13.124500         22.517773
        -13.111877         22.392159
        -13.106215         22.335741
        -13.098477         22.266602
        -13.092082         22.209408
        -13.086250         22.140936
        -13.084044         22.115005
        -13.080194         22.090778
        -13.072419         22.015429
        -13.063523         21.929119
        -13.059799         21.889767
        -13.058291         21.873833
        -13.059135         21.860069
        -13.056460         21.853868
        -13.054846         21.840038
        -13.055474         21.820141
        -13.052979         21.814457
        -13.048626         21.764826
        -13.046805         21.744076
        -13.044386         21.729837
        -13.045027         21.709557
        -13.041968         21.702579
        -13.035977         21.639660
        -13.031515         21.592752
        -13.024525         21.542000
        -13.024770         21.521322
        -13.022873         21.516817
        -13.022558         21.514376
        -13.014328         21.450554
        -13.007854         21.388884
        -13.001760         21.330809
        -13.074244         21.332203
        -13.109225         21.332867
        -13.142745         21.333006
        -13.150145         21.331671
        -13.201588         21.333813
        -13.208856         21.333908
        -13.343651         21.335621
        -13.429616         21.336662
        -13.478451         21.337116
        -13.613256         21.338297
        -13.748062         21.339378
        -13.882871         21.340357
        -14.017681         21.341234
        -14.152493         21.342010
        -14.222653         21.342373
        -14.232598         21.341267
        -14.287234         21.341619
        -14.422046         21.342415
        -14.547860         21.343065
        -14.556851         21.342730
        -14.581813         21.341793
        -14.596489         21.343601
        -14.644319         21.343344
        -14.651706         21.341948
        -14.691363         21.342676
        -14.722800         21.343246
        -14.736724         21.341965
        -14.826089         21.343550
        -14.828249         21.343588
        -14.960904         21.343626
        -15.000000         21.343609
        -15.095719         21.343567
        -15.230535         21.343405
        -15.365350         21.343140
        -15.500165         21.342775
        -15.634978         21.342306
        -15.769791         21.341738
        -15.877051         21.341213
        -15.904602         21.340977
        -16.039408         21.339756
        -16.174213         21.338432
        -16.309015         21.337009
        -16.443815         21.335484
        -16.578611         21.333857
        -16.713406         21.332127
        -16.828539         21.330568
        -16.848198         21.330526
        -16.919260         21.330349
        -16.939714         21.326637
        -16.950903         21.287832
        -16.970234         21.220736
        -16.977360         21.202028
        -16.983080         21.183321
        -16.987301         21.169512
        -17.003099         21.104589
        -17.009331         21.092722
        -17.026102         21.069679
        -17.027897         21.065828
        -17.039829         21.040257
        -17.048800         20.980156
        -17.059935         20.943943
        -17.066372         20.923000
        -17.066521         20.839834
        -17.057631         20.799892
        -17.051847         20.774158
        -17.051847         20.774158
        -17.054453         20.776171
        -17.082739         20.828226
        -17.092991         20.830112
        -17.099810         20.834740
        -17.103182         20.843485
        -17.102175         20.848763
        -17.091614         20.857901
        -17.090420         20.859758
        -17.080271         20.875534
        -17.076305         20.884932
        -17.075787         20.890213
        -17.081091         20.903103
        -17.088385         20.910259
        -17.092245         20.919466
        -17.089222         20.935530
        -17.088909         20.947702
        -17.086178         20.954809
        -17.077057         20.967400
        -17.073421         20.974138
        -17.065189         20.989391
        -17.060465         21.002691
        -17.063068         21.017633
        -17.058067         21.035984
        -17.061874         21.054838
        -17.055916         21.069279
        -17.060255         21.080555
        -17.055784         21.091558
        -17.055531         21.094196
        -17.054482         21.105103
        -17.049524         21.115414
        -17.050451         21.124376
        -17.046158         21.146402
        -17.038956         21.163593
        -17.039413         21.168879
        -17.046463         21.177641
        -17.047890         21.184769
        -17.042713         21.215002
        -17.039009         21.236629
        -17.032749         21.259106
        -17.034378         21.273354
        -17.024197         21.295349
        -17.027548         21.308687
        -17.028128         21.334641
        -17.027416         21.337746
        -17.017799         21.379829
        -17.012070         21.394268
        -17.010300         21.402987
        -17.013861         21.422066
        -17.013325         21.429642
        -17.006313         21.452568
        -17.004753         21.460583
        -17.002514         21.472069
        -16.991125         21.487854
        -16.989920         21.523670
        -16.981617         21.555544
        -16.978556         21.573439
        -16.979456         21.582176
        -16.981564         21.602617
        -16.979507         21.616844
        -16.973480         21.637707
        -16.970907         21.655832
        -16.971579         21.666168
        -16.979523         21.691700
        -16.980659         21.706171
        -16.979101         21.719250
        -16.961773         21.738441
        -16.949362         21.757202
        -16.947851         21.762474
        -16.949530         21.768911
        -16.952705         21.771915
        -16.959581         21.773331
        -16.962255         21.777937
        -16.964363         21.794250
        -16.961590         21.804796
        -16.958590         21.814934
        -16.953041         21.833677
        -16.932953         21.858589
        -16.915901         21.870203
        -16.906931         21.886909
        -16.895508         21.902225
        -16.889235         21.919636
        -16.889294         21.919836
        -16.890676         21.924465
        -16.895569         21.928856
        -16.898241         21.933924
        -16.897217         21.939655
        -16.879036         21.970312
        -16.877741         21.979486
        -16.869999         21.995050
        -16.870420         22.005154
        -16.855452         22.034035
        -16.841951         22.060074
        -16.833506         22.103638
        -16.822029         22.123077
        -16.813150         22.152794
        -16.812172         22.156069
        -16.808918         22.162935
        -16.803719         22.166115
        -16.790627         22.169933
        -16.779734         22.176060
        -16.770031         22.187702
        -16.769506         22.191832
        -16.771915         22.199192
        -16.780975         22.207054
        -16.774551         22.209080
        -16.766851         22.216373
        -16.760368         22.225742
        -16.742420         22.234966
        -16.742294         22.235031
        -16.721704         22.250500
        -16.712503         22.259848
        -16.698273         22.281094
        -16.683641         22.290632
        -16.672260         22.294682
        -16.656969         22.294573
        -16.650827         22.291546
        -16.641281         22.279364
        -16.635454         22.271925
        -16.629820         22.267523
        -16.621939         22.266317
        -16.613544         22.267403
        -16.581392         22.277489
        -16.532627         22.296392
        -16.520126         22.304377
        -16.499619         22.317472
        -16.493626         22.324999
        -16.490831         22.333467
        -16.493654         22.347950
        -16.491894         22.351379
        -16.485466         22.352703
        -16.479246         22.357931
        -16.468170         22.380331
        -16.458721         22.387598
        -16.456961         22.391026
        -16.458908         22.403433
        -16.459053         22.404354
        -16.456678         22.419939
        -16.449348         22.437321
        -16.450613         22.459362
        -16.440315         22.476946
        -16.435886         22.500315
        -16.428312         22.516773
        -16.424564         22.521103
        -16.423212         22.522032
        -16.394213         22.541954
        -16.377321         22.550756
        -16.367323         22.561914
        -16.359785         22.574009
        -16.358496         22.579046
        -16.359085         22.593737
        -16.355442         22.611372
        -16.353172         22.619463
        -16.351076         22.626936
        -16.341694         22.649340
        -16.342884         22.653709
        -16.342884         22.653709
        -16.347767         22.659718
        -16.341152         22.677326
        -16.339741         22.684345
        -16.338804         22.689007
        -16.339197         22.698647
        -16.344687         22.717508
        -16.339867         22.728937
        -16.333639         22.756413
        -16.326391         22.763460
        -16.329271         22.771746
        -16.322777         22.777422
        -16.310883         22.800024
        -16.310400         22.800941
        -16.295124         22.817549
        -16.289070         22.828045
        -16.287210         22.839729
        -16.289339         22.848925
        -16.296995         22.850599
        -16.300173         22.854300
        -16.301596         22.860046
        -16.299797         22.866224
        -16.286646         22.891567
        -16.286016         22.903950
        -16.282793         22.904148
        -16.281256         22.902277
        -16.275951         22.895826
        -16.271242         22.896242
        -16.256784         22.904825
        -16.243387         22.906992
        -16.212814         22.916794
        -16.179800         22.944460
        -16.170753         22.955610
        -16.157940         22.970852
        -16.145790         22.992752
        -16.141697         23.003490
        -16.138517         23.020891
        -16.140278         23.039717
        -16.146229         23.060419
        -16.151964         23.072090
        -16.153252         23.074707
        -16.162052         23.085346
        -16.171389         23.092546
        -16.176813         23.095123
        -16.182522         23.094721
        -16.187016         23.092012
        -16.193190         23.094135
        -16.205481         23.081869
        -16.206942         23.084177
        -16.200871         23.094669
        -16.186855         23.127329
        -16.179331         23.134594
        -16.179237         23.134640
        -16.165615         23.141111
        -16.160856         23.144962
        -16.151499         23.160234
        -16.125399         23.185659
        -16.117054         23.198647
        -16.111963         23.209372
        -16.113749         23.225901
        -16.112928         23.232313
        -16.110790         23.235325
        -16.096767         23.255079
        -16.082928         23.270531
        -16.071787         23.288301
        -16.057671         23.305351
        -16.055841         23.312670
        -16.059622         23.328300
        -16.058809         23.333796
        -16.049059         23.338968
        -16.048330         23.339642
        -16.029963         23.356651
        -16.019976         23.360672
        -16.013950         23.365652
        -16.000328         23.382013
        -15.985876         23.404785
        -15.974382         23.428963
        -15.968649         23.438728
        -15.956592         23.459259
        -15.952438         23.472740
        -15.952851         23.479164
        -15.955541         23.482632
        -15.961461         23.486135
        -15.964636         23.490526
        -15.963578         23.495329
        -15.965758         23.499708
        -15.972932         23.502539
        -15.973893         23.505070
        -15.972348         23.509178
        -15.968069         23.513258
        -15.941084         23.523279
        -15.934598         23.531013
        -15.928705         23.538042
        -15.919273         23.555359
        -15.915236         23.559668
        -15.901989         23.564562
        -15.894761         23.584194
        -15.885820         23.601513
        -15.875447         23.614231
        -15.876358         23.620430
        -15.874560         23.624535
        -15.862367         23.629864
        -15.857018         23.633732
        -15.850130         23.646030
        -15.841827         23.652580
        -15.838491         23.659876
        -15.832423         23.666683
        -15.820469         23.685108
        -15.812932         23.690062
        -15.800468         23.708937
        -15.793279         23.724438
        -15.793990         23.726965
        -15.800502         23.724293
        -15.801136         23.725132
        -15.801723         23.725912
        -15.786621         23.737421
        -15.776732         23.749908
        -15.747265         23.772930
        -15.743201         23.778379
        -15.736486         23.794798
        -15.730114         23.804804
        -15.725311         23.809557
        -15.712226         23.816225
        -15.711256         23.816719
        -15.707910         23.824011
        -15.709827         23.829077
        -15.713787         23.830957
        -15.718274         23.830784
        -15.726524         23.828823
        -15.739093         23.821184
        -15.742325         23.821682
        -15.741747         23.827175
        -15.729779         23.861858
        -15.712651         23.895172
        -15.712336         23.895788
        -15.738033         23.911224
        -15.744988         23.912912
        -15.749993         23.911598
        -15.764326         23.885649
        -15.769404         23.879065
        -15.772388         23.879559
        -15.774211         23.891497
        -15.766184         23.912479
        -15.766875         23.916384
        -15.771849         23.910475
        -15.782344         23.898008
        -15.785098         23.897125
        -15.790567         23.898106
        -15.795989         23.884880
        -15.804416         23.870544
        -15.807422         23.869434
        -15.808652         23.870594
        -15.809060         23.877016
        -15.811274         23.879105
        -15.820279         23.876688
        -15.823574         23.872831
        -15.832613         23.867895
        -15.846750         23.854769
        -15.849075         23.848839
        -15.852611         23.845442
        -15.855403         23.840721
        -15.862304         23.829054
        -15.872607         23.822527
        -15.882746         23.809811
        -15.886107         23.800680
        -15.891432         23.793867
        -15.895278         23.785660
        -15.897976         23.770338
        -15.905292         23.763315
        -15.903859         23.758715
        -15.908376         23.737682
        -15.911930         23.731491
        -15.918572         23.719919
        -15.918357         23.717398
        -15.915883         23.716223
        -15.915163         23.714151
        -15.921235         23.706886
        -15.923124         23.695906
        -15.929653         23.691624
        -15.937548         23.678190
        -15.944572         23.673912
        -15.956577         23.669460
        -15.965889         23.661541
        -15.973233         23.651764
        -15.977111         23.640575
        -15.982728         23.634804
        -15.984173         23.633318
        -15.981278         23.626181
        -15.983047         23.624138
        -15.990677         23.630638
        -15.997382         23.631626
        -16.002518         23.638557
        -16.004679         23.644770
        -16.001320         23.654360
        -15.988465         23.667057
        -15.980810         23.681643
        -15.969492         23.690687
        -15.959648         23.701122
        -15.957313         23.708431
        -15.957192         23.712603
        -15.956856         23.724239
        -15.924824         23.755283
        -15.921768         23.760290
        -15.924106         23.771776
        -15.916704         23.785213
        -15.913317         23.796404
        -15.902530         23.820574
        -15.901479         23.821470
        -15.882366         23.837763
        -15.855561         23.866327
        -15.841311         23.887703
        -15.808141         23.912390
        -15.805544         23.914322
        -15.801948         23.921841
        -15.784593         23.932634
        -15.762397         23.950470
        -15.729259         23.965878
        -15.718932         23.972853
        -15.696336         23.981401
        -15.684323         23.985945
        -15.661169         23.999859
        -15.661043         24.000000
        -15.645280         24.016367
        -15.634372         24.019564
        -15.622075         24.027370
        -15.611822         24.037199
        -15.601974         24.043123
        -15.591702         24.052263
        -15.581897         24.070791
        -15.580294         24.077011
        -15.583217         24.084518
        -15.581521         24.089767
        -15.581354         24.090286
        -15.575500         24.096359
        -15.560640         24.101919
        -15.549089         24.110165
        -15.545470         24.115734
        -15.532763         24.128126
        -15.525843         24.131468
        -15.523181         24.146189
        -15.520012         24.149689
        -15.503336         24.163757
        -15.490260         24.171339
        -15.487375         24.174482
        -15.455360         24.209354
        -15.407845         24.254927
        -15.392111         24.264692
        -15.366372         24.280661
        -15.341367         24.304945
        -15.328571         24.315258
        -15.295021         24.352865
        -15.289927         24.358572
        -15.263585         24.392498
        -15.256578         24.404997
        -15.239282         24.428905
        -15.229639         24.435259
        -15.226012         24.441740
        -15.220366         24.447565
        -15.211783         24.450544
        -15.207178         24.452141
        -15.203303         24.458855
        -15.192208         24.467981
        -15.186646         24.478161
        -15.180752         24.484219
        -15.157741         24.499498
        -15.135919         24.511772
        -15.122915         24.513586
        -15.109737         24.519299
        -15.103304         24.520548
        -15.091751         24.522791
        -15.065141         24.534443
        -15.038137         24.538755
        -15.032439         24.542511
        -15.007809         24.566961
        -15.009205         24.574738
        -15.008283         24.579107
        -15.001737         24.588612
        -15.000000         24.590462
        -15.000000         24.591398
        -14.994655         24.602243
        -14.989285         24.624340
        -14.984442         24.634043
        -14.980744         24.637768
        -14.974237         24.638781
        -14.949911         24.654043
        -14.928578         24.668571
        -14.915864         24.678614
        -14.898114         24.692629
        -14.891215         24.700294
        -14.886887         24.711365
        -14.884197         24.730209
        -14.885687         24.743719
        -14.884457         24.759790
        -14.872927         24.805365
        -14.869088         24.813622
        -14.846731         24.861692
        -14.831402         24.907318
        -14.828134         24.922503
        -14.830771         24.932940
        -14.835413         24.951303
        -14.827288         24.977106
        -14.826922         25.000000
        -14.826797         25.007851
        -14.822106         25.028561
        -14.822361         25.057114
        -14.822392         25.060673
        -14.825115         25.072794
        -14.840479         25.087265
        -14.844379         25.124147
        -14.839320         25.176985
        -14.838594         25.184563
        -14.842844         25.212036
        -14.841260         25.222841
        -14.836234         25.238970
        -14.829125         25.251455
        -14.825029         25.262983
        -14.823467         25.275166
        -14.829106         25.295279
        -14.828603         25.299202
        -14.827544         25.307461
        -14.820924         25.319252
        -14.815470         25.325291
        -14.813770         25.329445
        -14.814005         25.343437
        -14.802191         25.362181
        -14.794412         25.380642
        -14.790838         25.393768
        -14.787471         25.417061
        -14.785620         25.429861
        -14.783172         25.434713
        -14.764649         25.461575
        -14.747531         25.481991
        -14.730084         25.498049
        -14.716107         25.523050
        -14.689235         25.571081
        -14.684723         25.590185
        -14.687124         25.614250
        -14.685249         25.623911
        -14.675897         25.640709
        -14.673669         25.644709
        -14.660295         25.680904
        -14.656689         25.710094
        -14.639294         25.761927
        -14.638746         25.763557
        -14.627393         25.784121
        -14.615370         25.794132
        -14.611165         25.801298
        -14.590395         25.820364
        -14.583466         25.832150
        -14.573747         25.844198
        -14.566089         25.858517
        -14.561825         25.865137
        -14.534061         25.908230
        -14.501773         25.977676
        -14.501432         25.978632
        -14.492236         26.004406
        -14.490217         26.023708
        -14.483492         26.052015
        -14.484645         26.061872
        -14.478139         26.087881
        -14.478507         26.096140
        -14.480061         26.101929
        -14.481456         26.107124
        -14.494490         26.129934
        -14.496099         26.135885
        -14.493191         26.146246
        -14.446010         26.212084
        -14.433996         26.228832
        -14.412668         26.252699
        -14.401333         26.262228
        -14.396519         26.264114
        -14.378703         26.265215
        -14.340631         26.275698
        -14.335846         26.278114
        -14.304935         26.293720
        -14.251946         26.337376
        -14.242942         26.351921
        -14.232409         26.360733
        -14.220470         26.370718
        -14.205365         26.387611
        -14.184858         26.423601
        -14.178783         26.427786
        -14.172679         26.429447
        -14.131843         26.427824
        -14.129808         26.427744
        -14.090576         26.432426
        -14.070973         26.436255
        -14.042738         26.444279
        -13.998086         26.462378
        -13.993689         26.464159
        -13.974637         26.473249
        -13.957639         26.484159
        -13.911011         26.522127
        -13.899576         26.528402
        -13.884063         26.534130
        -13.874888         26.537516
        -13.859129         26.546110
        -13.839839         26.560694
        -13.820742         26.567696
        -13.762665         26.596325
        -13.757121         26.599056
        -13.722033         26.622892
        -13.695287         26.635427
        -13.672665         26.654135
        -13.646351         26.665665
        -13.645646         26.665974
        -13.620203         26.685606
        -13.573678         26.732410
        -13.554306         26.760075
        -13.548041         26.769018
        -13.541241         26.789476
        -13.528274         26.805597
        -13.517405         26.832499
        -13.510607         26.855253
        -13.497746         26.874323
        -13.495862         26.877117
        -13.487530         26.901941
        -13.486347         26.922377
        -13.456528         26.994165
        -13.432840         27.051121
        -13.426270         27.074558
        -13.416074         27.090431
        -13.414566         27.098013
        -13.415214         27.113308
        -13.415704         27.124870
        -13.410652         27.144859
        -13.411194         27.151745
        -13.409431         27.160244
        -13.403597         27.177711
        -13.391296         27.184404
        -13.389284         27.195431
        -13.384941         27.201412
        -13.373693         27.215906
        -13.368332         27.224874
        -13.367080         27.233603
        -13.363764         27.240040
        -13.344290         27.255701
        -13.342299         27.260742
        -13.337666         27.272478
        -13.322799         27.284912
        -13.320769         27.293180
        -13.307987         27.315710
        -13.299015         27.324913
        -13.299538         27.327438
        -13.304935         27.326508
        -13.307255         27.328110
        -13.307522         27.331324
        -13.299831         27.339375
        -13.292945         27.358446
        -13.289265         27.363174
        -13.281670         27.372934
        -13.274777         27.391773
        -13.270461         27.412216
        -13.244084         27.463234
        -13.238024         27.479956
        -13.222342         27.523191
        -13.215955         27.545931
        -13.206976         27.563623
        -13.200075         27.590265
        -13.199743         27.600880
        -13.199594         27.605650
        -13.185971         27.626102
        -13.181109         27.644705
        -13.171087         27.664003
        -13.168586         27.667017
