> ethiopia 0
42.4022080664	12.4714415374
42.4012531625	12.4706502726
42.3882930125	12.4512916247
42.3850321361	12.4341571949
42.3847770691	12.4331655502
42.3737754822	12.4221277237
42.3673477173	12.4133062363
42.3371391296	12.3718366623
42.3303909302	12.3515100479
42.3297309875	12.3425550461
42.3172340393	12.3046388626
42.3138809204	12.3006439209
42.3090744019	12.294919014
42.304107666	12.2922611237
42.2577171326	12.2550392151
42.2402153015	12.2344694138
42.224822998	12.2112379074
42.2230787706	12.2086063328
42.2230758667	12.2086019516
42.2058143616	12.1767568588
42.1847724915	12.1426877975
42.1702194214	12.1284923553
42.1626701355	12.113697052
42.1593208313	12.1036338806
42.1564407349	12.0949649811
42.1523246765	12.0766496658
42.1485176086	12.0732774734
42.1403274536	12.0727510452
42.1341438293	12.0675849915
42.1183662415	12.0386943817
42.1133499146	12.0335035324
42.095954895	12.0053348541
42.0927581787	12.0021152496
42.066619873	11.9757909775
42.0410079956	11.9335222244
42.0398684082	11.9320719263
42.0237464905	11.9115543365
42.0177459717	11.9004182816
42.0130767822	11.8917560577
42.0037155151	11.8790616989
41.9999427795	11.8655719757
41.9778404236	11.8344926834
41.960735321	11.8196468353
41.9382286072	11.8050861359
41.9351921082	11.8031234741
41.9010314941	11.7874536514
41.8969535828	11.7817831039
41.8920021057	11.7554311752
41.8865203857	11.7495565414
41.8773841858	11.7478923798
41.8467674255	11.7339878082
41.8453674316	11.7331380844
41.8368492126	11.7279672623
41.8287467957	11.7071943283
41.8256378174	11.6911554337
41.8110715173	11.647392922
41.8107760681	11.6465052843
41.8053283691	11.6301383972
41.8072433472	11.6204433441
41.8066482544	11.6166200638
41.8035125732	11.596367836
41.7910118103	11.5526800156
41.7908401489	11.5437135696
41.789455364	11.5413258922
41.7889648763	11.5404801822
41.7838478088	11.5316572189
41.7761001587	11.5046672821
41.7746315002	11.4951629639
41.7734413147	11.4874696732
41.7754898071	11.4727134705
41.7945709229	11.3973865509
41.7998161316	11.3718299866
41.8018188477	11.3620653152
41.8077354431	11.3182611465
41.8085021973	11.2609872818
41.8098907471	11.2483129501
41.8098487854	11.2461032867
41.8097301315	11.2399273518
41.8095319221	11.2296105544
41.809047699	11.2044067383
41.8030967712	11.1199235916
41.8016891479	11.0999174118
41.8037719727	11.0628557205
41.7997207642	11.0093545914
41.7965049744	10.9992980957
41.7934150696	10.9961366653
41.7932773314	10.9958444636
41.7931480408	10.9955701828
41.7913289359	10.9917240343
41.7899250191	10.9887557211
41.7895355225	10.9879322052
41.7894113491	10.9866541181
41.7889556885	10.9819641113
41.791190371	10.973757801
41.791303105	10.9733438139
41.7913475037	10.9731807709
41.7922896169	10.9725858382
41.7984771729	10.9686784744
41.8110275269	10.9677505493
41.8110714719	10.9656799816
41.8111495972	10.9619989395
41.815990448	10.9593782425
41.827243831	10.9591646896
41.8411178589	10.9589014053
41.8861579895	10.9470748901
41.9006271362	10.9432735443
41.9273719788	10.9422979355
41.9422111511	10.9394807816
41.9425964355	10.9353351593
41.9396705627	10.9284925461
41.9447212219	10.9132175446
41.9490776062	10.9099149704
41.958404541	10.9108839035
41.9678344727	10.9169082642
41.975025177	10.9275751114
41.9789199829	10.9266262054
41.9822044373	10.925825119
41.9916343689	10.9201221466
42.0029602051	10.9164152145
42.0170211792	10.9212331772
42.0268096924	10.921959877
42.0312805176	10.9244012833
42.067325592	10.9229974747
42.0704345703	10.9273052216
42.0755691528	10.9511184692
42.0789451599	10.9556217194
42.0808334351	10.9581413269
42.0992393494	10.959154129
42.1126403809	10.9657850266
42.1219978333	10.9681272507
42.1269569397	10.9714765549
42.1426544189	10.9766798019
42.1554527283	10.9764223099
42.162853241	10.9739732742
42.1757087708	10.9767026901
42.1889915466	10.977353096
42.1958999634	10.9737634659
42.1974372864	10.969827652
42.1998786926	10.9635648727
42.2070274353	10.9602003098
42.2325248718	10.9663486481
42.2705154419	10.968788147
42.2889976501	10.984503746
42.3093795776	10.9907512665
42.3125457764	10.9903669357
42.3254013062	10.9888086319
42.3282357369	10.9893893862
42.3383827209	10.9914684296
42.3502464294	10.9965333939
42.355846405	10.9973726273
42.3728103638	10.9960975647
42.39453125	10.9885129929
42.4046516418	10.9827814102
42.4241485596	10.9800701141
42.4345092773	10.9855442047
42.4354476929	10.9860401154
42.4486122131	10.9963092804
42.4589347839	11.0013055801
42.4993057251	11.0325117111
42.5120048523	11.0382175446
42.5442199707	11.0469999313
42.5604896545	11.0514326096
42.5919647217	11.0638580322
42.598941803	11.0634765625
42.6105003357	11.0703544617
42.6250419617	11.085442543
42.6323394775	11.0889644623
42.6409378052	11.0883159637
42.654499054	11.0801992416
42.6558685303	11.0775194168
42.6562843323	11.076710701
42.6633872986	11.0714950562
42.678276062	11.0709381104
42.6834449768	11.0625448227
42.6934890747	11.0535840988
42.6978988647	11.053027153
42.7113304138	11.0600881577
42.7178192139	11.0587949753
42.7278900146	11.0613307953
42.7361183167	11.0648269653
42.7462997437	11.0721893311
42.7574386597	11.070561409
42.7645149231	11.0641937256
42.764881134	11.0635490417
42.7846641541	11.0287885666
42.7881088257	11.0165224075
42.7889289856	10.9950494766
42.7914161682	10.9879331589
42.7960166931	10.9855298996
42.8289413452	10.9797296524
42.8352279663	10.9775400162
42.8409500122	10.9755477905
42.8530426025	10.9750442505
42.857749939	10.9772367477
42.867767334	10.9776992798
42.9108314514	10.977637291
42.952205658	10.9849662781
42.9616394043	10.9844093323
42.9313240051	10.9479618073
42.9100456238	10.913725853
42.8855400085	10.8830976486
42.8762550354	10.8714942932
42.8704376221	10.8612785339
42.8642234802	10.8542919159
42.8557090759	10.8381576538
42.8409347534	10.8228559494
42.8112678528	10.7808532715
42.8108825684	10.7803039551
42.7974967957	10.764509201
42.7885742188	10.7506828308
42.7665252686	10.7219734192
42.7386665344	10.6770896912
42.7226066589	10.6512117386
42.7032012939	10.6360063553
42.6929626465	10.6251964569
42.6850166321	10.6129550934
42.6830101013	10.6063318253
42.6831665039	10.5925321579
42.6903915405	10.5723009109
42.6954154968	10.5582313538
42.6983985901	10.5462083817
42.7040481567	10.5389556885
42.7168693542	10.5303945541
42.7316513062	10.526386261
42.7394371033	10.5211544037
42.7466697693	10.5122556686
42.7561187744	10.474691391
42.7569046021	10.4715595245
42.7630767822	10.4567060471
42.7918510437	10.4040994644
42.8032455444	10.3582134247
42.8048286438	10.3518447876
42.8153719218	10.3237932738
42.8174363912	10.3183005332
42.8326301575	10.2778759003
42.8533592224	10.2425355911
42.8583259583	10.2340698242
42.8652954102	10.2242555618
42.881149292	10.2071113586
42.8944415961	10.1951889485
42.8945971774	10.1950494013
42.9420013428	10.1525306702
42.9432258606	10.1514310837
42.9786262512	10.1170473099
42.9932098389	10.10567379
43	10.1012048721
43.0106506348	10.0914335251
43.0173988342	10.080783844
43.0292434692	10.0504150391
43.0489006042	10
43.0618171692	9.96686840057
43.0651817322	9.96188831329
43.0763816833	9.93319129944
43.0858955383	9.90880393982
43.0894737244	9.90451717377
43.0998649597	9.89647674561
43.1017004219	9.89556421475
43.1153488159	9.88877868652
43.1288528442	9.88632202148
43.138130188	9.8862991333
43.1444778442	9.89264583588
43.1452636719	9.89886760712
43.1498908997	9.89943027496
43.162147522	9.89073944092
43.1684837341	9.88813877106
43.1818122864	9.8826713562
43.2568740845	9.84263706207
43.2629852295	9.81509971619
43.2690582275	9.78737545013
43.269947052	9.7685508728
43.2837257385	9.69064712524
43.2895812988	9.65752887726
43.289661886	9.65713958851
43.2925737217	9.64307351563
43.2991943359	9.61109161377
43.3069000244	9.60827159882
43.3247871399	9.60613059998
43.3406219482	9.60028839111
43.3415527344	9.59860515594
43.3606719971	9.58622360229
43.3713188171	9.57611179352
43.3751792908	9.56907176971
43.3982391357	9.55279159546
43.404876709	9.54581069946
43.4102554321	9.53282928467
43.4137077332	9.51268291473
43.4172935486	9.50457668304
43.425709677	9.48553825669
43.4258026873	9.48532785467
43.4322242737	9.47080135345
43.4455223083	9.44489192963
43.4683036804	9.41941165924
43.4891471863	9.40324783325
43.4913749695	9.40151786804
43.4970480484	9.39866938963
43.4977464949	9.39831869651
43.5199241638	9.38718318939
43.5348701477	9.38106250763
43.5554363584	9.37549531071
43.5656051636	9.37274265289
43.5753966574	9.36856725751
43.5938644409	9.36069202423
43.6015396118	9.35901260376
43.6072731018	9.3589258194
43.646686554	9.3583316803
43.6568145752	9.35003852844
43.6632385254	9.34166908264
43.6655654907	9.34102725983
43.6674919128	9.33739089966
43.7075576782	9.29646587372
43.7656021118	9.23714923859
43.7698173523	9.23470687866
43.7969779968	9.20694828033
43.8092765808	9.1943769455
43.8718681335	9.13015174866
43.8842773438	9.11525917053
43.8856163025	9.11365413666
43.8973121643	9.100440979
43.9720205957	9.02681663451
43.9722121715	9.02662783865
43.9811140525	9.01785513204
43.9824191123	9.01656900984
43.9856414795	9.0133934021
43.9887924194	9.01076889038
43.9993166409	9.00200341148
44.0058555603	8.99655723572
44.0337944031	8.98606777191
44.0384216309	8.98592662811
44.1049537659	8.96349048615
44.1796226501	8.93828773499
44.2258720398	8.92500400543
44.2344589233	8.9225358963
44.2528381348	8.91575431824
44.2707099915	8.91148853302
44.3207168579	8.89379405975
44.3465614319	8.88611698151
44.3790283203	8.87646961212
44.4443664551	8.85328674316
44.4669113159	8.8460187912
44.5024528503	8.83455562592
44.5200805664	8.83049869537
44.5256919861	8.82669258118
44.5568389893	8.8157491684
44.5869064331	8.80589866638
44.6901779181	8.77203665961
44.6909637451	8.77177899236
44.6920280457	8.77143001556
44.7073440552	8.76607513428
44.7810020447	8.74030017853
44.7928695679	8.73498249054
44.8049087524	8.73288440704
44.8307762146	8.71988773346
44.8669281006	8.7107000351
44.948059082	8.68439388275
44.9911003113	8.67042541504
45	8.66607570648
45.0015678406	8.66530895233
45.0682449341	8.64434719086
45.1010932922	8.63401412964
45.1231536865	8.62539672852
45.1882820129	8.60364723206
45.2389144897	8.58672428131
45.2576751709	8.58218002319
45.2694320674	8.5782917747
45.290977478	8.57116626241
45.3090209961	8.56519889832
45.4293441772	8.52536010742
45.4816589355	8.50801849365
45.4941520691	8.50566768646
45.5134048462	8.49812889099
45.5291404724	8.49467277527
45.5501785278	8.48781967163
45.5959963579	8.4728866478
45.6116409302	8.46778774261
45.6263217344	8.46230587321
45.6270508164	8.46203363116
45.6561546326	8.45116615295
45.6651687622	8.44990825653
45.6703262329	8.44812870026
45.7657318115	8.41518497467
45.790309906	8.40746879578
45.8289489746	8.3953332901
45.8947563171	8.37091064453
45.910282135	8.36709308624
45.9116401672	8.36675834656
45.9269447327	8.36006164551
46.0304222107	8.32724094391
46.0517082214	8.32048511505
46.0607185364	8.31898498535
46.0690689087	8.31472301483
46.0885124207	8.3080663681
46.0991287231	8.3072719574
46.1137390137	8.29986858368
46.150062561	8.28795146942
46.1894111633	8.27503395081
46.1933670044	8.2718667984
46.2118530273	8.26794433594
46.2272721007	8.26310397343
46.2393798828	8.25930309296
46.250995636	8.25523468084
46.2699546814	8.24859428406
46.2939910889	8.2401714325
46.3298339844	8.22954750061
46.3462753296	8.2223815918
46.3899078369	8.20838451385
46.4508018494	8.18883895874
46.4561386108	8.18545150757
46.4806289673	8.17928028107
46.4841156006	8.17656230927
46.5092048645	8.16761016846
46.5241279602	8.16228580475
46.5791282654	8.14608669281
46.5876998901	8.14158248901
46.6154518127	8.13130187988
46.6290779114	8.12776374817
46.7443642936	8.08715367622
46.7448120354	8.08699595747
46.7484855652	8.08570194244
46.7502059937	8.08509540558
46.7631378174	8.08177375793
46.8680992126	8.04455661774
46.8893089294	8.03702926636
46.9186325073	8.02879810333
46.9877929688	8.00373935699
46.9896736145	8.00305843353
46.9897003174	8
47.0123901366	7.99999999879
47.0125997492	7.99999999879
47.9199121792	7.99999999999
47.9242324829	8
47.9242329742	8
47.9861793518	8
47.5591542786	7.56185059678
47.5576633376	7.56032081555
47.3623086402	7.35987697872
47.3385125755	7.33546100835
46.8986321359	6.88412134657
46.8780701837	6.86302373977
46.8138656527	6.79714663162
46.8071372738	6.79024297324
46.5415484999	6.51773540848
46.5403682713	6.516524434
46.5242317166	6.49996750972
46.4914735497	6.46635596755
46.478956549	6.4535128894
46.450794036	6.42461672133
46.1825614922	6.14939651442
45.9500749144	5.91085348326
45.6708991201	5.62440494589
45.5361906082	5.48618717408
45.5328637019	5.48277359936
45.0823871083	5.02056174558
45.0813692985	5.01951742105
45.0623474121	5
45.0481790144	4.98546241688
45.0024008543	4.93849141694
45.0012380576	4.93729832131
45	4.93602800369
44.9817428589	4.91729593277
44.5920817763	4.93477346126
44.5875587051	4.93497633527
44.2432022095	4.95042181015
44.0302810669	4.95967912674
44.0151367188	4.96043682098
44.0075836182	4.95897579193
43.8138580322	4.90997505188
43.6590652466	4.86802721024
43.5434341431	4.83132123947
43.4691848755	4.80679702759
43.4349250793	4.79468011856
43.4214668274	4.78854799271
43.3243217468	4.74144220352
43.2351875305	4.69625711441
43.1695823669	4.6596159935
43.1278569442	4.63449082167
43.1224517822	4.63123607635
43.114296179	4.62573172437
43.0801429749	4.60268115997
43.0442810059	4.57212877274
43.0390853882	4.56539916992
43.0347900391	4.56028795242
43.0303344727	4.54919719696
43.0260620117	4.54224681854
43.0238494873	4.53532075882
43.0218658447	4.52839803696
43.0212364197	4.52356100082
43.0123214722	4.48228883743
43.0096664429	4.47397899628
43.0072174072	4.4677400589
43.0033950806	4.46171474457
42.9975509644	4.45175600052
42.9901618958	4.43694972992
42.9811630249	4.42258310318
42.9692382812	4.40335178375
42.9520988464	4.37991905212
42.9396743774	4.36436080933
42.9256591797	4.34809398651
42.8980484009	4.31855392456
42.8852642022	4.30788898203
42.8827669374	4.3058056927
42.8776283264	4.30151891708
42.8624191284	4.28937721252
42.8490142822	4.2795548439
42.8333091736	4.27062511444
42.8250999451	4.26707601547
42.8173370361	4.26491212845
42.7825079441	4.26472586207
42.7811464239	4.26471858064
42.7501983643	4.26455307007
42.7376022339	4.26393890381
42.7289009094	4.26337194443
42.7202033997	4.26280593872
42.709903717	4.26175880432
42.7023620605	4.2600569725
42.6943664551	4.25788879395
42.6834106445	4.25430393219
42.6715431213	4.25047826767
42.6382675171	4.23557806015
42.5994949341	4.22060775757
42.5878753662	4.21540498734
42.5739364624	4.21201086044
42.5657157898	4.20983886719
42.5545310974	4.20625019073
42.5426330566	4.20495176315
42.5266189575	4.20291185379
42.4975242615	4.20231723785
42.4858283997	4.2033200264
42.4755249023	4.20273113251
42.4455490112	4.19936418533
42.4165039062	4.19485807419
42.4042814589	4.19340643455
42.4015976093	4.19308767821
42.3709754944	4.18945074081
42.316947937	4.1855430603
42.2986335754	4.18438911438
42.2523803711	4.18195724487
42.1967391968	4.17893981934
42.1415100098	4.17960500717
42.1171800925	4.17967286713
42.097743988	4.17972707748
42.0876693726	4.17936515808
42.0801582336	4.17535686493
42.0690231323	4.16831207275
42.0636603558	4.16373437574
42.0630342822	4.16319995572
42.061088562	4.16153907776
42.0511360168	4.15151882172
42.0353469849	4.13222312927
42.0087089539	4.10151529312
42	4.09336709976
41.9790534973	4.09518623352
41.9742164612	4.08055877686
41.9726791382	4.07937479019
41.9669113159	4.08008813858
41.9462242126	4.0556640625
41.9459915161	4.04458999634
41.9460906982	4.04402494431
41.9489555359	4.02787494659
41.9434585571	4.01665878296
41.926399231	4.00260877609
41.9214248657	3.99411702156
41.9130859375	3.9907541275
41.9069023132	3.97800803185
41.8990783691	3.97549390793
41.8938331604	3.97876000404
41.8900947571	3.97843909264
41.8781509399	3.96776795387
41.8638648987	3.96375584602
41.860458374	3.96121811867
41.8566818237	3.95442199707
41.8520736694	3.95018696785
41.8493143563	3.95013074049
41.845451355	3.95005202293
41.8450024866	3.95050756052
41.8405570984	3.95501899719
41.8381156921	3.95235800743
41.8362268637	3.9484227137
41.8355560303	3.94702506065
41.8334884644	3.94588112831
41.8293647766	3.94681406021
41.8243141174	3.94452905655
41.8221030071	3.94550764561
41.8216823685	3.94569381107
41.8206520081	3.94614982605
41.8199691772	3.9482228756
41.8215452156	3.95164354138
41.8225097656	3.95373702049
41.8206825256	3.95581197739
41.8105214225	3.95605993528
41.8099060059	3.95607495308
41.8057823181	3.95746803284
41.8021087646	3.95540904999
41.7982139587	3.95680093765
41.7947883606	3.96026206017
41.7929763794	3.96901011467
41.7941436768	3.97544813156
41.792552948	3.97936415672
41.7872695923	3.97707891464
41.7842903137	3.97731804848
41.7822341919	3.97939395905
41.778087616	3.97388601303
41.7725830078	3.97229099274
41.7540245056	3.97671794891
41.7537689209	3.97840094566
41.7535743713	3.97971010208
41.7554206848	3.98476600647
41.7515258789	3.98546695709
41.7469329834	3.98341012001
41.7468591547	3.98347846165
41.7441902161	3.98594903946
41.7407493591	3.98457884789
41.735710144	3.98689413071
41.7341194153	3.99150013924
41.7302055359	3.98668003082
41.7262298193	3.98696700434
41.7235565186	3.98715996742
41.7205924988	3.99246001244
41.7136878967	3.98327803612
41.7110574644	3.98262633986
41.6954919217	3.97876993726
41.6925773621	3.97804784775
41.6875114441	3.96977996826
41.6840744019	3.97071003914
41.6819992065	3.96988487244
41.6806297302	3.96934008598
41.6744117737	3.95992493629
41.6682172977	3.96332670796
41.6638832092	3.96570682526
41.655166626	3.9655020237
41.6534839156	3.96670583708
41.6403346546	3.97611283716
41.6315994263	3.98236203194
41.6277046204	3.98329401016
41.617816925	3.97388911247
41.6081848145	3.97299599648
41.602230072	3.97485208511
41.5932731628	3.9700460434
41.5881479232	3.96938917519
41.5879974365	3.96936988831
41.5820426941	3.97122716904
41.5763092041	3.97078299522
41.5698322373	3.96795014269
41.5668983459	3.96666693687
41.5602607727	3.97082686424
41.5570640564	3.97589707375
41.5544471741	3.97825288773
41.5506591797	3.9816660881
41.5451583862	3.98214006424
41.5240325928	3.97115397453
41.5226172286	3.96833331586
41.5182685852	3.95966696739
41.5097732544	3.95462799072
41.5051879883	3.95487093925
41.5068130493	3.96199798584
41.5056724548	3.96476197243
41.499710083	3.96362709999
41.4893760681	3.95790314674
41.4843330383	3.95860695839
41.4820365906	3.95746207237
41.4797325134	3.95217704773
41.4762916565	3.95264601707
41.4728622437	3.9551858902
41.4682693481	3.95312714577
41.4602546692	3.95659899712
41.4589576721	3.95634293556
41.4453430176	3.95364713669
41.4370918274	3.95481801033
41.4354667664	3.94746112823
41.4301872253	3.94494390488
41.4267501831	3.94541311264
41.4250672391	3.94672424716
41.4217147827	3.94933605194
41.4191894531	3.94796299934
41.4136886597	3.94889712334
41.4054489136	3.95328903198
41.394695282	3.96228790283
41.391254425	3.9627571106
41.378616333	3.95174598694
41.3735733032	3.95152902603
41.3657836914	3.95430898666
41.3596038818	3.95892500877
41.3593826294	3.96099591255
41.3545646667	3.96031808853
41.3541946411	3.95975899696
41.3483505249	3.95090103149
41.3389396667	3.94655299187
41.329750061	3.93921303749
41.3263092041	3.93876194954
41.3226470947	3.94061088562
41.3201332092	3.94383811951
41.3149337769	3.94427514076
41.3111252463	3.9469534138
41.3098258972	3.94786715508
41.2865524292	3.94842886925
41.2817420959	3.9485449791
41.2780685425	3.94979405403
41.2766107243	3.95336825548
41.2757759094	3.95541501045
41.2708816528	3.95776295662
41.2521858215	3.95470190048
41.2353019714	3.95888495445
41.2315264332	3.95681405646
41.2301063538	3.95603513718
41.2270774841	3.94989085197
41.2145500183	3.95350599289
41.2117777017	3.95214734329
41.2032089233	3.94794797897
41.2027549744	3.93891906738
41.2009811401	3.93810606003
41.185874939	3.94141387939
41.1815719604	3.93951797485
41.1700251274	3.94239103702
41.1692657471	3.94257998466
41.1628646851	3.95133590698
41.1497496124	3.9569797653
41.148891449	3.95734906197
41.1377202292	3.96369798391
41.1358833313	3.96474194527
41.1326332092	3.96658802032
41.1356239319	3.97141194344
41.1333389282	3.97417807579
41.1248550415	3.97419595718
41.1239491517	3.97749785728
41.1225814819	3.98248291016
41.1180038452	3.98709511757
41.1118164062	3.98756790161
41.1053886414	3.98528194427
41.1040229797	3.98919510841
41.0993683285	3.99427754118
41.0985336304	3.99518895149
41.0918731689	4.01331710815
41.0726509094	4.02259588242
41.0653686523	4.0364279747
41.0606994629	4.04304027557
41.0573883057	4.04773426056
41.0443611145	4.05882883072
41.0407142639	4.06482505798
41.0352325439	4.07036828995
41.0317993164	4.07153177261
41.0260658264	4.07086372375
41.0231056213	4.07662677765
41.0098571777	4.0893330574
41.0014228821	4.1027097702
40.9934158325	4.10780191422
40.9874240379	4.10929909914
40.9821929932	4.11060619354
40.9771690369	4.11637687683
40.9721565247	4.12537002563
40.9650764465	4.1320681572
40.9479103088	4.14087677002
40.9362507548	4.14299506974
40.9298057556	4.14416599274
40.9137802124	4.15112924576
40.9064483643	4.15253686905
40.9041633606	4.15461587906
40.8984909058	4.17074298859
40.8832054138	4.19265699387
40.881401062	4.19885778427
40.8837776184	4.20621299744
40.8840103149	4.20693492889
40.8823814392	4.21283817291
40.8732223511	4.22088909149
40.8557662964	4.22670698166
40.8440971375	4.24625778198
40.8306922913	4.24843025208
40.8138427734	4.25515079498
40.8111515857	4.25679640093
40.8025091804	4.26208105395
40.7846412659	4.27300691605
40.7783851624	4.28099679947
40.7751678925	4.28185249405
40.7749214172	4.28191804886
40.7727901876	4.28037428102
40.7471046448	4.2617688179
40.7242965698	4.24915885925
40.7092132568	4.24679899216
40.6903266907	4.23493003845
40.6759338379	4.23342514038
40.6735916138	4.23318099976
40.6521568298	4.22494697571
40.5590553284	4.18625593185
40.4425888062	4.13783216476
40.4326631502	4.13370438786
40.4176673889	4.12746810913
40.4030189514	4.11973381042
40.3877716064	4.10484790802
40.3757896423	4.10632705688
40.3303718567	4.08736896515
40.3241767883	4.08478212357
40.2631427844	4.06128018286
40.2340507507	4.05007791519
40.2121963501	4.04350805283
40.1919822693	4.04393386841
40.1722412109	4.0274810791
40.1507072449	4.01676511765
40.1295852661	4.00625419617
40.1222305298	4.00017309189
40.1214288846	3.99988110398
40.1061058044	3.99429988861
40.0384140015	3.96009206772
40.0080511198	3.94474215358
40	3.94067192078
39.9258499146	3.90318703651
39.8695678711	3.87472701073
39.8650741577	3.86791682243
39.8575325012	3.85003900528
39.8363304138	3.82142400742
39.8348846436	3.81947207451
39.8148152913	3.77595932807
39.7876945757	3.71715838604
39.7829589844	3.70689105988
39.7628440857	3.66326403618
39.7095489502	3.60855295205
39.7082290649	3.60719799995
39.6201438904	3.51675510406
39.619720459	3.51631999016
39.6121368408	3.5064458847
39.6036240866	3.49875201068
39.5850715637	3.48198413849
39.5818138123	3.47643494606
39.5679168701	3.42998313904
39.5620765686	3.41630911827
39.5576095581	3.41184687614
39.5570144653	3.41148304939
39.5470657349	3.40536785126
39.5328865051	3.40242195129
39.5282974243	3.40297603607
39.5192680359	3.40828299522
39.514831543	3.41425800323
39.5147561755	3.41453953229
39.5077514648	3.44070506096
39.5015869141	3.45766186714
39.4968757629	3.46133303642
39.4891853333	3.46338391304
39.4803175218	3.46197617396
39.471282959	3.46054196358
39.4706878662	3.46044802666
39.428440094	3.46068406105
39.4253387451	3.46123409271
39.4187355042	3.46612906456
39.4181660715	3.46626184511
39.4087562561	3.46845602989
39.3508109884	3.46977249798
39.3472709656	3.46985292435
39.3417129773	3.46997921092
39.3359690227	3.47010972296
39.3357391357	3.47011494637
39.332244873	3.47635698318
39.3315849304	3.48205089569
39.3307952881	3.4907271862
39.3321800232	3.50400590897
39.328540802	3.50631904602
39.3225975037	3.50470614433
39.322473829	3.50459871255
39.3018989563	3.48672604561
39.2843609622	3.47739941405
39.283115387	3.4767370224
39.2626724243	3.47859287262
39.2569708611	3.47911037562
39.2372322083	3.48090195656
39.2182770483	3.48399843466
39.2044448853	3.48625802994
39.1924247742	3.4827580452
39.183265686	3.49158716202
39.1782798767	3.49457907677
39.1643643987	3.50146083695
39.1458358765	3.51062393188
39.1380996704	3.51444911957
39.1231231689	3.51691913605
39.1204211997	3.5191337021
39.1022377014	3.53403711319
39.0969803859	3.53726571155
39.0960388184	3.53784394264
39.0882573602	3.53919925517
39.0865936279	3.53948903084
39.0820045471	3.53922700882
39.0677679527	3.53499323517
39.0629251502	3.53355305018
39.0505810365	3.5298820751
39.0498542786	3.52966594696
39.0447273254	3.52967596054
39.0411388718	3.53071780005
39.0311012268	3.53363204002
39.0301933289	3.53361582756
39.0242156982	3.53350901604
39.0217857361	3.53243017197
39.0217666626	3.52375602722
39.0184498795	3.51966362656
39.0177078247	3.51874804497
39.0132522583	3.51943397522
39.0078697205	3.52744102478
38.9958610535	3.5293610096
38.9904594421	3.52787899971
38.977645874	3.53291702271
38.9691429138	3.53401684761
38.9661712646	3.53293800354
38.960609436	3.51885199547
38.9549331665	3.51520299911
38.9319534302	3.51342105865
38.9156455994	3.512155056
38.891254119	3.52251712332
38.85414505	3.53828191757
38.8407783508	3.53681397438
38.8289985657	3.53886508942
38.8127593994	3.54519104958
38.7755889089	3.55966913796
38.7744486596	3.56011327067
38.7617328152	3.56506615442
38.748210907	3.570333004
38.7203063965	3.57796597481
38.7154655457	3.5818669796
38.7116574502	3.58830120591
38.7044334412	3.60050702095
38.6957511902	3.61518287659
38.6878128052	3.6235640049
38.6810302734	3.62513208389
38.6763763428	3.62416601181
38.6740455627	3.6208589077
38.6727320866	3.61664124219
38.667804718	3.60081911087
38.6676765534	3.60084835647
38.6317558289	3.60904502869
38.6200503328	3.60740844525
38.6193466187	3.60731005669
38.617023468	3.60945510864
38.6156768799	3.61665892601
38.6150550842	3.61721491814
38.6139335632	3.61821889877
38.6114120483	3.61822199821
38.6057815552	3.61141681671
38.5982131958	3.60811805725
38.5892944336	3.6089091301
38.5797996521	3.61184096336
38.5637245178	3.62315201759
38.563496696	3.62368781732
38.5619850159	3.62724304199
38.5625839233	3.63755893707
38.5604629517	3.64573693275
38.5511703491	3.65314602852
38.5374107361	3.65783619881
38.5308189392	3.65881800652
38.5238342285	3.6568801403
38.5227470398	3.65415596962
38.5207214355	3.64909696579
38.5214767456	3.63488602638
38.5187180979	3.63189457549
38.5168151855	3.62983107567
38.4884872437	3.61838102341
38.4774360657	3.61605811119
38.4576454163	3.60634899139
38.446975708	3.60285806656
38.4399986267	3.60422801971
38.422668457	3.60437607765
38.4136314392	3.60445308685
38.3509489511	3.60861666555
38.2975006104	3.61216688156
38.2969665527	3.61230683327
38.2914962769	3.61372995377
38.2788925171	3.6135468483
38.2519454956	3.61610388756
38.2461280823	3.61532998085
38.1883544922	3.61946892738
38.1780815125	3.62356495857
38.1722793579	3.62389397621
38.1711006165	3.62396097183
38.1598548889	3.62319207191
38.1575390242	3.62181241271
38.1526756287	3.61891508102
38.1456985474	3.62067198753
38.1379394531	3.61736893654
38.1294901292	3.61699902462
38.1292152405	3.61698698997
38.1210784912	3.62205410004
38.1160254317	3.62650713434
38.1022872925	3.63861393929
38.093372345	3.6432929039
38.064655304	3.66538310051
38.0414466858	3.68323397636
38.0317611694	3.6943359375
38.0257606506	3.70504689217
38.013168335	3.7173178196
38.0063896179	3.7290019989
38.0007705688	3.7338719368
37.9883613586	3.73426890373
37.9777030945	3.73933696747
37.9705581665	3.73947906494
37.9676170349	3.73953700066
37.9625778198	3.74168086052
37.8648376465	3.80727601051
37.8371644541	3.82584183625
37.7600898743	3.87755084038
37.6553192139	3.94781398773
37.6533813477	3.94911384583
37.6491165161	3.95300793648
37.6449012756	3.96629691124
37.6347160339	3.9744310379
37.5671272278	4.01533412933
37.5578651428	4.0231180191
37.5571746826	4.02369880676
37.5483247517	4.02794666267
37.5473727863	4.02840359412
37.5465240479	4.02881097794
37.5317077637	4.04066181183
37.5205955505	4.045773983
37.509021759	4.05576610565
37.4998710594	4.06055722235
37.4930458069	4.06413078308
37.4520187378	4.09075927734
37.3461799622	4.15943098068
37.3383789062	4.16449117661
37.2876663208	4.19584703445
37.2399597168	4.22748804092
37.2388791	4.22820458073
37.2001190186	4.25390577316
37.1947937012	4.25901603699
37.1690826416	4.27341175079
37.1394348145	4.29338121414
37.134185791	4.29580879211
37.1334114075	4.29616689682
37.1222953796	4.29801988602
37.1116371155	4.30684518814
37.0949554443	4.33494997025
37.0905532837	4.34006023407
37.0852241516	4.34238100052
37.0685462952	4.34539318085
37.05418396	4.35839605331
37.0465354919	4.37117099762
37.0437583923	4.37381696701
37.0419006348	4.37558317184
37.0254554749	4.37905883789
37.0062294006	4.38067388535
37.0027542114	4.38253116608
36.9934844971	4.38391876221
36.9795837402	4.39599180222
36.9744873047	4.39784812927
36.9631347656	4.39830493927
36.9557189941	4.40736198425
36.9510879517	4.41014719009
36.9304885864	4.41749620438
36.9042854309	4.42684316635
36.8822746277	4.43658494949
36.8683700562	4.44447422028
36.810131073	4.44327116013
36.7162151056	4.44131860312
36.7153697949	4.44130102871
36.6888850878	4.44075039923
36.6840553284	4.44064998627
36.6722371378	4.44040356938
36.6656913757	4.44026708603
36.6552124023	4.44433403015
36.6462898254	4.45452070236
36.5635871887	4.44770812988
36.5440139771	4.4460940361
36.4752511423	4.44682399596
36.4747246789	4.4468295847
36.4375572205	4.44722414017
36.3114585876	4.4485449791
36.2790756226	4.44888114929
36.2637481689	4.44948482513
36.2452774048	4.46059417725
36.2334022522	4.45069313049
36.2119827271	4.44830799103
36.1929092332	4.44945647682
36.1921691895	4.4495010376
36.1891441345	4.44968318939
36.187065647	4.44965867489
36.1428527832	4.44913721085
36.1366004944	4.44755792618
36.1125793421	4.44730515423
36.0662689209	4.44681978226
36.0476112366	4.44661998749
36.0413513184	4.44754981995
36.0372810364	4.44973993301
36.0288200378	4.46132993698
36.0137901306	4.47526979446
35.971321106	4.52014017105
35.9645881653	4.52724981308
35.9580192566	4.53132009506
35.9559783936	4.53460979462
35.9537811279	4.54306983948
35.9549592723	4.54639560949
35.9607810974	4.56282997131
35.9592329993	4.56437541859
35.9538192749	4.56977987289
35.9450416565	4.57452011108
35.9477005005	4.61999988556
35.9161188766	4.65932535097
35.8641395569	4.72405004501
35.8171081543	4.77734994888
35.8167887894	4.78850403626
35.815738678	4.82518005371
35.815788269	4.83262014389
35.8161015646	4.87857230617
35.8161811829	4.89025020599
35.8139381409	4.91277980804
35.816280365	4.93588018417
35.816280365	4.9588599205
35.8162994385	5
35.8162994385	5.02568006516
35.8147392273	5.0839600563
35.8149185181	5.08527994156
35.8174514771	5.10411977768
35.8283996582	5.11734008789
35.8395385742	5.12596988678
35.8446502686	5.13587999344
35.8586997986	5.15350008011
35.8628883362	5.16560983658
35.8632119299	5.16919512397
35.8637809753	5.17549991608
35.8593711853	5.18832015991
35.8560791016	5.19351005554
35.8549690247	5.19528007507
35.8457489014	5.20530986786
35.8379898071	5.21545982361
35.8292198181	5.23383998871
35.829410553	5.25131988525
35.8321418762	5.25892019272
35.8447303772	5.27688980103
35.8513717651	5.28356981277
35.8607788086	5.28797006607
35.8641891479	5.30339002609
35.8617515564	5.31325006485
35.8614006042	5.31465005875
35.8542709351	5.3189997673
35.8443908691	5.32265996933
35.8413887024	5.32885980606
35.8393211365	5.33023023605
35.8280601501	5.33090019226
35.8197784424	5.33640003204
35.8094406128	5.340280056
35.7926712036	5.34392023087
35.7875975077	5.34696608665
35.7872320505	5.34718547898
35.7835195505	5.34941417768
35.7781791687	5.35262012482
35.7738189697	5.35168981552
35.773601532	5.34708976746
35.7717590332	5.34754991531
35.7616386414	5.35327005386
35.7570304871	5.35786008835
35.7569198608	5.35901021957
35.7560882568	5.3675198555
35.7537918091	5.3709602356
35.7489700317	5.36980009079
35.744140625	5.37323999405
35.7379302979	5.37437009811
35.7347183228	5.37229013443
35.7315101624	5.3729801178
35.728969574	5.3759598732
35.725528717	5.37503004074
35.7188301086	5.38972997665
35.7039108276	5.38784980774
35.6910591125	5.38436985016
35.6832389832	5.38687992096
35.6781997681	5.38295984268
35.6605110168	5.38429021835
35.6584281921	5.38882017136
35.6579704285	5.38980007172
35.6558990479	5.39026021957
35.6377792358	5.38078022003
35.6283798218	5.37775993347
35.621711731	5.37981987
35.6196289062	5.38395023346
35.6195907593	5.39774990082
35.6170692444	5.39911985397
35.6110916138	5.39888000488
35.6028289795	5.39655017853
35.5977706909	5.4002199173
35.591999054	5.41031980515
35.5883216858	5.41307020187
35.5854072396	5.41400199641
35.5836439099	5.41456576079
35.5818786621	5.4151301384
35.5745391846	5.41395998001
35.5681190491	5.40842008591
35.5639915466	5.4072599411
35.5527305603	5.41091012955
35.5460510254	5.4170999527
35.5361709595	5.41844987869
35.5322685242	5.41752004623
35.5274581909	5.41337013245
35.5228614807	5.41404008865
35.5179214478	5.4172000885
35.5007209778	5.41452980042
35.4954405308	5.41212295775
35.4915504456	5.41034984589
35.4718093872	5.40679979324
35.4676017761	5.40349006653
35.4663009644	5.39948987961
35.4559707642	5.38686990738
35.4248199463	5.37200021744
35.4206886292	5.37003993988
35.4092102051	5.361120224
35.3999710083	5.35731983185
35.3743209839	5.35499000549
35.3647193909	5.34891986847
35.3532409668	5.33660984039
35.3392906189	5.33071994781
35.3354457789	5.33015912623
35.3340110779	5.3299498558
35.3192901611	5.33387994766
35.3129196167	5.33790016174
35.3079605103	5.34102010727
35.3018989563	5.34893989563
35.2950706482	5.36517000198
35.2939186096	5.37159013748
35.297958374	5.42035007477
35.3154411316	5.44551992416
35.316368103	5.45233011246
35.317199707	5.45620012283
35.318611145	5.4627199173
35.318031311	5.46820020676
35.3166999817	5.47253990173
35.3091316223	5.48121023178
35.310798645	5.49406003952
35.3096618652	5.49765014648
35.3060684204	5.50103998184
35.2813186646	5.51627016068
35.2788505554	5.51910018921
35.2421684265	5.54272985458
35.2306594849	5.5501499176
35.2051506042	5.56877994537
35.1372909546	5.61372995377
35.1272583008	5.62447023392
35.1257400513	5.62994003296
35.1260795593	5.64373016357
35.1301116943	5.69116020203
35.1066093445	5.72866010666
35.039478302	5.83573007584
35.0010299683	5.89704990387
35.0060806274	5.91519021988
35.0055007935	5.9201002121
35	5.9310297966
34.9948616028	5.94122982025
34.9933395386	5.94761991501
34.9931488037	5.9484000206
34.9933204651	5.9553899765
34.9955596924	5.96559000015
35	5.9742398262
35.0062599182	5.98640012741
35.0086708069	6.00019979477
35.0078790695	6.00244329732
35	6.02476978302
34.9953613281	6.03793001175
34.9943885803	6.04397010803
35	6.0645699501
35	6.06772994995
35.0005493164	6.06930017471
35	6.07382011414
34.9965705872	6.07797002792
34.9897613525	6.08116006851
34.9829406738	6.08851003647
34.978969574	6.08943986893
34.9729385376	6.08809995651
34.9693412781	6.09053993225
34.9679718018	6.10847997665
34.9647293091	6.11865997314
34.9639205933	6.13962984085
34.9687614441	6.16456985474
34.9712409973	6.17191982269
34.9743804932	6.18120002747
34.9735984802	6.18874979019
34.9720497131	6.20159006119
34.9617881775	6.22309017181
34.9602508545	6.23536014557
34.9521102905	6.24194002151
34.9527893066	6.26913976669
34.9553985596	6.28161001205
34.9591712952	6.28351020813
34.9643783569	6.28403997421
34.9744682312	6.28505992889
34.9821891785	6.29113006592
34.9865112305	6.29944992065
34.9864692688	6.31492996216
34.9892807007	6.32212018967
34.9905700684	6.33382987976
34.9965782166	6.34573984146
34.9961891174	6.35348987579
34.9931488037	6.35933017731
34.989490509	6.38404989243
34.9915504456	6.39010000229
34.9940910339	6.39168977737
35	6.3954000473
35.0045585632	6.39826011658
35.0077590942	6.4016699791
35.0102005005	6.40714979172
35.0137405396	6.4269900322
35.019569397	6.43437004089
35.0195388794	6.44702005386
35.0130691528	6.46248006821
35.0026512146	6.47265005112
35	6.47407007217
34.9861984253	6.48147010803
34.9836408947	6.48487765646
34.98300942	6.48571900738
34.979511261	6.49037981033
34.9718704224	6.50055980682
34.9681396484	6.50311994553
34.9572181702	6.50219011307
34.9547386169	6.51809978485
34.9528007507	6.5204000473
34.9504585266	6.5287399292
34.9446716309	6.5338602066
34.94272995	6.53770017624
34.938331604	6.55155992508
34.9241905212	6.55344009399
34.9134911493	6.56268125132
34.9083518982	6.56712007523
34.9084058576	6.56990861893
34.9084058155	6.56990866635
34.9084061172	6.56994039443
34.9084133064	6.57037807438
34.9084347883	6.57116216378
34.9084395621	6.57160134932
34.9084562703	6.57234008798
34.908461044	6.5726420281
34.9082151956	6.57290935841
34.9077044038	6.57346311402
34.9071625826	6.57406460724
34.9071276114	6.5740683916
34.9039222967	6.57415960025
34.8986973728	6.5743289866
34.8930397034	6.57452011108
34.8885383606	6.57745981216
34.8868072858	6.58005884575
34.8847885132	6.58308982849
34.8870811462	6.59003019333
34.886703949	6.59422513962
34.8866882324	6.59439992905
34.884455363	6.59678665797
34.8833389282	6.5979809761
34.8809876215	6.59865813028
34.8586502075	6.60509109497
34.8507596334	6.60433368683
34.8461914062	6.60388994217
34.8315582275	6.60037994385
34.8250163685	6.6008273038
34.8135681152	6.60161018372
34.809589386	6.60069990158
34.8047373363	6.59936527875
34.8006134033	6.59823417664
34.7907409668	6.58818101883
34.7877883911	6.58765792847
34.783416748	6.58918380737
34.7804527283	6.59212684631
34.7768363953	6.59866189957
34.7745246887	6.59852600098
34.771194458	6.5944070816
34.7688865662	6.59362888336
34.7384338379	6.63666009903
34.7268638611	6.63995885849
34.7144927979	6.65134191513
34.7140312195	6.65266799927
34.7077522278	6.67070293427
34.7069664001	6.67532110214
34.7088737488	6.68161725998
34.706035614	6.68622875214
34.6729660034	6.70203304291
34.6496315002	6.72646999359
34.6384239197	6.73567199707
34.63306427	6.7374958992
34.6309623718	6.73821306229
34.6259536743	6.73755407333
34.6226425171	6.72830104828
34.6194458008	6.72392511368
34.6164970398	6.72134685516
34.6136703491	6.72159385681
34.6055603027	6.72618675232
34.596824646	6.7261557579
34.5871925354	6.72419691086
34.5666160583	6.73054122925
34.552734375	6.73164701462
34.5459060669	6.73662805557
34.5412559509	6.74418497086
34.5354766846	6.74339389801
34.5302009583	6.74594306946
34.5289573669	6.75056123734
34.5285110474	6.75222492218
34.5346069336	6.77316999435
34.5321540833	6.77649784088
34.5312194824	6.78689098358
34.5332603455	6.79151916504
34.5399284363	6.79577922821
34.533744812	6.80088996887
34.5351409912	6.80590105057
34.5339698792	6.80987501144
34.5343513489	6.81141710281
34.5390968323	6.81387281418
34.5393409729	6.81849527359
34.531211853	6.82847595215
34.5264167786	6.84077978134
34.5234107971	6.85488700867
34.5212173462	6.85796022415
34.5191574097	6.85778427124
34.5118408203	6.8571562767
34.5101585388	6.85984516144
34.50730896	6.86715078354
34.5075263977	6.87882995605
34.5057220459	6.88062000275
34.5036659241	6.88010025024
34.5000801086	6.87623596191
34.4923629761	6.87877511978
34.4861793518	6.88285923004
34.4844703674	6.8944029808
34.4801940918	6.90491199493
34.4759292603	6.91131305695
34.4616165161	6.92524909973
34.451713562	6.9276509285
34.4440078735	6.92556905746
34.4423065186	6.92666101456
34.427520752	6.93615913391
34.4214744568	6.93806123734
34.4066886902	6.93928909302
34.3891868591	6.94589710236
34.3432617188	6.95855474472
34.3218955994	6.95881175995
34.3108711243	6.95894384384
34.3049545288	6.96058893204
34.288974762	6.9715628624
34.2826538086	6.9779548645
34.2708053589	6.98458194733
34.2667961121	6.99213695526
34.2672958374	6.99521875381
34.2716598511	6.99754619598
34.2711257935	7.00229310989
34.2536201477	7.00953912735
34.246307373	7.00553178787
34.2364234924	7.00241279602
34.2318382263	7.00928115845
34.2311248779	7.0103468895
34.2212028503	7.01710891724
34.2224617004	7.02378702164
34.2207756042	7.02788686752
34.2113609314	7.03683185577
34.208656311	7.03861808777
34.1932296753	7.03855609894
34.1924362183	7.0444560051
34.1950798035	7.05999279022
34.1942977905	7.06204319
34.1901779175	7.06446504593
34.1907997131	7.0699839592
34.1875610352	7.07690095901
34.1878051758	7.07985305786
34.1945724487	7.09245491028
34.1942013759	7.09626038022
34.1941862378	7.09641562627
34.1940345764	7.09797096252
34.1904258728	7.10212182999
34.190032959	7.10257387161
34.1896362305	7.10616493225
34.1899871826	7.11463499069
34.1901910227	7.11512292093
34.1920280457	7.11952018738
34.1832885742	7.132376194
34.1730041504	7.13709306717
34.1676635742	7.14256191254
34.1638069153	7.14437675476
34.1498603821	7.14615106583
34.1428833008	7.14905118942
34.1283454895	7.16216993332
34.1151237488	7.16705703735
34.1028251648	7.1695690155
34.1016807556	7.17098999023
34.0998802185	7.17321681976
34.0981864929	7.18382501602
34.0900650024	7.1973361969
34.0665283203	7.2140750885
34.0505485535	7.21986484528
34.0422935486	7.22092819214
34.036567688	7.23133707047
34.0325202942	7.23406410217
34.0147132874	7.25309085846
34.0117073059	7.25630378723
34.0091018677	7.26635789871
34.0100097656	7.26874113083
34.0254325867	7.26423072815
34.0318260193	7.27066326141
34.0339889526	7.28018903732
34.0343132019	7.2908039093
34.0294303894	7.32024717331
34.0320472717	7.35374498367
34.0316543579	7.36051416397
34.0191955566	7.37880992889
34.0133895874	7.38733673096
33.9998855591	7.41545915604
33.9914207458	7.42219305038
33.984588623	7.43369102478
33.9803543091	7.43714904785
33.9580869794	7.44606230054
33.9568367004	7.44656276703
33.9560432434	7.46192884445
33.9444656372	7.46663618088
33.9433288574	7.46826219559
33.9422874451	7.46974992752
33.9405937195	7.47462797165
33.9429130554	7.49263095856
33.9442061604	7.4954765156
33.9446360417	7.49642249598
33.9468193054	7.50122690201
33.9457359314	7.50360584259
33.9372291565	7.5090508461
33.9268226624	7.51162719727
33.9127235413	7.51227998734
33.9008750916	7.51687574387
33.8983688354	7.51638793945
33.8931274414	7.51183700562
33.8888282776	7.51134300232
33.8834533691	7.5115571022
33.8750762939	7.51461791992
33.8655967712	7.5242061615
33.8593559265	7.53051614761
33.8488769531	7.55108308792
33.8426475525	7.55510616302
33.8391532898	7.56152486801
33.8326835632	7.56566619873
33.8254699707	7.57659482956
33.8031730652	7.59281921387
33.796081543	7.60291385651
33.7868690491	7.60549402237
33.7809066772	7.60236978531
33.7776832581	7.60235500336
33.7742042542	7.60495996475
33.7722702026	7.61078977585
33.7585144043	7.6133480072
33.7546730042	7.61809587479
33.7417488098	7.62232589722
33.7346572876	7.63122987747
33.731754303	7.6391992569
33.7228965759	7.6434469223
33.7208251953	7.65213489532
33.7155570984	7.65461301804
33.6995353699	7.65668296814
33.6948547363	7.66106987
33.6898269653	7.66259479523
33.6921958923	7.66808700562
33.6914672852	7.67010784149
33.6901702881	7.67050600052
33.6876411438	7.67128181458
33.6835823059	7.67031002045
33.6814155579	7.67339801788
33.68176651	7.67542505264
33.6896438599	7.6772480011
33.6897583008	7.67915487289
33.6881942749	7.68069601059
33.68126297	7.68090200424
33.6777915955	7.68243598938
33.6712913513	7.69324588776
33.6673431396	7.69370412827
33.660785675	7.69010019302
33.6560096741	7.68983888626
33.6459579468	7.69288921356
33.6384353638	7.6913061142
33.6336402893	7.69402313232
33.6321716309	7.70187902451
33.6234436035	7.70302915573
33.6078071594	7.6983089447
33.6044883728	7.70235586166
33.6021614075	7.70519304276
33.5980987549	7.70493507385
33.5886917114	7.6970281601
33.5839042664	7.6989107132
33.5818786621	7.69747209549
33.5801353455	7.68626499176
33.5728416443	7.687541008
33.5672187805	7.68894386292
33.5620613098	7.69261312485
33.5572776794	7.69330406189
33.5507850647	7.70173072815
33.5400314331	7.70144081116
33.5251464844	7.71566486359
33.5233048198	7.71990013742
33.5232337141	7.72006365907
33.5226135254	7.72148990631
33.5172233582	7.72408485413
33.5154037476	7.72991418839
33.513458252	7.73167800903
33.5048980713	7.72688388824
33.5019111633	7.72698879242
33.499961853	7.73496103287
33.49376297	7.73135709763
33.4881477356	7.73121070862
33.4791412354	7.74033975601
33.4736251831	7.74388694763
33.4633407593	7.74597978592
33.4617881775	7.74525785446
33.4618110657	7.740254879
33.4547729492	7.73783779144
33.4531135559	7.73449373245
33.4506034851	7.73471975327
33.4502661235	7.73508252312
33.4384727478	7.74776411057
33.4314079285	7.75034999847
33.4247207642	7.74936389923
33.4231719971	7.74780797958
33.4242668152	7.74352407455
33.4221763611	7.74053287506
33.420589447	7.73826503754
33.4116516113	7.73202610016
33.4025650024	7.73329114914
33.4007949829	7.72815990448
33.3923225403	7.72561597824
33.3857307434	7.72975301743
33.3792762756	7.72995901108
33.3714141846	7.72432088852
33.3653182983	7.72405099869
33.3622436523	7.71736478806
33.3604545593	7.71664094925
33.3515853882	7.72183799744
33.3461112976	7.71680784225
33.3453025818	7.71132278442
33.3407669067	7.70987081528
33.3381576538	7.70616483688
33.3281135559	7.70682811737
33.3211975098	7.70345783234
33.3191604614	7.70463895798
33.315990448	7.71760702133
33.3123855591	7.72187900543
33.3055610657	7.72398805618
33.3005142212	7.72968006134
33.3009643555	7.73563909531
33.29737854	7.73585891724
33.2940483093	7.73214912415
33.2923774719	7.73214101791
33.2920913696	7.74202680588
33.2906532288	7.74261379242
33.2815933228	7.73780298233
33.2788162231	7.74350690842
33.2723312378	7.74990606308
33.2541236877	7.75803184509
33.2426834106	7.77031183243
33.2418861389	7.77116680145
33.238658905	7.7724070549
33.2298355103	7.77361679077
33.2227287292	7.76688098907
33.2157249451	7.76754379272
33.1931190491	7.7801232338
33.1858406067	7.77980613708
33.1754379272	7.78812408447
33.1667404175	7.79170608521
33.1642074585	7.79406499863
33.1600036621	7.79487895966
33.1579093933	7.7943110466
33.1575088501	7.7904009819
33.1559753418	7.78899812698
33.1422729492	7.78529787064
33.1368255615	7.78247785568
33.1332969666	7.78441905975
33.1320533752	7.78510427475
33.1252098083	7.78130102158
33.1124725342	7.78137207031
33.1092758179	7.77661085129
33.100025177	7.77851486206
33.1044769287	7.78370094299
33.1052970886	7.7880320549
33.0957679749	7.78951501846
33.0925216675	7.79452085495
33.0888748169	7.79631614685
33.0842704773	7.79266405106
33.0761566162	7.79150390625
33.0661048889	7.78586912155
33.0631637573	7.78627109528
33.0597839355	7.79016017914
33.0518226624	7.78621006012
33.0466308594	7.78855419159
33.0457763672	7.79106092453
33.0469818115	7.79841089249
33.0476799011	7.80265188217
33.046257019	7.80655097961
33.0261192322	7.82946491241
33.0182189941	7.84044408798
33.0067863464	7.85810089111
33.0008239746	7.8736948967
33.0023155212	7.88360786438
33.0041275024	7.88473510742
33.0114135742	7.88435602188
33.0136299133	7.8884139061
33.009059906	7.89952707291
33.0044136047	7.91082620621
33.0034713745	7.93007278442
32.9999389648	7.93619203568
33.0001063831	7.93871438843
33.0001983643	7.94010019302
33.0030708181	7.94339850881
33.0041206595	7.9446039968
33.0081329346	7.94921112061
33.0237770081	7.95724821091
33.0347938538	7.96637487411
33.0367050171	7.97531414032
33.0335998535	7.98017978668
33.0318717957	7.98965597153
33.0370330811	8
33.0408973694	8.00653171539
33.0465774536	8.01256942749
33.0537109375	8.01288890839
33.0736579895	8.01933383942
33.0766029358	8.02304172516
33.0794181824	8.04234409332
33.079990387	8.04625892639
33.0783004761	8.05243301392
33.0862731934	8.05918693542
33.0824584961	8.0692358017
33.0853919983	8.07386112213
33.1033439636	8.07477283478
33.1058349609	8.07345294952
33.1105308533	8.07096099854
33.1172180176	8.0591878891
33.1186180115	8.06384849548
33.1161766052	8.07310771942
33.1155929565	8.09719181061
33.1192817688	8.10565376282
33.121006012	8.10628414154
33.1340751648	8.11105728149
33.1454353333	8.1111946106
33.1524543762	8.10895633698
33.1594390869	8.1096200943
33.1626052856	8.11285114288
33.1657028198	8.12188625336
33.1703186035	8.12571525574
33.1738090515	8.12633705139
33.185508728	8.12241268158
33.1906700134	8.12944030762
33.1823234558	8.14530658722
33.182220459	8.15401363373
33.1838912964	8.1607093811
33.1766433716	8.16522979736
33.1756706238	8.16583633423
33.1739997864	8.18381404877
33.1713523865	8.18581485748
33.1652297974	8.18603229523
33.1640319824	8.18863010406
33.1654205322	8.19445228577
33.1703262329	8.19857501984
33.1868400574	8.20689964294
33.1954803467	8.21571159363
33.1977424622	8.22158718109
33.2019844055	8.23262500763
33.198184967	8.2452917099
33.194934845	8.24731826782
33.1788063049	8.24712276459
33.1721992493	8.25943660736
33.1718788147	8.2667760849
33.1748847961	8.28448581696
33.1685562134	8.29290103912
33.1692008972	8.29658031464
33.1784439087	8.29485702515
33.1927223206	8.29571819305
33.2004776001	8.30223846436
33.2003326416	8.31371212006
33.1916618347	8.32554340363
33.1915740967	8.33242797852
33.1978569031	8.33202266693
33.2065696716	8.33146095276
33.210231781	8.33357048035
33.2158584595	8.34442615509
33.2157363892	8.35452365875
33.2012939453	8.34792327881
33.1939353943	8.34668731689
33.1875038147	8.38195705414
33.1888389587	8.38564586639
33.1942939758	8.39213752747
33.1884231567	8.4005613327
33.1911315918	8.4054145813
33.1948127747	8.40526199341
33.2125854492	8.40452480316
33.2160186768	8.40640258789
33.216632843	8.4128370285
33.2141647339	8.42589092255
33.2178001404	8.43029594421
33.2219543457	8.42988681793
33.229888916	8.42240715027
33.2342796326	8.42154121399
33.2474555969	8.43776607513
33.2476119995	8.44373607635
33.2593460083	8.44594192505
33.2694206238	8.4517993927
33.2756195068	8.45098686218
33.277305603	8.44840621948
33.2863197327	8.43460178375
33.294719696	8.43539524078
33.2997932434	8.44103431702
33.3017883301	8.45059013367
33.3077850342	8.45716953278
33.3112716675	8.45860385895
33.3152580261	8.45748710632
33.3202819824	8.44708061218
33.3233375549	8.44525527954
33.3373985291	8.44122886658
33.3511543274	8.44370937347
33.3598518372	8.4386920929
33.3661422729	8.44015789032
33.3702316284	8.43419837952
33.3727912903	8.43046665192
33.3809661865	8.43055820465
33.3873558044	8.42318916321
33.3955497742	8.42142009735
33.4056777954	8.43501853943
33.4219093323	8.44589233398
33.4254074097	8.44639587402
33.437412262	8.43792438507
33.4435005188	8.43659591675
33.4493217468	8.43828773499
33.4576339722	8.44721317291
33.4695014954	8.45129489899
33.4734764099	8.45103359222
33.4755821228	8.45089626312
33.4812355042	8.45466041565
33.4833641052	8.45607662201
33.4872184265	8.46506632085
33.4877581734	8.46632520956
33.4883079529	8.46760749817
33.4956626892	8.4697561264
33.5111045837	8.47061347961
33.5152816772	8.46813392639
33.524066925	8.46616363525
33.5281484302	8.46692056586
33.5332717896	8.46787071228
33.5400085449	8.46358203888
33.5464668274	8.46342182159
33.5558662415	8.46834373474
33.5625724792	8.46680927277
33.5675926208	8.45056533813
33.5735168457	8.44629573822
33.5976371765	8.4442281723
33.6110610962	8.46112728119
33.6213760376	8.46674537659
33.629699707	8.46476650238
33.6387519836	8.45912361145
33.6493873596	8.45670890808
33.6556777954	8.45080661774
33.6688842773	8.44474601746
33.6791038513	8.43796443939
33.6791381836	8.43450450897
33.6791648865	8.4322271347
33.6755561829	8.42461490631
33.6802520752	8.41639995575
33.6819953918	8.40448093414
33.6879920959	8.39898681641
33.6896781921	8.39744472504
33.6911506653	8.38896846771
33.6899795532	8.38560676575
33.6928443909	8.37715148926
33.703666687	8.36896324158
33.7077331543	8.36974143982
33.7116394043	8.36793613434
33.715763092	8.3629989624
33.7274284363	8.36329936981
33.7335548401	8.3618850708
33.7366943359	8.36302185059
33.7394142151	8.36894893646
33.7423629761	8.37045383453
33.7445907593	8.36955451965
33.7451019287	8.37007141113
33.7493591309	8.37439441681
33.7519569397	8.37405109406
33.7540397644	8.3692779541
33.7657699585	8.36312294006
33.7691040039	8.36297130585
33.7777175903	8.3722743988
33.7845458984	8.37492275238
33.7918434143	8.38661003113
33.7991981506	8.39221286774
33.8062324524	8.39264965057
33.810634613	8.39711761475
33.8134078979	8.39769744873
33.8183555603	8.40309238434
33.8267288208	8.41884613037
33.8348350525	8.42353343964
33.8364562988	8.42517852783
33.8403396606	8.42911815643
33.8432655334	8.43002128601
33.8458786011	8.43083000183
33.8505249023	8.42939949036
33.8647537231	8.43430805206
33.8753738403	8.43326282501
33.8776550293	8.4355802536
33.8727340698	8.443567276
33.8798027039	8.45166873932
33.8808822632	8.459025383
33.8891639709	8.46117019653
33.8920440674	8.472905159
33.8975219727	8.47892570496
33.9039459229	8.48220062256
33.9217185974	8.48374557495
33.9246826172	8.48400306702
33.9324455261	8.49211120605
33.9402503967	8.49585723877
33.9464797974	8.49568557739
33.9511184692	8.49274539948
33.9575881958	8.49142742157
33.9621772766	8.4939956665
33.9736785889	8.49708652496
33.9795265198	8.48864746094
33.9860038757	8.48641109467
33.9929199219	8.48693370819
34.0013122559	8.49393081665
34.0127677917	8.48527908325
34.0192146301	8.48648452759
34.023563385	8.48973846436
34.0270347595	8.4957447052
34.0287857056	8.49877071381
34.0318031311	8.50924301147
34.0322227478	8.51069736481
34.0537528992	8.52485275269
34.076625824	8.54580116272
34.0819580595	8.54779905502
34.0826225281	8.54804801941
34.0976486206	8.54957389832
34.1036376953	8.55281734467
34.1202278137	8.57224750519
34.127658844	8.58095645905
34.1317977905	8.58977031708
34.1319329265	8.58985934137
34.1324576994	8.59020504899
34.1397743225	8.59502506256
34.1429977417	8.62210941315
34.1440086365	8.69036388397
34.1442909241	8.70959568024
34.1429824829	8.7527513504
34.1444015503	8.77480602264
34.1422271729	8.81646156311
34.1418952942	8.82277584076
34.1436958313	8.94267463684
34.1442108154	8.9771156311
34.1401252747	9.02094745636
34.1429252625	9.04347801208
34.1404190063	9.06527519226
34.1402893066	9.06841564178
34.1383590698	9.11486816406
34.1354161698	9.14130876411
34.1318206787	9.1736125946
34.1303100586	9.1942243576
34.1295581037	9.20448082747
34.1294959882	9.20532806599
34.1270751953	9.23834705353
34.1271438599	9.25649452209
34.1237411499	9.32029151917
34.1170082092	9.4464006424
34.1151695251	9.48083782196
34.113379868	9.49738989886
34.113248912	9.49860107747
34.1132451095	9.49863624573
34.1125904746	9.50469079467
34.1068305969	9.5579624176
34.1083106995	9.57213115692
34.1085357666	9.57429027557
34.1134796143	9.59064674377
34.1240730286	9.62267684937
34.1399154663	9.66371250153
34.140783907	9.66666965384
34.1482086182	9.69195175171
34.1531791687	9.70886421204
34.160697937	9.72294616699
34.1680530969	9.74697943613
34.1684174542	9.74816998761
34.1714747521	9.75815982667
34.1717711249	9.75912823617
34.1735305786	9.76487731934
34.1905670166	9.81082248688
34.2018241882	9.84117889404
34.2042541504	9.85498714447
34.2092247009	9.86996555328
34.222694397	9.8935174942
34.2246398926	9.90985107422
34.2223968506	9.92775821686
34.2225723267	9.93038845062
34.225063324	9.96799945831
34.2214508057	9.98336601257
34.2246589661	10
34.2321052551	10.0386123657
34.2380409241	10.0494632721
34.2410697937	10.0525150299
34.2497673035	10.0612812042
34.3076591492	10.1005916595
34.3240089417	10.1149721146
34.3306655884	10.1235275269
34.3327903748	10.1354055405
34.3335494995	10.1396408081
34.3445129395	10.1604127884
34.3465232849	10.1698522568
34.3452606201	10.1824827194
34.3499145508	10.2091817856
34.3403229019	10.2427525568
34.3398988646	10.2442366873
34.3363952637	10.2564992905
34.3174057007	10.3229322433
34.3149261475	10.3415307999
34.3018798828	10.3778543472
34.2959060669	10.3944768906
34.2967147827	10.4087352753
34.3028182983	10.4287824631
34.313079834	10.4516220093
34.3241195679	10.4648122787
34.3254241943	10.4753961563
34.3161392212	10.4939680099
34.3143196106	10.4976062775
34.3089103699	10.5056085587
34.3040122986	10.5078687668
34.2898330688	10.5089044571
34.2820854187	10.5182657242
34.2829399109	10.5272388458
34.2932167053	10.5484695435
34.2998542786	10.5878324509
34.3012237549	10.5908327103
34.3050422668	10.5947208405
34.31873703	10.6086740494
34.3323554993	10.6202745438
34.3844604492	10.6724071503
34.3919334412	10.6864404678
34.4128608704	10.7257299423
34.4170150757	10.7296695709
34.437461853	10.7608604431
34.4500579834	10.7855539322
34.4568061829	10.7948770523
34.4721450806	10.8160648346
34.4934501648	10.8281755447
34.5087127686	10.8395528793
34.520578223	10.8462731276
34.5215794892	10.8468402157
34.5416030884	10.8581809998
34.5573883057	10.8701925278
34.6019821167	10.904127121
34.6082878113	10.9009523392
34.6340370178	10.8795175552
34.6417770386	10.8703746796
34.6569633484	10.8594064713
34.6625900269	10.8553409576
34.6691551208	10.848028183
34.6768531799	10.8446311951
34.6990661621	10.828455925
34.7238960266	10.8028688431
34.7484207153	10.7727594376
34.7564926147	10.7628479004
34.7621002197	10.758975029
34.775352478	10.7595186234
34.7801055908	10.7439174652
34.7767715454	10.7206754684
34.7772903442	10.7128629684
34.7815055847	10.7082910538
34.7866325378	10.7064847946
34.8066940308	10.7318973541
34.8086433411	10.7332925797
34.8164138794	10.7388544083
34.8333511353	10.7442455292
34.8482437134	10.7429571152
34.8547363281	10.7455244064
34.8632087708	10.7660360336
34.8726806641	10.7762079239
34.8807945251	10.7803945541
34.8874740601	10.7905492783
34.8990402222	10.8005027771
34.9017219543	10.8051128387
34.9038734436	10.808807373
34.9090995789	10.8286094666
34.9444236755	10.8722639084
34.9532241821	10.8789806366
34.97240448	10.9006996155
34.9742736816	10.9063596725
34.9751472473	10.90899086
34.975112915	10.9142789841
34.9601173401	10.9318971634
34.9582328796	10.9360246658
34.960018158	10.948220253
34.952091217	10.9511642456
34.9511108398	10.959435463
34.952457428	10.9674892426
34.9709587097	11.0178766251
34.9712371826	11.0186347961
34.9747428894	11.0447435379
34.9800949097	11.0554704666
34.9990119934	11.1243181229
34.9997573768	11.1292026862
35	11.1307926178
35.0014190674	11.1400918961
35.0030517578	11.1507806778
35.004940033	11.1527471542
35.0069580078	11.1597690582
35	11.1819248199
34.9871444702	11.2024240494
34.9664505511	11.2264552235
34.966012811	11.2269635568
34.9575881958	11.236746788
34.9551186641	11.2436281518
34.9538002014	11.2473020554
34.9543495178	11.2492456436
34.9556236267	11.2537498474
34.9786834717	11.293885231
34.9920120239	11.3249988556
34.9951896667	11.3397302628
34.999130249	11.3429718018
34.9988822937	11.3457288742
35	11.3471803665
35.0372810364	11.3956012726
35.0594177246	11.4377946854
35.0601921082	11.4567327499
35.0608520508	11.4729795456
35.0820541382	11.5174665451
35.08959198	11.5464773178
35.0885467529	11.577498436
35.0879135132	11.5963630676
35.0918163043	11.619826786
35.0920415211	11.6211807975
35.0924301147	11.6235170364
35.0919151306	11.632481575
35.0855140686	11.6506137848
35.0752029419	11.6586065292
35.0667114258	11.6755771637
35.0612373352	11.6948137283
35.0593299866	11.7015199661
35.0573410361	11.7098399422
35.055267334	11.7185144424
35.0547651829	11.7328154289
35.0547103882	11.7343759537
35.0623283386	11.7495918274
35.0762176514	11.7694377899
35.0785873702	11.775208968
35.0815162659	11.7823419571
35.1016273499	11.8063392639
35.109577179	11.8158254623
35.1256103516	11.8294725418
35.1539840698	11.8493871689
35.1689071655	11.8533697128
35.1819152832	11.866309166
35.1935577393	11.8718824387
35.1975059509	11.8760404587
35.2034111023	11.88002491
35.217754364	11.8897018433
35.2461166382	11.9146661758
35.251247406	11.9162988663
35.2749457236	11.9357396
35.2752037048	11.9359512329
35.2755580496	11.9365251832
35.2896082015	11.9592829308
35.2932815552	11.9652328491
35.2937965393	11.9667072296
35.2999610901	11.9843463898
35.3021659851	12.0121774673
35.3056488037	12.0165605545
35.3257446289	12.015958786
35.3329658508	12.0198974609
35.3424835205	12.0337343216
35.3454475403	12.0496120453
35.3435287476	12.0601797104
35.3418312073	12.0623874664
35.333656311	12.0730133057
35.3540344238	12.1133384705
35.3891563416	12.1719532013
35.3960227966	12.1834068298
35.4058265686	12.186665535
35.4200897217	12.1858024597
35.4296455383	12.192278862
35.4361610413	12.1992015839
35.4384803772	12.2038097382
35.4374427795	12.2281770706
35.4284744263	12.2479143143
35.4310188293	12.2541322708
35.4370727539	12.2623796463
35.4465942383	12.2753458023
35.4654006958	12.3080663681
35.4807472229	12.3295068741
35.5025787354	12.3677539825
35.5040588379	12.3700895309
35.5416374207	12.4292812347
35.544178009	12.4373369217
35.5611305237	12.4709625244
35.567276001	12.479763031
35.5913925171	12.5142889023
35.6109275818	12.5481510162
35.6146392822	12.5575885773
35.6332626343	12.5879955292
35.641872406	12.6020479202
35.644908905	12.6038970947
35.6708946228	12.603978157
35.6818885803	12.607460022
35.6881828308	12.6157550812
35.6909484863	12.628868103
35.6896037121	12.6402196686
35.6875724792	12.657365799
35.6894378662	12.6601295471
35.6920362138	12.6607907118
35.6994754886	12.6626836786
35.6994972229	12.662689209
35.7028274536	12.6643829346
35.7071181649	12.6665653954
35.7076797485	12.6668510437
35.7130508423	12.6716947556
35.7247581482	12.6721887589
35.7357826233	12.6667022705
35.7460861206	12.6669616699
35.7640991211	12.6732187271
35.7837982178	12.6636161804
35.806022644	12.670340538
35.8230628967	12.6729679108
35.8409004211	12.6757173538
35.8848838806	12.6919164658
35.9073600769	12.6947250366
35.9366149902	12.7030649185
35.9470939636	12.7046699524
35.9518356323	12.7053956985
35.9654045105	12.7118606567
35.9806175232	12.7167186737
35.9848251343	12.7197151184
36.0096435547	12.7245903015
36.0163374214	12.7248254739
36.0165357505	12.7248324417
36.0234603882	12.7250757217
36.0415077209	12.7191314697
36.0513458252	12.7189178467
36.0686683655	12.7244644165
36.0701217651	12.7243280411
36.0782699585	12.7235603333
36.0822601318	12.7203493118
36.1007766724	12.7125616074
36.1078147888	12.7059049606
36.1101608276	12.70291996
36.1092453003	12.6921138763
36.1116027832	12.6838407516
36.121673584	12.6820163727
36.1315078735	12.6843299866
36.155166626	12.6809148788
36.1577301025	12.6887340546
36.1560287476	12.6976232529
36.1558380127	12.6986169815
36.156993866	12.7096538544
36.1742744446	12.7420911789
36.1761322021	12.7533578873
36.1781997681	12.7781887054
36.1763038635	12.7926692963
36.176448822	12.8194131851
36.1766700745	12.8602571487
36.1813316345	12.8768138885
36.1822471619	12.8899183273
36.1768417358	12.9007158279
36.1533622742	12.9255123138
36.1496009827	12.9324035645
36.1497268677	12.933930397
36.1502914429	12.9409093857
36.1715812683	12.9881658554
36.1797751491	13.0117715558
36.1801467489	13.0128420955
36.1808853149	13.0149698257
36.1834259033	13.0402584076
36.1890068054	13.0531301498
36.1909065247	13.0575084686
36.1981277466	13.0906162262
36.2128372192	13.138674736
36.2188949585	13.1687936783
36.2206954956	13.1754455566
36.2291641235	13.2067308426
36.2394485474	13.2382307053
36.2462120056	13.2699565887
36.2515945435	13.2830638885
36.2636604309	13.2912712097
36.2722320557	13.2971038818
36.281375885	13.3051567078
36.292388916	13.3242425919
36.3200569153	13.4018220901
36.3214149475	13.4056282043
36.327507019	13.4191923141
36.3277359009	13.4247083664
36.3331222534	13.4389610291
36.3688316345	13.5184001923
36.3741493225	13.5302267075
36.3757705688	13.5601034164
36.3741149902	13.5736608505
36.3752822876	13.5823945999
36.3945083618	13.6354894638
36.3958625793	13.6400108337
36.422416687	13.7287998199
36.4278182983	13.7370738983
36.4409903867	13.7516936475
36.4524114617	13.7643624069
36.4536990239	13.7662677416
36.4537649356	13.7663652777
36.4544444383	13.7673414812
36.4559105432	13.7694477517
36.4672927856	13.7857999802
36.4717559814	13.7979793549
36.4788093567	13.80027771
36.4842147827	13.8083209991
36.4889144897	13.8200407028
36.5009040833	13.8322210312
36.4985466003	13.8450880051
36.4914321899	13.8591480255
36.4886627197	13.864616394
36.4747657776	13.9103384018
36.4594612122	13.9367570877
36.4556922913	13.9464054108
36.4519119263	13.975812912
36.452293396	13.9779720306
36.4528503418	13.9810972214
36.4700202942	14.0004005432
36.4758987427	14.0093622208
36.4987068176	14.065653801
36.5060920715	14.0910415649
36.5109367371	14.1076965332
36.5344657898	14.1711006165
36.5460586548	14.2110786438
36.5477649084	14.2169571867
36.5490570068	14.221408844
36.5577697754	14.2413930893
36.5578168792	14.241603189
36.5583994081	14.2544188116
36.5582193367	14.2551005103
36.5578203372	14.2566110079
36.5577047993	14.2567489408
36.5577048311	14.2567489308
36.5599130051	14.2560508852
36.5601387024	14.255979538
36.5661697388	14.2643098831
36.5656318665	14.2686700821
36.5546112061	14.2797603607
36.5819396973	14.2911996841
36.588848114	14.2851104736
36.5942802429	14.2902698517
36.6045608521	14.2954397202
36.6128692627	14.2944602966
36.6219291687	14.3053197861
36.6223602295	14.31112957
36.6309700012	14.3150701523
36.6347885132	14.3115501404
36.6813583374	14.3001098633
36.6973190308	14.3007097244
36.7027511597	14.3062496185
36.7166099548	14.3120098114
36.7276992798	14.3119297028
36.7389297485	14.3212203979
36.7639503479	14.3183803558
36.7815818787	14.3200798035
36.8164215088	14.3154201508
36.8272781372	14.3172302246
36.8317298889	14.307849884
36.8398704529	14.3091697693
36.8499298096	14.3215103149
36.8651008606	14.3207902908
36.8800010681	14.3134002686
36.8956413269	14.3155002594
36.9006996155	14.3066701889
36.9316291809	14.2994499207
36.944519043	14.2915802002
36.9608192444	14.2936296463
36.9703712463	14.2911100388
36.9771308899	14.2815504074
36.9819717407	14.27987957
36.9924583435	14.2625198364
37.0023918152	14.2604598999
37.0102996826	14.2522497177
37.0178108215	14.2513504028
37.0307388306	14.2576904297
37.0415687561	14.2681102753
37.0692214966	14.2638397217
37.0757904053	14.2703504562
37.0913696289	14.2699804306
37.0978889465	14.2742395401
37.0995407104	14.2848100662
37.1072311401	14.2908201218
37.1068496704	14.3147096634
37.1098518372	14.3210000992
37.1031303406	14.3312997818
37.1050415039	14.3444299698
37.1176681519	14.3631496429
37.1172790527	14.3713998795
37.1269989014	14.3836097717
37.128780365	14.3951597214
37.1362609863	14.408659935
37.1376849914	14.4087186881
37.1452293396	14.4090299606
37.1666603088	14.4217596054
37.1750602722	14.4160203934
37.2039794922	14.4283704758
37.2111206055	14.439499855
37.228351593	14.4446401596
37.2419815063	14.4414300919
37.246131897	14.4364404678
37.2871513367	14.4418802261
37.2924308777	14.4463300705
37.3094787598	14.4455299377
37.3139686584	14.4395904541
37.3215713501	14.4297199249
37.3493309021	14.414349556
37.3487701416	14.4016199112
37.360408783	14.3961000443
37.3740501404	14.3812198639
37.3737602234	14.3710403442
37.392780304	14.3655595779
37.3811607361	14.340760231
37.4042892456	14.3370895386
37.3981208801	14.3194198608
37.4026107788	14.3146896362
37.3906097412	14.3001098633
37.4135894775	14.2877597809
37.4269218445	14.2733201981
37.4464416504	14.2618503571
37.4464187622	14.2549495697
37.468120575	14.2539596558
37.4717597961	14.2494602203
37.4684486389	14.2141704559
37.4780807495	14.2128801346
37.4977416992	14.1949901581
37.4963302612	14.1842899323
37.5071182251	14.1797800064
37.5232567464	14.1821344701
37.5249085321	14.1823754506
37.5278205872	14.182800293
37.7828713903	14.6525671581
37.9137191772	14.8935699463
37.9209899902	14.8920297623
37.9236297607	14.8797998428
37.9374198914	14.871219635
37.945640564	14.8596200943
37.9432907104	14.8499097824
37.9508895874	14.8459196091
37.9492111206	14.83934021
37.9559707642	14.8364400864
37.9606399536	14.8381500244
37.9674682617	14.8328695297
37.967540741	14.8254899979
37.9700299718	14.8178352731
37.9717292786	14.8126096725
37.9686813354	14.8049402237
37.9746208191	14.8005504608
37.9854011536	14.810669899
37.9903411865	14.7802200317
37.9989395142	14.7774600983
38.0049591064	14.7672595978
38.0129013062	14.7683000565
38.0180282593	14.7635602951
38.0200195312	14.7519397736
38.0156517029	14.7410097122
38.0275688171	14.7359199524
38.0540504456	14.7152004242
38.0656814575	14.7171297073
38.0744094849	14.7135896683
38.0914993286	14.7157201767
38.0959091187	14.7091903687
38.1041107178	14.7080097198
38.1085700989	14.6979398727
38.1330909729	14.6916904449
38.1418418884	14.6761903763
38.1491792088	14.6787284556
38.1492119541	14.6787397827
38.1558914185	14.6810503006
38.1694107056	14.6802396774
38.1787605286	14.6846199036
38.1866493225	14.6782903671
38.1921310425	14.6945695877
38.2185707092	14.6873598099
38.2398109436	14.6890697479
38.2451515198	14.6823701859
38.2561988831	14.6799402237
38.2639809576	14.6718695283
38.2659187317	14.6698598862
38.2700614929	14.6522598267
38.2767181396	14.6396303177
38.2705688477	14.6286001205
38.2705688477	14.618689537
38.2816009521	14.6132898331
38.2917785645	14.6156301498
38.3002090454	14.6055603027
38.2986907959	14.59953022
38.3138504028	14.5907096863
38.3218002319	14.576789856
38.318611145	14.5696201324
38.3218803406	14.5550699234
38.3377304077	14.5357398987
38.3480300903	14.5287303925
38.347038269	14.5179796219
38.3496513367	14.5130395889
38.3573493958	14.515879631
38.3644485474	14.5096502304
38.361530304	14.5026102066
38.3780708313	14.4863195419
38.3973503113	14.4884700775
38.4041900635	14.4813299179
38.4021911621	14.4714603424
38.4221801758	14.4724302292
38.426361084	14.4698896408
38.4250907898	14.4637002945
38.4357185364	14.4329795837
38.4357545463	14.4329713597
38.4468803406	14.4304304123
38.4476509094	14.4187602997
38.4545288086	14.4140901566
38.4740104675	14.4177598953
38.4780006409	14.4159202576
38.486530304	14.424659729
38.4989204407	14.4164800644
38.5101318359	14.4195404053
38.5135917664	14.4178695679
38.5168800354	14.4105701447
38.5200195312	14.408829689
38.5262413025	14.4177904129
38.5494499207	14.4280996323
38.5532798767	14.4265499115
38.5591392517	14.4318504333
38.5634117126	14.4308700562
38.5710716248	14.433429718
38.5979690552	14.4441995621
38.6104202271	14.444439888
38.6200904846	14.4367303848
38.6335411072	14.4451999664
38.643081665	14.4439697266
38.6484718323	14.4431600571
38.6601715088	14.4496803284
38.6636390686	14.4485197067
38.6707115173	14.4555702209
38.6832424174	14.4612700824
38.7060394287	14.4716396332
38.7217102051	14.4643497467
38.737121582	14.4636602402
38.7486991882	14.4679298401
38.7540206909	14.4674596786
38.7567710876	14.4722900391
38.7717590332	14.4689798355
38.7742614746	14.4733600616
38.7962188721	14.4681100845
38.8209190369	14.4806604385
38.8178215027	14.4846897125
38.8214988708	14.4896097183
38.8292808533	14.4877300262
38.8405914307	14.4918804169
38.8509788513	14.5014696121
38.8733291626	14.499540329
38.8786315918	14.5026397705
38.8835487366	14.5014400482
38.9009208679	14.5068902969
38.9147491455	14.5167198181
38.9181098938	14.5228300095
38.9257507324	14.5270795822
38.9295692444	14.5376501083
38.9370117188	14.5402297974
38.9424631112	14.538572582
38.9424833858	14.5385664185
38.9424895877	14.5385645331
38.9528007507	14.5354299545
38.9565505981	14.5402603149
38.9674606323	14.5437803268
38.9742698669	14.543009758
38.9888114929	14.562330246
38.9990882874	14.5712099075
39.0001983643	14.5767202377
39.0037384033	14.5795698166
39.0053100586	14.5918302536
39.0170211792	14.596830368
39.016078949	14.6015996933
39.019618988	14.6116399765
39.013961792	14.6175203323
39.0145797729	14.6240701675
39.0224494934	14.6331796646
39.0227556563	14.6331152147
39.0252990723	14.6325798035
39.0357589722	14.6399803162
39.0372505188	14.6347999573
39.0414397475	14.6354817414
39.0453605652	14.6361198425
39.0512313843	14.6397695541
39.0654411316	14.6402597427
39.0692901611	14.6366195679
39.0805397034	14.6363601685
39.0847702026	14.6409397125
39.0903816223	14.6354799271
39.0979118347	14.6351299286
39.1115112305	14.6449804306
39.1183509827	14.6462602615
39.1269989014	14.6442203522
39.1295814514	14.6413002014
39.1368789673	14.6468496323
39.1397781372	14.6500501633
39.1421585083	14.6492500305
39.1534118652	14.651720047
39.1593284607	14.6519804001
39.16588974	14.6490898132
39.1747398376	14.6484804153
39.1775894165	14.6493396759
39.1803512573	14.6393604279
39.1829109192	14.6409301758
39.1930007935	14.637720108
39.1885299683	14.6361103058
39.182849884	14.6287403107
39.1851806641	14.6147603989
39.1968917847	14.611410141
39.2054710388	14.616979599
39.2075119019	14.6257600784
39.2113189697	14.625169754
39.2162094116	14.6169996262
39.2215003967	14.6136798859
39.2254295349	14.6092700958
39.2273292542	14.6028795242
39.2318496704	14.5869503021
39.2384300232	14.5827999115
39.2375602722	14.5719203949
39.2407913208	14.5718297958
39.2430992126	14.5652599335
39.2410087585	14.5638799667
39.2409706116	14.5460700989
39.2476997375	14.5417098999
39.2472114563	14.5351696014
39.250289917	14.5276203156
39.2550086975	14.5234699249
39.2618217468	14.5157804489
39.2635612488	14.503080368
39.2657089233	14.4907999039
39.2679100037	14.4849300385
39.2608413696	14.4800701141
39.2573814392	14.4803495407
39.2517814636	14.473690033
39.2462882996	14.4661397934
39.2375488281	14.4603099823
39.2336883545	14.451089859
39.2279014587	14.4518499374
39.2282981873	14.4465303421
39.2344894409	14.4394302368
39.2378387451	14.4342403412
39.2449417114	14.4130001068
39.2525100708	14.4085998535
39.2565108338	14.4103313158
39.256580508	14.4103614696
39.2581710815	14.4110498428
39.2659492493	14.4127998352
39.2687492371	14.4201097488
39.2737503052	14.4296302795
39.2761306763	14.4377098083
39.2834205627	14.4477996826
39.2985687256	14.4700298309
39.3141899109	14.4711999893
39.3239212036	14.4714002609
39.3381500244	14.4672002792
39.3533096313	14.4684696198
39.3607597351	14.4643697739
39.3632698059	14.4655504227
39.3771705627	14.479640007
39.3775146909	14.4812100482
39.3790512085	14.4882202148
39.3781204224	14.5068998337
39.3739204407	14.510890007
39.3696594238	14.5166196823
39.3696708679	14.5235395432
39.3781509399	14.5377702713
39.3847198486	14.5404100418
39.3924484253	14.5388498306
39.3972892761	14.5344896317
39.3987007141	14.5249595642
39.3917312622	14.5090398788
39.409740448	14.4925699234
39.4158210754	14.4929304123
39.4346694946	14.4853000641
39.4524116516	14.487159729
39.4526100159	14.4850502014
39.4590911865	14.4841299057
39.4631881714	14.4808797836
39.4657096863	14.4819202423
39.4674491882	14.48458004
39.4703788757	14.4812698364
39.4725990295	14.4800701141
39.4853591919	14.4764900208
39.4872283936	14.4786100388
39.4926795959	14.4828195572
39.4991188049	14.4844198227
39.5026702881	14.4826698303
39.5083954413	14.4852591376
39.5084237485	14.4852719401
39.5111618042	14.4865102768
39.515209198	14.486579895
39.5167388916	14.4846696854
39.5264015198	14.4854803085
39.5302581787	14.4906396866
39.5340003967	14.4918298721
39.5372314453	14.4915599823
39.538318634	14.4936304092
39.5406417847	14.4963197708
39.5381584167	14.4989099503
39.5318717957	14.5041999817
39.5281906128	14.5039596558
39.5178604126	14.5088796616
39.516078949	14.5119199753
39.5117912292	14.5131797791
39.5121002197	14.5150098801
39.5083007812	14.5200500488
39.5061416626	14.5207796097
39.5054092407	14.5255098343
39.5092010498	14.5411701202
39.5080184937	14.5440196991
39.507938385	14.549200058
39.5092315674	14.5509796143
39.5158996582	14.5593996048
39.5243110657	14.5645198822
39.52891922	14.5652799606
39.5306282043	14.5801496506
39.5324287415	14.5840396881
39.5353889465	14.5827903748
39.5418815613	14.5885400772
39.5493087769	14.5870599747
39.5553207397	14.5891103745
39.5607414246	14.5970897675
39.566860199	14.5973596573
39.5738105774	14.6007995605
39.5784683228	14.6016702652
39.5797195435	14.605799675
39.5875587463	14.6042098999
39.6080207825	14.6052503586
39.6105690002	14.5977602005
39.6125717163	14.5947303772
39.6230201721	14.6022701263
39.6357803345	14.6020002365
39.6390686035	14.6046600342
39.6424789429	14.6044397354
39.6447484995	14.602578699
39.645149231	14.6022500992
39.6449699402	14.5993700027
39.6544189453	14.5967798233
39.6548690796	14.5943202972
39.6590995789	14.5919103622
39.6626014709	14.5940198898
39.6662483215	14.5935497284
39.6700592041	14.5968999863
39.6714782715	14.5966701508
39.6772918701	14.5897102356
39.6823997498	14.5922603607
39.6852493286	14.5923404694
39.6878395081	14.5914497375
39.6887207031	14.5841197968
39.6927490234	14.579990387
39.696559906	14.5779304504
39.7063598633	14.5612201691
39.7134094238	14.5561504364
39.7180786133	14.5565900803
39.7337913513	14.5512104034
39.7443618774	14.5510902405
39.7593307495	14.5491800308
39.7614212036	14.5473899841
39.7658691406	14.5480098724
39.7725715637	14.5446996689
39.7708511353	14.5386199951
39.7718696594	14.5363302231
39.7766418457	14.5360202789
39.7860908508	14.5203695297
39.7895317078	14.5180797577
39.7913093567	14.5111999512
39.7966003418	14.511179924
39.7953796387	14.503660202
39.8008384705	14.5025901794
39.8054389954	14.5034799576
39.8080596924	14.4998998642
39.8188209534	14.4848604202
39.8232803345	14.4839897156
39.8288116455	14.4869098663
39.8359184265	14.4911298752
39.8396682739	14.4907302856
39.8424301147	14.4865503311
39.8507499695	14.4800395966
39.8534584045	14.4804897308
39.8610992432	14.4762897491
39.8623390198	14.4733200073
39.8671913147	14.4699001312
39.8716506958	14.4704799652
39.8740615845	14.4698400497
39.8820381165	14.459690094
39.8903083801	14.4538602829
39.8931007385	14.4473400116
39.8973808289	14.4442796707
39.9164581299	14.4193201065
39.9242591858	14.4151697159
39.9314193726	14.4144601822
39.9363899231	14.4157800674
39.9467315674	14.414560318
39.9577293396	14.4179697037
39.9619789124	14.4241600037
39.9668083191	14.4277801514
39.971988678	14.4287099838
39.9752006531	14.4321203232
39.9740409851	14.4346904755
39.9744415283	14.4380197525
39.9837989807	14.4464998245
39.9897499084	14.4564800262
39.9948508775	14.4554200633
39.9949377697	14.4554020074
39.9950375822	14.4553812667
39.9956703186	14.4552497864
39.9989509583	14.4514703751
40.0068206787	14.4494199753
40.0120506287	14.4561700821
40.0130310059	14.4660596848
40.0145492554	14.4716100693
40.0170707703	14.4745998383
40.0194892883	14.4754695892
40.0245704651	14.4740495682
40.029460907	14.4761600494
40.0393486023	14.4918699265
40.0416908264	14.493929863
40.0453605652	14.4970798492
40.0430603027	14.5002298355
40.0376205444	14.5030698776
40.0389785767	14.5078697205
40.068611145	14.5357198715
40.0694503784	14.540599823
40.0863800049	14.5433502197
40.0956115723	14.5493202209
40.1426582336	14.5522603989
40.2045211792	14.4083995819
40.2133293152	14.3866701126
40.2594909668	14.4114704132
40.374168396	14.3544101715
40.4158672478	14.3291705565
40.451751709	14.3074502945
40.4746085339	14.3002060009
40.5731010437	14.268989563
40.6874084473	14.224729538
40.8087310791	14.1724100113
40.8731384277	14.1347703934
40.9421615601	14.0816402435
40.9946098328	14.0154495239
41.0703086853	13.8913297653
41.1157798767	13.8278598785
41.128388833	13.8048193154
41.1415782725	13.7807180254
41.1699409485	13.728890419
41.1973304749	13.7011404037
41.2493591309	13.6437797546
41.3073692322	13.5795602798
41.4017181396	13.5024700165
41.4470291138	13.4884996414
41.5043411255	13.4469995499
41.6437797546	13.3855304718
41.6672515869	13.3238897324
41.66790281	13.3233027436
41.6682690853	13.3229725965
41.7209701538	13.27546978
41.7355804443	13.2366399765
41.8151397705	13.161529541
41.8769987254	13.0897486671
41.891078949	13.0734100342
41.9280815125	13.0094404221
41.9663314819	12.9245595932
42.0270614624	12.8674402237
42.056388855	12.8012199402
42.1319389343	12.7775001526
42.1928901672	12.769109726
42.2183303833	12.7650003433
42.2787094116	12.6353197098
42.3288002014	12.5706100464
42.4022075189	12.4714422771
42.4022080664	12.4714415374
