> ghana 0
-0.289782 11.150639
-0.285079 11.150458
-0.283500 11.153044
-0.282399 11.155271
-0.279522 11.169328
-0.273275 11.173301
-0.264407 11.171782
-0.230058 11.161784
-0.213009 11.157587
-0.198532 11.154284
-0.189655 11.151843
-0.160223 11.143857
-0.142005 11.138977
-0.145543 11.120547
-0.147324 11.112482
-0.145849 11.104909
-0.143019 11.101487
-0.127876 11.100945
-0.117560 11.094148
-0.114996 11.093943
-0.111697 11.090066
-0.093751 11.088630
-0.083765 11.091485
-0.073296 11.092505
-0.048946 11.102854
-0.034996 11.105285
-0.018740 11.106097
-0.002191 11.105125
0.000000 11.104577
0.007315 11.102746
0.009870 11.101441
0.017763 11.092211
0.022753 11.081910
0.023622 11.064213
0.025819 11.053656
0.027205 11.006302
0.030392 10.989547
0.032068 10.984734
0.029811 10.977355
0.026640 10.974539
0.026640 10.974539
0.021711 10.974191
0.018000 10.972326
0.006674 10.961440
0.000000 10.960484
-0.006812 10.959507
-0.011677 10.956484
-0.015690 10.932543
-0.014912 10.921741
-0.014132 10.910710
-0.019882 10.901472
-0.022314 10.895334
-0.022314 10.895334
-0.031303 10.872650
-0.033206 10.854745
-0.033929 10.850329
-0.030567 10.836329
-0.026300 10.825552
-0.028104 10.817951
-0.033007 10.809924
-0.033007 10.809924
-0.034310 10.807791
-0.045648 10.799663
-0.048597 10.789755
-0.053448 10.785122
-0.056682 10.784832
-0.059026 10.784621
-0.062026 10.781381
-0.067746 10.768925
-0.073564 10.769341
-0.075394 10.765190
-0.073026 10.759689
-0.077391 10.752530
-0.074004 10.735311
-0.076039 10.727709
-0.074696 10.723541
-0.074696 10.723541
-0.085379 10.717838
-0.088137 10.714593
-0.087140 10.707935
-0.079320 10.693296
-0.071242 10.676130
-0.070477 10.669240
-0.067973 10.651331
-0.063918 10.641024
-0.054059 10.631461
-0.042630 10.627662
-0.033277 10.622231
-0.026060 10.621150
-0.019292 10.618455
0.000000 10.610336
0.001017 10.609908
0.011315 10.602647
0.020642 10.599745
0.034393 10.595963
0.047953 10.587811
0.063309 10.561742
0.071275 10.554917
0.081529 10.552021
0.097147 10.547104
0.113945 10.540127
0.119073 10.538563
0.131929 10.530698
0.140989 10.515159
0.147679 10.488074
0.151984 10.476394
0.151984 10.476394
0.153596 10.472020
0.152992 10.458222
0.154882 10.453637
0.165633 10.444051
0.167752 10.439926
0.165950 10.431409
0.169494 10.422465
0.171539 10.420400
0.176277 10.415612
0.182799 10.412895
0.189156 10.400062
0.192661 10.396866
0.196365 10.398727
0.203801 10.398314
0.204704 10.402228
0.203019 10.411183
0.209044 10.413520
0.213201 10.417224
0.217845 10.417483
0.221973 10.414503
0.221973 10.414503
0.228580 10.409734
0.235799 10.407020
0.247887 10.405484
0.259735 10.405327
0.265061 10.407887
0.268968 10.414578
0.271743 10.416433
0.281502 10.416033
0.281944 10.415295
0.281944 10.415295
0.286432 10.407786
0.294359 10.403006
0.296233 10.400489
0.298845 10.391308
0.296059 10.387585
0.288480 10.377454
0.289441 10.372401
0.301084 10.367414
0.305987 10.363305
0.310455 10.354365
0.312635 10.339666
0.314995 10.333703
0.317785 10.333030
0.321951 10.335353
0.325203 10.335142
0.331277 10.329201
0.332468 10.324380
0.331571 10.319088
0.320001 10.312584
0.317237 10.308889
0.318884 10.305450
0.326316 10.305035
0.340242 10.306035
0.343963 10.305138
0.353466 10.307950
0.363691 10.306629
0.380859 10.309026
0.385043 10.308359
0.392497 10.304264
0.392976 10.301738
0.381651 10.292939
0.369651 10.280457
0.374106 10.273127
0.378987 10.272235
0.373003 10.263466
0.362123 10.258117
0.360944 10.255930
0.360944 10.255930
0.359138 10.252584
0.358192 10.216949
0.353849 10.205660
0.352742 10.196689
0.350901 10.194150
0.349565 10.184717
0.350807 10.171163
0.349242 10.161269
0.351967 10.154420
0.351967 10.154420
0.357725 10.139941
0.356895 10.123616
0.347781 10.095752
0.350391 10.086113
0.354124 10.082687
0.360403 10.080194
0.386175 10.076893
0.397576 10.071210
0.410168 10.060247
0.413650 10.059807
0.414615 10.053377
0.408271 10.027369
0.409224 10.023007
0.408310 10.020704
0.404156 10.017003
0.400214 10.016751
0.390898 10.023365
0.374654 10.024423
0.362092 10.030557
0.356986 10.030987
0.353055 10.028896
0.352843 10.025677
0.355864 10.019605
0.355864 10.019605
0.356834 10.017655
0.357356 10.008005
0.355471 10.000000
0.352154 9.985910
0.353598 9.977185
0.360740 9.966602
0.361788 9.965051
0.380693 9.944702
0.382358 9.937587
0.381109 9.934369
0.381109 9.934369
0.380302 9.932289
0.374763 9.927891
0.361329 9.925516
0.356937 9.923193
0.351407 9.917416
0.348897 9.910736
0.346276 9.883831
0.348657 9.867726
0.352318 9.842957
0.349397 9.827542
0.338596 9.812312
0.335423 9.800343
0.330358 9.794798
0.326475 9.785583
0.330720 9.773427
0.328663 9.768819
0.323567 9.768330
0.321037 9.765327
0.322129 9.761327
0.322129 9.761327
0.324355 9.753167
0.320054 9.736595
0.315030 9.724616
0.316909 9.720490
0.320862 9.718216
0.332915 9.717367
0.338042 9.712571
0.343669 9.701573
0.346087 9.684812
0.347560 9.671032
0.353777 9.668664
0.357112 9.664290
0.361986 9.661898
0.366572 9.650831
0.366593 9.645615
0.364510 9.640389
0.361634 9.636205
0.360079 9.630461
0.359312 9.624980
0.360121 9.619767
0.362145 9.615500
0.362145 9.615500
0.365051 9.612535
0.371164 9.597175
0.377000 9.589396
0.376331 9.585026
0.371280 9.577643
0.362975 9.572311
0.350954 9.568796
0.324057 9.574615
0.315624 9.574299
0.309471 9.574069
0.301145 9.572181
0.282846 9.572991
0.262296 9.563446
0.256974 9.562954
0.245580 9.570237
0.237937 9.570420
0.235182 9.566727
0.234346 9.552705
0.232970 9.550628
0.232970 9.550628
0.230212 9.547394
0.229779 9.542796
0.233363 9.525585
0.237105 9.519634
0.245234 9.515778
0.263991 9.515203
0.281338 9.518065
0.287596 9.516953
0.298994 9.508290
0.302707 9.506934
0.305508 9.503274
0.304383 9.497983
0.300936 9.493826
0.298268 9.492525
0.298268 9.492525
0.293705 9.490238
0.289877 9.485259
0.276002 9.482878
0.272310 9.481018
0.268179 9.475248
0.263339 9.472002
0.255224 9.474021
0.244577 9.473726
0.234809 9.480788
0.228562 9.480290
0.225107 9.477511
0.224453 9.471304
0.227102 9.455466
0.243642 9.439026
0.244326 9.437032
0.245057 9.434898
0.243228 9.431211
0.245320 9.429846
0.253654 9.429667
0.259478 9.423729
0.272910 9.422432
0.278456 9.423843
0.313534 9.440596
0.320705 9.441097
0.330866 9.445063
0.335919 9.451525
0.340242 9.463958
0.343923 9.467655
0.344673 9.472695
0.344813 9.473634
0.341075 9.479357
0.340821 9.483031
0.353735 9.491378
0.364152 9.491437
0.380835 9.489005
0.385255 9.485353
0.386632 9.487429
0.407907 9.491454
0.416910 9.495870
0.423158 9.496364
0.433603 9.491595
0.447481 9.493739
0.453509 9.492163
0.460719 9.486228
0.472540 9.483534
0.479741 9.479206
0.483679 9.478767
0.488326 9.475575
0.489603 9.473489
0.489603 9.473489
0.499542 9.468776
0.501436 9.465147
0.502863 9.460333
0.501041 9.456413
0.500003 9.441241
0.513165 9.445247
0.516637 9.445272
0.522224 9.441178
0.529237 9.432270
0.542702 9.427086
0.548280 9.424140
0.555510 9.416841
0.562796 9.402190
0.563380 9.386342
0.558243 9.361951
0.553220 9.352954
0.544493 9.344390
0.543138 9.340014
0.545810 9.323493
0.547701 9.318223
0.544984 9.310391
0.533710 9.302268
0.524553 9.289794
0.508515 9.269688
0.505099 9.262770
0.504034 9.251045
0.502240 9.243911
0.515845 9.219433
0.526099 9.209402
0.526362 9.205269
0.515365 9.191863
0.503747 9.169264
0.500335 9.162117
0.489031 9.154958
0.487653 9.154082
0.483085 9.152801
0.480535 9.151171
0.470399 9.146270
0.468583 9.142120
0.475775 9.109788
0.472622 9.099197
0.469178 9.096185
0.466406 9.095934
0.461603 9.089466
0.456398 9.075415
0.452927 9.046906
0.454005 9.027620
0.456855 9.017996
0.470920 8.993069
0.480738 8.978904
0.490818 8.960607
0.503464 8.938884
0.508821 8.933413
0.514211 8.923577
0.516145 8.920408
0.516145 8.920408
0.515658 8.916358
0.516677 8.898680
0.519713 8.892494
0.526924 8.883346
0.528812 8.875776
0.527450 8.871406
0.522138 8.871149
0.519381 8.868379
0.518023 8.863319
0.518752 8.856663
0.516922 8.853209
0.506868 8.844547
0.506868 8.844547
0.502439 8.840733
0.499272 8.828774
0.497279 8.812919
0.493377 8.808764
0.468514 8.794854
0.465045 8.795754
0.455967 8.808565
0.452268 8.809235
0.447890 8.807603
0.444660 8.804848
0.444660 8.804848
0.440306 8.801132
0.434767 8.800642
0.432933 8.798336
0.434753 8.795614
0.438289 8.790328
0.434169 8.783875
0.427938 8.783381
0.418872 8.793896
0.413557 8.794555
0.407567 8.792225
0.395786 8.792849
0.390027 8.790520
0.385896 8.786133
0.384321 8.779235
0.386437 8.772818
0.395720 8.764603
0.396891 8.761853
0.395522 8.759090
0.386991 8.756976
0.385173 8.752143
0.381674 8.749467
0.381674 8.749467
0.385649 8.740015
0.391487 8.732024
0.401099 8.714190
0.410452 8.699569
0.422639 8.676932
0.430095 8.668265
0.434302 8.661869
0.438068 8.652714
0.466131 8.606551
0.470037 8.604049
0.470037 8.604049
0.475608 8.598109
0.491753 8.599572
0.496385 8.596382
0.500619 8.581711
0.503869 8.578053
0.508727 8.575783
0.512918 8.568687
0.519616 8.567345
0.527426 8.573813
0.532503 8.573610
0.535744 8.566795
0.538120 8.558716
0.541362 8.556437
0.549214 8.555099
0.558931 8.549867
0.579124 8.526320
0.586994 8.521309
0.588041 8.521044
0.588041 8.521044
0.616328 8.513875
0.624888 8.508865
0.627928 8.500616
0.633133 8.497754
0.643656 8.491966
0.649469 8.482581
0.651255 8.477002
0.651255 8.477002
0.655559 8.463556
0.659184 8.429598
0.663840 8.420437
0.685335 8.410206
0.696346 8.399741
0.698075 8.398098
0.701530 8.398802
0.707765 8.396994
0.708267 8.388273
0.714280 8.384398
0.713454 8.363735
0.715099 8.357086
0.718570 8.354347
0.722053 8.353907
0.722053 8.353907
0.719981 8.342090
0.723932 8.337526
0.729728 8.332746
0.730367 8.307272
0.727953 8.289812
0.725227 8.284056
0.712807 8.280299
0.701732 8.281830
0.693899 8.281318
0.685409 8.275980
0.674901 8.262825
0.666166 8.259551
0.643356 8.258702
0.640832 8.257078
0.637903 8.247877
0.631526 8.237504
0.630604 8.237497
0.625805 8.231956
0.624043 8.220926
0.602460 8.210215
0.594891 8.205570
0.591728 8.197056
0.593628 8.189496
0.607801 8.173533
0.609462 8.167120
0.609774 8.156106
0.607333 8.143467
0.595412 8.135579
0.591380 8.120174
0.591381 8.089195
0.591953 8.074284
0.598378 8.046565
0.597056 8.038525
0.603886 8.018152
0.607216 8.003721
0.601079 8.000000
0.597387 7.975300
0.606711 7.934470
0.609135 7.923853
0.613513 7.920637
0.615354 7.893765
0.620421 7.864824
0.622494 7.860689
0.615579 7.832439
0.615809 7.823940
0.613995 7.812647
0.613042 7.806713
0.613732 7.789945
0.620183 7.789025
0.623408 7.784889
0.624327 7.764215
0.622254 7.762148
0.613959 7.761002
0.609351 7.754800
0.608199 7.746301
0.612114 7.726315
0.614417 7.722868
0.617410 7.705178
0.617078 7.704185
0.616258 7.701733
0.609578 7.705869
0.600133 7.708169
0.589766 7.707022
0.579628 7.676240
0.574559 7.649363
0.574558 7.632820
0.578013 7.622022
0.578012 7.616967
0.575193 7.615678
0.561427 7.609388
0.549449 7.606863
0.545764 7.600890
0.538623 7.599972
0.518584 7.587568
0.516972 7.559996
0.509482 7.527241
0.509482 7.527241
0.508634 7.522302
0.509538 7.516333
0.516973 7.483719
0.514914 7.476593
0.508244 7.472215
0.501813 7.463701
0.512018 7.455509
0.512018 7.455509
0.513521 7.448553
0.519970 7.451310
0.524575 7.446713
0.528721 7.432925
0.529642 7.418447
0.532406 7.415919
0.534939 7.409944
0.545763 7.398911
0.551290 7.397761
0.560040 7.390865
0.571554 7.387646
0.582838 7.388333
0.595496 7.392855
0.598267 7.393845
0.615115 7.402727
0.627975 7.400962
0.640179 7.395443
0.646166 7.390156
0.651000 7.371080
0.650537 7.353844
0.652836 7.332929
0.655810 7.321174
0.658360 7.311095
0.656747 7.303741
0.643849 7.280301
0.643618 7.270419
0.632098 7.200548
0.631766 7.199614
0.621965 7.172048
0.606538 7.149755
0.598940 7.132057
0.599169 7.122172
0.602392 7.112516
0.612059 7.097572
0.614360 7.091365
0.612188 7.085460
0.610216 7.080101
0.597324 7.065852
0.595482 7.058036
0.599853 7.026540
0.599622 7.013436
0.595248 7.006310
0.585350 7.000795
0.557287 6.999587
0.556705 6.999031
0.539085 6.982182
0.522974 6.974136
0.520442 6.968849
0.516299 6.966551
0.514688 6.948158
0.526272 6.940066
0.542312 6.936419
0.547831 6.932289
0.555196 6.922861
0.557048 6.917596
0.558188 6.914354
0.557727 6.901708
0.550822 6.884925
0.544609 6.873200
0.538855 6.869752
0.534713 6.862625
0.528039 6.843081
0.530341 6.825836
0.536554 6.825835
0.539085 6.827214
0.544378 6.826064
0.547600 6.827902
0.554892 6.825408
0.556345 6.824912
0.568541 6.813182
0.583959 6.803752
0.585339 6.798463
0.583268 6.795935
0.572223 6.803295
0.569001 6.803295
0.566469 6.800076
0.570381 6.791567
0.567066 6.786210
0.567066 6.786210
0.569902 6.783669
0.571753 6.778154
0.571076 6.771025
0.572468 6.765279
0.576387 6.761607
0.588579 6.763008
0.597273 6.760214
0.607235 6.753382
0.620348 6.754785
0.623571 6.753870
0.628873 6.748820
0.639689 6.748149
0.644985 6.745858
0.646373 6.741951
0.641338 6.726766
0.645047 6.711827
0.641614 6.701932
0.643703 6.692048
0.639363 6.674795
0.639373 6.669045
0.635266 6.650412
0.636204 6.640526
0.636204 6.640526
0.637556 6.632189
0.643537 6.628048
0.646297 6.620687
0.651818 6.614247
0.653198 6.609877
0.658029 6.606656
0.671603 6.611251
0.679885 6.607338
0.686785 6.596987
0.688854 6.591466
0.681031 6.584340
0.691153 6.579047
0.701275 6.580193
0.714924 6.584149
0.715540 6.584328
0.727273 6.585243
0.737163 6.577190
0.740153 6.570290
0.740150 6.560170
0.738538 6.553040
0.729104 6.543154
0.717368 6.527520
0.718745 6.510959
0.723113 6.497848
0.724721 6.487496
0.726360 6.486020
0.727020 6.485425
0.728169 6.478755
0.741046 6.462880
0.749092 6.441485
0.756910 6.432512
0.762430 6.431359
0.776636 6.422236
0.782802 6.416024
0.786295 6.404518
0.789372 6.399644
0.796462 6.397532
0.803534 6.396670
0.826822 6.393836
0.844299 6.386467
0.865912 6.370354
0.883154 6.350101
0.900938 6.325372
0.903840 6.321336
0.958579 6.324291
0.996295 6.323575
1.005901 6.296286
1.014786 6.271044
1.014786 6.271044
1.021930 6.251544
1.027165 6.241888
1.032424 6.237739
1.040434 6.233692
1.051305 6.228143
1.057471 6.221924
1.066128 6.207895
1.066128 6.207895
1.081755 6.180422
1.085882 6.162475
1.091168 6.158789
1.106573 6.156936
1.117570 6.157202
1.124968 6.157380
1.145891 6.154601
1.150950 6.156437
1.165896 6.156653
1.171183 6.154808
1.191649 6.155019
1.191781 6.104417
1.191781 6.104417
1.156353 6.089894
1.138430 6.080442
1.092257 6.050484
1.075264 6.035741
1.068610 6.026071
1.066541 6.025148
1.063790 6.019622
1.046734 5.996803
1.045890 5.995674
1.030988 5.966437
0.995660 5.913476
0.992453 5.905189
0.990638 5.888621
0.990973 5.885609
0.992966 5.867685
0.990682 5.857328
0.981056 5.837298
0.970048 5.820027
0.953297 5.801598
0.945493 5.794684
0.927896 5.785650
0.924824 5.784073
0.907593 5.779448
0.850143 5.776147
0.829470 5.768524
0.814309 5.764590
0.804535 5.763554
0.772489 5.760156
0.763063 5.762442
0.743992 5.759652
0.730888 5.762163
0.692509 5.761411
0.682624 5.763007
0.679409 5.761851
0.679409 5.761851
0.668149 5.760912
0.668149 5.760912
0.652980 5.761807
0.645620 5.764786
0.628609 5.767059
0.592299 5.766307
0.565785 5.767447
0.458531 5.772047
0.439727 5.774786
0.436691 5.775227
0.424963 5.778425
0.370248 5.786141
0.359447 5.786119
0.348420 5.783566
0.327737 5.783294
0.314872 5.780966
0.286383 5.776534
0.271922 5.768681
0.260433 5.767735
0.238387 5.760786
0.226458 5.751325
0.216357 5.746701
0.196535 5.743303
0.182358 5.740873
0.179376 5.738335
0.139203 5.720066
0.131874 5.710154
0.117190 5.700225
0.102257 5.698580
0.100353 5.697792
0.089402 5.693257
0.069419 5.689298
0.064372 5.685834
0.053602 5.673613
0.042817 5.667604
0.039158 5.660922
0.040313 5.658623
0.038712 5.655628
0.029996 5.649394
0.023362 5.637641
0.019236 5.633719
0.012807 5.631632
0.005562 5.625997
0.002717 5.623784
0.000000 5.622616
-0.025284 5.611748
-0.039759 5.611022
-0.057436 5.605224
-0.064549 5.601524
-0.076467 5.590218
-0.085182 5.584212
-0.098951 5.577963
-0.106293 5.572682
-0.108583 5.571034
-0.123044 5.565704
-0.131302 5.561080
-0.149904 5.557809
-0.170326 5.548320
-0.181351 5.546909
-0.207064 5.539706
-0.212782 5.530945
-0.221507 5.528851
-0.221507 5.528851
-0.225410 5.527689
-0.225410 5.527689
-0.239189 5.525580
-0.269263 5.517442
-0.288095 5.514858
-0.324598 5.505780
-0.334936 5.505290
-0.369136 5.494835
-0.384951 5.482592
-0.401702 5.475868
-0.413145 5.461566
-0.429638 5.446328
-0.440655 5.442125
-0.453960 5.437049
-0.463592 5.431726
-0.466799 5.428955
-0.468618 5.422966
-0.466303 5.417219
-0.468359 5.413530
-0.476382 5.408213
-0.486910 5.395983
-0.492381 5.382848
-0.495814 5.378695
-0.506826 5.374288
-0.525190 5.370318
-0.529063 5.368682
-0.540560 5.363827
-0.558473 5.362620
-0.600333 5.351728
-0.608750 5.353714
-0.612401 5.346568
-0.620641 5.337796
-0.623140 5.329502
-0.645404 5.324367
-0.645404 5.324367
-0.655968 5.323872
-0.655968 5.323872
-0.660563 5.324088
-0.664454 5.320162
-0.676159 5.317132
-0.694965 5.308784
-0.705521 5.305987
-0.724100 5.298330
-0.730507 5.291404
-0.731869 5.286797
-0.734141 5.279654
-0.739408 5.275263
-0.749733 5.272236
-0.755682 5.265542
-0.759581 5.264147
-0.758411 5.257936
-0.760469 5.255168
-0.775598 5.246830
-0.781763 5.236682
-0.788179 5.232518
-0.792974 5.224445
-0.801690 5.221424
-0.809011 5.213573
-0.816583 5.211475
-0.820980 5.211180
-0.831049 5.210504
-0.881777 5.202961
-0.900150 5.202896
-0.910367 5.204749
-0.910367 5.204749
-0.925655 5.197608
-0.936053 5.198276
-0.939694 5.203050
-0.939694 5.203050
-0.974096 5.201249
-1.006482 5.202051
-1.006482 5.202051
-1.010148 5.199735
-1.010148 5.199735
-1.012202 5.196506
-1.052400 5.198197
-1.070762 5.195366
-1.082933 5.195090
-1.092569 5.192522
-1.101264 5.184203
-1.126514 5.168975
-1.127382 5.168451
-1.148945 5.162154
-1.153297 5.159375
-1.156037 5.155452
-1.162682 5.151743
-1.166789 5.145052
-1.185359 5.137154
-1.189956 5.138056
-1.196149 5.136421
-1.200936 5.127656
-1.207587 5.125328
-1.214906 5.118164
-1.229577 5.111891
-1.246983 5.100543
-1.278211 5.099728
-1.301618 5.096181
-1.302598 5.096119
-1.321133 5.094951
-1.328248 5.094231
-1.347738 5.087246
-1.351840 5.079864
-1.364224 5.076130
-1.381432 5.072836
-1.387181 5.074653
-1.393824 5.070943
-1.401866 5.072061
-1.403230 5.068832
-1.430847 5.064713
-1.430847 5.064713
-1.435722 5.064065
-1.435722 5.064065
-1.438111 5.063852
-1.445665 5.058296
-1.486957 5.049144
-1.494062 5.046121
-1.512807 5.043355
-1.558314 5.036636
-1.568854 5.031756
-1.593886 5.032567
-1.602605 5.031147
-1.612462 5.027421
-1.627120 5.019300
-1.632608 5.014211
-1.631436 5.008922
-1.632484 5.000000
-1.632762 4.997637
-1.631132 4.992810
-1.646413 4.970414
-1.652830 4.967853
-1.672109 4.966155
-1.692052 4.959390
-1.705557 4.950351
-1.709423 4.942507
-1.708238 4.934686
-1.709605 4.932378
-1.733896 4.922599
-1.741448 4.917500
-1.743496 4.913578
-1.742320 4.907598
-1.747313 4.895375
-1.748070 4.884681
-1.748389 4.880177
-1.752275 4.876476
-1.759611 4.874370
-1.774349 4.874868
-1.774349 4.874868
-1.778016 4.874753
-1.778016 4.874753
-1.789441 4.871240
-1.797706 4.871432
-1.804379 4.874623
-1.810331 4.871142
-1.812374 4.866299
-1.827011 4.859745
-1.827011 4.859745
-1.833889 4.852396
-1.833889 4.852396
-1.837083 4.848689
-1.842584 4.846821
-1.861853 4.843967
-1.867390 4.849466
-1.870103 4.840936
-1.881554 4.835357
-1.890005 4.826569
-1.915239 4.822995
-1.917030 4.813778
-1.937644 4.804471
-1.940382 4.801005
-1.941493 4.793633
-1.947908 4.791070
-1.952010 4.785065
-1.969148 4.769328
-1.973691 4.759868
-1.979184 4.756618
-1.984228 4.755443
-2.007192 4.755586
-2.025547 4.755700
-2.031902 4.753671
-2.036027 4.750455
-2.042442 4.752295
-2.055542 4.741049
-2.058295 4.740575
-2.061518 4.742630
-2.065729 4.741199
-2.068393 4.740294
-2.072776 4.744646
-2.078287 4.745079
-2.083325 4.742752
-2.089721 4.736735
-2.092016 4.736723
-2.092303 4.747772
-2.095308 4.751900
-2.098762 4.753955
-2.106799 4.754605
-2.108665 4.760351
-2.112571 4.761021
-2.113047 4.764472
-2.108748 4.776464
-2.110146 4.780371
-2.121435 4.788371
-2.133601 4.788309
-2.143265 4.792634
-2.152925 4.796268
-2.160039 4.796001
-2.166894 4.789981
-2.167872 4.801256
-2.171812 4.808603
-2.179423 4.815239
-2.187937 4.819109
-2.201485 4.819960
-2.207976 4.831897
-2.219968 4.842195
-2.236006 4.849687
-2.244823 4.853806
-2.246495 4.865997
-2.253470 4.882535
-2.257627 4.887117
-2.267518 4.890749
-2.268481 4.899031
-2.269858 4.899023
-2.346459 4.926473
-2.356127 4.931025
-2.375900 4.936213
-2.389596 4.937468
-2.390142 4.937518
-2.408994 4.942250
-2.408994 4.942250
-2.416395 4.943902
-2.416395 4.943902
-2.431543 4.950876
-2.461648 4.956006
-2.462706 4.956288
-2.501429 4.966607
-2.586339 4.981278
-2.602094 4.984000
-2.625786 4.991232
-2.637271 4.992088
-2.665094 4.999065
-2.668134 5.000000
-2.695228 5.008330
-2.708835 5.010395
-2.731769 5.013874
-2.770859 5.023085
-2.800044 5.027056
-2.832732 5.034096
-2.841659 5.036018
-2.852228 5.037107
-2.891552 5.046770
-2.900733 5.046024
-2.943972 5.057273
-2.955882 5.059494
-2.961904 5.060617
-3.032925 5.071231
-3.064663 5.078861
-3.079463 5.084038
-3.105399 5.093109
-3.110742 5.094452
-3.110742 5.094452
-3.111516 5.110734
-3.102923 5.108830
-3.098153 5.111387
-3.076509 5.105031
-3.074284 5.106628
-3.073651 5.110775
-3.069518 5.115244
-3.053283 5.106650
-3.053960 5.114760
-3.053960 5.114760
-3.037331 5.114478
-3.034365 5.117719
-3.025606 5.112478
-3.016188 5.112076
-3.005123 5.105238
-2.993187 5.094594
-2.979491 5.082377
-2.965252 5.082234
-2.957426 5.079289
-2.952379 5.080010
-2.943717 5.090421
-2.930616 5.088428
-2.928562 5.090512
-2.930243 5.102471
-2.931546 5.105522
-2.931546 5.105522
-2.920771 5.113710
-2.906776 5.115862
-2.905395 5.116075
-2.891376 5.113599
-2.888414 5.119366
-2.883583 5.117314
-2.877851 5.119409
-2.870039 5.118519
-2.857277 5.111610
-2.847408 5.103964
-2.837863 5.104609
-2.835639 5.110351
-2.833095 5.112586
-2.827687 5.113865
-2.817815 5.101753
-2.813364 5.108454
-2.811773 5.108774
-2.810211 5.104178
-2.810211 5.104178
-2.809232 5.104114
-2.806742 5.110113
-2.799141 5.106245
-2.797881 5.105989
-2.793623 5.105126
-2.790648 5.106755
-2.786800 5.116215
-2.784004 5.109556
-2.780340 5.111189
-2.769769 5.109869
-2.761682 5.101630
-2.758005 5.101192
-2.756231 5.111790
-2.754409 5.114332
-2.742236 5.113943
-2.740639 5.115793
-2.740463 5.124772
-2.735225 5.132167
-2.730860 5.131962
-2.728812 5.135197
-2.727679 5.137735
-2.733265 5.150362
-2.735118 5.152884
-2.738328 5.151945
-2.740863 5.153541
-2.738137 5.158621
-2.744347 5.160196
-2.746435 5.163637
-2.743284 5.174473
-2.743776 5.179994
-2.747008 5.182737
-2.747486 5.185957
-2.750549 5.199059
-2.753310 5.199964
-2.756971 5.197640
-2.756971 5.197640
-2.758052 5.196302
-2.759459 5.203663
-2.765222 5.208704
-2.763627 5.211933
-2.758805 5.212182
-2.760689 5.223914
-2.757479 5.225307
-2.757492 5.228530
-2.764155 5.229195
-2.764604 5.230262
-2.765315 5.231952
-2.763492 5.235642
-2.755223 5.235444
-2.758697 5.242566
-2.753644 5.242586
-2.756484 5.254874
-2.771757 5.249761
-2.778765 5.261874
-2.771126 5.260604
-2.769218 5.263156
-2.782590 5.272077
-2.785138 5.275901
-2.787052 5.284192
-2.785145 5.288020
-2.775673 5.290979
-2.775673 5.290979
-2.773171 5.295136
-2.771914 5.315398
-2.772444 5.316472
-2.772444 5.316472
-2.778101 5.326964
-2.772375 5.331130
-2.777687 5.338244
-2.769687 5.348172
-2.766471 5.348185
-2.764775 5.346566
-2.754941 5.337182
-2.743012 5.341141
-2.727837 5.337746
-2.726260 5.345348
-2.726394 5.379182
-2.728707 5.383086
-2.731974 5.395963
-2.741229 5.412498
-2.743675 5.418375
-2.750508 5.434788
-2.760636 5.496891
-2.770461 5.540581
-2.770483 5.541605
-2.770742 5.553468
-2.762861 5.593544
-2.768862 5.600194
-2.775069 5.600630
-2.773961 5.610991
-2.776266 5.612593
-2.785916 5.612325
-2.788948 5.623590
-2.795597 5.619651
-2.802488 5.619164
-2.807995 5.624039
-2.807995 5.624039
-2.812155 5.628157
-2.823144 5.628938
-2.824110 5.629007
-2.840722 5.640185
-2.856848 5.646993
-2.861728 5.655939
-2.865376 5.651084
-2.870878 5.648981
-2.873136 5.642524
-2.879105 5.641567
-2.892421 5.632453
-2.892421 5.632453
-2.896771 5.624027
-2.903776 5.624021
-2.907595 5.621467
-2.920966 5.619543
-2.928384 5.612217
-2.933438 5.611966
-2.939204 5.617006
-2.946834 5.628251
-2.961093 5.630954
-2.967554 5.637141
-2.962408 5.671504
-2.956828 5.708756
-2.980955 5.707966
-2.991073 5.709305
-2.999334 5.706509
-3.010821 5.705771
-3.014966 5.707594
-3.025537 5.707551
-3.025390 5.726624
-3.025243 5.745752
-3.022749 5.753586
-3.020152 5.790647
-3.021112 5.800077
-3.018446 5.821488
-3.018406 5.852431
-3.018393 5.862218
-3.045552 5.923081
-3.046269 5.929521
-3.060640 5.956611
-3.063209 5.965804
-3.064511 5.968882
-3.079238 6.003701
-3.087496 6.051522
-3.090993 6.062551
-3.091983 6.078423
-3.094106 6.090908
-3.104023 6.149232
-3.126281 6.190547
-3.135252 6.208834
-3.141598 6.221768
-3.144398 6.230958
-3.153659 6.244721
-3.167917 6.244889
-3.177339 6.243467
-3.173252 6.254988
-3.174583 6.295009
-3.175872 6.304717
-3.176964 6.312942
-3.180887 6.315915
-3.185762 6.326016
-3.186527 6.342575
-3.190236 6.348769
-3.193509 6.360487
-3.209038 6.424684
-3.236648 6.538785
-3.236258 6.547820
-3.234153 6.596525
-3.243605 6.600852
-3.254919 6.609541
-3.255420 6.618508
-3.252678 6.622430
-3.248404 6.643607
-3.239703 6.652615
-3.237426 6.657218
-3.236055 6.659990
-3.229854 6.662318
-3.218716 6.692033
-3.207495 6.703811
-3.204048 6.704746
-3.201093 6.712578
-3.196959 6.714436
-3.197204 6.717654
-3.202311 6.727520
-3.208090 6.733243
-3.210227 6.747722
-3.222426 6.756702
-3.228236 6.760979
-3.232419 6.769928
-3.229418 6.818001
-3.197774 6.870349
-3.155409 6.940418
-3.143514 6.956793
-3.142621 6.962775
-3.133929 6.974998
-3.132327 6.977850
-3.090311 7.052661
-3.076528 7.059156
-3.051905 7.065493
-3.040198 7.068505
-3.035838 7.071743
-3.027151 7.138444
-3.001837 7.167611
-3.000032 7.170034
-2.969448 7.211090
-2.954354 7.235057
-2.972426 7.261415
-2.976837 7.269901
-2.977364 7.275258
-2.977560 7.277253
-2.969143 7.354970
-2.958719 7.394540
-2.957048 7.399522
-2.950305 7.419624
-2.949283 7.449962
-2.944738 7.464458
-2.940618 7.470450
-2.934699 7.486559
-2.931477 7.521573
-2.923468 7.608613
-2.907086 7.643919
-2.888541 7.683882
-2.882849 7.699986
-2.873254 7.719321
-2.869390 7.731971
-2.853235 7.757741
-2.850623 7.761909
-2.848625 7.780294
-2.835088 7.793901
-2.831661 7.800805
-2.830303 7.807013
-2.830357 7.820105
-2.817059 7.836007
-2.809015 7.840862
-2.798226 7.850780
-2.793096 7.861471
-2.791600 7.864588
-2.785607 7.920882
-2.782187 7.929852
-2.780885 7.949609
-2.766807 7.944611
-2.759644 7.939586
-2.754295 7.927663
-2.745270 7.918053
-2.732718 7.948646
-2.699015 7.991950
-2.690155 8.000000
-2.682101 8.018567
-2.673052 8.027001
-2.660934 8.031592
-2.631153 8.039960
-2.604666 8.040000
-2.600105 8.042381
-2.592008 8.052630
-2.588552 8.064630
-2.588279 8.074503
-2.591517 8.087295
-2.603413 8.107038
-2.618148 8.130630
-2.621128 8.141821
-2.619182 8.148513
-2.609387 8.154436
-2.601827 8.168809
-2.594105 8.174691
-2.588311 8.172964
-2.575580 8.169989
-2.556461 8.170345
-2.548916 8.173470
-2.517902 8.190801
-2.508965 8.193491
-2.496697 8.202898
-2.494897 8.205227
-2.495964 8.213011
-2.497713 8.244884
-2.500006 8.256550
-2.500064 8.271928
-2.501421 8.307484
-2.504456 8.334058
-2.512730 8.369489
-2.516447 8.383194
-2.516150 8.391924
-2.517488 8.401771
-2.524447 8.440672
-2.533049 8.480922
-2.539648 8.500546
-2.542467 8.515417
-2.546409 8.528662
-2.548976 8.542391
-2.562121 8.614937
-2.562617 8.628935
-2.565404 8.641973
-2.567124 8.659623
-2.573953 8.690957
-2.573444 8.700611
-2.575678 8.708838
-2.587169 8.778668
-2.590986 8.785028
-2.597006 8.785834
-2.602760 8.784807
-2.619224 8.776230
-2.626190 8.778166
-2.629772 8.784299
-2.628946 8.789368
-2.622387 8.796611
-2.615944 8.797881
-2.610469 8.801429
-2.601654 8.811470
-2.599925 8.817704
-2.603329 8.826597
-2.609526 8.836587
-2.617522 8.844016
-2.622051 8.851281
-2.624253 8.857671
-2.627685 8.864244
-2.628077 8.867092
-2.628077 8.867092
-2.627057 8.902480
-2.628101 8.909583
-2.632117 8.914800
-2.655938 8.929794
-2.660433 8.935922
-2.664097 8.947576
-2.663599 8.976905
-2.663520 8.981581
-2.656595 8.995708
-2.656192 8.999161
-2.658345 9.003489
-2.662078 9.005494
-2.672350 9.011525
-2.682575 9.014800
-2.697376 9.015242
-2.704116 9.017426
-2.707382 9.019209
-2.744875 9.022021
-2.752042 9.023985
-2.752771 9.024185
-2.760700 9.028185
-2.769859 9.036529
-2.777426 9.046278
-2.779666 9.055429
-2.779555 9.062322
-2.768997 9.079961
-2.765387 9.098401
-2.765993 9.106661
-2.770202 9.122670
-2.776157 9.132677
-2.776157 9.132677
-2.769123 9.140379
-2.748410 9.146014
-2.739760 9.153972
-2.730699 9.164923
-2.719422 9.194980
-2.715359 9.200792
-2.701714 9.214347
-2.689562 9.220743
-2.689562 9.220743
-2.674664 9.228584
-2.669643 9.232574
-2.666044 9.238607
-2.664351 9.247826
-2.665182 9.255854
-2.668795 9.264295
-2.673758 9.270415
-2.676357 9.273588
-2.682653 9.276470
-2.693551 9.277896
-2.711725 9.285403
-2.718783 9.292177
-2.720979 9.298803
-2.722318 9.309350
-2.721184 9.324075
-2.718738 9.329860
-2.703588 9.337008
-2.694536 9.348878
-2.684118 9.362149
-2.680122 9.372097
-2.678855 9.379241
-2.679565 9.393705
-2.682514 9.401960
-2.691478 9.427054
-2.692424 9.441745
-2.690191 9.468301
-2.690191 9.468301
-2.689347 9.478333
-2.689926 9.488792
-2.690352 9.496470
-2.700636 9.507826
-2.700636 9.507826
-2.710650 9.518881
-2.713727 9.522736
-2.717937 9.525193
-2.734488 9.531578
-2.753719 9.545501
-2.765722 9.556558
-2.771415 9.564275
-2.779201 9.585745
-2.776854 9.597275
-2.773154 9.610897
-2.754237 9.642015
-2.759061 9.652964
-2.762899 9.673813
-2.770228 9.682192
-2.788224 9.691079
-2.792262 9.696755
-2.795654 9.705201
-2.791551 9.722280
-2.792558 9.726859
-2.797213 9.741259
-2.795241 9.747727
-2.785735 9.760761
-2.783272 9.766854
-2.778626 9.778350
-2.768487 9.795072
-2.763258 9.800906
-2.758207 9.804296
-2.758207 9.804296
-2.742178 9.815054
-2.737207 9.822493
-2.735684 9.828265
-2.737410 9.834211
-2.755123 9.852990
-2.763219 9.865265
-2.765614 9.869592
-2.770882 9.892488
-2.771400 9.898706
-2.771400 9.898706
-2.771762 9.903046
-2.770838 9.909048
-2.770096 9.913877
-2.752376 9.948427
-2.752748 9.956467
-2.762683 9.980894
-2.767369 9.996905
-2.769211 10.000000
-2.783621 10.024214
-2.784485 10.033854
-2.791757 10.051661
-2.793496 10.071401
-2.792973 10.081294
-2.796424 10.106063
-2.790103 10.129389
-2.789744 10.135372
-2.795635 10.153663
-2.798444 10.169900
-2.799592 10.180722
-2.794025 10.194152
-2.770515 10.217081
-2.764001 10.229607
-2.762533 10.238597
-2.764050 10.245698
-2.767900 10.253449
-2.777117 10.262719
-2.808204 10.274374
-2.839440 10.294299
-2.849398 10.305853
-2.854034 10.318419
-2.853642 10.321520
-2.853642 10.321520
-2.853016 10.326483
-2.845872 10.342699
-2.839497 10.376146
-2.834779 10.385194
-2.827242 10.392451
-2.817997 10.395139
-2.810229 10.393394
-2.805636 10.392362
-2.799687 10.397521
-2.791358 10.399503
-2.780637 10.410721
-2.780637 10.410721
-2.776345 10.417691
-2.785247 10.421908
-2.807115 10.423605
-2.828580 10.428755
-2.847113 10.438783
-2.864905 10.446293
-2.869885 10.451955
-2.876966 10.471146
-2.877778 10.477570
-2.882430 10.490825
-2.886976 10.498103
-2.896935 10.509196
-2.902601 10.527032
-2.905504 10.546295
-2.913130 10.556739
-2.925246 10.584120
-2.942349 10.612574
-2.945597 10.629519
-2.944584 10.637815
-2.940737 10.643631
-2.920805 10.660076
-2.916724 10.665896
-2.915711 10.674191
-2.911277 10.686227
-2.912073 10.691731
-2.916557 10.695332
-2.930091 10.697854
-2.937191 10.704628
-2.942526 10.703845
-2.942526 10.703845
-2.943062 10.707745
-2.941347 10.715823
-2.938661 10.721619
-2.934555 10.726060
-2.920085 10.736200
-2.901439 10.759980
-2.901439 10.759980
-2.898379 10.765641
-2.893785 10.774140
-2.886302 10.797956
-2.883517 10.811341
-2.882867 10.826988
-2.872006 10.844193
-2.869134 10.852751
-2.870535 10.866064
-2.869361 10.878502
-2.867088 10.881531
-2.863904 10.883307
-2.861558 10.884616
-2.854329 10.883821
-2.840681 10.888425
-2.833611 10.896595
-2.825063 10.913299
-2.822254 10.925534
-2.823049 10.931040
-2.827393 10.939703
-2.839689 10.950530
-2.844743 10.959872
-2.842163 10.971874
-2.842269 10.977852
-2.840689 10.980639
-2.836361 10.999109
-2.834325 11.004156
-2.834325 11.004156
-2.811774 11.003666
-2.772211 11.004660
-2.762303 10.998181
-2.753463 10.998581
-2.744112 10.996691
-2.717101 10.996516
-2.704756 10.996291
-2.701238 10.994978
-2.697774 10.996424
-2.676079 10.994306
-2.609058 10.996024
-2.594807 10.993530
-2.578256 10.992457
-2.555583 10.987818
-2.551877 10.988807
-2.531844 10.988256
-2.518982 10.985272
-2.505444 10.983450
-2.445174 10.985006
-2.433071 10.985225
-2.403272 10.985300
-2.387894 10.984655
-2.370684 10.985653
-2.358785 10.984254
-2.334102 10.984001
-2.295937 10.984903
-2.276881 10.986847
-2.260356 10.987135
-2.255023 10.988378
-2.234497 10.986204
-2.216089 10.985373
-2.203925 10.982133
-2.196494 10.983180
-2.157986 10.977860
-2.131222 10.978315
-2.096062 10.977989
-2.060919 10.978578
-2.051120 10.977362
-2.047656 10.979029
-1.978090 10.981558
-1.966406 10.978990
-1.933857 10.981590
-1.897550 10.982177
-1.829576 10.982574
-1.816760 10.981857
-1.790696 10.982498
-1.756002 10.982121
-1.746637 10.978818
-1.741705 10.976135
-1.715878 10.976995
-1.703420 10.984086
-1.659856 10.996942
-1.645668 10.997848
-1.631168 10.993698
-1.621091 10.989482
-1.616687 10.990698
-1.592670 10.988300
-1.589465 10.991798
-1.587284 11.001259
-1.589028 11.008591
-1.588422 11.014579
-1.586861 11.018970
-1.533536 11.018616
-1.521643 11.017411
-1.509091 11.018746
-1.487650 11.017451
-1.462055 11.018515
-1.431780 11.018033
-1.397374 10.990245
-1.377357 10.990530
-1.362241 10.991665
-1.362228 10.990746
-1.349652 10.990463
-1.340591 10.991741
-1.322193 10.991310
-1.310109 10.992859
-1.304500 10.991328
-1.235809 10.990440
-1.194546 10.986405
-1.165438 10.985879
-1.151677 10.983994
-1.121862 10.982784
-1.119553 11.000980
-1.085555 11.000511
-1.061344 11.000600
-1.028958 10.998722
-1.009632 10.998513
-0.998351 10.990610
-0.973911 10.990925
-0.965109 10.994256
-0.932981 10.994205
-0.924248 10.985117
-0.921538 10.973655
-0.903356 10.971813
-0.890629 10.959786
-0.878686 10.959089
-0.873523 10.968967
-0.872884 10.973574
-0.860749 10.989360
-0.853068 10.989455
-0.837031 10.991492
-0.832985 11.002810
-0.814127 11.002810
-0.808878 10.992757
-0.803062 10.993058
-0.791644 10.992277
-0.768359 10.991869
-0.765310 10.990067
-0.756925 10.989707
-0.749962 10.991400
-0.732263 10.990922
-0.714806 10.991130
-0.688957 10.990515
-0.687089 10.990728
-0.687089 10.990728
-0.688824 10.986078
-0.688777 10.981251
-0.685012 10.977147
-0.681736 10.975339
-0.678949 10.976055
-0.674588 10.982304
-0.671569 10.983023
-0.667356 10.980762
-0.656417 10.980865
-0.656831 10.975573
-0.659349 10.971180
-0.665845 10.969049
-0.670451 10.963948
-0.673872 10.956788
-0.673144 10.953806
-0.663078 10.947922
-0.663078 10.947922
-0.661273 10.953687
-0.657357 10.957863
-0.656320 10.957165
-0.651968 10.954234
-0.650545 10.951488
-0.651178 10.944814
-0.649522 10.942070
-0.639737 10.941011
-0.633894 10.938537
-0.632686 10.936398
-0.632686 10.936398
-0.628211 10.928472
-0.621151 10.902180
-0.621151 10.902180
-0.610400 10.903824
-0.595608 10.912501
-0.596293 10.930888
-0.595046 10.943548
-0.587568 10.960649
-0.578863 10.972475
-0.569656 10.981317
-0.558486 10.981673
-0.551631 10.972783
-0.538084 10.988801
-0.534392 10.991602
-0.527567 10.985240
-0.519407 10.984181
-0.514315 10.986768
-0.507404 10.993052
-0.501540 11.009443
-0.490898 11.015309
-0.482618 11.024138
-0.475647 11.025365
-0.456254 11.019370
-0.449773 11.022659
-0.437513 11.029692
-0.439246 11.038870
-0.442918 11.054696
-0.440275 11.068061
-0.434181 11.085143
-0.432699 11.098266
-0.399639 11.120007
-0.392424 11.120543
-0.382362 11.116282
-0.376660 11.116022
-0.376660 11.116022
-0.379604 11.109780
-0.379101 11.101496
-0.379060 11.100818
-0.374336 11.093268
-0.373331 11.084769
-0.361798 11.070609
-0.361078 11.068086
-0.358297 11.069718
-0.357424 11.076393
-0.354890 11.079634
-0.348842 11.080374
-0.344915 11.084085
-0.341486 11.095901
-0.341486 11.095901
-0.340166 11.100450
-0.337401 11.103921
-0.328583 11.107673
-0.316944 11.108227
-0.311611 11.111030
-0.305290 11.112206
-0.305290 11.112206
-0.288359 11.115356
-0.273974 11.121909
-0.276166 11.133389
-0.280385 11.136575
-0.288792 11.139266
-0.291391 11.143615
-0.290273 11.149142
-0.289782 11.150639
