> gambia 0
-16.738205 13.116616
-16.742378 13.114009
-16.743814 13.111658
-16.743814 13.111658
-16.744652 13.110287
-16.745054 13.106829
-16.739666 13.095197
-16.742577 13.075822
-16.745686 13.069645
-16.750580 13.065927
-16.755833 13.064252
-16.755833 13.064252
-16.761683 13.069027
-16.778221 13.074930
-16.782263 13.077616
-16.785509 13.087676
-16.784981 13.096657
-16.778574 13.117018
-16.779163 13.123217
-16.780289 13.126158
-16.785099 13.138748
-16.794966 13.151215
-16.797771 13.162663
-16.795275 13.179041
-16.796223 13.191443
-16.794155 13.229665
-16.796316 13.244114
-16.797338 13.247532
-16.799330 13.254178
-16.803680 13.260537
-16.815866 13.271350
-16.818102 13.277518
-16.818251 13.285105
-16.813725 13.305660
-16.814329 13.312549
-16.824293 13.329612
-16.825079 13.333737
-16.822575 13.337694
-16.814909 13.341977
-16.811703 13.346178
-16.811689 13.357448
-16.812714 13.361798
-16.809589 13.370136
-16.802912 13.376931
-16.765730 13.397403
-16.755129 13.407948
-16.747120 13.418905
-16.739744 13.438361
-16.737326 13.442920
-16.732718 13.451599
-16.726036 13.458392
-16.704676 13.471663
-16.689678 13.485966
-16.685028 13.488581
-16.679859 13.488675
-16.675344 13.485997
-16.670923 13.475959
-16.667063 13.470739
-16.662317 13.468296
-16.638182 13.471724
-16.625261 13.471956
-16.585781 13.459098
-16.579823 13.454604
-16.574661 13.442508
-16.576679 13.437412
-16.580616 13.434352
-16.586004 13.433565
-16.590488 13.434635
-16.595058 13.440303
-16.595058 13.440303
-16.603235 13.437857
-16.609930 13.431526
-16.612789 13.426531
-16.612789 13.426531
-16.606520 13.405474
-16.604858 13.399420
-16.603115 13.394161
-16.594875 13.380740
-16.581829 13.349005
-16.585405 13.339281
-16.585405 13.339281
-16.581976 13.331753
-16.581976 13.331753
-16.576984 13.328622
-16.575224 13.322444
-16.573456 13.315805
-16.567181 13.306718
-16.555964 13.297028
-16.546474 13.291906
-16.537512 13.289766
-16.520134 13.289614
-16.506289 13.287116
-16.496567 13.284969
-16.485254 13.282639
-16.470167 13.279452
-16.467049 13.275827
-16.467049 13.275827
-16.464655 13.273339
-16.455183 13.268905
-16.455183 13.268905
-16.388180 13.276966
-16.384357 13.273352
-16.384317 13.271102
-16.384317 13.271102
-16.365728 13.268841
-16.365728 13.268841
-16.340715 13.288129
-16.335333 13.289140
-16.329449 13.288321
-16.324560 13.283694
-16.322111 13.284995
-16.316385 13.293142
-16.306139 13.297915
-16.254549 13.315113
-16.238649 13.317937
-16.238649 13.317937
-16.232424 13.325602
-16.229939 13.331163
-16.229939 13.331163
-16.227131 13.358578
-16.224640 13.363909
-16.185659 13.390335
-16.167391 13.408092
-16.156878 13.425053
-16.153622 13.426946
-16.148201 13.425884
-16.135395 13.418964
-16.104916 13.408650
-16.078278 13.404621
-16.071945 13.403663
-16.063292 13.405872
-16.039770 13.417977
-16.028259 13.417931
-15.999244 13.413602
-15.999244 13.413602
-15.994819 13.412942
-15.983330 13.414273
-15.973058 13.418114
-15.965539 13.418002
-15.938104 13.419521
-15.938104 13.419521
-15.896069 13.421844
-15.887640 13.423584
-15.874047 13.440122
-15.869156 13.442726
-15.860708 13.443316
-15.851753 13.441612
-15.845969 13.439627
-15.833800 13.435448
-15.822494 13.433550
-15.816202 13.433913
-15.816202 13.433913
-15.790104 13.435420
-15.749190 13.441970
-15.719988 13.451872
-15.712173 13.454521
-15.705664 13.458987
-15.704655 13.460355
-15.704655 13.460355
-15.696920 13.470844
-15.690885 13.475533
-15.682947 13.478868
-15.672793 13.475568
-15.641570 13.446589
-15.637703 13.444973
-15.637703 13.444973
-15.630930 13.442143
-15.627894 13.443337
-15.624119 13.442243
-15.615314 13.444731
-15.611253 13.445878
-15.596149 13.456904
-15.590199 13.467338
-15.589778 13.470563
-15.585616 13.474993
-15.586417 13.491034
-15.586417 13.491034
-15.598169 13.501194
-15.598169 13.501194
-15.611798 13.481745
-15.620164 13.475644
-15.629101 13.476205
-15.635486 13.478872
-15.659786 13.500594
-15.666869 13.502790
-15.678854 13.502845
-15.686588 13.501581
-15.697096 13.497288
-15.752537 13.466569
-15.764437 13.461332
-15.784087 13.455978
-15.816020 13.454805
-15.862978 13.462791
-15.902225 13.453714
-15.917712 13.452555
-15.918622 13.453691
-15.921225 13.451811
-15.929926 13.452365
-15.948683 13.450003
-15.962444 13.446359
-16.016403 13.439507
-16.073950 13.438817
-16.082138 13.436846
-16.090918 13.436591
-16.099985 13.436327
-16.108248 13.438724
-16.115400 13.444817
-16.119917 13.447963
-16.132864 13.449363
-16.132864 13.449363
-16.153177 13.452171
-16.153177 13.452171
-16.155905 13.450366
-16.164703 13.442863
-16.176813 13.436684
-16.195282 13.431550
-16.202961 13.427283
-16.198915 13.424360
-16.199106 13.421827
-16.219820 13.410676
-16.219820 13.410676
-16.222589 13.407870
-16.222589 13.407870
-16.226044 13.403903
-16.236040 13.397987
-16.240824 13.389399
-16.282299 13.357195
-16.301165 13.348368
-16.301165 13.348368
-16.304710 13.344523
-16.310690 13.342457
-16.310690 13.342457
-16.318783 13.335420
-16.324673 13.336470
-16.332041 13.341404
-16.339106 13.342434
-16.346390 13.340564
-16.386091 13.330360
-16.415609 13.326402
-16.423151 13.327881
-16.433100 13.332538
-16.453577 13.347821
-16.464226 13.352235
-16.466448 13.352596
-16.479538 13.354727
-16.513334 13.353442
-16.516710 13.358212
-16.514952 13.364683
-16.500990 13.384479
-16.495363 13.397687
-16.494732 13.427135
-16.497055 13.438364
-16.507267 13.457043
-16.513950 13.462674
-16.521532 13.465989
-16.552280 13.476944
-16.558956 13.482115
-16.559765 13.487619
-16.556210 13.498491
-16.544174 13.521012
-16.541822 13.533472
-16.540743 13.551199
-16.542543 13.559446
-16.546448 13.567196
-16.554588 13.575100
-16.558481 13.582159
-16.560143 13.588785
-16.560143 13.588785
-16.521782 13.588697
-16.452965 13.588644
-16.443819 13.589959
-16.437441 13.588465
-16.392815 13.588433
-16.338680 13.588387
-16.335119 13.586610
-16.316811 13.588312
-16.264086 13.588426
-16.136936 13.588657
-16.134926 13.588075
-16.132444 13.587355
-16.050394 13.588041
-16.050379 13.587122
-16.029911 13.586542
-16.006721 13.586598
-15.997229 13.586621
-15.990440 13.588343
-15.973719 13.586778
-15.898716 13.587075
-15.877789 13.586407
-15.831667 13.584928
-15.748570 13.585619
-15.619328 13.586646
-15.582698 13.586926
-15.550232 13.585801
-15.533557 13.586968
-15.515676 13.586312
-15.509822 13.587779
-15.490351 13.587440
-15.481128 13.587279
-15.479625 13.611445
-15.471869 13.641910
-15.457903 13.681431
-15.448707 13.695130
-15.446613 13.698070
-15.438117 13.709998
-15.413569 13.735184
-15.381220 13.758179
-15.368816 13.762494
-15.355049 13.770046
-15.345370 13.772151
-15.323389 13.776930
-15.306919 13.776931
-15.284267 13.772649
-15.243262 13.752294
-15.235725 13.751707
-15.222216 13.754016
-15.187974 13.768453
-15.166956 13.779314
-15.143179 13.794806
-15.108232 13.813214
-15.094366 13.820518
-15.079621 13.826229
-15.071154 13.826571
-15.049675 13.822024
-15.019125 13.808167
-15.014177 13.807772
-15.000000 13.802932
-14.987137 13.798541
-14.981078 13.796473
-14.972840 13.796349
-14.946548 13.800823
-14.922269 13.797682
-14.910982 13.798284
-14.893263 13.792988
-14.862738 13.779090
-14.839972 13.766751
-14.831731 13.760117
-14.816906 13.748181
-14.809261 13.739308
-14.800082 13.721028
-14.792671 13.693987
-14.790676 13.667341
-14.788959 13.661844
-14.778824 13.650322
-14.775352 13.646374
-14.759919 13.635064
-14.739071 13.623129
-14.719204 13.614169
-14.708844 13.613142
-14.700187 13.616464
-14.678742 13.631433
-14.667613 13.637119
-14.662621 13.639669
-14.644129 13.646553
-14.616471 13.654000
-14.616460 13.653081
-14.600482 13.654185
-14.600493 13.655105
-14.580962 13.654179
-14.566339 13.650666
-14.545871 13.641161
-14.532991 13.635179
-14.514248 13.621364
-14.499975 13.607727
-14.490666 13.596104
-14.471431 13.544200
-14.459772 13.528615
-14.446939 13.516799
-14.427030 13.502760
-14.390831 13.482226
-14.382767 13.475875
-14.369011 13.469786
-14.348280 13.460607
-14.333200 13.457088
-14.314167 13.457287
-14.247162 13.475917
-14.245204 13.476982
-14.233378 13.483416
-14.215922 13.498999
-14.210773 13.500890
-14.200287 13.509274
-14.169419 13.524069
-14.143904 13.533979
-14.133874 13.538826
-14.124961 13.543133
-14.120022 13.542951
-14.084866 13.552950
-14.082728 13.550901
-14.052850 13.548658
-14.034990 13.549288
-14.009632 13.558084
-14.005006 13.559688
-13.985816 13.568375
-13.964473 13.573400
-13.956005 13.573019
-13.955035 13.570039
-13.919399 13.556108
-13.892913 13.540023
-13.878470 13.529346
-13.859669 13.505139
-13.831680 13.478483
-13.819134 13.459841
-13.814757 13.453338
-13.805293 13.446522
-13.799096 13.437148
-13.797793 13.423593
-13.801623 13.406083
-13.807550 13.386717
-13.817928 13.366161
-13.829058 13.350657
-13.830791 13.349027
-13.841396 13.339051
-13.868250 13.322487
-13.888144 13.315181
-13.901279 13.313453
-13.904119 13.315496
-13.920300 13.313050
-13.935105 13.313835
-13.947073 13.312806
-13.948447 13.312388
-13.963465 13.307826
-13.984943 13.294979
-14.002965 13.288832
-14.025952 13.286085
-14.034383 13.283707
-14.047997 13.283116
-14.054833 13.285581
-14.063294 13.286190
-14.071024 13.285127
-14.095657 13.281738
-14.097908 13.281008
-14.113913 13.275811
-14.119952 13.269544
-14.127348 13.236126
-14.134292 13.226629
-14.141988 13.221724
-14.153234 13.219543
-14.156531 13.220430
-14.171541 13.218901
-14.188969 13.219031
-14.197841 13.219097
-14.239126 13.215689
-14.244774 13.216781
-14.265616 13.233125
-14.279739 13.236197
-14.298965 13.233698
-14.311883 13.234023
-14.350559 13.228096
-14.355270 13.229425
-14.369119 13.229048
-14.386073 13.233235
-14.409445 13.244022
-14.426262 13.256488
-14.431083 13.260444
-14.446180 13.272828
-14.463823 13.295171
-14.469478 13.296719
-14.499327 13.298457
-14.511109 13.301775
-14.514153 13.301051
-14.531347 13.304997
-14.542374 13.308945
-14.546916 13.310571
-14.568240 13.325736
-14.580647 13.341462
-14.587736 13.344831
-14.601791 13.341680
-14.623034 13.330856
-14.643240 13.331311
-14.654225 13.333329
-14.659720 13.334338
-14.705112 13.357259
-14.733751 13.373935
-14.749667 13.387541
-14.758661 13.402819
-14.760959 13.406721
-14.768794 13.413065
-14.776345 13.415504
-14.780086 13.414078
-14.803823 13.414479
-14.816067 13.416399
-14.830482 13.422660
-14.853495 13.439162
-14.863869 13.441793
-14.875103 13.442670
-14.889275 13.443776
-14.906943 13.447003
-14.923221 13.451627
-14.929571 13.452006
-14.940442 13.456468
-14.959374 13.466114
-14.970049 13.473336
-14.994779 13.485258
-14.995602 13.485655
-15.000000 13.488802
-15.048307 13.523372
-15.076172 13.548988
-15.076443 13.551515
-15.087215 13.565168
-15.089324 13.569082
-15.100255 13.589369
-15.110601 13.589462
-15.140285 13.577109
-15.163824 13.562766
-15.166883 13.562955
-15.175686 13.553868
-15.182899 13.548712
-15.190116 13.541036
-15.199104 13.531475
-15.205759 13.520348
-15.213869 13.496323
-15.215346 13.484804
-15.218518 13.476713
-15.217289 13.456954
-15.219450 13.444047
-15.224655 13.430408
-15.228769 13.424049
-15.235913 13.413007
-15.264867 13.384782
-15.271989 13.379099
-15.276012 13.375889
-15.281084 13.369379
-15.296222 13.360430
-15.353309 13.344908
-15.373714 13.342778
-15.383827 13.343554
-15.390349 13.348069
-15.404009 13.357523
-15.415379 13.363568
-15.422926 13.365529
-15.431368 13.364488
-15.448582 13.368608
-15.461142 13.375554
-15.469608 13.376121
-15.500779 13.386243
-15.510426 13.387020
-15.520695 13.382730
-15.536736 13.371914
-15.571092 13.345876
-15.572927 13.343089
-15.587646 13.338038
-15.603608 13.337339
-15.622967 13.342585
-15.625315 13.343221
-15.648961 13.352750
-15.670901 13.358395
-15.688050 13.358361
-15.724959 13.345603
-15.731770 13.345498
-15.746757 13.342300
-15.766649 13.338055
-15.789769 13.339759
-15.807810 13.341087
-15.810471 13.232406
-15.812263 13.159100
-15.866464 13.159309
-15.986701 13.159736
-15.995356 13.161315
-15.999419 13.162057
-16.005720 13.159883
-16.057594 13.159481
-16.072426 13.161763
-16.077791 13.159834
-16.123405 13.160753
-16.158579 13.161457
-16.218657 13.160196
-16.252426 13.160519
-16.372690 13.161634
-16.381334 13.160173
-16.387901 13.159063
-16.395929 13.161449
-16.509914 13.162452
-16.638954 13.163529
-16.652578 13.163640
-16.672274 13.162349
-16.688410 13.163771
-16.690733 13.161882
-16.708462 13.156266
-16.713305 13.151807
-16.715094 13.147174
-16.711933 13.141481
-16.710888 13.135981
-16.711716 13.130215
-16.718668 13.125717
-16.725767 13.116615
-16.733242 13.114867
-16.733978 13.116464
-16.738205 13.116616
