> equatorial_guinea 0
8.877951 3.762323
8.881595 3.767171
8.884570 3.767874
8.898568 3.764026
8.903420 3.755536
8.909842 3.754414
8.915600 3.748458
8.916338 3.737648
8.921402 3.732840
8.922359 3.724332
8.931560 3.717011
8.933880 3.710809
8.934314 3.707554
8.936729 3.689427
8.936097 3.677691
8.937982 3.666656
8.937553 3.660213
8.931009 3.638558
8.918271 3.618716
8.906190 3.605319
8.901426 3.595175
8.898455 3.593781
8.891190 3.579485
8.855896 3.533315
8.847751 3.511882
8.826181 3.471294
8.816854 3.457448
8.810914 3.454200
8.809150 3.440159
8.810313 3.436254
8.808504 3.431414
8.811741 3.425218
8.807639 3.420828
8.799874 3.415961
8.792825 3.405116
8.788011 3.406013
8.778661 3.397228
8.770658 3.394431
8.767235 3.391654
8.765660 3.385665
8.771258 3.364987
8.769803 3.360696
8.769226 3.358996
8.771592 3.343594
8.764616 3.318026
8.760755 3.311337
8.742988 3.291240
8.714729 3.262351
8.711327 3.255663
8.701785 3.239975
8.698858 3.229840
8.693611 3.225674
8.684744 3.212749
8.677887 3.209956
8.669626 3.213137
8.647348 3.225683
8.632665 3.230904
8.628541 3.231114
8.624435 3.227874
8.620543 3.227625
8.594589 3.242222
8.569860 3.241181
8.562553 3.236775
8.557748 3.236061
8.549720 3.238322
8.517800 3.254728
8.495354 3.255077
8.483658 3.258009
8.477456 3.261429
8.465281 3.268270
8.459559 3.267550
8.447601 3.276692
8.442496 3.289319
8.443840 3.295077
8.440598 3.298640
8.439463 3.299886
8.439658 3.306328
8.429961 3.321003
8.430836 3.328829
8.427376 3.333412
8.424582 3.342140
8.425008 3.348123
8.423114 3.359617
8.425580 3.369751
8.424591 3.383549
8.430037 3.393469
8.436095 3.417425
8.440599 3.431942
8.449470 3.444179
8.455135 3.455940
8.459461 3.461023
8.466772 3.464741
8.470182 3.469819
8.477949 3.473999
8.482756 3.474943
8.486449 3.469440
8.511885 3.468186
8.519453 3.466613
8.541675 3.466723
8.555669 3.462881
8.561624 3.463140
8.573735 3.468951
8.576921 3.473337
8.581443 3.484862
8.583403 3.504887
8.582014 3.507640
8.573506 3.513810
8.573258 3.517490
8.582788 3.535481
8.587129 3.538033
8.591242 3.540123
8.604695 3.552842
8.608332 3.558611
8.609636 3.572420
8.607998 3.579314
8.607290 3.583222
8.611134 3.593593
8.608794 3.603014
8.612303 3.634089
8.611360 3.639376
8.612401 3.660086
8.616265 3.666086
8.622432 3.670258
8.625820 3.679936
8.630830 3.686172
8.649063 3.705814
8.678411 3.748516
8.682492 3.757277
8.684313 3.764618
8.685863 3.770867
8.689963 3.775718
8.695686 3.777125
8.700703 3.782210
8.719477 3.785980
8.729139 3.778433
8.730760 3.775220
8.726668 3.768299
8.728986 3.763018
8.733124 3.760507
8.745960 3.759877
8.756724 3.761308
8.762483 3.755352
8.767297 3.754915
8.776912 3.757030
8.779430 3.757502
8.783762 3.762123
8.787199 3.762369
8.790651 3.759164
8.800271 3.760359
8.806035 3.753253
8.809244 3.753038
8.816329 3.756982
8.843381 3.755035
8.856191 3.759924
8.867648 3.760206
8.872671 3.764140
8.877951 3.762323
> equatorial_guinea 1
9.502096 0.973963
9.500711 0.977634
9.500892 0.989812
9.502463 0.996481
9.505209 0.995342
9.509588 0.985249
9.510069 0.979277
9.505064 0.974434
9.502096 0.973963
> equatorial_guinea 2
9.316606 0.872849
9.309262 0.881090
9.306293 0.881308
9.300824 0.878529
9.299447 0.880132
9.303984 0.887271
9.304219 0.890291
9.306150 0.915078
9.308186 0.919911
9.319822 0.922485
9.323491 0.919053
9.329659 0.918848
9.331719 0.917478
9.333639 0.895201
9.343517 0.881455
9.342611 0.879614
9.340098 0.879834
9.332582 0.875210
9.321386 0.876314
9.318888 0.873087
9.316606 0.872849
> equatorial_guinea 3
9.843795 2.257460
9.847888 2.246572
9.851289 2.246211
9.867175 2.239055
9.871077 2.235388
9.881839 2.232204
9.884364 2.229683
9.888283 2.221187
9.894689 2.220748
9.899735 2.216626
9.902956 2.211347
9.904057 2.195908
9.907693 2.191773
9.912864 2.190762
9.921597 2.200159
9.925637 2.200843
9.935264 2.195355
9.941158 2.193359
9.946027 2.191710
9.963879 2.188548
9.982674 2.177340
9.989770 2.175523
9.995481 2.177840
10.000000 2.176527
10.025244 2.169195
10.029829 2.165990
10.029829 2.165990
10.040822 2.161885
10.046070 2.165810
10.049466 2.176168
10.052895 2.181641
10.054735 2.173885
10.060708 2.165855
10.072153 2.163131
10.101442 2.163627
10.108512 2.166000
10.113773 2.165556
10.119963 2.161436
10.124999 2.160071
10.130023 2.162616
10.142385 2.174249
10.148010 2.175465
10.152464 2.174575
10.159350 2.175499
10.162011 2.173058
10.164320 2.166396
10.172578 2.158832
10.193963 2.172673
10.197903 2.172961
10.250404 2.172880
10.288932 2.172818
10.303561 2.174286
10.330331 2.172604
10.373321 2.174007
10.376003 2.173835
10.389793 2.172953
10.501725 2.172817
10.521534 2.172791
10.598833 2.173917
10.627455 2.173016
10.636120 2.172744
10.640686 2.174149
10.669732 2.174309
10.752992 2.174096
10.878742 2.173757
10.899592 2.173699
10.962938 2.175177
10.962944 2.174257
11.003565 2.173978
11.039794 2.173728
11.129312 2.174499
11.166495 2.174817
11.182450 2.186166
11.191137 2.187128
11.203520 2.180517
11.228024 2.173735
11.248872 2.173765
11.334608 2.173887
11.332394 2.157208
11.335542 2.119499
11.334217 2.109372
11.333518 2.035035
11.333143 1.995282
11.334542 1.989539
11.332970 1.983551
11.335158 1.909009
11.335684 1.891106
11.333108 1.854756
11.334558 1.837744
11.333660 1.834291
11.334758 1.782873
11.334828 1.779562
11.333602 1.748050
11.334772 1.692865
11.333673 1.683431
11.334345 1.656568
11.334794 1.638596
11.334736 1.552367
11.333460 1.531897
11.333480 1.530210
11.334928 1.412115
11.334403 1.403843
11.333863 1.395326
11.335724 1.388208
11.334220 1.367509
11.333604 1.303135
11.334613 1.277801
11.334638 1.277163
11.333388 1.152335
11.333409 1.151441
11.335099 1.078560
11.334886 1.025108
11.334782 0.999263
11.316749 0.997110
11.235023 0.997544
11.202552 0.997714
11.176980 0.996211
11.172634 0.997569
11.159388 0.997504
11.152985 0.999311
11.124902 0.997335
11.121010 0.999384
11.110581 0.998212
11.103889 0.997460
11.048389 0.997872
11.021219 0.996356
11.015731 0.997707
10.996089 0.997837
10.996094 0.996918
10.986266 0.998268
10.967319 0.998193
10.841750 0.997279
10.835307 0.997232
10.799672 0.998421
10.788943 0.997445
10.716242 0.997639
10.590671 0.997958
10.465098 0.998258
10.446812 0.998300
10.442939 0.996669
10.433340 0.997763
10.339917 0.998616
10.295157 0.999020
10.284431 0.997807
10.214417 0.997254
10.162704 0.996841
10.130491 0.998482
10.124562 0.997067
10.109482 0.998123
10.091674 0.997093
10.089143 0.997451
10.074530 0.999515
10.071342 0.997886
10.000000 0.997650
9.996741 0.997639
9.997267 0.996447
9.999027 0.992448
9.995394 0.986233
9.996550 0.982102
9.989942 0.977486
9.990138 0.972013
9.990446 0.963472
9.992290 0.958653
9.997092 0.956601
9.994371 0.950849
9.995758 0.946028
9.995758 0.946028
9.989843 0.938887
9.995790 0.936379
9.996255 0.934083
9.992161 0.929245
9.986687 0.926931
9.980971 0.928751
9.970697 0.927799
9.962025 0.925933
9.956104 0.920860
9.949936 0.921300
9.942615 0.925412
9.930238 0.938008
9.908062 0.944369
9.907272 0.944751
9.907272 0.944751
9.900513 0.948020
9.894779 0.954664
9.892340 0.965038
9.884884 0.976708
9.878224 0.982410
9.842038 0.998034
9.806890 0.997133
9.805959 0.997109
9.790192 0.998384
9.788956 1.012856
9.786138 1.024789
9.760633 1.048064
9.748417 1.064992
9.743370 1.068406
9.736285 1.069049
9.722600 1.067503
9.699538 1.064897
9.671225 1.063558
9.665299 1.061179
9.665299 1.061179
9.661846 1.068520
9.661846 1.068520
9.657051 1.067813
9.650673 1.063195
9.645194 1.062257
9.642244 1.057191
9.637234 1.053267
9.633356 1.052358
9.626280 1.050700
9.618079 1.044697
9.608260 1.043972
9.601885 1.038664
9.587293 1.031948
9.580613 1.046169
9.581272 1.053065
9.578954 1.061787
9.562825 1.097343
9.560876 1.100467
9.555240 1.109493
9.539645 1.125061
9.532321 1.128481
9.525929 1.127308
9.512876 1.135531
9.508761 1.136206
9.499410 1.132494
9.495292 1.134087
9.481124 1.135182
9.475897 1.128499
9.467010 1.122721
9.460163 1.121316
9.456995 1.118563
9.453789 1.115777
9.440326 1.112279
9.421602 1.110139
9.420251 1.105308
9.415011 1.101841
9.413890 1.096782
9.412063 1.096775
9.404718 1.105248
9.402430 1.106159
9.400383 1.104083
9.396042 1.104295
9.391482 1.101980
9.389647 1.104041
9.388701 1.111620
9.376501 1.134321
9.372163 1.133844
9.369509 1.136871
9.368949 1.137508
9.366219 1.134970
9.361853 1.140927
9.364358 1.142776
9.366156 1.150136
9.364079 1.154953
9.354425 1.169163
9.348252 1.170287
9.346865 1.174418
9.348680 1.177412
9.357811 1.179057
9.365561 1.183224
9.371071 1.176811
9.371048 1.182326
9.375366 1.187858
9.378965 1.201430
9.381909 1.207646
9.387376 1.211804
9.389857 1.219397
9.389142 1.226748
9.393894 1.237797
9.393186 1.243539
9.400432 1.259424
9.398333 1.269758
9.400145 1.273671
9.410624 1.281296
9.416106 1.281547
9.421369 1.279729
9.425248 1.280892
9.431839 1.289651
9.434535 1.300692
9.437725 1.303003
9.443853 1.312908
9.455713 1.318469
9.459354 1.322160
9.463657 1.331599
9.462717 1.338031
9.463793 1.354812
9.465846 1.355510
9.459783 1.386054
9.460450 1.390423
9.467052 1.396884
9.472743 1.408310
9.476572 1.415996
9.490925 1.427083
9.515548 1.441425
9.531711 1.457345
9.539461 1.462430
9.542828 1.478072
9.545550 1.483139
9.550111 1.485684
9.558105 1.487093
9.560663 1.485429
9.561892 1.480002
9.555696 1.460192
9.556055 1.451547
9.567522 1.442141
9.564769 1.449876
9.559761 1.452287
9.558167 1.456727
9.564466 1.478868
9.563875 1.482597
9.562215 1.486729
9.564032 1.490980
9.569017 1.501614
9.578716 1.534748
9.583715 1.542352
9.585289 1.549024
9.593244 1.560776
9.594337 1.573422
9.606639 1.583811
9.606621 1.588638
9.611196 1.587735
9.613462 1.592571
9.619634 1.592593
9.619634 1.592593
9.622608 1.591914
9.628087 1.593773
9.628087 1.593773
9.626694 1.599285
9.619802 1.608225
9.615224 1.610277
9.607411 1.620823
9.609852 1.639911
9.609838 1.643806
9.609775 1.660140
9.612033 1.667275
9.622287 1.675817
9.623404 1.682718
9.630469 1.688031
9.636408 1.689201
9.642783 1.695891
9.645963 1.701419
9.649848 1.701663
9.658287 1.706751
9.660321 1.712965
9.663518 1.713896
9.663727 1.718954
9.676255 1.738005
9.681911 1.746606
9.688996 1.747320
9.696752 1.751945
9.731371 1.787010
9.743619 1.813491
9.741554 1.815323
9.742911 1.819467
9.742192 1.828430
9.743776 1.833322
9.743776 1.833322
9.742741 1.836237
9.742741 1.836237
9.739413 1.837847
9.739405 1.840376
9.749884 1.850528
9.758097 1.855614
9.761510 1.860224
9.760345 1.865738
9.763997 1.867590
9.774969 1.868547
9.780437 1.873854
9.791801 1.892515
9.792467 1.898266
9.790392 1.903087
9.791986 1.904931
9.798846 1.904495
9.802726 1.906807
9.807507 1.912571
9.809422 1.919633
9.810440 1.923387
9.813622 1.928916
9.813622 1.928916
9.815275 1.931235
9.815275 1.931235
9.810616 1.938103
9.807757 1.946985
9.803447 1.960381
9.792520 2.009778
9.788144 2.018271
9.783748 2.032282
9.775382 2.068814
9.765231 2.092693
9.767688 2.109027
9.782738 2.121495
9.785857 2.128129
9.787503 2.131629
9.790673 2.140608
9.795597 2.170288
9.792556 2.189134
9.795647 2.219729
9.789654 2.252294
9.788880 2.256499
9.791583 2.268007
9.790635 2.277202
9.779765 2.309591
9.778591 2.317865
9.780396 2.325001
9.784730 2.328465
9.793875 2.329876
9.802311 2.337723
9.814895 2.337536
9.817861 2.339846
9.822182 2.346989
9.822182 2.346989
9.828600 2.339253
9.833010 2.329390
9.834263 2.312374
9.831374 2.299243
9.831199 2.290960
9.843795 2.257460
