> comoros 0
         43.248390        -11.675762
         43.250530        -11.673497
         43.252026        -11.667999
         43.248913        -11.645167
         43.249763        -11.622861
         43.247807        -11.600739
         43.253185        -11.586562
         43.254726        -11.578698
         43.257278        -11.565691
         43.254349        -11.559429
         43.253090        -11.551125
         43.253822        -11.535720
         43.264805        -11.507601
         43.265129        -11.502315
         43.258404        -11.472288
         43.257465        -11.458926
         43.256176        -11.456216
         43.252060        -11.447560
         43.255943        -11.438882
         43.255322        -11.434270
         43.257526        -11.428094
         43.258656        -11.416608
         43.268650        -11.391464
         43.276245        -11.383998
         43.292255        -11.375522
         43.301830        -11.374990
         43.306568        -11.370697
         43.319946        -11.368193
         43.325760        -11.367104
         43.331200        -11.362822
         43.346371        -11.362382
         43.364918        -11.369589
         43.370533        -11.368531
         43.381687        -11.371244
         43.384647        -11.375665
         43.385670        -11.384425
         43.388180        -11.387688
         43.390167        -11.394623
         43.399738        -11.408355
         43.402134        -11.418748
         43.402195        -11.428215
         43.402199        -11.428873
         43.405117        -11.435823
         43.398327        -11.451361
         43.394039        -11.470618
         43.388546        -11.478123
         43.387039        -11.484541
         43.389568        -11.500919
         43.395390        -11.515970
         43.391811        -11.534551
         43.392647        -11.548810
         43.392906        -11.553206
         43.391537        -11.565380
         43.386024        -11.573804
         43.384293        -11.579758
         43.384140        -11.602996
         43.380268        -11.611217
         43.381546        -11.618601
         43.387806        -11.635270
         43.387161        -11.646074
         43.390526        -11.654413
         43.401558        -11.666547
         43.401997        -11.667025
         43.408245        -11.670348
         43.411350        -11.680293
         43.417332        -11.685912
         43.418575        -11.695597
         43.421928        -11.704625
         43.424927        -11.706974
         43.427612        -11.714151
         43.441017        -11.737147
         43.443436        -11.746390
         43.443058        -11.755129
         43.446529        -11.771522
         43.445271        -11.779402
         43.444183        -11.786211
         43.458302        -11.823254
         43.461079        -11.824909
         43.472290        -11.839584
         43.471767        -11.843028
         43.474449        -11.850434
         43.479305        -11.853733
         43.487232        -11.869277
         43.496235        -11.876323
         43.498497        -11.880960
         43.499310        -11.888567
         43.502571        -11.889309
         43.504162        -11.892096
         43.503872        -11.895542
         43.500511        -11.901011
         43.489658        -11.907052
         43.487747        -11.909553
         43.490730        -11.913052
         43.487034        -11.924727
         43.483974        -11.925830
         43.478374        -11.925280
         43.477177        -11.927102
         43.479225        -11.930356
         43.477558        -11.932401
         43.460365        -11.939949
         43.454273        -11.940771
         43.446587        -11.939037
         43.426933        -11.925605
         43.423721        -11.922336
         43.419807        -11.918357
         43.414825        -11.908612
         43.399494        -11.902611
         43.387539        -11.890680
         43.380226        -11.880437
         43.375515        -11.868625
         43.371613        -11.864419
         43.362820        -11.858983
         43.353054        -11.856062
         43.326862        -11.858294
         43.312325        -11.859532
         43.297871        -11.857222
         43.271698        -11.843209
         43.263897        -11.834795
         43.259129        -11.826661
         43.254768        -11.808180
         43.251175        -11.799606
         43.244072        -11.791433
         43.237164        -11.786175
         43.229542        -11.780374
         43.228764        -11.771155
         43.226254        -11.767662
         43.224983        -11.760047
         43.219452        -11.755582
         43.215790        -11.737572
         43.216358        -11.731829
         43.228642        -11.710405
         43.233040        -11.699204
         43.242432        -11.682796
         43.248390        -11.675762
> comoros 1
         44.453754        -12.069836
         44.458702        -12.067137
         44.465729        -12.066304
         44.470158        -12.067739
         44.481014        -12.078458
         44.487225        -12.086818
         44.491051        -12.098829
         44.490547        -12.101584
         44.484840        -12.108876
         44.486416        -12.113957
         44.494259        -12.122798
         44.493633        -12.124799
         44.493038        -12.126695
         44.496513        -12.129498
         44.506065        -12.170111
         44.514851        -12.178732
         44.518944        -12.188215
         44.519253        -12.200873
         44.521458        -12.211944
         44.529057        -12.221931
         44.527348        -12.227661
         44.531399        -12.240596
         44.532421        -12.252572
         44.537556        -12.253555
         44.538223        -12.256325
         44.530460        -12.259681
         44.528057        -12.264713
         44.528690        -12.270243
         44.526566        -12.271598
         44.524429        -12.274103
         44.525196        -12.287686
         44.527180        -12.297605
         44.531723        -12.308703
         44.529552        -12.332605
         44.532738        -12.340007
         44.534073        -12.345775
         44.530148        -12.359992
         44.530521        -12.367819
         44.527172        -12.373301
         44.524086        -12.376714
         44.514908        -12.380282
         44.510693        -12.380461
         44.497871        -12.375703
         44.490910        -12.370785
         44.492031        -12.356074
         44.490929        -12.350538
         44.484489        -12.341256
         44.478180        -12.334555
         44.463005        -12.318442
         44.457409        -12.316762
         44.450672        -12.312536
         44.439915        -12.311712
         44.432034        -12.305401
         44.429104        -12.296621
         44.422188        -12.288252
         44.417782        -12.284975
         44.407059        -12.281389
         44.401730        -12.277180
         44.391426        -12.259334
         44.387043        -12.254446
         44.379181        -12.247213
         44.348446        -12.234857
         44.342846        -12.233634
         44.335835        -12.235006
         44.331818        -12.235792
         44.319180        -12.235629
         44.260605        -12.205415
         44.242912        -12.198509
         44.232735        -12.189631
         44.221020        -12.183791
         44.214863        -12.178809
         44.211205        -12.172548
         44.203537        -12.168534
         44.206619        -12.165585
         44.214607        -12.163390
         44.227440        -12.166092
         44.233723        -12.168476
         44.243660        -12.177811
         44.274223        -12.184425
         44.278732        -12.179883
         44.283630        -12.181097
         44.290047        -12.191304
         44.293392        -12.192081
         44.298443        -12.193254
         44.308033        -12.193609
         44.309708        -12.190870
         44.312984        -12.190912
         44.315845        -12.186809
         44.317707        -12.187523
         44.319298        -12.191225
         44.325851        -12.191079
         44.334835        -12.184293
         44.349094        -12.185396
         44.373730        -12.180189
         44.390285        -12.166595
         44.399563        -12.154978
         44.401779        -12.155109
         44.409382        -12.155562
         44.412670        -12.154453
         44.416481        -12.149439
         44.422146        -12.127192
         44.430195        -12.119930
         44.431164        -12.117182
         44.431225        -12.112581
         44.428253        -12.107021
         44.418983        -12.100232
         44.417423        -12.094231
         44.420532        -12.088978
         44.444530        -12.078004
         44.453754        -12.069836
> comoros 2
         43.726341        -12.265296
         43.729149        -12.265339
         43.748329        -12.281503
         43.754597        -12.285048
         43.762779        -12.285631
         43.766960        -12.287764
         43.768982        -12.293546
         43.771980        -12.296351
         43.787296        -12.305323
         43.793278        -12.312314
         43.799534        -12.316548
         43.803040        -12.317060
         43.808453        -12.315069
         43.811214        -12.318332
         43.816143        -12.317484
         43.819603        -12.320986
         43.829620        -12.324354
         43.832367        -12.328536
         43.835175        -12.329968
         43.848167        -12.336591
         43.849979        -12.340528
         43.853237        -12.341956
         43.854996        -12.349575
         43.864902        -12.360534
         43.865723        -12.368368
         43.863297        -12.374085
         43.865551        -12.379869
         43.862263        -12.380512
         43.861301        -12.382339
         43.862907        -12.384434
         43.862396        -12.387417
         43.860985        -12.387856
         43.851715        -12.381279
         43.832130        -12.375470
         43.821369        -12.374622
         43.815403        -12.370514
         43.814880        -12.370155
         43.811081        -12.373780
         43.808754        -12.372826
         43.809731        -12.370079
         43.808357        -12.367988
         43.785198        -12.366495
         43.777081        -12.361313
         43.772621        -12.361937
         43.770695        -12.365358
         43.770336        -12.373636
         43.763927        -12.363877
         43.750736        -12.353786
         43.746536        -12.352803
         43.740131        -12.358230
         43.740536        -12.362377
         43.739109        -12.363736
         43.730999        -12.358092
         43.723515        -12.357519
         43.719540        -12.357230
         43.716702        -12.359028
         43.716389        -12.364084
         43.708706        -12.361208
         43.707096        -12.359343
         43.707176        -12.354053
         43.702290        -12.352138
         43.699215        -12.354161
         43.694580        -12.351100
         43.691982        -12.352441
         43.689583        -12.352474
         43.684021        -12.352551
         43.682106        -12.355283
         43.679752        -12.355937
         43.674393        -12.354245
         43.669914        -12.356248
         43.664871        -12.349268
         43.662300        -12.348998
         43.654976        -12.353028
         43.654385        -12.346116
         43.658855        -12.344574
         43.661034        -12.340006
         43.656372        -12.323828
         43.650616        -12.317528
         43.643650        -12.313739
         43.636845        -12.314785
         43.633377        -12.311971
         43.630527        -12.314688
         43.627960        -12.314188
         43.629948        -12.306856
         43.627769        -12.296468
         43.626900        -12.292314
         43.621803        -12.288784
         43.619980        -12.285764
         43.620274        -12.281857
         43.616333        -12.279495
         43.618996        -12.273785
         43.617462        -12.267318
         43.622124        -12.253584
         43.626163        -12.249735
         43.635513        -12.250569
         43.641476        -12.243528
         43.644993        -12.243122
         43.648705        -12.245250
         43.650387        -12.242515
         43.653896        -12.242568
         43.655663        -12.249497
         43.658443        -12.251151
         43.668789        -12.248318
         43.670395        -12.250413
         43.679745        -12.251246
         43.682751        -12.253592
         43.684757        -12.253730
         43.691402        -12.254184
         43.704388        -12.261974
         43.711605        -12.264614
         43.721642        -12.266376
         43.726341        -12.265296
> comoros 3
         43.701820        -12.412642
         43.699036        -12.396034
         43.696327        -12.389321
         43.697788        -12.385892
         43.701561        -12.384109
         43.705261        -12.387156
         43.702641        -12.390107
         43.702343        -12.394014
         43.705387        -12.409245
         43.701820        -12.412642
> comoros 4
         43.667313        -12.396729
         43.668415        -12.410756
         43.666557        -12.413821
         43.662334        -12.406672
         43.661575        -12.398696
         43.658348        -12.394512
         43.668190        -12.389518
         43.669201        -12.391894
         43.667313        -12.396729
> comoros 5
         43.655708        -12.399629
         43.654613        -12.402117
         43.647995        -12.403036
         43.644352        -12.405334
         43.643021        -12.404280
         43.642746        -12.402800
         43.653549        -12.394431
         43.656990        -12.394932
         43.655708        -12.399629
> comoros 6
         43.714302        -12.408230
         43.710888        -12.401966
         43.709789        -12.397118
         43.711216        -12.395759
         43.715504        -12.406407
         43.714302        -12.408230
