> liberia 0
-9.421330 8.000000
-9.411776 7.986394
-9.409732 7.979505
-9.411833 7.972631
-9.423147 7.965106
-9.432427 7.947937
-9.428607 7.924752
-9.424505 7.914182
-9.430327 7.898146
-9.430327 7.898146
-9.423958 7.872638
-9.423477 7.862288
-9.417027 7.852179
-9.410916 7.846611
-9.410916 7.846611
-9.406637 7.835647
-9.395863 7.824591
-9.390400 7.809196
-9.387190 7.806201
-9.382818 7.805495
-9.378685 7.802954
-9.369487 7.803680
-9.369487 7.803680
-9.359363 7.796106
-9.354752 7.780309
-9.355983 7.778250
-9.355983 7.778250
-9.356769 7.776936
-9.357389 7.775104
-9.355328 7.772801
-9.349106 7.774152
-9.348203 7.770019
-9.350548 7.759702
-9.348963 7.753501
-9.343918 7.748662
-9.351110 7.735152
-9.351871 7.718404
-9.362742 7.705827
-9.369237 7.693922
-9.370667 7.681994
-9.368204 7.665462
-9.372199 7.645742
-9.369238 7.638157
-9.365088 7.632481
-9.363516 7.630331
-9.356620 7.628008
-9.354559 7.625704
-9.357147 7.612175
-9.376374 7.582417
-9.378515 7.565443
-9.399380 7.528805
-9.399508 7.523986
-9.399652 7.518477
-9.405447 7.508401
-9.418715 7.471729
-9.429801 7.461674
-9.433975 7.454116
-9.443891 7.449106
-9.451283 7.442020
-9.456379 7.433776
-9.460887 7.418865
-9.471071 7.385170
-9.477537 7.379457
-9.478702 7.375787
-9.477838 7.362011
-9.468146 7.368859
-9.462364 7.375953
-9.456549 7.391769
-9.446619 7.400223
-9.415713 7.417775
-9.410858 7.423495
-9.408328 7.423026
-9.405580 7.420031
-9.403141 7.413938
-9.400795 7.408075
-9.396964 7.388548
-9.393971 7.388764
-9.389127 7.391959
-9.384296 7.391480
-9.380609 7.393072
-9.372733 7.405436
-9.360737 7.412733
-9.359779 7.421682
-9.350083 7.429217
-9.345252 7.428967
-9.337444 7.425263
-9.330085 7.424086
-9.324555 7.425669
-9.320625 7.430015
-9.309584 7.429050
-9.300179 7.422125
-9.295266 7.422637
-9.290095 7.412213
-9.288297 7.402335
-9.289948 7.392701
-9.288587 7.388104
-9.274587 7.379552
-9.266762 7.379978
-9.259104 7.383443
-9.259104 7.383443
-9.227324 7.389378
-9.211778 7.385181
-9.207747 7.383283
-9.207747 7.383283
-9.202100 7.380623
-9.203797 7.360659
-9.206121 7.355389
-9.206140 7.351256
-9.201347 7.341824
-9.201336 7.340019
-9.201209 7.320703
-9.190242 7.303209
-9.181978 7.298810
-9.160678 7.276680
-9.153790 7.273436
-9.134002 7.274039
-9.120646 7.276506
-9.116056 7.273731
-9.113697 7.257340
-9.113606 7.256712
-9.110641 7.252284
-9.104943 7.250193
-9.103936 7.242940
-9.094152 7.225818
-9.095643 7.222988
-9.096519 7.218314
-9.104618 7.207559
-9.105797 7.201135
-9.104451 7.193552
-9.092455 7.201077
-9.084396 7.202648
-9.065999 7.200960
-9.053303 7.210546
-9.040385 7.218066
-9.035995 7.222409
-9.031807 7.232721
-9.016803 7.243674
-9.004267 7.242959
-9.003693 7.242927
-8.992848 7.249766
-8.976520 7.248314
-8.963851 7.251700
-8.958548 7.254201
-8.956691 7.257866
-8.957124 7.263608
-8.953183 7.269789
-8.948354 7.269308
-8.944469 7.263550
-8.941023 7.262616
-8.937790 7.265126
-8.937763 7.270866
-8.933381 7.273372
-8.937709 7.282574
-8.937005 7.285556
-8.928959 7.284141
-8.920876 7.287661
-8.919045 7.288458
-8.915597 7.287982
-8.906465 7.272788
-8.907186 7.266363
-8.905592 7.262683
-8.902840 7.261062
-8.863511 7.258125
-8.848072 7.263333
-8.833481 7.283467
-8.833461 7.287600
-8.835728 7.291850
-8.838249 7.296576
-8.837764 7.301854
-8.833366 7.307343
-8.833114 7.311933
-8.837683 7.318842
-8.837190 7.325727
-8.841990 7.332407
-8.846082 7.342757
-8.845829 7.347347
-8.835393 7.364515
-8.815492 7.387836
-8.811285 7.401360
-8.806678 7.402486
-8.800807 7.407611
-8.796741 7.411161
-8.792145 7.409762
-8.788452 7.412040
-8.782475 7.410863
-8.779937 7.412229
-8.774291 7.437682
-8.776334 7.443430
-8.775391 7.448017
-8.772388 7.450298
-8.757180 7.454356
-8.746294 7.468765
-8.726861 7.489559
-8.715302 7.500290
-8.709048 7.508294
-8.706717 7.514249
-8.712394 7.529655
-8.711278 7.536139
-8.710736 7.539287
-8.711619 7.546636
-8.719451 7.545297
-8.721744 7.547143
-8.722639 7.552197
-8.713738 7.583598
-8.711582 7.600800
-8.704133 7.617746
-8.704331 7.624173
-8.707272 7.634744
-8.706784 7.640020
-8.701015 7.646246
-8.700379 7.646679
-8.700379 7.646679
-8.687576 7.655399
-8.676616 7.668808
-8.670298 7.687928
-8.666122 7.693086
-8.659362 7.696163
-8.600698 7.694084
-8.559731 7.692630
-8.557989 7.684766
-8.557989 7.684766
-8.556175 7.676572
-8.554747 7.649656
-8.565241 7.625896
-8.559104 7.619720
-8.559104 7.619720
-8.553959 7.614541
-8.544582 7.605104
-8.487146 7.571210
-8.472179 7.554582
-8.464485 7.536433
-8.456750 7.526564
-8.433965 7.517145
-8.414106 7.493816
-8.413899 7.489981
-8.413899 7.489981
-8.413670 7.485687
-8.407968 7.476017
-8.409615 7.469140
-8.405540 7.456264
-8.404446 7.445699
-8.409828 7.428970
-8.398888 7.409172
-8.393908 7.393766
-8.393723 7.385272
-8.395502 7.374587
-8.395862 7.372427
-8.389882 7.328779
-8.386020 7.319576
-8.372768 7.302058
-8.360456 7.281331
-8.360032 7.274441
-8.353367 7.273258
-8.351768 7.270954
-8.351200 7.263449
-8.351125 7.262456
-8.352303 7.257181
-8.356242 7.251921
-8.356494 7.247790
-8.360893 7.242763
-8.357258 7.234249
-8.346009 7.229597
-8.335712 7.219210
-8.331371 7.213676
-8.330495 7.205637
-8.325001 7.200556
-8.318089 7.202585
-8.314186 7.200957
-8.307551 7.194263
-8.303639 7.194472
-8.301838 7.187345
-8.294249 7.186844
-8.290595 7.181774
-8.287147 7.181296
-8.284136 7.185183
-8.278384 7.185152
-8.276108 7.180778
-8.278466 7.170228
-8.275783 7.156208
-8.277879 7.151397
-8.291557 7.140387
-8.292897 7.139307
-8.294302 7.134953
-8.291635 7.117717
-8.299383 7.088826
-8.299418 7.082397
-8.294874 7.072040
-8.295620 7.061709
-8.287693 7.039163
-8.287086 7.024003
-8.285034 7.020548
-8.283604 7.020183
-8.278604 7.018906
-8.276087 7.016595
-8.278174 7.013391
-8.274739 7.010618
-8.273610 7.006707
-8.276395 7.002130
-8.283549 6.997805
-8.284752 6.987936
-8.286834 6.985881
-8.293055 6.983847
-8.302542 6.973335
-8.309667 6.974291
-8.313365 6.970866
-8.321650 6.969762
-8.324889 6.966105
-8.321476 6.959426
-8.322192 6.954607
-8.318330 6.945860
-8.317928 6.935064
-8.315239 6.922189
-8.309087 6.911592
-8.308886 6.906307
-8.310746 6.902414
-8.314672 6.899449
-8.324562 6.899042
-8.326184 6.896754
-8.322995 6.891225
-8.329916 6.887128
-8.331326 6.881393
-8.332027 6.879560
-8.318130 6.855370
-8.316067 6.854210
-8.311661 6.861077
-8.308434 6.862208
-8.307361 6.848192
-8.313154 6.839955
-8.321478 6.831731
-8.323806 6.826460
-8.316761 6.811034
-8.318148 6.809663
-8.324124 6.809925
-8.327171 6.799376
-8.331454 6.796606
-8.340554 6.790719
-8.342883 6.785218
-8.342912 6.779935
-8.338418 6.760617
-8.340052 6.756032
-8.342801 6.757884
-8.343698 6.762023
-8.346225 6.762496
-8.349452 6.760906
-8.353127 6.761844
-8.355898 6.759562
-8.356845 6.754513
-8.355739 6.746469
-8.360830 6.740064
-8.364487 6.744447
-8.367708 6.744005
-8.369819 6.736206
-8.375125 6.732789
-8.379268 6.731892
-8.383197 6.728237
-8.380423 6.725236
-8.379996 6.724774
-8.374711 6.724288
-8.378195 6.717644
-8.382556 6.719046
-8.385758 6.722049
-8.388979 6.721836
-8.391068 6.718172
-8.388106 6.713103
-8.405842 6.706994
-8.407474 6.702638
-8.402459 6.694571
-8.404552 6.689988
-8.401834 6.682393
-8.404379 6.679421
-8.408985 6.677836
-8.415007 6.669598
-8.418229 6.668926
-8.423039 6.672167
-8.425580 6.669884
-8.429995 6.657491
-8.430481 6.656126
-8.432560 6.654299
-8.435316 6.654773
-8.439889 6.659621
-8.443108 6.659407
-8.447732 6.654607
-8.448679 6.649329
-8.447576 6.640594
-8.448979 6.636006
-8.452901 6.633271
-8.460711 6.634689
-8.462556 6.633551
-8.464657 6.627359
-8.470373 6.633361
-8.472903 6.632914
-8.476162 6.625350
-8.482372 6.624693
-8.484687 6.621719
-8.485157 6.619654
-8.482205 6.612747
-8.487977 6.607953
-8.489820 6.607273
-8.491880 6.608891
-8.491623 6.614173
-8.493913 6.616023
-8.497225 6.615404
-8.499895 6.614905
-8.503819 6.611938
-8.505684 6.606894
-8.504123 6.597697
-8.506225 6.591276
-8.508763 6.589451
-8.513338 6.593839
-8.521166 6.591582
-8.522760 6.594347
-8.521116 6.601001
-8.528666 6.608160
-8.532824 6.604506
-8.533298 6.601522
-8.530358 6.592088
-8.531127 6.576700
-8.526329 6.570932
-8.536976 6.556972
-8.537834 6.556691
-8.539740 6.556067
-8.546603 6.562305
-8.556250 6.563962
-8.560629 6.561458
-8.563661 6.553202
-8.562983 6.550901
-8.555408 6.548795
-8.554273 6.546033
-8.562594 6.536886
-8.568664 6.518766
-8.578318 6.518816
-8.584719 6.525510
-8.587243 6.526442
-8.591852 6.524167
-8.599302 6.505595
-8.592443 6.498439
-8.585100 6.495874
-8.581196 6.495166
-8.570604 6.498789
-8.565332 6.496005
-8.547867 6.495227
-8.540526 6.492203
-8.527955 6.478584
-8.515646 6.458763
-8.504224 6.445378
-8.502265 6.443562
-8.490270 6.432441
-8.483390 6.429647
-8.481078 6.432163
-8.473500 6.430745
-8.469575 6.434401
-8.467835 6.449141
-8.466228 6.452974
-8.458827 6.461895
-8.456542 6.471160
-8.457745 6.486836
-8.457745 6.486836
-8.455497 6.488746
-8.451657 6.488729
-8.436024 6.480342
-8.427115 6.470387
-8.414052 6.459775
-8.393641 6.447528
-8.385976 6.444934
-8.385992 6.441736
-8.386344 6.441215
-8.386344 6.441215
-8.389859 6.435997
-8.405879 6.430952
-8.408247 6.426960
-8.407353 6.422130
-8.399074 6.423235
-8.393416 6.406663
-8.392929 6.399730
-8.392561 6.394481
-8.382753 6.380413
-8.386002 6.374686
-8.392897 6.374493
-8.398206 6.370155
-8.405102 6.369962
-8.412014 6.366781
-8.396908 6.354984
-8.392356 6.346687
-8.385923 6.346194
-8.380353 6.356504
-8.373232 6.355777
-8.371816 6.362893
-8.369278 6.364717
-8.365843 6.362401
-8.365483 6.361875
-8.361738 6.356406
-8.358522 6.356159
-8.355044 6.361886
-8.352511 6.362791
-8.345626 6.361146
-8.342595 6.369172
-8.339358 6.372831
-8.333409 6.367974
-8.323554 6.362866
-8.316470 6.355475
-8.312108 6.354533
-8.308183 6.357958
-8.302970 6.344604
-8.300684 6.342294
-8.298378 6.343660
-8.296744 6.348247
-8.280437 6.346780
-8.277248 6.341249
-8.275196 6.338480
-8.269449 6.338678
-8.266937 6.335679
-8.267189 6.331774
-8.269268 6.329717
-8.275715 6.327454
-8.279645 6.323339
-8.276216 6.319874
-8.272310 6.319623
-8.259680 6.318176
-8.252085 6.320202
-8.246352 6.317873
-8.241063 6.318534
-8.216785 6.303695
-8.212193 6.303211
-8.206186 6.308922
-8.201869 6.300168
-8.198650 6.300379
-8.195180 6.304496
-8.188083 6.299862
-8.182837 6.292480
-8.174602 6.286000
-8.171672 6.275643
-8.169743 6.275342
-8.167080 6.274928
-8.158560 6.278099
-8.142243 6.278238
-8.133496 6.280946
-8.123624 6.279283
-8.118563 6.280403
-8.108172 6.289077
-8.100364 6.288344
-8.096673 6.290621
-8.090869 6.301158
-8.080092 6.296732
-8.073434 6.295775
-8.065363 6.300784
-8.057086 6.301427
-8.050647 6.302310
-8.040268 6.308914
-8.029922 6.309774
-8.005301 6.315148
-8.000033 6.312130
-7.992057 6.300596
-7.991189 6.291860
-7.987755 6.289542
-7.983586 6.295262
-7.979458 6.293630
-7.975124 6.288320
-7.971194 6.292203
-7.968203 6.292875
-7.965284 6.281140
-7.959089 6.279495
-7.955171 6.281540
-7.949375 6.290239
-7.944995 6.292512
-7.940648 6.289269
-7.932448 6.276814
-7.926713 6.275171
-7.921579 6.288469
-7.917454 6.286606
-7.915406 6.283148
-7.913411 6.270728
-7.909506 6.270475
-7.906468 6.279189
-7.901638 6.279850
-7.899587 6.277081
-7.894393 6.261424
-7.889851 6.252436
-7.881143 6.248478
-7.876364 6.240637
-7.862855 6.232515
-7.854142 6.229476
-7.820579 6.193658
-7.818991 6.190201
-7.821851 6.188860
-7.823830 6.187932
-7.832789 6.188215
-7.836695 6.188239
-7.840624 6.184585
-7.834013 6.175814
-7.835217 6.166628
-7.831581 6.159942
-7.833669 6.156507
-7.844282 6.149217
-7.846384 6.143484
-7.845733 6.137045
-7.846945 6.116677
-7.848288 6.094086
-7.847161 6.090402
-7.842580 6.088077
-7.841908 6.085085
-7.844255 6.076826
-7.843366 6.071994
-7.834148 6.076536
-7.831539 6.090310
-7.828310 6.092588
-7.823941 6.093022
-7.818210 6.090919
-7.807462 6.082582
-7.806030 6.091536
-7.802121 6.092202
-7.796634 6.087803
-7.793142 6.083197
-7.786833 6.074874
-7.787317 6.070740
-7.792891 6.060892
-7.793141 6.057446
-7.790421 6.051224
-7.778057 6.044485
-7.772574 6.039395
-7.768487 6.031557
-7.771047 6.026056
-7.781417 6.020833
-7.784432 6.016025
-7.779667 6.006343
-7.789613 5.995142
-7.791013 5.991473
-7.788640 5.985147
-7.788074 5.983641
-7.782581 5.980390
-7.766076 5.974774
-7.763573 5.970852
-7.761116 5.959345
-7.758396 5.953354
-7.739425 5.937840
-7.725668 5.933619
-7.718581 5.928289
-7.713583 5.919295
-7.697303 5.907926
-7.692999 5.904920
-7.684296 5.900728
-7.679932 5.900932
-7.676929 5.903441
-7.675990 5.906883
-7.682090 5.923240
-7.680681 5.928288
-7.673748 5.935140
-7.669538 5.947296
-7.663314 5.950705
-7.660561 5.950229
-7.657869 5.939869
-7.657680 5.933202
-7.660292 5.919658
-7.659627 5.915747
-7.655266 5.915030
-7.650694 5.916692
-7.649050 5.917290
-7.644927 5.915656
-7.637620 5.908486
-7.631875 5.909140
-7.622930 5.907016
-7.613740 5.907419
-7.611506 5.897291
-7.608983 5.896816
-7.604604 5.899086
-7.602361 5.890569
-7.599619 5.888253
-7.596159 5.890760
-7.593576 5.899478
-7.591959 5.901077
-7.583921 5.900796
-7.575215 5.897295
-7.559793 5.881033
-7.552627 5.873478
-7.553342 5.869346
-7.568706 5.873350
-7.571949 5.868773
-7.569909 5.864623
-7.561191 5.863189
-7.557757 5.861328
-7.554386 5.849585
-7.548687 5.842883
-7.545751 5.835051
-7.539781 5.834783
-7.538379 5.838451
-7.538080 5.849483
-7.529811 5.849430
-7.519185 5.859017
-7.512544 5.855987
-7.510744 5.850229
-7.512147 5.846100
-7.516241 5.843450
-7.519528 5.841321
-7.517937 5.838782
-7.506225 5.838477
-7.502562 5.836615
-7.490515 5.817001
-7.483889 5.811672
-7.475629 5.810471
-7.473712 5.822871
-7.469055 5.832725
-7.471536 5.839866
-7.468272 5.847200
-7.468689 5.853869
-7.466815 5.859603
-7.463359 5.861190
-7.455567 5.858611
-7.455115 5.857459
-7.451213 5.856975
-7.445673 5.861306
-7.439512 5.855060
-7.436352 5.846536
-7.429713 5.843275
-7.422362 5.843457
-7.422630 5.837483
-7.429786 5.832013
-7.430802 5.816849
-7.439177 5.800353
-7.439204 5.796216
-7.435789 5.791596
-7.428967 5.781209
-7.427398 5.775222
-7.429277 5.768798
-7.438297 5.758972
-7.441317 5.753704
-7.436095 5.744476
-7.433667 5.729290
-7.428912 5.718915
-7.428592 5.697534
-7.426314 5.694531
-7.417153 5.690794
-7.415872 5.675845
-7.411769 5.671220
-7.409320 5.659481
-7.404345 5.647725
-7.396835 5.637331
-7.395198 5.632651
-7.378784 5.623881
-7.375171 5.614432
-7.378291 5.601220
-7.378478 5.600431
-7.377830 5.594220
-7.371478 5.582455
-7.374030 5.578333
-7.381380 5.577921
-7.391930 5.579829
-7.394242 5.577315
-7.395648 5.572957
-7.392785 5.554317
-7.396750 5.544687
-7.391972 5.538219
-7.380093 5.529176
-7.378515 5.524568
-7.380379 5.520442
-7.383608 5.518164
-7.392828 5.520072
-7.399657 5.521487
-7.402888 5.518979
-7.400842 5.515747
-7.391919 5.511091
-7.389423 5.506707
-7.391508 5.503732
-7.396790 5.503536
-7.400020 5.501028
-7.402627 5.488401
-7.404708 5.486345
-7.416203 5.483661
-7.421058 5.478634
-7.423175 5.470602
-7.421846 5.463236
-7.416398 5.453775
-7.413516 5.439847
-7.415233 5.432220
-7.415867 5.429402
-7.418652 5.424822
-7.424160 5.425087
-7.433547 5.428826
-7.440377 5.437606
-7.443837 5.435100
-7.446178 5.427988
-7.444848 5.420853
-7.434134 5.409058
-7.428915 5.399828
-7.424659 5.383477
-7.418748 5.374703
-7.403187 5.367245
-7.402644 5.366324
-7.398419 5.359167
-7.394524 5.358222
-7.391989 5.359815
-7.387803 5.368065
-7.386359 5.378171
-7.381278 5.382967
-7.376683 5.383626
-7.374644 5.379475
-7.379319 5.366630
-7.378681 5.358809
-7.380340 5.351003
-7.377440 5.338109
-7.372878 5.333711
-7.365771 5.332515
-7.365113 5.327682
-7.372854 5.315743
-7.379940 5.306857
-7.382700 5.305955
-7.384948 5.308693
-7.386116 5.310115
-7.390034 5.307612
-7.389703 5.288067
-7.392948 5.283030
-7.400554 5.278251
-7.403140 5.268841
-7.407547 5.261742
-7.415398 5.254435
-7.421359 5.255394
-7.422259 5.258158
-7.418535 5.266181
-7.425114 5.277950
-7.422567 5.281382
-7.417975 5.281582
-7.413600 5.283854
-7.410788 5.292802
-7.413286 5.296957
-7.417183 5.297672
-7.423853 5.295416
-7.435169 5.284682
-7.444356 5.283822
-7.449421 5.281325
-7.456142 5.271252
-7.467324 5.281210
-7.471788 5.265697
-7.462635 5.260947
-7.459241 5.253338
-7.459755 5.244834
-7.463954 5.234284
-7.470403 5.230877
-7.475037 5.224009
-7.474168 5.216186
-7.467354 5.205336
-7.466437 5.196534
-7.467563 5.195196
-7.472054 5.188121
-7.468431 5.180511
-7.468768 5.163958
-7.470920 5.150406
-7.476941 5.141936
-7.481870 5.124723
-7.485546 5.120183
-7.495301 5.105724
-7.500409 5.096560
-7.505477 5.093372
-7.510967 5.095937
-7.515271 5.104931
-7.518244 5.106330
-7.520238 5.105405
-7.526069 5.102701
-7.528234 5.099253
-7.535802 5.092032
-7.543147 5.087403
-7.544805 5.084763
-7.547320 5.080761
-7.553314 5.076200
-7.554712 5.072989
-7.555890 5.067938
-7.554086 5.063098
-7.548378 5.058464
-7.547492 5.053629
-7.548435 5.049497
-7.542762 5.039573
-7.549940 5.029271
-7.552289 5.020548
-7.551394 5.017093
-7.542063 5.005077
-7.540410 5.000000
-7.540038 4.998857
-7.542611 4.991055
-7.546547 4.985331
-7.556935 4.975278
-7.555130 4.970438
-7.549022 4.968545
-7.545285 4.967387
-7.535035 4.955595
-7.533907 4.952599
-7.536704 4.945718
-7.536500 4.941577
-7.532874 4.934656
-7.526476 4.930477
-7.524434 4.927014
-7.524233 4.922414
-7.526550 4.918980
-7.539410 4.916991
-7.546259 4.922094
-7.551760 4.923048
-7.556592 4.920779
-7.560056 4.917122
-7.563334 4.906564
-7.570676 4.906610
-7.577760 4.911024
-7.584189 4.910145
-7.591789 4.905593
-7.596900 4.895277
-7.596234 4.891594
-7.588025 4.883954
-7.587113 4.882799
-7.588767 4.875221
-7.587209 4.867622
-7.589282 4.866256
-7.585188 4.860711
-7.588470 4.849464
-7.586682 4.841864
-7.579641 4.830782
-7.583798 4.826439
-7.590011 4.823259
-7.592559 4.819366
-7.589867 4.809690
-7.591042 4.805328
-7.581935 4.794234
-7.561555 4.788817
-7.558362 4.785807
-7.558862 4.779371
-7.562827 4.769048
-7.555010 4.735655
-7.558096 4.719117
-7.552487 4.699305
-7.554376 4.690808
-7.563094 4.690403
-7.565419 4.685359
-7.562932 4.679594
-7.558108 4.673293
-7.554972 4.669196
-7.556597 4.665987
-7.564630 4.665117
-7.568548 4.661922
-7.571111 4.655729
-7.569069 4.652037
-7.564501 4.649248
-7.557166 4.648512
-7.554887 4.646198
-7.551965 4.636751
-7.550925 4.619957
-7.546407 4.609120
-7.552699 4.593292
-7.555929 4.590323
-7.564188 4.589685
-7.566723 4.587861
-7.568356 4.583502
-7.567754 4.581995
-7.565872 4.577277
-7.555390 4.566633
-7.553367 4.560181
-7.556630 4.551922
-7.552794 4.542009
-7.559018 4.536989
-7.560881 4.532402
-7.558599 4.526431
-7.556805 4.525398
-7.556805 4.525398
-7.554678 4.524174
-7.549981 4.510217
-7.551937 4.487848
-7.557446 4.480114
-7.560942 4.466659
-7.560108 4.453865
-7.555604 4.445619
-7.540419 4.434571
-7.538608 4.428773
-7.538608 4.428773
-7.540007 4.424872
-7.554800 4.406107
-7.557827 4.398767
-7.557402 4.393475
-7.553091 4.386319
-7.546247 4.380986
-7.524091 4.367968
-7.521366 4.363811
-7.527073 4.357078
-7.527073 4.357078
-7.550066 4.357093
-7.563810 4.358789
-7.583535 4.357533
-7.592041 4.353907
-7.603280 4.353057
-7.608779 4.353551
-7.611367 4.354793
-7.620436 4.359144
-7.657081 4.365120
-7.706113 4.370021
-7.722860 4.368283
-7.725359 4.371978
-7.726026 4.375432
-7.733111 4.378925
-7.755310 4.385729
-7.780731 4.390252
-7.782780 4.392564
-7.786155 4.403163
-7.803066 4.412234
-7.826177 4.419961
-7.826378 4.424792
-7.823500 4.425953
-7.821321 4.426832
-7.817863 4.430031
-7.816691 4.434164
-7.819164 4.442457
-7.823926 4.451225
-7.826893 4.453542
-7.842424 4.463754
-7.887498 4.479889
-7.897805 4.481790
-7.909462 4.488067
-7.920463 4.489051
-7.923889 4.491371
-7.932593 4.492802
-7.934521 4.496132
-7.937133 4.500648
-7.941924 4.504815
-7.957705 4.511806
-7.983809 4.518166
-8.006239 4.525424
-8.042212 4.530230
-8.051586 4.535113
-8.063516 4.534261
-8.081823 4.540574
-8.127168 4.551178
-8.175135 4.556053
-8.191798 4.557746
-8.217445 4.564096
-8.230032 4.568995
-8.244678 4.574364
-8.266150 4.589659
-8.282612 4.598947
-8.297895 4.613977
-8.314337 4.626944
-8.322339 4.631587
-8.335487 4.635459
-8.409808 4.657347
-8.440235 4.671764
-8.447087 4.677319
-8.450746 4.682311
-8.453008 4.685398
-8.463067 4.691429
-8.470585 4.701357
-8.480858 4.710608
-8.500529 4.720828
-8.507381 4.726382
-8.544208 4.750260
-8.554956 4.752151
-8.564556 4.758868
-8.572118 4.760286
-8.580807 4.765619
-8.589281 4.768191
-8.612378 4.781875
-8.639392 4.792357
-8.659100 4.796365
-8.659883 4.796728
-8.677637 4.804965
-8.682447 4.806138
-8.693696 4.804354
-8.714071 4.812502
-8.719095 4.817125
-8.723857 4.828416
-8.753166 4.839137
-8.762106 4.840559
-8.769190 4.846112
-8.786593 4.852405
-8.792308 4.856801
-8.797771 4.865565
-8.804398 4.870886
-8.807569 4.879409
-8.810995 4.882415
-8.844648 4.896832
-8.847385 4.900293
-8.848511 4.904898
-8.847574 4.908803
-8.854878 4.916655
-8.861507 4.920292
-8.885311 4.933354
-8.907292 4.942655
-8.911402 4.946813
-8.912759 4.951188
-8.915044 4.953038
-8.919420 4.949379
-8.923549 4.949628
-8.935619 4.954050
-8.954698 4.961039
-8.996636 4.971117
-9.028960 4.976782
-9.039933 4.985569
-9.038765 4.990163
-9.033712 4.991290
-9.030935 4.996566
-9.035065 5.000000
-9.041222 5.005120
-9.045762 5.015718
-9.049191 5.018493
-9.071872 5.026181
-9.079881 5.031046
-9.094318 5.034789
-9.102777 5.041954
-9.115848 5.043621
-9.124542 5.049178
-9.124757 5.052398
-9.121521 5.057902
-9.123390 5.062007
-9.124249 5.063892
-9.130885 5.067830
-9.139821 5.070629
-9.144164 5.074556
-9.150596 5.072975
-9.161356 5.078310
-9.165011 5.082005
-9.173029 5.085029
-9.181707 5.094723
-9.191550 5.100054
-9.195441 5.102370
-9.204576 5.112296
-9.210527 5.116001
-9.222899 5.120422
-9.233883 5.127596
-9.242131 5.130621
-9.250619 5.131346
-9.268250 5.140158
-9.279020 5.144112
-9.288654 5.144842
-9.292545 5.147158
-9.294599 5.150156
-9.287176 5.154575
-9.286547 5.154950
-9.279864 5.161360
-9.275040 5.162719
-9.263344 5.161061
-9.253284 5.152051
-9.250759 5.152271
-9.249134 5.156632
-9.253699 5.162400
-9.254601 5.166082
-9.252298 5.167912
-9.245414 5.167883
-9.243336 5.171093
-9.244925 5.175009
-9.255031 5.172982
-9.257090 5.174370
-9.258668 5.181045
-9.261652 5.181057
-9.264879 5.177622
-9.263526 5.172098
-9.265147 5.168426
-9.268134 5.167749
-9.272023 5.170525
-9.275926 5.170311
-9.283746 5.165975
-9.290812 5.177271
-9.316905 5.193704
-9.321416 5.195710
-9.335689 5.202059
-9.343699 5.207150
-9.344837 5.209454
-9.341841 5.212661
-9.337015 5.214020
-9.330592 5.213534
-9.323007 5.216262
-9.317753 5.210492
-9.313849 5.210936
-9.312463 5.213459
-9.316331 5.221292
-9.312853 5.229785
-9.305736 5.230445
-9.298419 5.223747
-9.296347 5.225578
-9.295411 5.229712
-9.303638 5.237794
-9.309363 5.241037
-9.318534 5.243144
-9.319643 5.252575
-9.323075 5.254889
-9.330195 5.253539
-9.336636 5.250116
-9.334811 5.247350
-9.324944 5.247079
-9.322206 5.243389
-9.323387 5.235117
-9.322263 5.229594
-9.325965 5.222482
-9.331009 5.223652
-9.331683 5.227104
-9.327978 5.234906
-9.329570 5.238591
-9.331862 5.239060
-9.334875 5.232175
-9.337632 5.231267
-9.339907 5.236105
-9.341970 5.236803
-9.349117 5.235182
-9.350929 5.234771
-9.350945 5.231092
-9.343389 5.226922
-9.342487 5.222780
-9.346653 5.214520
-9.351012 5.214538
-9.366801 5.225869
-9.370451 5.231401
-9.372489 5.238077
-9.384623 5.245255
-9.418489 5.269763
-9.422506 5.273278
-9.425350 5.275768
-9.434251 5.288449
-9.454841 5.304855
-9.458930 5.315447
-9.468760 5.325373
-9.472175 5.332513
-9.483389 5.340605
-9.485665 5.345441
-9.486976 5.362230
-9.490891 5.373040
-9.491062 5.373511
-9.498834 5.381819
-9.521029 5.399838
-9.562026 5.423217
-9.584964 5.427902
-9.591581 5.438273
-9.589733 5.441255
-9.585591 5.443768
-9.581912 5.438489
-9.581253 5.437544
-9.572081 5.435210
-9.567971 5.429217
-9.564529 5.428744
-9.562454 5.431265
-9.562442 5.434254
-9.569518 5.444626
-9.570192 5.448307
-9.565828 5.449210
-9.563766 5.448283
-9.560362 5.437924
-9.557609 5.437453
-9.554811 5.448708
-9.558908 5.457920
-9.558210 5.459986
-9.556142 5.460438
-9.549740 5.453976
-9.546982 5.454885
-9.545130 5.458786
-9.545565 5.464995
-9.548310 5.467304
-9.552212 5.467779
-9.554037 5.470545
-9.556671 5.470076
-9.559091 5.469645
-9.563701 5.464835
-9.567367 5.466688
-9.568048 5.468760
-9.565279 5.472198
-9.551725 5.474674
-9.548954 5.477776
-9.556533 5.478141
-9.556980 5.480902
-9.551459 5.484099
-9.554185 5.491466
-9.556247 5.492393
-9.562252 5.483221
-9.565243 5.481623
-9.573040 5.483492
-9.574619 5.490855
-9.591810 5.497818
-9.595946 5.496913
-9.596876 5.493928
-9.595965 5.492086
-9.592527 5.490463
-9.587010 5.492282
-9.584044 5.487673
-9.588184 5.485619
-9.588427 5.482172
-9.575831 5.474307
-9.574721 5.470929
-9.571294 5.460496
-9.572921 5.455215
-9.578200 5.455235
-9.580512 5.451335
-9.585099 5.452272
-9.589618 5.471141
-9.639763 5.505355
-9.653043 5.512779
-9.663360 5.518547
-9.683953 5.537014
-9.706865 5.549513
-9.721064 5.559450
-9.729750 5.569826
-9.732957 5.571677
-9.748765 5.580930
-9.773951 5.600330
-9.825574 5.656391
-9.833418 5.664907
-9.843469 5.679424
-9.872489 5.706497
-9.874138 5.708035
-9.899350 5.721684
-9.922016 5.741300
-9.935739 5.757896
-9.948565 5.767594
-9.968940 5.786511
-9.977555 5.793433
-10.000000 5.811466
-10.002837 5.813746
-10.019984 5.837018
-10.046095 5.858709
-10.055694 5.873220
-10.052205 5.886540
-10.053329 5.893898
-10.065657 5.916693
-10.063811 5.919215
-10.058072 5.918047
-10.053259 5.915274
-10.049156 5.905378
-10.045948 5.903069
-10.042501 5.903517
-10.040885 5.906270
-10.041081 5.916153
-10.038321 5.917294
-10.033271 5.916588
-10.030996 5.909915
-10.027782 5.909215
-10.025924 5.915644
-10.020653 5.911950
-10.016521 5.911017
-10.013302 5.912155
-10.011218 5.917435
-10.012130 5.919507
-10.017377 5.930096
-10.021465 5.943900
-10.024449 5.944599
-10.026521 5.943227
-10.028387 5.934499
-10.035044 5.936130
-10.035975 5.932456
-10.030481 5.926462
-10.031868 5.923938
-10.035549 5.922112
-10.041746 5.923511
-10.049338 5.920087
-10.053462 5.923318
-10.059894 5.923110
-10.062875 5.924499
-10.063094 5.927717
-10.060298 5.931088
-10.060298 5.931088
-10.059603 5.941726
-10.059603 5.941726
-10.066966 5.937612
-10.068791 5.941525
-10.065545 5.950708
-10.066230 5.952089
-10.070830 5.950266
-10.076322 5.956719
-10.078390 5.956265
-10.076571 5.950974
-10.077497 5.948678
-10.079105 5.948453
-10.092829 5.966195
-10.091896 5.970558
-10.085234 5.970767
-10.081541 5.976041
-10.083358 5.982483
-10.087700 5.989391
-10.091372 5.990323
-10.096203 5.988499
-10.099891 5.984604
-10.106603 5.988831
-10.107226 5.989223
-10.108624 5.983253
-10.112296 5.984183
-10.113222 5.982118
-10.104057 5.974734
-10.102004 5.970361
-10.103169 5.965078
-10.098570 5.958760
-10.093107 5.951256
-10.087608 5.947102
-10.084411 5.941576
-10.078675 5.939259
-10.072515 5.926598
-10.069765 5.924750
-10.069540 5.923370
-10.072068 5.922689
-10.094086 5.933103
-10.133057 5.957129
-10.137437 5.961285
-10.144966 5.968428
-10.155746 5.973518
-10.178464 5.980713
-10.183967 5.983948
-10.188777 5.988329
-10.190350 5.999596
-10.196106 5.995476
-10.200907 6.002845
-10.201346 6.009283
-10.205239 6.012971
-10.210935 6.028157
-10.218257 6.037832
-10.232460 6.050745
-10.246445 6.060210
-10.260666 6.067377
-10.298362 6.082498
-10.353599 6.104650
-10.357710 6.112935
-10.366890 6.116178
-10.368712 6.121468
-10.368712 6.121468
-10.370308 6.126069
-10.370308 6.126069
-10.377400 6.136201
-10.396209 6.147055
-10.449224 6.168115
-10.454041 6.170886
-10.456098 6.174568
-10.461613 6.174354
-10.463746 6.174937
-10.478602 6.178996
-10.482495 6.183602
-10.491226 6.183626
-10.492826 6.186848
-10.503627 6.186188
-10.507984 6.189187
-10.514879 6.188516
-10.533020 6.192240
-10.564936 6.200598
-10.581760 6.207095
-10.587928 6.209477
-10.583302 6.210023
-10.564260 6.203139
-10.543180 6.197361
-10.541883 6.198284
-10.583283 6.213514
-10.591325 6.213764
-10.596156 6.211479
-10.609681 6.214575
-10.680434 6.230764
-10.692600 6.235620
-10.699249 6.241382
-10.706346 6.252429
-10.710702 6.256115
-10.722636 6.261660
-10.754561 6.268170
-10.762356 6.275542
-10.790581 6.292382
-10.801125 6.303436
-10.811682 6.308976
-10.813504 6.315643
-10.811420 6.322072
-10.803596 6.326880
-10.800594 6.332617
-10.790455 6.344542
-10.787912 6.350509
-10.788362 6.355106
-10.798657 6.374201
-10.797043 6.376495
-10.789456 6.377396
-10.777247 6.389316
-10.766891 6.395265
-10.753556 6.397301
-10.744584 6.400726
-10.740208 6.404851
-10.730748 6.419533
-10.735346 6.419314
-10.743649 6.406927
-10.749633 6.403955
-10.770323 6.401706
-10.778147 6.397819
-10.791281 6.383374
-10.795189 6.382694
-10.804820 6.391907
-10.810760 6.406626
-10.823325 6.418918
-10.828416 6.423898
-10.845140 6.447142
-10.915584 6.499222
-10.917187 6.501753
-10.934179 6.509141
-10.978943 6.536117
-11.020043 6.557338
-11.020934 6.557734
-11.042320 6.567263
-11.056795 6.570737
-11.056088 6.578776
-11.062510 6.586600
-11.065009 6.600389
-11.081498 6.630975
-11.081260 6.634880
-11.072969 6.641985
-11.069796 6.647411
-11.084702 6.638103
-11.087243 6.631905
-11.082663 6.623627
-11.076012 6.615573
-11.076505 6.599494
-11.064385 6.581136
-11.063218 6.577183
-11.085716 6.591471
-11.154617 6.623766
-11.190187 6.638513
-11.226976 6.653763
-11.264646 6.671978
-11.304849 6.688816
-11.305942 6.689136
-11.334032 6.697364
-11.347358 6.702900
-11.353787 6.707046
-11.359982 6.714636
-11.366858 6.727970
-11.379250 6.741542
-11.380162 6.745908
-11.376702 6.752563
-11.363800 6.767702
-11.363800 6.767702
-11.359654 6.771600
-11.359654 6.771600
-11.353433 6.780088
-11.355496 6.783307
-11.357563 6.785148
-11.359315 6.793782
-11.359614 6.795258
-11.365108 6.810426
-11.379515 6.838811
-11.387243 6.845075
-11.365352 6.801699
-11.362157 6.787682
-11.362611 6.783756
-11.363014 6.780268
-11.366523 6.774014
-11.365147 6.786998
-11.367429 6.797567
-11.387133 6.839172
-11.396083 6.850211
-11.406414 6.860103
-11.420288 6.870348
-11.423870 6.872993
-11.442250 6.883356
-11.448910 6.888879
-11.457168 6.901982
-11.463825 6.909111
-11.492083 6.927757
-11.474146 6.927270
-11.459169 6.929611
-11.459169 6.929611
-11.450335 6.931916
-11.437516 6.944053
-11.424710 6.945960
-11.417030 6.944675
-11.411903 6.949146
-11.419249 6.961940
-11.421159 6.969614
-11.411547 6.976639
-11.407699 6.982389
-11.406676 6.991375
-11.405804 6.991287
-11.405804 6.991287
-11.393780 6.990070
-11.390324 6.993510
-11.385930 7.007740
-11.381096 7.010489
-11.373506 7.010935
-11.364518 7.021025
-11.364271 7.030899
-11.359175 7.052017
-11.361008 7.056612
-11.369042 7.065582
-11.369493 7.070634
-11.366726 7.075452
-11.361659 7.079117
-11.360218 7.079526
-11.355215 7.080944
-11.328999 7.077685
-11.327593 7.092379
-11.325975 7.096969
-11.330993 7.121316
-11.330756 7.125450
-11.341322 7.133963
-11.347285 7.144075
-11.342677 7.148430
-11.337616 7.148422
-11.330261 7.145196
-11.326579 7.145648
-11.324500 7.151156
-11.328167 7.158510
-11.325629 7.163097
-11.315038 7.168360
-11.313409 7.178919
-11.308105 7.186028
-11.309060 7.191889
-11.305986 7.198942
-11.308300 7.206004
-11.311054 7.209682
-11.306440 7.216792
-11.302072 7.215406
-11.299088 7.211498
-11.292877 7.211029
-11.289893 7.207579
-11.296118 7.200013
-11.293131 7.198171
-11.289679 7.198854
-11.284838 7.204126
-11.282974 7.216980
-11.276511 7.228908
-11.271209 7.235098
-11.266376 7.236008
-11.260168 7.233701
-11.253037 7.233459
-11.247506 7.238041
-11.242208 7.241935
-11.233465 7.242378
-11.230007 7.246045
-11.221724 7.246948
-11.217575 7.250614
-11.209297 7.248303
-11.196867 7.251954
-11.186040 7.259511
-11.177986 7.260184
-11.174990 7.262704
-11.174065 7.265227
-11.177960 7.273499
-11.173114 7.281067
-11.173328 7.288873
-11.168023 7.295980
-11.168708 7.298737
-11.166399 7.302634
-11.153967 7.306973
-11.145202 7.317976
-11.138329 7.321160
-11.137575 7.335178
-11.134802 7.341372
-11.123042 7.353746
-11.118191 7.363378
-11.107822 7.370244
-11.097909 7.380325
-11.092366 7.389956
-11.086844 7.389256
-11.074643 7.392446
-11.064507 7.398165
-11.054869 7.401561
-11.054144 7.401816
-11.041467 7.411891
-11.035003 7.422207
-11.028554 7.424949
-11.026928 7.431832
-11.019330 7.433653
-11.017254 7.436173
-11.005046 7.441657
-11.000429 7.448534
-10.974380 7.469367
-10.970228 7.473490
-10.971829 7.478313
-10.970304 7.479271
-10.960537 7.485404
-10.949237 7.496169
-10.935184 7.502565
-10.931028 7.508295
-10.928036 7.509206
-10.926198 7.507595
-10.920695 7.498403
-10.915172 7.498620
-10.907790 7.505949
-10.902034 7.507083
-10.896043 7.510513
-10.885433 7.521048
-10.869999 7.527847
-10.866773 7.529269
-10.849485 7.540247
-10.841646 7.546655
-10.838409 7.553075
-10.834025 7.557425
-10.832860 7.563619
-10.821574 7.564052
-10.815344 7.574137
-10.819014 7.579424
-10.813938 7.584691
-10.811158 7.592028
-10.793204 7.592446
-10.789973 7.596340
-10.789271 7.601158
-10.786001 7.620887
-10.780687 7.629136
-10.769142 7.644255
-10.764305 7.645620
-10.746081 7.661870
-10.738683 7.674933
-10.729688 7.682255
-10.723222 7.690501
-10.718113 7.700250
-10.716977 7.702418
-10.704290 7.712943
-10.694515 7.730555
-10.685807 7.739516
-10.663913 7.749100
-10.658837 7.753676
-10.656059 7.759405
-10.652369 7.761920
-10.641547 7.762811
-10.628877 7.766450
-10.604135 7.770212
-10.604135 7.770212
-10.603844 7.896407
-10.603605 8.000000
-10.606035 8.032037
-10.593395 8.037351
-10.585099 8.039158
-10.576563 8.043719
-10.567781 8.052411
-10.523996 8.124565
-10.514517 8.134172
-10.501132 8.140550
-10.487562 8.142387
-10.458261 8.146354
-10.451814 8.145639
-10.436648 8.135477
-10.432273 8.135000
-10.396790 8.136691
-10.384550 8.143987
-10.378323 8.145797
-10.371414 8.145079
-10.367472 8.142473
-10.361211 8.144222
-10.350574 8.155202
-10.336959 8.160203
-10.330445 8.177855
-10.304780 8.201405
-10.301946 8.220909
-10.302818 8.234918
-10.313130 8.252636
-10.313376 8.256522
-10.313857 8.264098
-10.308256 8.327699
-10.304982 8.340774
-10.301962 8.346962
-10.289948 8.361209
-10.289225 8.362067
-10.284329 8.376286
-10.291374 8.405935
-10.284238 8.465844
-10.286861 8.484799
-10.278175 8.490479
-10.269404 8.491588
-10.262272 8.487650
-10.251875 8.491276
-10.245186 8.491474
-10.241514 8.487323
-10.232009 8.497613
-10.229476 8.496682
-10.229033 8.492546
-10.231144 8.484977
-10.229545 8.481754
-10.218113 8.480920
-10.212584 8.480469
-10.212584 8.480469
-10.203198 8.492421
-10.199736 8.493093
-10.193246 8.499493
-10.171038 8.512704
-10.163645 8.514734
-10.161294 8.523680
-10.158051 8.526420
-10.146091 8.519239
-10.142384 8.522435
-10.138233 8.521955
-10.125528 8.525335
-10.120696 8.522784
-10.116945 8.522251
-10.108939 8.521115
-10.100664 8.515330
-10.093730 8.518050
-10.086809 8.518014
-10.080830 8.514537
-10.078329 8.507403
-10.065418 8.505957
-10.054862 8.495794
-10.052568 8.493256
-10.051896 8.489577
-10.056636 8.465718
-10.062687 8.455416
-10.064195 8.447115
-10.067436 8.429261
-10.066775 8.423516
-10.062635 8.421198
-10.055259 8.420928
-10.037681 8.430478
-10.028452 8.431346
-10.023135 8.433613
-10.016402 8.441844
-10.012941 8.442054
-10.006729 8.439493
-10.000000 8.439456
-9.998657 8.439448
-9.994957 8.441265
-9.988004 8.447427
-9.979720 8.457685
-9.973604 8.465258
-9.964594 8.467962
-9.945593 8.483470
-9.940283 8.484358
-9.934474 8.491673
-9.919444 8.498016
-9.896132 8.500175
-9.888779 8.495537
-9.885088 8.495515
-9.875625 8.496606
-9.869455 8.499194
-9.869455 8.499194
-9.867537 8.500002
-9.858992 8.500639
-9.848768 8.489558
-9.846846 8.487473
-9.844995 8.488152
-9.839864 8.497536
-9.837299 8.499582
-9.832689 8.501396
-9.804309 8.502597
-9.795275 8.508511
-9.794098 8.512408
-9.795691 8.515863
-9.799833 8.517497
-9.800022 8.524158
-9.803713 8.524182
-9.804392 8.526254
-9.799957 8.534493
-9.797410 8.536085
-9.794199 8.533079
-9.791430 8.533291
-9.781909 8.542877
-9.779048 8.547978
-9.772960 8.551791
-9.759356 8.549417
-9.753604 8.546167
-9.745842 8.530964
-9.735289 8.519878
-9.734845 8.516431
-9.741592 8.506595
-9.745124 8.493984
-9.742856 8.486852
-9.723142 8.464000
-9.720004 8.447676
-9.717484 8.444446
-9.712641 8.444417
-9.709150 8.449449
-9.707166 8.474010
-9.704589 8.480884
-9.691836 8.491600
-9.691841 8.490682
-9.671058 8.493541
-9.660473 8.488653
-9.652453 8.478958
-9.633612 8.465980
-9.628118 8.458596
-9.624932 8.451228
-9.632356 8.444385
-9.635385 8.439352
-9.643725 8.433433
-9.655796 8.420648
-9.659312 8.411255
-9.657740 8.404126
-9.654752 8.402270
-9.645521 8.402903
-9.634190 8.407654
-9.633495 8.407692
-9.622884 8.408272
-9.606053 8.406788
-9.597957 8.410640
-9.590065 8.418627
-9.584690 8.429844
-9.579597 8.432796
-9.574067 8.431613
-9.570190 8.424469
-9.568181 8.413663
-9.561094 8.403283
-9.542252 8.389766
-9.533310 8.383351
-9.486964 8.380974
-9.480072 8.376794
-9.477335 8.372183
-9.477855 8.363231
-9.480205 8.356643
-9.486184 8.348607
-9.489443 8.344499
-9.515599 8.329995
-9.520170 8.326165
-9.514572 8.319851
-9.501024 8.311034
-9.500158 8.302303
-9.504150 8.291079
-9.503263 8.285563
-9.499148 8.280024
-9.491111 8.275147
-9.488165 8.267322
-9.489279 8.264234
-9.516605 8.242701
-9.516019 8.237877
-9.516025 8.236972
-9.509840 8.230732
-9.511126 8.210077
-9.514166 8.203210
-9.519730 8.198195
-9.521638 8.188107
-9.519850 8.179371
-9.514802 8.175894
-9.504177 8.179266
-9.500957 8.178326
-9.495012 8.170939
-9.489719 8.169755
-9.481641 8.171536
-9.469440 8.169388
-9.464529 8.166521
-9.463471 8.165902
-9.461720 8.151657
-9.463217 8.134449
-9.462329 8.129393
-9.457287 8.125225
-9.459260 8.105496
-9.455882 8.093765
-9.449018 8.086371
-9.447674 8.080624
-9.444929 8.077621
-9.444740 8.071421
-9.450586 8.058377
-9.455803 8.050851
-9.458029 8.047640
-9.460373 8.041458
-9.459948 8.036176
-9.456747 8.032481
-9.453526 8.032000
-9.440782 8.043159
-9.430381 8.048136
-9.427618 8.047887
-9.427911 8.038708
-9.431218 8.026335
-9.429868 8.021735
-9.421606 8.017086
-9.421176 8.012492
-9.421330 8.000000
