> libya 0
         23.287994         32.224968
         23.285791         32.227455
         23.286280         32.229984
         23.281305         32.236557
         23.283941         32.239342
         23.290768         32.234398
         23.294109         32.228718
         23.292559         32.225487
         23.287994         32.224968
> libya 1
         18.370762         30.627899
         18.374828         30.620935
         18.389919         30.611166
         18.405378         30.597281
         18.408815         30.594193
         18.432116         30.584721
         18.453627         30.568296
         18.467937         30.563311
         18.477226         30.557911
         18.493052         30.543568
         18.503803         30.540743
         18.515768         30.534750
         18.524033         30.527559
         18.533495         30.519323
         18.545498         30.516184
         18.569155         30.513971
         18.570522         30.509369
         18.567028         30.498728
         18.568363         30.494917
         18.579388         30.486082
         18.596315         30.475899
         18.607132         30.465954
         18.619358         30.459730
         18.624804         30.455387
         18.633961         30.448082
         18.642349         30.444477
         18.647869         30.439852
         18.650337         30.426855
         18.656603         30.417664
         18.663486         30.412169
         18.673258         30.407232
         18.738733         30.391966
         18.749653         30.382576
         18.758127         30.382639
         18.774920         30.386202
         18.786865         30.385695
         18.791010         30.381933
         18.793161         30.363874
         18.800415         30.355860
         18.832741         30.343878
         18.838305         30.343836
         18.849854         30.338791
         18.858295         30.335102
         18.884058         30.327477
         18.910683         30.312302
         18.928873         30.296152
         18.953503         30.283886
         18.975073         30.278624
         18.979185         30.277618
         19.025850         30.269508
         19.075148         30.267666
         19.108627         30.270578
         19.118826         30.268448
         19.121977         30.267790
         19.134357         30.269104
         19.183701         30.266077
         19.196621         30.267170
         19.247355         30.275181
         19.262197         30.279409
         19.310656         30.293198
         19.376482         30.314703
         19.397314         30.325140
         19.480320         30.366674
         19.496078         30.376774
         19.522427         30.389275
         19.523905         30.389977
         19.528761         30.394478
         19.541496         30.400812
         19.546310         30.406460
         19.556463         30.411112
         19.564676         30.411119
         19.574398         30.420118
         19.579161         30.420256
         19.585546         30.412636
         19.590662         30.410486
         19.608103         30.411673
         19.626740         30.423216
         19.639601         30.434502
         19.641870         30.436493
         19.687807         30.462332
         19.705191         30.479565
         19.753403         30.512190
         19.772709         30.525244
         19.794701         30.547636
         19.801107         30.561117
         19.818062         30.576487
         19.832609         30.592478
         19.849670         30.604952
         19.866488         30.617241
         19.905224         30.655197
         19.937460         30.697561
         19.940414         30.702669
         19.953491         30.725273
         19.967791         30.741930
         19.978516         30.762161
         19.998682         30.778505
         20.000000         30.779863
         20.006897         30.786972
         20.022594         30.805401
         20.037056         30.822371
         20.055868         30.847845
         20.068130         30.870628
         20.073593         30.890030
         20.089579         30.913132
         20.090559         30.915775
         20.097387         30.934196
         20.106432         30.950243
         20.115946         30.960339
         20.127831         30.979206
         20.134792         31.002079
         20.144367         31.018593
         20.149410         31.030056
         20.159979         31.054058
         20.166517         31.073936
         20.171516         31.100195
         20.172602         31.123838
         20.177048         31.150770
         20.176733         31.152933
         20.173946         31.172018
         20.168015         31.181961
         20.164612         31.196093
         20.150434         31.237242
         20.147615         31.241758
         20.135799         31.251785
         20.129974         31.269913
         20.128052         31.275896
         20.097012         31.325104
         20.076178         31.348429
         20.056795         31.360323
         20.051273         31.365458
         20.047148         31.371447
         20.031860         31.393621
         20.023378         31.414724
         20.013996         31.430761
         20.013248         31.436932
         20.017984         31.454699
         20.017179         31.462471
         20.013718         31.469719
         20.006821         31.475731
         20.000000         31.476265
         19.997965         31.476423
         19.995867         31.475225
         19.994923         31.476637
         19.993608         31.478605
         19.995089         31.489874
         19.987844         31.536442
         19.978970         31.560509
         19.969755         31.578835
         19.967886         31.586349
         19.966196         31.598707
         19.955980         31.673351
         19.931280         31.719477
         19.928988         31.723755
         19.924217         31.744709
         19.924068         31.771513
         19.929804         31.783802
         19.931786         31.811117
         19.924948         31.829725
         19.927370         31.837120
         19.929924         31.841879
         19.940216         31.861046
         19.944405         31.879250
         19.949457         31.888313
         19.950043         31.894512
         19.944456         31.908113
         19.958536         31.935503
         19.947868         31.946802
         19.943514         31.956638
         19.943703         31.957249
         19.950453         31.979115
         19.953709         31.987619
         19.959934         31.994200
         19.977579         32.000000
         19.977909         32.009602
         20.000000         32.026608
         20.001549         32.027802
         20.002298         32.028622
         20.034618         32.064049
         20.042379         32.078362
         20.048130         32.094879
         20.048893         32.104771
         20.051788         32.110394
         20.055492         32.111465
         20.060726         32.104809
         20.065691         32.102726
         20.069691         32.103352
         20.072897         32.108299
         20.071623         32.111687
         20.068268         32.113838
         20.065208         32.110958
         20.061398         32.111713
         20.060377         32.115341
         20.056108         32.119289
         20.079784         32.142288
         20.084484         32.149364
         20.090544         32.165436
         20.095850         32.171387
         20.098484         32.177002
         20.100529         32.188091
         20.114325         32.191643
         20.122387         32.196564
         20.128477         32.203007
         20.144629         32.221786
         20.151033         32.218151
         20.155897         32.217892
         20.158735         32.220074
         20.158735         32.220074
         20.154308         32.226768
         20.154308         32.226768
         20.152805         32.229458
         20.163801         32.244354
         20.217813         32.294247
         20.238054         32.310268
         20.261171         32.328552
         20.276163         32.335346
         20.290989         32.349922
         20.327045         32.380703
         20.335154         32.390194
         20.343868         32.397335
         20.373373         32.421505
         20.390074         32.432014
         20.406124         32.439747
         20.460054         32.475182
         20.476912         32.484203
         20.498028         32.498535
         20.511328         32.512569
         20.523615         32.520370
         20.544735         32.529881
         20.562588         32.544994
         20.575706         32.552593
         20.613958         32.565708
         20.627504         32.572460
         20.639791         32.578583
         20.686108         32.598389
         20.699186         32.601845
         20.724293         32.613525
         20.751272         32.620457
         20.762138         32.624969
         20.778282         32.632195
         20.788733         32.639671
         20.810873         32.646187
         20.845432         32.658863
         20.860250         32.665798
         20.900066         32.682083
         20.907085         32.688053
         20.924788         32.697144
         20.938316         32.708614
         20.943470         32.714062
         20.949795         32.717716
         20.962732         32.719074
         20.996967         32.733986
         21.011826         32.734940
         21.032146         32.746395
         21.043152         32.748596
         21.062508         32.757717
         21.079807         32.764477
         21.101675         32.766338
         21.110241         32.768684
         21.156044         32.768791
         21.184160         32.770378
         21.197309         32.767361
         21.226801         32.768524
         21.232567         32.766869
         21.249098         32.766930
         21.317705         32.772274
         21.332092         32.771797
         21.344133         32.775375
         21.353127         32.774273
         21.359291         32.775837
         21.367723         32.775177
         21.376228         32.779102
         21.385683         32.779846
         21.395250         32.784260
         21.404476         32.784081
         21.426798         32.794605
         21.440550         32.796391
         21.448441         32.802124
         21.457840         32.804237
         21.463943         32.807400
         21.470657         32.815392
         21.482515         32.817116
         21.488449         32.824394
         21.508326         32.835522
         21.513971         32.843250
         21.518444         32.846592
         21.525490         32.848877
         21.526207         32.849110
         21.536676         32.858353
         21.544479         32.859951
         21.553316         32.869377
         21.561073         32.872120
         21.571802         32.881828
         21.589861         32.891510
         21.605030         32.905697
         21.614111         32.909393
         21.618732         32.915939
         21.624588         32.918858
         21.627930         32.923534
         21.631390         32.925236
         21.636419         32.921711
         21.641201         32.924366
         21.671469         32.927956
         21.701485         32.937954
         21.707977         32.938591
         21.742661         32.933571
         21.754240         32.929070
         21.800123         32.914936
         21.825148         32.906425
         21.834436         32.904839
         21.888079         32.900272
         21.896891         32.896832
         21.909864         32.898308
         21.920040         32.894672
         21.928200         32.894192
         21.939505         32.896770
         21.959742         32.900032
         21.987909         32.901657
         22.015362         32.900501
         22.049219         32.902477
         22.071583         32.907146
         22.088438         32.914204
         22.092133         32.917271
         22.098042         32.921989
         22.099529         32.923180
         22.108675         32.925690
         22.115051         32.929737
         22.131311         32.930584
         22.149395         32.933762
         22.166059         32.930714
         22.180737         32.922115
         22.182184         32.919399
         22.176857         32.908272
         22.177032         32.903004
         22.182570         32.891670
         22.189020         32.885403
         22.198700         32.879894
         22.211315         32.875832
         22.248606         32.872097
         22.281454         32.871460
         22.311573         32.871216
         22.315546         32.874283
         22.323687         32.874233
         22.345284         32.868977
         22.376480         32.868965
         22.389927         32.863983
         22.394821         32.863628
         22.421278         32.849979
         22.434851         32.849579
         22.438847         32.843018
         22.444134         32.838543
         22.453485         32.834156
         22.470921         32.822372
         22.490540         32.809940
         22.501688         32.808796
         22.510193         32.805302
         22.526447         32.805634
         22.532764         32.802780
         22.557455         32.801903
         22.564325         32.798603
         22.569992         32.790005
         22.584484         32.785480
         22.603212         32.774849
         22.632162         32.776329
         22.646540         32.775692
         22.652317         32.772594
         22.657381         32.765816
         22.662979         32.759277
         22.674206         32.754906
         22.711834         32.745762
         22.758812         32.730816
         22.793678         32.722969
         22.795401         32.722805
         22.803720         32.722004
         22.848558         32.704922
         22.867262         32.693104
         22.878929         32.691929
         22.891827         32.684818
         22.902416         32.683395
         22.910097         32.679173
         22.916618         32.678139
         22.924055         32.672764
         22.928699         32.672649
         22.935156         32.672493
         22.951727         32.669788
         22.961348         32.663532
         22.966253         32.662010
         22.989573         32.659870
         23.007284         32.654430
         23.020212         32.656929
         23.033188         32.657364
         23.059338         32.649529
         23.065390         32.645042
         23.081858         32.646442
         23.087635         32.642178
         23.099041         32.640064
         23.104525         32.636711
         23.111040         32.635662
         23.120924         32.628941
         23.127127         32.617348
         23.125889         32.609085
         23.125477         32.606327
         23.110300         32.583412
         23.103020         32.582615
         23.100130         32.578903
         23.098652         32.572468
         23.107944         32.543282
         23.107241         32.538460
         23.102201         32.534260
         23.101467         32.530811
         23.108435         32.521069
         23.107977         32.517395
         23.124155         32.499172
         23.129850         32.492756
         23.132978         32.485470
         23.142738         32.483555
         23.148638         32.472878
         23.154913         32.469761
         23.155891         32.461987
         23.159811         32.455402
         23.156416         32.450085
         23.152140         32.448189
         23.150459         32.438541
         23.145773         32.430683
         23.140688         32.428772
         23.140202         32.423855
         23.142372         32.413219
         23.139706         32.399437
         23.135775         32.394108
         23.131746         32.393360
         23.126869         32.394432
         23.115726         32.404549
         23.114212         32.405922
         23.115768         32.408695
         23.128227         32.406364
         23.130909         32.407093
         23.131397         32.409389
         23.116287         32.421989
         23.110691         32.431068
         23.106838         32.434444
         23.099567         32.433876
         23.097765         32.429955
         23.101133         32.424049
         23.099577         32.421276
         23.093121         32.420490
         23.093725         32.417522
         23.101683         32.411457
         23.107857         32.400558
         23.107409         32.396427
         23.097530         32.379780
         23.087387         32.363132
         23.086737         32.356022
         23.091642         32.341434
         23.102453         32.327858
         23.110935         32.322033
         23.146986         32.312042
         23.153744         32.310997
         23.164217         32.312527
         23.170225         32.308723
         23.175497         32.301472
         23.193121         32.296001
         23.199957         32.291061
         23.205107         32.289532
         23.210899         32.282974
         23.210423         32.279991
         23.210423         32.279991
         23.213442         32.277287
         23.213442         32.277287
         23.217228         32.276424
         23.222727         32.271004
         23.227171         32.264427
         23.227335         32.256413
         23.229345         32.250256
         23.231501         32.246780
         23.242985         32.228233
         23.260305         32.210155
         23.274954         32.204174
         23.286467         32.207081
         23.293465         32.206951
         23.297817         32.204491
         23.306219         32.187656
         23.323914         32.162933
         23.325577         32.160435
         23.330715         32.158901
         23.332773         32.163738
         23.329206         32.167355
         23.325153         32.176617
         23.324423         32.178284
         23.321974         32.193596
         23.312046         32.206059
         23.309504         32.212208
         23.311293         32.217041
         23.314751         32.219151
         23.320381         32.220142
         23.330631         32.218903
         23.347450         32.211800
         23.353113         32.211185
         23.364645         32.213169
         23.371387         32.212341
         23.385025         32.202442
         23.397799         32.195507
         23.426851         32.180759
         23.433878         32.178787
         23.455378         32.179741
         23.467142         32.183777
         23.473419         32.178585
         23.479616         32.177975
         23.500826         32.180061
         23.510040         32.176048
         23.517019         32.176819
         23.526897         32.181057
         23.534681         32.181622
         23.538181         32.181873
         23.544397         32.180115
         23.555096         32.183670
         23.568632         32.178329
         23.577244         32.177967
         23.589312         32.180164
         23.611898         32.180412
         23.647394         32.180794
         23.658325         32.187096
         23.669334         32.188354
         23.683115         32.184147
         23.717321         32.180828
         23.767197         32.172386
         23.780151         32.169075
         23.786125         32.164780
         23.793446         32.160500
         23.830683         32.150536
         23.840742         32.139282
         23.841051         32.139736
         23.846937         32.141064
         23.861851         32.131119
         23.873451         32.127785
         23.928860         32.124359
         23.933733         32.121422
         23.935122         32.117767
         23.933302         32.112717
         23.934406         32.110207
         23.943470         32.116234
         23.948835         32.116962
         23.966047         32.111561
         24.005739         32.099083
         24.016827         32.092525
         24.019009         32.089565
         24.013187         32.081509
         24.015390         32.076717
         24.012186         32.075089
         24.006811         32.075279
         23.996008         32.080463
         23.975853         32.081226
         23.972948         32.076851
         23.973783         32.074341
         23.979202         32.070259
         23.991240         32.066223
         23.993221         32.065559
         24.021225         32.059128
         24.029593         32.055069
         24.060450         32.031933
         24.072863         32.025612
         24.085783         32.022263
         24.104050         32.020782
         24.122082         32.015865
         24.122763         32.015766
         24.160248         32.010384
         24.181728         32.009140
         24.200304         32.002609
         24.207012         32.002876
         24.232449         32.009659
         24.258482         32.009571
         24.266747         32.011921
         24.270800         32.013069
         24.276705         32.013100
         24.281021         32.010376
         24.289747         32.000000
         24.289139         31.993935
         24.321129         31.994236
         24.330254         31.991901
         24.334293         31.993254
         24.343542         32.000000
         24.343542         32.000000
         24.358288         32.000000
         24.358288         32.000000
         24.358801         32.000000
         24.361444         31.993343
         24.366539         31.991713
         24.377068         31.997839
         24.381371         31.998043
         24.385098         31.993216
         24.391596         31.993971
         24.407700         31.995838
         24.411722         31.994671
         24.415190         31.990990
         24.421118         31.993015
         24.424566         31.987043
         24.426723         31.987947
         24.427582         31.994581
         24.438854         31.992456
         24.444792         31.995398
         24.449902         31.995596
         24.460344         31.990498
         24.505249         31.992285
         24.511423         31.991329
         24.518377         31.986935
         24.520132         31.986568
         24.524012         31.985756
         24.530153         31.981136
         24.547081         31.980568
         24.552198         31.981680
         24.561928         31.987568
         24.589439         31.993483
         24.599094         31.995558
         24.609955         32.000000
         24.611998         32.005131
         24.628035         32.011391
         24.643305         32.018978
         24.667704         32.027264
         24.677645         32.024761
         24.695621         32.027538
         24.725758         32.026901
         24.736423         32.026672
         24.766766         32.022125
         24.773479         32.020298
         24.782351         32.012749
         24.802486         32.008183
         24.805132         32.006947
         24.810303         32.005226
         24.812380         32.000000
         24.821323         31.992743
         24.832121         31.991693
         24.842546         31.986795
         24.864307         31.985691
         24.866974         31.984699
         24.873138         31.982409
         24.876057         31.979177
         24.880606         31.977533
         24.894873         31.979239
         24.904228         31.975031
         24.917906         31.972618
         24.927849         31.972527
         24.932175         31.974546
         24.935934         31.974283
         24.941517         31.969423
         24.947695         31.969137
         24.953653         31.972744
         24.962460         31.967854
         24.982603         31.966745
         24.991137         31.961626
         25.000000         31.959013
         25.001577         31.958548
         25.009798         31.950224
         25.033243         31.935339
         25.040373         31.926109
         25.040817         31.919235
         25.032206         31.878105
         25.031116         31.856562
         25.032345         31.848335
         25.036257         31.839823
         25.060553         31.810724
         25.062277         31.799484
         25.064899         31.795107
         25.075281         31.789045
         25.075735         31.783087
         25.083645         31.773157
         25.093182         31.764584
         25.094461         31.760220
         25.090595         31.752245
         25.091902         31.749712
         25.093220         31.748095
         25.096701         31.747601
         25.108278         31.750916
         25.111473         31.749277
         25.113728         31.738031
         25.121403         31.730850
         25.122149         31.726719
         25.126362         31.721407
         25.126413         31.706289
         25.132988         31.697287
         25.134483         31.689484
         25.147816         31.666206
         25.150620         31.656326
         25.148758         31.650715
         25.148048         31.648581
         25.148048         31.648581
         25.142147         31.655903
         25.142815         31.667345
         25.131540         31.666580
         25.117809         31.644028
         25.102411         31.632408
         25.090118         31.619596
         25.084139         31.610134
         25.078522         31.596085
         25.076115         31.583202
         25.071224         31.557011
         25.062542         31.541803
         25.056953         31.538544
         25.000000         31.502947
         24.963617         31.480206
         24.941380         31.461084
         24.938879         31.458933
         24.861115         31.405914
         24.858835         31.396065
         24.861366         31.371904
         24.862051         31.368507
         24.867195         31.343039
         24.881134         31.323784
         24.886929         31.303913
         24.888165         31.262129
         24.886177         31.247086
         24.879002         31.192722
         24.877735         31.167078
         24.883062         31.134041
         24.888565         31.122770
         24.904110         31.090923
         24.918772         31.066248
         24.942228         31.005814
         24.944839         30.999083
         24.951351         30.965141
         24.963001         30.937050
         24.980556         30.913052
         24.988539         30.887680
         24.990458         30.881586
         24.990107         30.861773
         25.000000         30.832933
         25.018274         30.777979
         25.015957         30.765043
         25.000000         30.729868
         24.992287         30.712866
         24.989227         30.689974
         24.978619         30.644403
         24.955080         30.598597
         24.949240         30.577358
         24.950129         30.560528
         24.947803         30.545267
         24.942421         30.529045
         24.926533         30.481127
         24.890190         30.448442
         24.875284         30.428089
         24.872097         30.421940
         24.858114         30.394945
         24.834398         30.368929
         24.783087         30.331352
         24.781553         30.326414
         24.769535         30.287706
         24.759623         30.264753
         24.734526         30.225761
         24.725891         30.210697
         24.709377         30.181873
         24.698099         30.148846
         24.743971         30.104738
         24.753325         30.095737
         24.785748         30.000000
         24.790346         29.986420
         24.813168         29.918915
         24.820110         29.886183
         24.818970         29.863756
         24.816502         29.815205
         24.819407         29.789005
         24.843330         29.742258
         24.857090         29.715347
         24.895803         29.631365
         24.897194         29.625359
         24.897730         29.623041
         24.895035         29.608812
         24.874851         29.587074
         24.857719         29.548336
         24.860384         29.534245
         24.870596         29.510298
         24.883039         29.481102
         24.899593         29.459984
         24.910234         29.430630
         24.929405         29.395885
         24.957024         29.345783
         24.984020         29.279352
         24.988636         29.267982
         24.999435         29.250158
         25.000000         29.200434
         25.000000         29.165001
         25.000000         29.081699
         25.000000         29.030090
         25.000000         29.017838
         25.000000         28.998400
         25.000000         28.915100
         25.000000         28.831800
         25.000000         28.777737
         25.000000         28.748501
         25.000000         28.665199
         25.000000         28.581900
         25.000000         28.498600
         25.000000         28.415300
         25.000000         28.332001
         25.000000         28.272955
         25.000000         28.248699
         25.000000         28.165400
         25.000000         28.146751
         25.000000         28.082100
         25.000000         27.998800
         25.000000         27.915501
         25.000000         27.894337
         25.000000         27.832199
         25.000000         27.748899
         25.000000         27.665600
         25.000000         27.641914
         25.000000         27.582300
         25.000000         27.515699
         25.000000         27.499001
         25.000000         27.454533
         25.000000         27.415701
         25.000000         27.389557
         25.000000         27.332399
         25.000000         27.249100
         25.000000         27.165800
         25.000000         27.082500
         25.000000         26.999201
         25.000000         26.974459
         25.000000         26.915899
         25.000000         26.832600
         25.000000         26.749300
         25.000000         26.666000
         25.000000         26.582701
         25.000000         26.499399
         25.000000         26.416100
         25.000000         26.332800
         25.000000         26.249500
         25.000000         26.166201
         25.000000         26.082899
         25.000000         25.999599
         25.000000         25.916300
         25.000000         25.833000
         25.000000         25.749701
         25.000000         25.666401
         25.000000         25.583099
         25.000000         25.499800
         25.000000         25.416500
         25.000000         25.370771
         25.000000         25.333200
         25.000000         25.249901
         25.000000         25.166599
         25.000000         25.118549
         25.000000         25.083300
         25.000000         25.000000
         25.000000         24.914700
         25.000000         24.831400
         25.000000         24.748100
         25.000000         24.699654
         25.000000         24.664801
         25.000000         24.614265
         25.000000         24.581499
         25.000000         24.498199
         25.000000         24.472984
         25.000000         24.362196
         25.000000         24.248301
         25.000000         24.165001
         25.000000         24.110182
         25.000000         24.081699
         25.000000         23.998400
         25.000000         23.915100
         25.000000         23.895359
         25.000000         23.831800
         25.000000         23.769382
         25.000000         23.748501
         25.000000         23.665199
         25.000000         23.643385
         25.000000         23.581900
         25.000000         23.535793
         25.000000         23.517368
         25.000000         23.498600
         25.000000         23.415300
         25.000000         23.391333
         25.000000         23.332001
         25.000000         23.265280
         25.000000         23.248699
         25.000000         23.165400
         25.000000         23.139214
         25.000000         23.082100
         25.000000         23.013124
         25.000000         22.998800
         25.000000         22.915501
         25.000000         22.887018
         25.000000         22.832199
         25.000000         22.748899
         25.000000         22.665600
         25.000000         22.634758
         25.000000         22.582300
         25.000000         22.499001
         25.000000         22.415701
         25.000000         22.382437
         25.000000         22.332399
         25.000000         22.249100
         25.000000         22.165800
         25.000000         22.130064
         25.000000         22.082500
         25.000000         21.999201
         25.000000         21.963869
         25.000000         21.915899
         25.000000         21.832600
         25.000000         21.749300
         25.000000         21.711422
         25.000000         21.666000
         25.000000         21.582701
         25.000000         21.499399
         25.000000         21.458929
         25.000000         21.416100
         25.000000         21.332800
         25.000000         21.249500
         25.000000         21.221905
         25.000000         21.206409
         25.000000         21.184729
         25.000000         21.166201
         25.000000         21.082899
         25.000000         21.016718
         25.000000         20.999599
         25.000000         20.954172
         25.000000         20.916300
         25.000000         20.897463
         25.000000         20.893618
         25.000000         20.880468
         25.000000         20.833000
         25.000000         20.749701
         25.000000         20.702297
         25.000000         20.666401
         25.000000         20.645378
         25.000000         20.612326
         25.000000         20.583099
         25.000000         20.499800
         25.000000         20.449787
         25.000000         20.416500
         25.000000         20.333200
         25.000000         20.249901
         25.000000         20.222559
         25.000000         20.197168
         25.000000         20.166599
         25.000000         20.083300
         25.000000         20.031803
         25.000000         20.000000
         24.997999         20.000000
         24.914700         20.000000
         24.831400         20.000000
         24.748100         20.000000
         24.664801         20.000000
         24.581499         20.000000
         24.498199         20.000000
         24.414900         20.000000
         24.331600         20.000000
         24.248301         20.000000
         24.165001         20.000000
         24.081699         20.000000
         24.000000         20.000000
         24.000000         19.900000
         24.000000         19.799999
         24.000000         19.700001
         24.000000         19.600000
         24.000000         19.508043
         24.000000         19.508043
         23.935038         19.537603
         23.818544         19.598984
         23.778326         19.620148
         23.757414         19.632549
         23.704937         19.658379
         23.701979         19.660191
         23.690683         19.667110
         23.586004         19.721460
         23.585508         19.721699
         23.547068         19.740150
         23.468191         19.781845
         23.438513         19.797518
         23.405750         19.812998
         23.402695         19.816078
         23.351534         19.842768
         23.312889         19.862911
         23.303284         19.866417
         23.286392         19.877491
         23.276558         19.881460
         23.234541         19.903172
         23.151510         19.946030
         23.145950         19.947111
         23.132544         19.953703
         23.127333         19.957991
         23.117466         19.963202
         23.090979         19.977190
         23.057432         19.993084
         23.055080         19.995678
         23.046721         20.000000
         23.000542         20.023872
         22.883215         20.084433
         22.802858         20.125837
         22.795254         20.132015
         22.765928         20.144524
         22.721607         20.168913
         22.661125         20.198997
         22.649479         20.206558
         22.648218         20.207378
         22.622955         20.218145
         22.589895         20.237381
         22.583744         20.238478
         22.560020         20.250729
         22.524775         20.268919
         22.517778         20.271395
         22.476084         20.296341
         22.472187         20.296440
         22.448694         20.310354
         22.443790         20.312069
         22.438797         20.313816
         22.353235         20.357744
         22.341991         20.365599
         22.326189         20.372005
         22.317877         20.375376
         22.305193         20.384182
         22.301069         20.384972
         22.237352         20.418661
         22.227695         20.422337
         22.209236         20.432749
         22.200060         20.437923
         22.194010         20.439674
         22.167604         20.455915
         22.160803         20.456993
         22.091631         20.492142
         22.088326         20.493818
         22.058022         20.511051
         22.050766         20.513514
         21.974989         20.554205
         21.958780         20.562901
         21.939224         20.571604
         21.919037         20.584454
         21.913675         20.584801
         21.908125         20.587448
         21.890095         20.598869
         21.877995         20.603268
         21.857534         20.613552
         21.829750         20.627510
         21.824512         20.633135
         21.801523         20.641895
         21.782764         20.654009
         21.766773         20.659401
         21.754030         20.667938
         21.740688         20.673460
         21.740000         20.673746
         21.680883         20.705065
         21.658884         20.715164
         21.652082         20.716911
         21.638613         20.726145
         21.623201         20.733849
         21.554283         20.768269
         21.548695         20.769758
         21.504948         20.793396
         21.498642         20.794172
         21.480339         20.806704
         21.381340         20.855024
         21.360813         20.865032
         21.263302         20.915401
         21.221367         20.934431
         21.215830         20.938894
         21.144661         20.974394
         21.101709         20.995796
         21.082111         21.007389
         21.069241         21.012663
         21.026310         21.034193
         20.921785         21.086548
         20.907480         21.093428
         20.812523         21.139046
         20.787971         21.151518
         20.668764         21.210119
         20.554953         21.268274
         20.485617         21.302311
         20.350657         21.373547
         20.000000         21.544849
         18.840176         22.111448
         18.761364         22.150312
         18.726076         22.167696
         18.687191         22.184139
         18.670713         22.194067
         18.640913         22.207821
         18.586029         22.233133
         18.520622         22.265970
         18.513384         22.269602
         18.507469         22.271223
         18.422953         22.311357
         18.402004         22.322874
         18.400053         22.323303
         18.394606         22.324497
         18.278709         22.379412
         18.243919         22.395874
         18.226402         22.406677
         18.218998         22.408062
         18.158524         22.437176
         18.116802         22.457243
         18.087662         22.468958
         18.037350         22.493921
         17.989584         22.517601
         17.916843         22.552097
         17.795803         22.609396
         17.739061         22.636211
         17.735594         22.639418
         17.675426         22.667500
         17.557297         22.722540
         17.553947         22.724152
         17.433161         22.782141
         17.399633         22.798214
         17.370125         22.810724
         17.366396         22.814152
         17.312031         22.839010
         17.268887         22.858723
         17.236612         22.874638
         17.228409         22.880335
         17.191414         22.897129
         17.095295         22.940704
         17.069588         22.953432
         17.033403         22.971334
         17.009554         22.980375
         16.981932         22.997187
         16.971500         23.000338
         16.948753         23.010771
         16.938427         23.015507
         16.883446         23.042456
         16.847124         23.058502
         16.830191         23.068022
         16.827730         23.068007
         16.827215         23.068003
         16.815502         23.075262
         16.738592         23.109356
         16.721897         23.118408
         16.717424         23.119293
         16.706289         23.124527
         16.602573         23.173225
         16.583900         23.179958
         16.580164         23.181305
         16.578897         23.184044
         16.566681         23.190138
         16.559967         23.191458
         16.546993         23.198690
         16.463446         23.237036
         16.456728         23.240116
         16.449480         23.244867
         16.394108         23.269367
         16.378370         23.278166
         16.341858         23.293894
         16.313749         23.305994
         16.298756         23.314104
         16.263329         23.327978
         16.233074         23.345102
         16.226351         23.346413
         16.219782         23.349321
         16.172153         23.370396
         16.097204         23.404879
         15.998170         23.450369
         15.985817         23.444502
         15.980855         23.443760
         15.975140         23.439920
         15.971492         23.437468
         15.967270         23.437191
         15.949719         23.429890
         15.880802         23.398617
         15.861243         23.393345
         15.856597         23.388020
         15.852950         23.386383
         15.730152         23.331169
         15.728233         23.330305
         15.696146         23.316607
         15.688965         23.315140
         15.664803         23.303370
         15.653660         23.301163
         15.645302         23.295553
         15.606715         23.278759
         15.542702         23.250870
         15.506002         23.232716
         15.495131         23.229586
         15.483641         23.224575
         15.441402         23.206142
         15.438230         23.202887
         15.400766         23.187223
         15.373452         23.173532
         15.361522         23.169228
         15.360874         23.168995
         15.252094         23.118315
         15.244195         23.116131
         15.239152         23.113773
         15.150983         23.072502
         15.142104         23.069839
         15.119727         23.059626
         15.117328         23.057600
         15.115577         23.056120
         15.089976         23.046080
         15.086562         23.043045
         15.008642         23.007837
         15.001239         23.006109
         15.000000         23.005136
         14.995867         23.001894
         14.972491         22.993019
         14.961214         22.986639
         14.902729         22.961164
         14.901504         22.960632
         14.897623         22.956438
         14.882641         22.949759
         14.877686         22.949673
         14.865897         22.944424
         14.861443         22.944118
         14.811869         22.920776
         14.780888         22.907463
         14.703349         22.874109
         14.698718         22.870584
         14.685689         22.865990
         14.658107         22.853405
         14.612365         22.832521
         14.605530         22.828035
         14.589314         22.822226
         14.543470         22.801628
         14.535630         22.798773
         14.520877         22.793396
         14.517480         22.790350
         14.451091         22.759699
         14.415498         22.746838
         14.413195         22.744871
         14.411372         22.743315
         14.381966         22.730801
         14.377098         22.727262
         14.291270         22.689463
         14.189322         22.644484
         14.175694         22.655436
         14.172387         22.658987
         14.161460         22.670731
         14.151690         22.675570
         14.146338         22.681877
         14.133444         22.692841
         14.127175         22.696148
         14.071637         22.742641
         14.060929         22.751600
         14.026469         22.782495
         14.001720         22.801216
         13.971022         22.827425
         13.939914         22.853966
         13.922234         22.866871
         13.917372         22.872723
         13.879600         22.904892
         13.870712         22.912413
         13.776359         22.992178
         13.769788         22.997051
         13.748771         23.012629
         13.743389         23.018925
         13.693646         23.059711
         13.680397         23.072237
         13.668135         23.080629
         13.631827         23.105467
         13.555035         23.150909
         13.544736         23.157000
         13.539990         23.158028
         13.523602         23.166796
         13.480589         23.186134
         13.431418         23.203205
         13.411606         23.210079
         13.407782         23.213421
         13.397975         23.217527
         13.383316         23.217842
         13.375004         23.221758
         13.310309         23.234310
         13.301483         23.236521
         13.241484         23.251543
         13.222794         23.253574
         13.198989         23.260281
         13.188048         23.260679
         13.168954         23.264940
         13.049450         23.291565
         13.036111         23.293800
         13.029467         23.294914
         13.018660         23.298746
         13.006941         23.300028
         12.903378         23.322504
         12.789686         23.347101
         12.769512         23.348354
         12.766408         23.351933
         12.755652         23.353916
         12.745083         23.357737
         12.728608         23.359779
         12.646196         23.377998
         12.638854         23.379215
         12.622693         23.381887
         12.614369         23.385309
         12.584358         23.390377
         12.576033         23.393797
         12.567804         23.394466
         12.506172         23.407270
         12.434785         23.422071
         12.384827         23.434975
         12.377117         23.434965
         12.373363         23.435783
         12.240374         23.464716
         12.230680         23.466820
         12.158481         23.481474
         12.153023         23.481070
         12.121852         23.489462
         12.109632         23.490211
         12.107163         23.490917
         12.078689         23.499063
         12.000672         23.515301
         12.000000         23.515167
         12.000000         23.515167
         11.983138         23.522223
         11.979548         23.525028
         11.975928         23.532137
         11.965138         23.550230
         11.947679         23.582340
         11.933996         23.606440
         11.920101         23.630186
         11.906020         23.654293
         11.892512         23.678202
         11.889067         23.684942
         11.873501         23.711243
         11.855418         23.743357
         11.833255         23.781149
         11.821363         23.801950
         11.815883         23.811798
         11.805976         23.828415
         11.788418         23.859602
         11.776494         23.879862
         11.760040         23.909578
         11.751016         23.924011
         11.745916         23.933844
         11.739511         23.945328
         11.725918         23.968321
         11.716219         23.985817
         11.708302         24.000000
         11.708280         24.017805
         11.704771         24.027084
         11.701538         24.030304
         11.692127         24.055319
         11.688647         24.059914
         11.656375         24.134008
         11.606182         24.249044
         11.604049         24.248100
         11.589172         24.241514
         11.565682         24.243393
         11.553933         24.242039
         11.543429         24.237013
         11.528665         24.222134
         11.505413         24.211620
         11.479821         24.208374
         11.471429         24.207308
         11.456184         24.201591
         11.448439         24.200224
         11.434692         24.190147
         11.364875         24.237814
         11.305228         24.278479
         11.253873         24.312263
         11.220895         24.333937
         11.218138         24.337376
         11.205869         24.345392
         11.204111         24.349518
         11.186082         24.358904
         11.144641         24.387304
         11.124939         24.400797
         11.118425         24.403538
         11.099142         24.407866
         11.086377         24.407845
         11.078609         24.410812
         11.072329         24.419056
         11.066055         24.424320
         11.057791         24.425451
         11.055292         24.423840
         11.051536         24.424292
         11.043255         24.430925
         11.033469         24.446070
         11.033192         24.446499
         11.024154         24.454048
         11.016632         24.457014
         11.012614         24.460443
         10.948178         24.480463
         10.906552         24.491810
         10.801147         24.530205
         10.778230         24.537397
         10.766507         24.541075
         10.762984         24.543583
         10.720040         24.558765
         10.716262         24.561960
         10.694419         24.567823
         10.650298         24.552792
         10.623396         24.543617
         10.615906         24.539450
         10.579659         24.526869
         10.540217         24.507149
         10.524871         24.501211
         10.493262         24.488976
         10.456911         24.492645
         10.447649         24.491898
         10.434605         24.494104
         10.419031         24.499046
         10.396629         24.511049
         10.395075         24.512074
         10.320489         24.561193
         10.285450         24.581341
         10.282080         24.584188
         10.272809         24.592024
         10.239261         24.611713
         10.226199         24.637987
         10.217138         24.664982
         10.213163         24.685135
         10.213112         24.685698
         10.205792         24.765368
         10.199635         24.777704
         10.185399         24.793644
         10.174645         24.800667
         10.163896         24.807686
         10.117683         24.828844
         10.106528         24.837461
         10.090590         24.846724
         10.077973         24.851196
         10.063543         24.860010
         10.056683         24.865187
         10.040716         24.877232
         10.041245         24.984491
         10.041321         25.000000
         10.041321         25.000000
         10.041665         25.069756
         10.039842         25.074787
         10.040193         25.087412
         10.041903         25.091789
         10.041966         25.110126
         10.042354         25.221455
         10.040278         25.226255
         10.041246         25.235914
         10.044330         25.266687
         10.042245         25.293060
         10.043962         25.297209
         10.042974         25.316248
         10.044456         25.319017
         10.041826         25.327713
         10.023140         25.356318
         10.016648         25.363735
         10.014048         25.369907
         10.000000         25.387251
          9.981216         25.410440
          9.970654         25.426632
          9.965814         25.429798
          9.944808         25.459810
          9.920498         25.494524
          9.866365         25.563995
          9.858225         25.574434
          9.857666         25.578331
          9.805356         25.645473
          9.806622         25.645487
          9.796866         25.655020
          9.789013         25.666079
          9.775674         25.684853
          9.774089         25.689426
          9.711115         25.767895
          9.710109         25.769781
          9.705638         25.778160
          9.631074         25.873652
          9.618966         25.889139
          9.618150         25.892572
          9.605452         25.909172
          9.551838         25.977251
          9.515733         26.023041
          9.495790         26.045506
          9.485886         26.060068
          9.482290         26.062315
          9.469676         26.078979
          9.426869         26.135490
          9.410255         26.154547
          9.407619         26.159792
          9.389285         26.182110
          9.387854         26.183851
          9.387020         26.187744
          9.398853         26.194572
          9.410105         26.205524
          9.438486         26.240828
          9.456484         26.259447
          9.462137         26.271008
          9.462820         26.275610
          9.466774         26.281561
          9.471751         26.289053
          9.480844         26.308006
          9.484975         26.319546
          9.493904         26.333445
          9.510172         26.365355
          9.520967         26.374914
          9.540931         26.383543
          9.593333         26.406170
          9.605731         26.411839
          9.609498         26.415331
          9.626467         26.422203
          9.662708         26.435741
          9.667397         26.437174
          9.699504         26.446980
          9.704344         26.447268
          9.718795         26.452721
          9.756257         26.471300
          9.760079         26.471573
          9.793960         26.489407
          9.797539         26.491289
          9.831289         26.503607
          9.863823         26.512226
          9.871680         26.515985
          9.876212         26.520397
          9.891666         26.547201
          9.896356         26.558962
          9.897797         26.561161
          9.911363         26.581854
          9.923200         26.613211
          9.927657         26.642883
          9.926850         26.665152
          9.925014         26.668806
          9.924926         26.675467
          9.922935         26.681456
          9.920667         26.688284
          9.908368         26.709745
          9.908139         26.726738
          9.922976         26.802683
          9.923230         26.803574
          9.934465         26.842993
          9.930767         26.851683
          9.919291         26.867872
          9.911024         26.873528
          9.896721         26.890146
          9.882136         26.913530
          9.877018         26.926687
          9.841372         26.984644
          9.833125         27.006144
          9.832031         27.029564
          9.841187         27.052397
          9.841754         27.066645
          9.837831         27.072113
          9.826138         27.100927
          9.823681         27.111237
          9.829903         27.142771
          9.828058         27.150637
          9.826624         27.156746
          9.815712         27.183958
          9.810018         27.205027
          9.804728         27.215765
          9.783859         27.238041
          9.784299         27.243099
          9.773975         27.263884
          9.773937         27.264742
          9.773593         27.272379
          9.774547         27.277443
          9.773400         27.285469
          9.776686         27.306637
          9.774988         27.317184
          9.774294         27.346806
          9.783045         27.381128
          9.787145         27.388876
          9.793806         27.401463
          9.797980         27.432747
          9.797583         27.442389
          9.801004         27.454830
          9.800179         27.458496
          9.806441         27.470280
          9.813323         27.474951
          9.838888         27.487173
          9.844778         27.493265
          9.850559         27.499243
          9.858544         27.517244
          9.862706         27.532677
          9.869930         27.550211
          9.869519         27.561232
          9.862272         27.563681
          9.843021         27.558882
          9.831406         27.560593
          9.820534         27.564379
          9.818139         27.569635
          9.819060         27.571642
          9.821636         27.577255
          9.835970         27.583841
          9.840860         27.584124
          9.871858         27.596859
          9.886664         27.606890
          9.896018         27.620081
          9.902536         27.633469
          9.906259         27.644073
          9.909044         27.647778
          9.911090         27.656326
          9.915877         27.676329
          9.923803         27.700527
          9.923701         27.708105
          9.929058         27.731819
          9.927437         27.737314
          9.933663         27.780146
          9.934526         27.786079
          9.935256         27.828119
          9.959319         27.863731
          9.962235         27.877771
          9.961322         27.888329
          9.956325         27.899321
          9.948016         27.917595
          9.936231         27.948713
          9.922697         27.993824
          9.914968         28.010742
          9.912177         28.019196
          9.899318         28.058126
          9.890832         28.091801
          9.871553         28.140078
          9.869641         28.144865
          9.842768         28.249771
          9.840485         28.263252
          9.835972         28.289890
          9.833501         28.353712
          9.836170         28.366602
          9.844048         28.387871
          9.849666         28.403034
          9.855010         28.483931
          9.858537         28.491777
          9.863735         28.512108
          9.863954         28.512962
          9.862602         28.516623
          9.865143         28.520784
          9.872139         28.596413
          9.870079         28.631987
          9.870380         28.637299
          9.870914         28.646694
          9.880067         28.680546
          9.882064         28.723970
          9.887836         28.758245
          9.887742         28.762192
          9.887212         28.784418
          9.889750         28.789267
          9.889276         28.804647
          9.886151         28.823215
          9.886960         28.839987
          9.880829         28.868397
          9.878411         28.873423
          9.877938         28.886786
          9.877549         28.897755
          9.879274         28.923491
          9.877680         29.012980
          9.877125         29.044134
          9.855783         29.137356
          9.855336         29.139305
          9.848339         29.171604
          9.848528         29.176657
          9.830036         29.261436
          9.802939         29.385414
          9.792983         29.430895
          9.755502         29.503765
          9.740841         29.532238
          9.737271         29.542528
          9.732411         29.551424
          9.729220         29.554144
          9.697284         29.615753
          9.696150         29.618414
          9.689103         29.634939
          9.643535         29.723919
          9.638783         29.734211
          9.624455         29.765232
          9.586720         29.835691
          9.584752         29.843241
          9.580853         29.849630
          9.579610         29.851667
          9.579001         29.856480
          9.562430         29.886797
          9.558943         29.890656
          9.549048         29.914858
          9.508449         29.956785
          9.494601         29.971073
          9.492944         29.975412
          9.470066         30.000000
          9.418532         30.055386
          9.415156         30.078793
          9.408186         30.099121
          9.408737         30.111979
          9.401746         30.133223
          9.402711         30.138056
          9.400335         30.152248
          9.395229         30.171225
          9.399734         30.177799
          9.400624         30.179100
          9.409223         30.185183
          9.417867         30.188742
          9.433169         30.189178
          9.456340         30.192469
          9.463680         30.195320
          9.475635         30.205803
          9.490285         30.213337
          9.506831         30.218369
          9.512309         30.222111
          9.519141         30.224033
          9.523374         30.223629
          9.528896         30.225780
          9.542257         30.230982
          9.545630         30.234467
          9.575346         30.240431
          9.591716         30.242153
          9.616142         30.250252
          9.649111         30.269230
          9.675848         30.282164
          9.706272         30.292112
          9.707127         30.292391
          9.715475         30.299141
          9.744282         30.315985
          9.774829         30.323206
          9.792695         30.330282
          9.798182         30.334471
          9.815269         30.340849
          9.825798         30.343943
          9.835748         30.344868
          9.870415         30.348080
          9.882321         30.347284
          9.888904         30.349188
          9.917892         30.374943
          9.947254         30.393583
          9.952734         30.404579
          9.962192         30.423550
          9.970598         30.427990
          9.977396         30.434019
         10.000000         30.465563
         10.007019         30.475357
         10.019864         30.505526
         10.025438         30.511509
         10.055653         30.543926
         10.076636         30.560396
         10.080801         30.566397
         10.100164         30.586060
         10.114460         30.609119
         10.115137         30.609858
         10.152404         30.650490
         10.174526         30.686447
         10.181340         30.693613
         10.194507         30.701973
         10.199265         30.703386
         10.204459         30.707014
         10.213215         30.713129
         10.226007         30.732033
         10.246531         30.772320
         10.273360         30.817139
         10.277834         30.824606
         10.284031         30.841391
         10.287067         30.855858
         10.296657         30.879086
         10.294185         30.886864
         10.295440         30.893980
         10.306232         30.903917
         10.307775         30.908972
         10.297201         30.929302
         10.296131         30.933510
         10.288055         30.965231
         10.286758         30.987690
         10.282332         31.003935
         10.279907         31.006897
         10.275175         31.026808
         10.275510         31.045609
         10.279185         31.056829
         10.287631         31.082603
         10.284822         31.096567
         10.270987         31.120993
         10.262070         31.133076
         10.249286         31.175274
         10.242181         31.198711
         10.231600         31.215820
         10.220097         31.243694
         10.216856         31.247337
         10.211314         31.266088
         10.208338         31.269960
         10.199249         31.292955
         10.194610         31.304689
         10.157382         31.385744
         10.153873         31.388924
         10.147520         31.406975
         10.146984         31.410198
         10.144933         31.422537
         10.146612         31.438589
         10.144343         31.449800
         10.137509         31.462803
         10.137505         31.485716
         10.140621         31.493303
         10.149838         31.504837
         10.154088         31.507162
         10.168595         31.523777
         10.169250         31.525454
         10.170932         31.529753
         10.184911         31.546362
         10.188913         31.547081
         10.200535         31.559772
         10.202339         31.565744
         10.210816         31.572912
         10.222163         31.586746
         10.223715         31.591570
         10.240880         31.611860
         10.251033         31.627632
         10.253774         31.631887
         10.254269         31.635557
         10.279356         31.667355
         10.284572         31.680450
         10.289078         31.684835
         10.291164         31.690119
         10.312961         31.705622
         10.341971         31.721691
         10.364899         31.734381
         10.373970         31.738106
         10.385198         31.740471
         10.393769         31.740526
         10.441034         31.727310
         10.458704         31.728334
         10.480369         31.733215
         10.492120         31.735861
         10.529795         31.747297
         10.541792         31.754463
         10.547642         31.759993
         10.551915         31.761620
         10.562006         31.773125
         10.573766         31.811665
         10.575624         31.814472
         10.581980         31.824074
         10.591566         31.832598
         10.596114         31.833994
         10.615850         31.848063
         10.635303         31.865105
         10.637135         31.871525
         10.644288         31.883926
         10.643951         31.893541
         10.629729         31.913269
         10.625524         31.919102
         10.624940         31.925510
         10.628113         31.932167
         10.637189         31.938850
         10.640631         31.945509
         10.639129         31.967941
         10.642316         31.972765
         10.654367         31.976942
         10.661831         31.984762
         10.670672         31.987551
         10.680626         31.984848
         10.699698         31.983328
         10.705826         31.981590
         10.717990         31.978140
         10.730869         31.979338
         10.741855         31.983046
         10.750409         31.989262
         10.767825         31.995512
         10.794698         32.000000
         10.837720         32.062107
         10.850133         32.082794
         10.853810         32.090611
         10.854730         32.097965
         10.857947         32.110378
         10.892437         32.131176
         10.914559         32.143238
         10.930233         32.156231
         10.953191         32.169735
         10.982084         32.186714
         10.995849         32.192150
         11.016339         32.195957
         11.034421         32.202061
         11.049839         32.212521
         11.056885         32.219128
         11.074456         32.228432
         11.080928         32.228813
         11.088743         32.229279
         11.101192         32.237457
         11.138729         32.248482
         11.153356         32.258247
         11.204178         32.276730
         11.214665         32.279724
         11.315011         32.308300
         11.335578         32.315487
         11.355392         32.318977
         11.366395         32.322361
         11.392413         32.334072
         11.425002         32.353973
         11.449851         32.356064
         11.463397         32.360764
         11.467497         32.365307
         11.484183         32.375774
         11.527323         32.402813
         11.569617         32.474831
         11.598270         32.523544
         11.589829         32.540115
         11.577050         32.556263
         11.564713         32.564850
         11.550412         32.581448
         11.542038         32.591164
         11.531040         32.599277
         11.519994         32.603497
         11.508472         32.613445
         11.494741         32.643108
         11.490021         32.656429
         11.488796         32.667664
         11.494259         32.687519
         11.498605         32.718891
         11.497685         32.732872
         11.488851         32.765930
         11.495818         32.805271
         11.497445         32.811867
         11.500947         32.826073
         11.507664         32.843197
         11.496124         32.877888
         11.489236         32.892838
         11.503533         32.930515
         11.504044         32.932293
         11.516860         32.976910
         11.529794         32.989628
         11.528309         33.001785
         11.521294         33.006428
         11.523560         33.013966
         11.525684         33.049770
         11.525951         33.054272
         11.528916         33.074409
         11.532053         33.086067
         11.550920         33.114540
         11.561687         33.147896
         11.560149         33.155701
         11.566047         33.169006
         11.566047         33.169006
         11.578163         33.160194
         11.592674         33.149639
         11.612036         33.124084
         11.616089         33.121078
         11.626112         33.117115
         11.638061         33.115887
         11.639644         33.110378
         11.644775         33.106678
         11.658044         33.101315
         11.681096         33.096107
         11.695110         33.096169
         11.700663         33.096191
         11.766287         33.082619
         11.785019         33.081089
         11.803727         33.077499
         11.809710         33.077904
         11.805728         33.086643
         11.789495         33.093193
         11.786140         33.094036
         11.767811         33.098640
         11.757565         33.106510
         11.736710         33.113777
         11.727211         33.115227
         11.719300         33.112309
         11.714140         33.112808
         11.705521         33.120892
         11.696587         33.124851
         11.697699         33.127361
         11.690931         33.130390
         11.692042         33.132904
         11.697481         33.133091
         11.709106         33.126358
         11.722550         33.122623
         11.755733         33.113396
         11.776312         33.105900
         11.785491         33.100098
         11.812538         33.088188
         11.859405         33.072567
         11.891570         33.061832
         11.975145         33.012703
         11.986393         33.006947
         11.992944         33.003593
         11.998627         33.002163
         12.003991         32.997299
         12.038754         32.978844
         12.053222         32.965408
         12.067998         32.954945
         12.085228         32.945595
         12.100618         32.940617
         12.108149         32.936180
         12.124135         32.930786
         12.126227         32.928978
         12.125820         32.921841
         12.136868         32.915703
         12.188044         32.893353
         12.195887         32.892117
         12.210025         32.877518
         12.217537         32.872620
         12.228354         32.871113
         12.238599         32.867783
         12.259284         32.856533
         12.297802         32.842766
         12.313392         32.835468
         12.380627         32.822899
         12.411190         32.820423
         12.436386         32.820759
         12.443045         32.820183
         12.455316         32.819118
         12.463655         32.816025
         12.472587         32.815666
         12.484701         32.811829
         12.522511         32.806240
         12.549467         32.799885
         12.569472         32.798210
         12.588923         32.798256
         12.608741         32.798298
         12.624109         32.795082
         12.640603         32.793907
         12.653621         32.794846
         12.679598         32.793972
         12.687394         32.791328
         12.724554         32.794155
         12.732650         32.792877
         12.736659         32.792847
         12.758911         32.792667
         12.776308         32.795582
         12.804215         32.796249
         12.833594         32.801926
         12.866725         32.805695
         12.883549         32.810478
         12.890996         32.812592
         12.904257         32.812126
         12.939859         32.816975
         12.964496         32.827286
         12.980788         32.828812
         12.998598         32.836723
         13.013552         32.838734
         13.024361         32.844700
         13.038015         32.852238
         13.045877         32.852314
         13.059256         32.856178
         13.076532         32.863861
         13.091498         32.866089
         13.107105         32.871964
         13.121674         32.879463
         13.130109         32.880669
         13.139711         32.884830
         13.146183         32.883553
         13.156837         32.886547
         13.160687         32.889130
         13.163465         32.890991
         13.173820         32.902695
         13.179871         32.905777
         13.184214         32.905918
         13.191090         32.899593
         13.200579         32.900284
         13.211203         32.904221
         13.226134         32.904491
         13.237299         32.909561
         13.245120         32.910259
         13.277168         32.913143
         13.291244         32.912155
         13.305786         32.908638
         13.320811         32.903046
         13.333000         32.902554
         13.338902         32.900360
         13.359457         32.898537
         13.367947         32.901329
         13.377669         32.899967
         13.389613         32.900391
         13.390753         32.899899
         13.395770         32.897736
         13.400441         32.890759
         13.429839         32.867878
         13.457395         32.856026
         13.488590         32.848209
         13.506802         32.832668
         13.511251         32.831024
         13.546436         32.817997
         13.588322         32.797985
         13.596148         32.797112
         13.600682         32.794941
         13.607915         32.792477
         13.639743         32.788494
         13.660657         32.790276
         13.682569         32.789505
         13.708942         32.792511
         13.729348         32.795208
         13.738958         32.791069
         13.744163         32.792770
         13.753085         32.792316
         13.760566         32.797165
         13.789142         32.801014
         13.800493         32.800266
         13.809057         32.797295
         13.813210         32.792149
         13.829095         32.789444
         13.851597         32.782440
         13.856492         32.782997
         13.869964         32.781040
         13.876915         32.782246
         13.881410         32.783028
         13.892174         32.781139
         13.909245         32.781368
         13.924231         32.776386
         13.942348         32.775669
         13.948503         32.773670
         13.969003         32.756847
         13.983100         32.750046
         13.994610         32.746521
         14.009977         32.737621
         14.035617         32.728775
         14.077711         32.725574
         14.086269         32.722267
         14.094409         32.722885
         14.104576         32.719849
         14.124085         32.720436
         14.132052         32.716541
         14.150553         32.718987
         14.176802         32.712040
         14.189038         32.713516
         14.203660         32.706902
         14.214205         32.699947
         14.219257         32.697739
         14.238381         32.695568
         14.243090         32.691536
         14.243119         32.685577
         14.245339         32.680241
         14.258404         32.668858
         14.267376         32.663319
         14.277511         32.659809
         14.282642         32.653011
         14.292691         32.647438
         14.305756         32.642921
         14.327310         32.634476
         14.339872         32.624470
         14.370006         32.595139
         14.379396         32.587059
         14.426569         32.565201
         14.434197         32.560383
         14.447042         32.544857
         14.454633         32.532936
         14.460061         32.527264
         14.493284         32.514984
         14.501715         32.510132
         14.512420         32.507957
         14.542886         32.506973
         14.548198         32.504971
         14.587376         32.499569
         14.606256         32.499180
         14.617756         32.496738
         14.627285         32.492527
         14.643686         32.491066
         14.655152         32.487938
         14.664109         32.483055
         14.681852         32.469631
         14.685729         32.467644
         14.707165         32.456638
         14.719369         32.452099
         14.739167         32.448448
         14.762317         32.441471
         14.796000         32.440540
         14.811471         32.442524
         14.827490         32.441875
         14.852674         32.440857
         14.869927         32.446205
         14.899179         32.442883
         14.918303         32.442200
         14.931313         32.437840
         14.954083         32.434505
         14.969709         32.424973
         14.970848         32.424278
         15.000000         32.422256
         15.005529         32.421875
         15.015360         32.424263
         15.024792         32.418652
         15.034115         32.416245
         15.104223         32.415714
         15.114705         32.413727
         15.116246         32.413433
         15.198162         32.390865
         15.211931         32.385986
         15.221113         32.381050
         15.223685         32.378662
         15.224816         32.374493
         15.224040         32.369942
         15.236380         32.355808
         15.245152         32.345757
         15.261999         32.332962
         15.271971         32.322723
         15.286471         32.316662
         15.291106         32.312588
         15.295513         32.299126
         15.305834         32.280392
         15.314893         32.258270
         15.315761         32.254826
         15.320894         32.234436
         15.327990         32.216061
         15.335144         32.203865
         15.357633         32.176628
         15.366144         32.159798
         15.368518         32.139370
         15.369086         32.134480
         15.366387         32.124275
         15.361567         32.114616
         15.358671         32.090679
         15.356049         32.081848
         15.356730         32.074490
         15.361125         32.061256
         15.362703         32.040581
         15.361371         32.025742
         15.359209         32.015762
         15.355799         32.000000
         15.360960         31.994623
         15.395300         31.887749
         15.407878         31.848543
         15.452751         31.772354
         15.460410         31.748308
         15.488290         31.686893
         15.504851         31.654724
         15.505573         31.653320
         15.521534         31.626436
         15.531489         31.615335
         15.543564         31.597746
         15.564725         31.579853
         15.581931         31.557503
         15.585923         31.550650
         15.599081         31.528046
         15.654349         31.460386
         15.663341         31.452288
         15.670001         31.448307
         15.676356         31.444510
         15.722041         31.420483
         15.733065         31.410244
         15.748675         31.400993
         15.774688         31.391382
         15.790589         31.382805
         15.793151         31.381100
         15.816763         31.365383
         15.838515         31.356365
         15.856701         31.351141
         15.868699         31.344986
         15.903997         31.334562
         15.922734         31.324188
         15.942505         31.313236
         15.991425         31.297716
         16.031790         31.282259
         16.052086         31.276930
         16.057665         31.276182
         16.068529         31.274723
         16.102764         31.265205
         16.122168         31.263569
         16.133410         31.258795
         16.145386         31.258120
         16.172565         31.251829
         16.198799         31.248093
         16.199667         31.247787
         16.206142         31.245522
         16.232903         31.242981
         16.268017         31.236645
         16.275282         31.235331
         16.318823         31.230911
         16.363802         31.223438
         16.398109         31.221186
         16.413271         31.221375
         16.451513         31.221846
         16.502726         31.216377
         16.548939         31.217285
         16.555681         31.218622
         16.559229         31.217924
         16.568886         31.216026
         16.578762         31.216087
         16.587938         31.218012
         16.616102         31.215725
         16.636915         31.220615
         16.656113         31.220291
         16.663670         31.221819
         16.683424         31.221928
         16.694986         31.223516
         16.704073         31.222881
         16.710939         31.222401
         16.735209         31.217270
         16.751678         31.220716
         16.844641         31.193880
         16.873272         31.190603
         16.904621         31.183535
         16.943893         31.179789
         16.968660         31.174364
         16.988405         31.171909
         16.994089         31.171202
         17.000000         31.167406
         17.017309         31.165483
         17.069277         31.150219
         17.074379         31.149767
         17.096235         31.141821
         17.112173         31.138880
         17.145126         31.128067
         17.156719         31.126934
         17.173109         31.125332
         17.183899         31.122602
         17.201176         31.113449
         17.215973         31.112286
         17.239571         31.107250
         17.251080         31.106304
         17.266956         31.100451
         17.285795         31.097851
         17.293266         31.090475
         17.294025         31.089727
         17.302217         31.086649
         17.349468         31.081860
         17.390070         31.081125
         17.392683         31.077566
         17.392075         31.070704
         17.398380         31.067432
         17.400995         31.064367
         17.420528         31.058441
         17.422920         31.057215
         17.437756         31.049608
         17.446209         31.044306
         17.452450         31.034342
         17.457548         31.030668
         17.477688         31.022301
         17.492203         31.017702
         17.517229         31.009771
         17.548838         31.002636
         17.567917         30.995419
         17.593801         30.990326
         17.605631         30.983942
         17.615068         30.982048
         17.628796         30.975056
         17.640835         30.969597
         17.654245         30.968098
         17.661314         30.965639
         17.664421         30.962557
         17.678141         30.955559
         17.731199         30.940792
         17.766016         30.937088
         17.791769         30.934345
         17.804464         30.931194
         17.817234         30.925045
         17.847021         30.926483
         17.856314         30.919468
         17.865429         30.916119
         17.865156         30.903984
         17.872515         30.901674
         17.876945         30.898157
         17.876974         30.888605
         17.879896         30.880993
         17.890663         30.870459
         17.904409         30.857004
         17.912552         30.854120
         17.942938         30.848455
         17.979292         30.835680
         17.997749         30.833891
         18.024462         30.827875
         18.037615         30.824911
         18.075094         30.810549
         18.144955         30.797434
         18.163942         30.792082
         18.180050         30.787540
         18.190481         30.781286
         18.201630         30.771387
         18.218948         30.765623
         18.225306         30.755768
         18.249153         30.732166
         18.266115         30.721975
         18.273916         30.714363
         18.285133         30.703415
         18.289177         30.688997
         18.291660         30.686094
         18.309406         30.670132
         18.334194         30.652700
         18.352280         30.641670
         18.364359         30.639137
         18.367655         30.636965
         18.371166         30.630440
         18.370762         30.627899
