> morocco 0
         -9.788957         31.491055
         -9.789329         31.505266
         -9.782912         31.505121
         -9.781926         31.502350
         -9.784892         31.492794
         -9.788957         31.491055
> morocco 1
         -9.724062         30.000000
         -9.719579         30.009811
         -9.706588         30.029240
         -9.698829         30.049936
         -9.673855         30.081009
         -9.669130         30.097189
         -9.661324         30.110538
         -9.660072         30.119078
         -9.659648         30.121971
         -9.646635         30.158140
         -9.643016         30.172508
         -9.641306         30.193346
         -9.644593         30.206501
         -9.636383         30.223970
         -9.635180         30.237017
         -9.634107         30.241209
         -9.627946         30.265291
         -9.623679         30.274824
         -9.621050         30.316282
         -9.607615         30.364592
         -9.606812         30.381548
         -9.603180         30.395910
         -9.614594         30.420042
         -9.632305         30.420927
         -9.649923         30.433275
         -9.653765         30.437494
         -9.663412         30.442312
         -9.671810         30.459124
         -9.673385         30.462275
         -9.674080         30.473988
         -9.679467         30.479620
         -9.681352         30.495720
         -9.688245         30.504139
         -9.691820         30.517067
         -9.701638         30.533812
         -9.707819         30.539690
         -9.715416         30.542620
         -9.725789         30.541485
         -9.734355         30.547417
         -9.739638         30.547998
         -9.743716         30.553368
         -9.748834         30.568165
         -9.767706         30.585108
         -9.782394         30.598289
         -9.785919         30.604563
         -9.792672         30.609304
         -9.803472         30.611841
         -9.813897         30.618040
         -9.835709         30.624954
         -9.860200         30.622061
         -9.868234         30.619488
         -9.875663         30.619425
         -9.886424         30.623331
         -9.889784         30.626387
         -9.890955         30.629265
         -9.894488         30.637957
         -9.894315         30.643915
         -9.882863         30.681728
         -9.881515         30.691559
         -9.855094         30.714361
         -9.851754         30.719563
         -9.855173         30.729727
         -9.852908         30.734491
         -9.842790         30.744354
         -9.842364         30.744968
         -9.836686         30.753160
         -9.832167         30.762232
         -9.830997         30.774817
         -9.826060         30.779980
         -9.817958         30.793325
         -9.808705         30.818338
         -9.808527         30.824295
         -9.811148         30.834442
         -9.813722         30.837252
         -9.817678         30.838259
         -9.825968         30.836611
         -9.826308         30.843039
         -9.830702         30.847263
         -9.830832         30.850302
         -9.830859         30.850935
         -9.817688         30.873568
         -9.811831         30.891548
         -9.821212         30.915831
         -9.819630         30.924278
         -9.821448         30.934635
         -9.820990         30.949986
         -9.827890         30.968481
         -9.827580         30.970459
         -9.826245         30.978989
         -9.817575         30.993008
         -9.812388         31.006186
         -9.818935         31.027653
         -9.817903         31.035423
         -9.821068         31.054291
         -9.825804         31.056231
         -9.827298         31.059704
         -9.821638         31.079748
         -9.822681         31.089397
         -9.826225         31.095667
         -9.831448         31.099222
         -9.843596         31.102930
         -9.844976         31.110296
         -9.838237         31.121836
         -9.838080         31.127104
         -9.841892         31.142317
         -9.835950         31.153873
         -9.833156         31.167105
         -9.821210         31.183111
         -9.818988         31.194979
         -9.820955         31.198481
         -9.823293         31.202639
         -9.823326         31.210432
         -9.819394         31.225927
         -9.822135         31.232407
         -9.822332         31.243641
         -9.814713         31.257448
         -9.808618         31.264875
         -9.804141         31.280588
         -9.799328         31.316229
         -9.799530         31.319391
         -9.800417         31.333210
         -9.810407         31.373993
         -9.813993         31.379116
         -9.820285         31.383152
         -9.828761         31.385633
         -9.842373         31.386166
         -9.846810         31.389702
         -9.846688         31.393824
         -9.840244         31.403763
         -9.837849         31.412416
         -9.820147         31.429199
         -9.807858         31.440844
         -9.799524         31.451197
         -9.783529         31.476038
         -9.778644         31.487154
         -9.775064         31.490511
         -9.769987         31.499102
         -9.770354         31.504608
         -9.773205         31.507650
         -9.779318         31.508936
         -9.779756         31.512154
         -9.776344         31.518721
         -9.767473         31.520123
         -9.758783         31.524277
         -9.731174         31.551825
         -9.725884         31.557774
         -9.721191         31.563049
         -9.709634         31.581799
         -9.696905         31.595018
         -9.681081         31.621454
         -9.679122         31.632633
         -9.680983         31.641611
         -9.676270         31.672197
         -9.678067         31.691708
         -9.675947         31.699448
         -9.660261         31.712366
         -9.637891         31.735708
         -9.613667         31.760971
         -9.604969         31.772903
         -9.594706         31.783422
         -9.587016         31.797211
         -9.583129         31.801239
         -9.545343         31.832623
         -9.538457         31.839933
         -9.533109         31.845610
         -9.528089         31.859457
         -9.500230         31.881908
         -9.492374         31.892021
         -9.472434         31.910080
         -9.448767         31.934912
         -9.447137         31.936958
         -9.436422         31.950405
         -9.418703         31.965763
         -9.402773         31.983683
         -9.373302         32.000000
         -9.372541         32.005180
         -9.359122         32.018173
         -9.344808         32.036507
         -9.336246         32.056087
         -9.328767         32.065666
         -9.327021         32.067902
         -9.324846         32.074005
         -9.327058         32.084202
         -9.326417         32.092506
         -9.318148         32.109314
         -9.317567         32.121517
         -9.313534         32.127964
         -9.298362         32.139683
         -9.281178         32.156342
         -9.267696         32.173717
         -9.264161         32.178272
         -9.254340         32.202515
         -9.252466         32.218700
         -9.253484         32.227596
         -9.260427         32.242790
         -9.262539         32.251846
         -9.262064         32.262207
         -9.258576         32.272064
         -9.247207         32.287678
         -9.245349         32.292480
         -9.243660         32.296848
         -9.242702         32.307926
         -9.244852         32.317440
         -9.248998         32.324997
         -9.255658         32.330338
         -9.271800         32.336018
         -9.275025         32.339039
         -9.285067         32.374714
         -9.285012         32.380459
         -9.268855         32.399014
         -9.258407         32.411007
         -9.251724         32.421516
         -9.233934         32.460712
         -9.231666         32.478764
         -9.234241         32.486874
         -9.255781         32.511345
         -9.264769         32.521549
         -9.269776         32.535950
         -9.276628         32.543343
         -9.278054         32.547390
         -9.277806         32.550850
         -9.274614         32.554718
         -9.205782         32.604134
         -9.182399         32.620899
         -9.151023         32.644356
         -9.128247         32.663849
         -9.113358         32.673920
         -9.097483         32.690186
         -9.049579         32.739220
         -9.045874         32.740353
         -9.042212         32.738731
         -9.038739         32.739391
         -9.035780         32.743011
         -9.037235         32.747520
         -9.035105         32.751320
         -9.012859         32.774662
         -9.004171         32.780396
         -8.951015         32.815445
         -8.923481         32.837696
         -8.904626         32.849800
         -8.892119         32.862965
         -8.855004         32.902004
         -8.838614         32.914646
         -8.792275         32.956463
         -8.788226         32.968468
         -8.783387         32.972645
         -8.760200         32.985653
         -8.754782         32.982510
         -8.748787         32.982384
         -8.747251         32.983620
         -8.747792         32.987034
         -8.752830         32.992264
         -8.752739         32.994568
         -8.738371         33.004650
         -8.736693         33.008553
         -8.706847         33.034092
         -8.704999         33.037277
         -8.697490         33.050228
         -8.685762         33.063965
         -8.647998         33.100262
         -8.618026         33.139259
         -8.616305         33.141495
         -8.614033         33.147362
         -8.625326         33.166500
         -8.623833         33.171864
         -8.615684         33.182873
         -8.606394         33.193256
         -8.596004         33.200020
         -8.573696         33.222130
         -8.559725         33.224949
         -8.555622         33.228386
         -8.553282         33.235493
         -8.552078         33.239143
         -8.545721         33.245228
         -8.532365         33.252605
         -8.515005         33.264790
         -8.510777         33.266624
         -8.506067         33.265728
         -8.498391         33.258095
         -8.490774         33.254826
         -8.478795         33.255234
         -8.466701         33.257713
         -8.452890         33.262810
         -8.440033         33.269691
         -8.429526         33.275333
         -8.398301         33.292099
         -8.381610         33.302620
         -8.344010         33.333286
         -8.335383         33.342232
         -8.321458         33.360725
         -8.315226         33.368999
         -8.308841         33.375072
         -8.299647         33.380138
         -8.281487         33.382221
         -8.246771         33.393414
         -8.225338         33.395657
         -8.207372         33.400471
         -8.194612         33.405483
         -8.188011         33.409096
         -8.179357         33.413834
         -8.168674         33.417355
         -8.121005         33.427555
         -8.098270         33.438564
         -8.049361         33.455868
         -8.014474         33.468193
         -7.981237         33.485889
         -7.965546         33.492393
         -7.946502         33.494007
         -7.937099         33.496529
         -7.912969         33.506069
         -7.898735         33.511696
         -7.886158         33.519875
         -7.835960         33.542477
         -7.827655         33.545166
         -7.816295         33.543175
         -7.811959         33.543839
         -7.779232         33.553875
         -7.777423         33.554790
         -7.718564         33.584492
         -7.671496         33.610088
         -7.652566         33.622208
         -7.650799         33.621529
         -7.641322         33.617901
         -7.625750         33.618610
         -7.611185         33.613762
         -7.585505         33.614925
         -7.571580         33.619919
         -7.556569         33.629318
         -7.523361         33.641369
         -7.512382         33.647472
         -7.462736         33.675056
         -7.424605         33.700840
         -7.409331         33.715286
         -7.403168         33.726345
         -7.400230         33.727623
         -7.399051         33.727501
         -7.395536         33.727139
         -7.393478         33.720570
         -7.389462         33.717758
         -7.375999         33.717426
         -7.354917         33.722469
         -7.346418         33.726971
         -7.338990         33.739918
         -7.298368         33.766453
         -7.283844         33.777679
         -7.282646         33.778603
         -7.258239         33.792496
         -7.217374         33.811665
         -7.196002         33.812103
         -7.164420         33.825813
         -7.148481         33.827156
         -7.127295         33.834236
         -7.090888         33.859604
         -7.068249         33.871777
         -7.040194         33.880718
         -7.021716         33.889042
         -7.019343         33.890450
         -6.995144         33.904800
         -6.963262         33.928799
         -6.909011         33.976223
         -6.831129         34.044163
         -6.811288         34.068569
         -6.808882         34.070377
         -6.793573         34.081875
         -6.772327         34.111153
         -6.758197         34.124771
         -6.725723         34.165943
         -6.721677         34.172661
         -6.713840         34.185673
         -6.673389         34.263859
         -6.667863         34.268883
         -6.650702         34.273190
         -6.645819         34.275677
         -6.640490         34.278389
         -6.631250         34.286304
         -6.625065         34.294563
         -6.627767         34.298599
         -6.644093         34.283764
         -6.653980         34.277660
         -6.663288         34.276169
         -6.664789         34.278408
         -6.634635         34.327160
         -6.625401         34.342075
         -6.611353         34.358429
         -6.582980         34.396652
         -6.562471         34.416679
         -6.551945         34.432545
         -6.530945         34.464184
         -6.483397         34.545116
         -6.469904         34.568054
         -6.419924         34.659771
         -6.415442         34.667984
         -6.390063         34.703529
         -6.378550         34.722752
         -6.365335         34.752361
         -6.354527         34.773380
         -6.304825         34.869892
         -6.298829         34.877899
         -6.290381         34.881397
         -6.294070         34.884083
         -6.297307         34.886444
         -6.264851         34.955711
         -6.246043         35.000000
         -6.245489         35.001305
         -6.231909         35.033253
         -6.203249         35.119827
         -6.202020         35.122158
         -6.189714         35.145519
         -6.171642         35.187202
         -6.165418         35.197044
         -6.157341         35.203274
         -6.147147         35.206127
         -6.137935         35.206196
         -6.123104         35.217232
         -6.119134         35.218216
         -6.115652         35.219078
         -6.119206         35.223324
         -6.127004         35.222847
         -6.140541         35.213917
         -6.146297         35.211666
         -6.149173         35.213409
         -6.115857         35.298260
         -6.091615         35.359879
         -6.079829         35.400425
         -6.074404         35.410007
         -6.068096         35.417534
         -6.062743         35.423920
         -6.057264         35.444290
         -6.044121         35.462608
         -6.019571         35.506760
         -6.012609         35.533936
         -6.010560         35.541931
         -5.979735         35.621159
         -5.976073         35.645145
         -5.971749         35.655178
         -5.967451         35.665150
         -5.944507         35.703724
         -5.941613         35.714142
         -5.933659         35.775780
         -5.933316         35.778439
         -5.924487         35.796314
         -5.923534         35.798244
         -5.914858         35.805393
         -5.898604         35.812996
         -5.887386         35.813789
         -5.872245         35.808731
         -5.852275         35.808861
         -5.842554         35.811672
         -5.832669         35.810814
         -5.814442         35.805840
         -5.807285         35.805336
         -5.800614         35.804867
         -5.793678         35.800705
         -5.788008         35.793297
         -5.777854         35.792671
         -5.765995         35.798061
         -5.758689         35.804699
         -5.744063         35.824169
         -5.738070         35.828701
         -5.729777         35.832153
         -5.718348         35.841198
         -5.705165         35.842262
         -5.690152         35.846588
         -5.686782         35.845833
         -5.659179         35.839649
         -5.644271         35.839836
         -5.634577         35.843548
         -5.626191         35.844925
         -5.613068         35.840698
         -5.596697         35.839539
         -5.587496         35.841629
         -5.542293         35.857998
         -5.540736         35.859623
         -5.529873         35.870956
         -5.515247         35.878231
         -5.493759         35.896935
         -5.486473         35.911816
         -5.481552         35.915619
         -5.468358         35.916653
         -5.458692         35.921497
         -5.453890         35.921162
         -5.445455         35.914497
         -5.440372         35.914173
         -5.433274         35.919865
         -5.427392         35.920704
         -5.419694         35.918381
         -5.412168         35.920410
         -5.402044         35.928017
         -5.398622         35.926956
         -5.392625         35.917702
         -5.389213         35.916870
         -5.384489         35.919907
         -5.384489         35.919907
         -5.360629         35.890919
         -5.336971         35.877399
         -5.336971         35.877399
         -5.341493         35.862541
         -5.344845         35.825279
         -5.344106         35.806019
         -5.335644         35.752308
         -5.334815         35.747044
         -5.323167         35.714287
         -5.315172         35.696129
         -5.309868         35.689606
         -5.306712         35.687847
         -5.301678         35.688435
         -5.286172         35.694328
         -5.271580         35.694687
         -5.267573         35.692722
         -5.266365         35.690456
         -5.271898         35.680679
         -5.274114         35.672363
         -5.264349         35.621426
         -5.250429         35.579082
         -5.243262         35.567326
         -5.234484         35.557442
         -5.227455         35.555088
         -5.224264         35.554020
         -5.211645         35.546291
         -5.204888         35.545540
         -5.198792         35.547520
         -5.192613         35.547211
         -5.185394         35.541416
         -5.176118         35.540722
         -5.170977         35.538090
         -5.164172         35.528156
         -5.146720         35.510441
         -5.111578         35.483456
         -5.102942         35.476818
         -5.077552         35.439541
         -5.071478         35.425915
         -5.064487         35.418041
         -5.056753         35.412941
         -5.043460         35.408886
         -5.024389         35.407715
         -5.011642         35.403183
         -5.009028         35.401520
         -5.000000         35.395779
         -4.992481         35.390995
         -4.975228         35.377151
         -4.927766         35.329094
         -4.910296         35.316395
         -4.901172         35.313053
         -4.884272         35.306862
         -4.861251         35.303680
         -4.856151         35.301495
         -4.831046         35.276558
         -4.821622         35.270100
         -4.799280         35.261391
         -4.779005         35.247124
         -4.776392         35.245914
         -4.751524         35.234383
         -4.713945         35.219769
         -4.694509         35.213963
         -4.679961         35.212875
         -4.662534         35.218269
         -4.653898         35.218899
         -4.647135         35.216736
         -4.638453         35.208054
         -4.636782         35.206383
         -4.614770         35.198090
         -4.586877         35.198624
         -4.520328         35.184044
         -4.491279         35.182972
         -4.467374         35.176064
         -4.452093         35.168079
         -4.428736         35.160465
         -4.412643         35.163731
         -4.399247         35.163506
         -4.379331         35.159264
         -4.367745         35.153500
         -4.359648         35.153179
         -4.347521         35.158432
         -4.339234         35.162018
         -4.325583         35.162708
         -4.313529         35.171398
         -4.292485         35.177715
         -4.282400         35.187290
         -4.276884         35.189903
         -4.255218         35.193932
         -4.223144         35.194675
         -4.207920         35.198864
         -4.191261         35.203442
         -4.138603         35.207241
         -4.121146         35.212784
         -4.109464         35.214565
         -4.094340         35.224659
         -4.065330         35.237862
         -4.049012         35.245285
         -4.041769         35.246078
         -4.032777         35.243454
         -4.013925         35.249691
         -4.009987         35.248371
         -4.010069         35.239193
         -4.007264         35.238544
         -3.978318         35.242851
         -3.971682         35.245926
         -3.962094         35.254776
         -3.947118         35.259800
         -3.937717         35.265797
         -3.933886         35.268238
         -3.926129         35.271324
         -3.920814         35.270939
         -3.910004         35.261219
         -3.910758         35.257076
         -3.916998         35.248047
         -3.916342         35.243237
         -3.909091         35.229797
         -3.896051         35.219879
         -3.884492         35.214066
         -3.852283         35.208290
         -3.839342         35.207584
         -3.835241         35.207359
         -3.811002         35.209503
         -3.796270         35.212669
         -3.781047         35.219509
         -3.773647         35.226940
         -3.767376         35.235046
         -3.763819         35.254131
         -3.758487         35.267960
         -3.745905         35.282566
         -3.739985         35.284164
         -3.732561         35.286167
         -3.721488         35.291801
         -3.712566         35.292824
         -3.705640         35.296116
         -3.699511         35.297108
         -3.685505         35.294971
         -3.679950         35.296871
         -3.672931         35.294888
         -3.667754         35.286228
         -3.662066         35.280327
         -3.641816         35.272064
         -3.622889         35.259197
         -3.611654         35.255192
         -3.610865         35.254040
         -3.604788         35.245171
         -3.598858         35.241104
         -3.575837         35.233089
         -3.538912         35.228199
         -3.523770         35.223763
         -3.496814         35.213020
         -3.486744         35.211514
         -3.471874         35.211452
         -3.470278         35.211445
         -3.454993         35.215950
         -3.450516         35.215076
         -3.438346         35.203259
         -3.430767         35.200119
         -3.406482         35.199425
         -3.383284         35.196651
         -3.361257         35.197765
         -3.347270         35.195133
         -3.338070         35.195671
         -3.329443         35.200573
         -3.327821         35.201492
         -3.312244         35.205296
         -3.299547         35.216412
         -3.282862         35.221363
         -3.234714         35.232983
         -3.218270         35.235172
         -3.209377         35.238682
         -3.193182         35.238342
         -3.187250         35.240013
         -3.184833         35.240696
         -3.164891         35.255291
         -3.149410         35.269852
         -3.143610         35.275856
         -3.137610         35.289661
         -3.133459         35.293362
         -3.129281         35.294537
         -3.123957         35.292965
         -3.107667         35.284359
         -3.102067         35.283020
         -3.096760         35.283054
         -3.089256         35.286774
         -3.075717         35.296814
         -3.071784         35.299728
         -3.052132         35.319122
         -3.037243         35.340775
         -3.011963         35.389328
         -3.006481         35.407711
         -3.004630         35.413914
         -2.996350         35.426807
         -2.998665         35.435513
         -2.996485         35.442177
         -2.989546         35.448868
         -2.982860         35.452576
         -2.976989         35.453297
         -2.968578         35.451736
         -2.963558         35.453827
         -2.959075         35.453392
         -2.954279         35.448830
         -2.951148         35.442425
         -2.953061         35.436909
         -2.962512         35.429287
         -2.964431         35.424461
         -2.958180         35.413025
         -2.960969         35.406799
         -2.962300         35.403828
         -2.960262         35.394203
         -2.967690         35.379482
         -2.967076         35.373062
         -2.959447         35.363468
         -2.958287         35.358425
         -2.961526         35.344646
         -2.956949         35.337143
         -2.956949         35.337143
         -2.967241         35.327293
         -2.973338         35.316490
         -2.975221         35.302723
         -2.971236         35.290352
         -2.960839         35.281445
         -2.926725         35.283440
         -2.926725         35.283440
         -2.913153         35.270340
         -2.912006         35.266445
         -2.913096         35.263000
         -2.917838         35.262287
         -2.921769         35.265022
         -2.924635         35.274414
         -2.928013         35.277836
         -2.931635         35.276672
         -2.932999         35.272533
         -2.930407         35.262684
         -2.930595         35.251213
         -2.924123         35.244823
         -2.920123         35.233143
         -2.916746         35.229488
         -2.906675         35.226559
         -2.901347         35.223373
         -2.900768         35.220623
         -2.902699         35.217632
         -2.908086         35.216125
         -2.912724         35.214828
         -2.919657         35.209061
         -2.922103         35.200790
         -2.916114         35.184074
         -2.905658         35.166462
         -2.897480         35.154572
         -2.884871         35.146374
         -2.870893         35.141163
         -2.861927         35.135010
         -2.854387         35.133209
         -2.840320         35.127422
         -2.813016         35.116184
         -2.803810         35.114845
         -2.793224         35.115803
         -2.768667         35.110851
         -2.758630         35.110199
         -2.752233         35.112518
         -2.746968         35.118042
         -2.747820         35.120792
         -2.753412         35.123753
         -2.758179         35.128784
         -2.770719         35.127819
         -2.774360         35.130787
         -2.778325         35.141094
         -2.780856         35.142853
         -2.787846         35.147709
         -2.790961         35.155499
         -2.794329         35.158924
         -2.846437         35.193348
         -2.855417         35.200878
         -2.867518         35.215275
         -2.885612         35.232872
         -2.890287         35.237419
         -2.903735         35.243778
         -2.907391         35.247200
         -2.910504         35.252689
         -2.908297         35.256142
         -2.902431         35.255943
         -2.880252         35.239300
         -2.826038         35.194088
         -2.815415         35.185219
         -2.785158         35.164238
         -2.775890         35.153492
         -2.755176         35.139805
         -2.739528         35.133438
         -2.725029         35.133030
         -2.705731         35.121162
         -2.667775         35.110958
         -2.647393         35.102757
         -2.631493         35.099129
         -2.562101         35.097912
         -2.557148         35.098515
         -2.533410         35.101406
         -2.515865         35.105797
         -2.491918         35.113861
         -2.475770         35.121681
         -2.428412         35.160099
         -2.426219         35.161877
         -2.420363         35.162109
         -2.409469         35.150650
         -2.394682         35.143089
         -2.377947         35.137592
         -2.341142         35.131641
         -2.323298         35.125217
         -2.300997         35.120857
         -2.290618         35.116768
         -2.262538         35.105705
         -2.206259         35.090981
         -2.206259         35.090981
         -2.212400         35.079746
         -2.214044         35.072399
         -2.215479         35.065987
         -2.212980         35.058643
         -2.208253         35.051758
         -2.187660         35.039349
         -2.177103         35.023048
         -2.168202         35.017532
         -2.154803         35.014957
         -2.146784         35.008785
         -2.145332         35.006695
         -2.145332         35.006695
         -2.131447         35.000000
         -2.125237         34.997005
         -2.123503         34.994808
         -2.115217         34.984306
         -2.091626         34.968662
         -2.086832         34.963421
         -2.079145         34.955017
         -2.051556         34.939133
         -2.033288         34.932507
         -2.016588         34.933441
         -2.009399         34.931995
         -2.000418         34.933372
         -1.986820         34.936607
         -1.983174         34.936039
         -1.981080         34.934013
         -1.975942         34.894493
         -1.970849         34.882030
         -1.962981         34.874794
         -1.944401         34.866806
         -1.907492         34.850922
         -1.903840         34.850513
         -1.899194         34.846535
         -1.889666         34.821007
         -1.882767         34.812202
         -1.870158         34.808277
         -1.866479         34.809105
         -1.853407         34.806591
         -1.840289         34.796974
         -1.833428         34.794430
         -1.821303         34.789928
         -1.815215         34.783615
         -1.809273         34.780148
         -1.755771         34.759563
         -1.746420         34.754971
         -1.745389         34.753178
         -1.747458         34.747887
         -1.760488         34.742958
         -1.775929         34.732773
         -1.776118         34.725098
         -1.776523         34.708691
         -1.847200         34.625465
         -1.846563         34.621277
         -1.841981         34.621704
         -1.836964         34.622169
         -1.823949         34.616306
         -1.773812         34.549732
         -1.764370         34.540356
         -1.757016         34.535881
         -1.750657         34.525707
         -1.749434         34.523754
         -1.732966         34.513908
         -1.695300         34.503002
         -1.691375         34.500324
         -1.691761         34.497635
         -1.739753         34.443535
         -1.780726         34.397278
         -1.781861         34.394302
         -1.779472         34.383972
         -1.761680         34.365517
         -1.755158         34.354237
         -1.747612         34.336376
         -1.697439         34.217403
         -1.682935         34.182941
         -1.648466         34.108410
         -1.647751         34.098545
         -1.669765         34.026035
         -1.677392         33.982994
         -1.679109         33.975555
         -1.702768         33.872913
         -1.698099         33.851734
         -1.695429         33.839622
         -1.676890         33.776226
         -1.682191         33.768242
         -1.713100         33.751728
         -1.720526         33.745625
         -1.725828         33.741268
         -1.729455         33.735336
         -1.734109         33.709236
         -1.731977         33.703262
         -1.717520         33.695827
         -1.673465         33.687496
         -1.650558         33.676552
         -1.647435         33.670544
         -1.640631         33.657455
         -1.640631         33.657455
         -1.624138         33.635105
         -1.615986         33.628178
         -1.610799         33.626770
         -1.602361         33.621445
         -1.598574         33.616379
         -1.594833         33.605808
         -1.598817         33.587948
         -1.597783         33.580833
         -1.593201         33.573009
         -1.595157         33.568207
         -1.599787         33.563313
         -1.602055         33.560913
         -1.602904         33.557480
         -1.593468         33.542061
         -1.594129         33.528767
         -1.600540         33.514133
         -1.606345         33.506374
         -1.618459         33.495213
         -1.620133         33.491096
         -1.618050         33.478706
         -1.618339         33.466537
         -1.621784         33.461578
         -1.626058         33.447803
         -1.628472         33.440022
         -1.642246         33.424744
         -1.661375         33.386799
         -1.662791         33.376842
         -1.662791         33.376842
         -1.663395         33.372597
         -1.659964         33.357674
         -1.654347         33.343658
         -1.652338         33.330437
         -1.653155         33.326164
         -1.653155         33.326164
         -1.653973         33.321880
         -1.665867         33.299480
         -1.669270         33.282307
         -1.668506         33.275196
         -1.663923         33.268982
         -1.650096         33.260422
         -1.634500         33.235115
         -1.631526         33.232574
         -1.631824         33.229366
         -1.624209         33.228176
         -1.619419         33.225681
         -1.617973         33.224930
         -1.601497         33.209011
         -1.569101         33.147602
         -1.541498         33.119736
         -1.530023         33.108143
         -1.521377         33.101440
         -1.514913         33.099716
         -1.514913         33.099716
         -1.501845         33.096230
         -1.491852         33.090183
         -1.482711         33.081627
         -1.475277         33.067581
         -1.468794         33.043465
         -1.476678         33.022724
         -1.476189         33.004475
         -1.476136         33.002522
         -1.480851         32.995461
         -1.487059         32.978104
         -1.542218         32.957504
         -1.527808         32.936535
         -1.524827         32.932842
         -1.492250         32.892464
         -1.447346         32.825306
         -1.431855         32.802109
         -1.379321         32.739521
         -1.354954         32.730240
         -1.290408         32.705620
         -1.277963         32.687160
         -1.275283         32.685299
         -1.234210         32.661846
         -1.110929         32.591290
         -1.021236         32.539799
         -0.991742         32.526814
         -0.991781         32.524750
         -0.995946         32.522957
         -1.015490         32.514530
         -1.033758         32.491405
         -1.066830         32.455643
         -1.096487         32.443417
         -1.101997         32.439411
         -1.120011         32.426300
         -1.133599         32.421200
         -1.158495         32.417831
         -1.174489         32.413898
         -1.183993         32.410576
         -1.194632         32.403828
         -1.204273         32.392033
         -1.209714         32.372856
         -1.212582         32.370140
         -1.219031         32.364033
         -1.225491         32.348305
         -1.239099         32.340672
         -1.250021         32.332321
         -1.250901         32.327751
         -1.235724         32.315674
         -1.235562         32.292088
         -1.248966         32.265568
         -1.250867         32.261803
         -1.255728         32.243996
         -1.249657         32.236145
         -1.215543         32.213551
         -1.210243         32.208225
         -1.198354         32.194351
         -1.192438         32.177567
         -1.193375         32.161892
         -1.194297         32.146450
         -1.197531         32.129776
         -1.205814         32.116821
         -1.234611         32.099060
         -1.254010         32.096760
         -1.267171         32.097820
         -1.288059         32.103542
         -1.290140         32.104305
         -1.363503         32.131115
         -1.407833         32.135448
         -1.431023         32.138634
         -1.458053         32.142338
         -1.505531         32.132694
         -1.512776         32.134132
         -1.537117         32.145561
         -1.545438         32.147236
         -1.572736         32.141891
         -1.581308         32.140209
         -1.640041         32.133121
         -1.675038         32.130867
         -1.719791         32.132065
         -1.733669         32.132431
         -1.782332         32.135731
         -1.866594         32.146938
         -1.870745         32.147488
         -1.957172         32.139935
         -1.991580         32.144218
         -2.012959         32.149128
         -2.034298         32.154022
         -2.072749         32.158989
         -2.132192         32.164471
         -2.159376         32.165943
         -2.199725         32.168118
         -2.234962         32.173016
         -2.286086         32.177483
         -2.306593         32.176834
         -2.360919         32.175095
         -2.404798         32.171257
         -2.453299         32.162487
         -2.456485         32.161911
         -2.543145         32.133083
         -2.577308         32.124371
         -2.593164         32.122311
         -2.672782         32.111923
         -2.708818         32.110268
         -2.740066         32.112057
         -2.801888         32.115574
         -2.843302         32.113861
         -2.867483         32.107151
         -2.879827         32.100018
         -2.882688         32.097431
         -2.924290         32.059811
         -2.937622         32.036411
         -2.942392         32.021744
         -2.942731         32.000000
         -2.940609         32.000000
         -2.937526         31.993244
         -2.926762         31.978502
         -2.916070         31.967424
         -2.898323         31.952545
         -2.891973         31.943466
         -2.889432         31.936859
         -2.872103         31.915098
         -2.856524         31.900414
         -2.847400         31.886103
         -2.842984         31.849966
         -2.843019         31.837137
         -2.832161         31.830404
         -2.828025         31.824272
         -2.821230         31.819550
         -2.818000         31.804012
         -2.819643         31.790934
         -2.822970         31.781956
         -2.829027         31.775692
         -2.840452         31.769588
         -2.849285         31.768559
         -2.865811         31.762842
         -2.870655         31.763695
         -2.889111         31.760931
         -2.889094         31.760015
         -2.904634         31.759121
         -2.958786         31.757698
         -3.031955         31.741549
         -3.039402         31.738464
         -3.074890         31.729702
         -3.080783         31.729387
         -3.090626         31.725576
         -3.141891         31.715189
         -3.168372         31.712267
         -3.203998         31.710802
         -3.222719         31.708677
         -3.239245         31.704294
         -3.249054         31.699327
         -3.258651         31.696884
         -3.282491         31.696045
         -3.300053         31.690264
         -3.310777         31.690319
         -3.373394         31.674164
         -3.381170         31.674261
         -3.423020         31.664618
         -3.466864         31.660196
         -3.478021         31.656107
         -3.484723         31.656219
         -3.582057         31.637297
         -3.605036         31.634815
         -3.639667         31.627071
         -3.646529         31.623049
         -3.656205         31.613930
         -3.658204         31.608393
         -3.660008         31.595295
         -3.655803         31.577726
         -3.652481         31.552807
         -3.661448         31.516655
         -3.661294         31.510698
         -3.654394         31.492262
         -3.652560         31.473043
         -3.646979         31.443348
         -3.643875         31.395498
         -3.646590         31.386736
         -3.651821         31.382282
         -3.673419         31.380272
         -3.701256         31.381807
         -3.706818         31.379868
         -3.724315         31.364403
         -3.733373         31.363310
         -3.741702         31.364985
         -3.763524         31.361580
         -3.767152         31.357382
         -3.780321         31.350246
         -3.784445         31.344664
         -3.788227         31.336336
         -3.784831         31.329296
         -3.770533         31.314215
         -3.770571         31.305731
         -3.776290         31.299889
         -3.781827         31.297258
         -3.790133         31.288382
         -3.787073         31.283857
         -3.770037         31.275938
         -3.766680         31.270271
         -3.778976         31.250999
         -3.792478         31.246836
         -3.801921         31.240688
         -3.805804         31.236256
         -3.807284         31.222010
         -3.794759         31.202997
         -3.785940         31.192623
         -3.778041         31.176727
         -3.776957         31.166203
         -3.779649         31.157206
         -3.787820         31.143745
         -3.789220         31.136379
         -3.788390         31.125389
         -3.780761         31.119347
         -3.772984         31.117666
         -3.754720         31.122610
         -3.743989         31.130157
         -3.718356         31.138906
         -3.704496         31.139172
         -3.696180         31.137268
         -3.686151         31.131039
         -3.682531         31.125145
         -3.683134         31.117565
         -3.689548         31.097723
         -3.687309         31.093637
         -3.680506         31.088263
         -3.637321         31.077610
         -3.622668         31.067335
         -3.603277         31.059208
         -3.585406         31.047840
         -3.578436         31.046135
         -3.556563         31.023600
         -3.547013         31.003590
         -3.544935         30.984135
         -3.546463         30.970575
         -3.556160         30.942879
         -3.575698         30.915230
         -3.586124         30.906553
         -3.599405         30.905621
         -3.610910         30.908161
         -3.619571         30.913963
         -3.654128         30.922951
         -3.668202         30.921766
         -3.700175         30.913132
         -3.745315         30.909506
         -3.758466         30.903746
         -3.772607         30.875484
         -3.785486         30.869724
         -3.802290         30.871456
         -3.804733         30.873243
         -3.862942         30.890882
         -3.885171         30.896164
         -3.892072         30.895563
         -3.904492         30.892555
         -3.932319         30.879364
         -3.971272         30.864784
         -3.995588         30.859453
         -4.030880         30.856634
         -4.067234         30.844837
         -4.083009         30.829811
         -4.095469         30.810728
         -4.136999         30.777462
         -4.157911         30.765984
         -4.175291         30.760775
         -4.214360         30.743830
         -4.245940         30.734158
         -4.264280         30.734421
         -4.279620         30.732229
         -4.297733         30.725382
         -4.321713         30.719311
         -4.330879         30.715195
         -4.405745         30.705832
         -4.494300         30.701138
         -4.604406         30.697674
         -4.646904         30.690153
         -4.666860         30.683670
         -4.682005         30.676392
         -4.716424         30.666079
         -4.753555         30.657520
         -4.774551         30.658106
         -4.789032         30.654734
         -4.805027         30.649254
         -4.821990         30.641222
         -4.838258         30.628845
         -4.854358         30.597652
         -4.876829         30.531168
         -4.888280         30.504000
         -4.896216         30.489321
         -4.911199         30.450573
         -4.910464         30.445086
         -4.912774         30.428953
         -4.928873         30.378004
         -4.947258         30.324921
         -4.959215         30.298185
         -4.968549         30.272209
         -4.970025         30.262297
         -4.968968         30.262327
         -4.981199         30.222263
         -5.000000         30.176592
         -5.001281         30.173479
         -5.002066         30.166340
         -5.021408         30.133183
         -5.025955         30.127771
         -5.031074         30.116602
         -5.063581         30.069283
         -5.108271         30.017002
         -5.115281         30.014040
         -5.129867         30.000000
         -5.130538         29.999353
         -5.188692         29.975348
         -5.196824         29.974186
         -5.209844         29.969891
         -5.251771         29.962881
         -5.268128         29.956411
         -5.276249         29.955015
         -5.303997         29.943369
         -5.368180         29.926451
         -5.373069         29.923540
         -5.393363         29.916933
         -5.401772         29.916210
         -5.417528         29.908363
         -5.457848         29.895369
         -5.494316         29.878813
         -5.524409         29.867506
         -5.537487         29.859041
         -5.547956         29.857325
         -5.574442         29.848190
         -5.581612         29.843361
         -5.613375         29.834505
         -5.617970         29.831137
         -5.634821         29.824854
         -5.659026         29.818058
         -5.670380         29.818598
         -5.675560         29.816587
         -5.719805         29.810274
         -5.738214         29.809345
         -5.754498         29.808407
         -5.754457         29.807489
         -5.766703         29.810289
         -5.808646         29.805634
         -5.848135         29.804956
         -5.853290         29.802481
         -5.871208         29.802546
         -5.893395         29.798094
         -5.919113         29.790298
         -5.938767         29.782482
         -5.942813         29.778893
         -5.983055         29.760921
         -6.000268         29.751806
         -6.023712         29.735340
         -6.050170         29.721519
         -6.072353         29.711985
         -6.108022         29.703789
         -6.156986         29.703825
         -6.210538         29.716768
         -6.226283         29.715719
         -6.300618         29.717508
         -6.319206         29.715422
         -6.319821         29.711952
         -6.331738         29.713335
         -6.348281         29.712471
         -6.363417         29.709824
         -6.399356         29.707287
         -6.448217         29.700102
         -6.459098         29.696688
         -6.473263         29.685564
         -6.479904         29.671515
         -6.479427         29.667398
         -6.483237         29.654610
         -6.485518         29.637747
         -6.490114         29.624926
         -6.509527         29.603708
         -6.516816         29.597216
         -6.524772         29.593452
         -6.549977         29.587626
         -6.570936         29.586100
         -6.570985         29.587017
         -6.597301         29.587339
         -6.604246         29.589359
         -6.620981         29.587534
         -6.652144         29.589951
         -6.694647         29.587990
         -6.710566         29.590555
         -6.734283         29.596245
         -6.768927         29.614119
         -6.775790         29.619350
         -6.795218         29.628195
         -6.814786         29.634735
         -6.829364         29.636654
         -6.833464         29.634644
         -6.873798         29.626513
         -6.903134         29.624125
         -6.924172         29.623920
         -6.944526         29.625582
         -6.962122         29.629656
         -6.980125         29.636240
         -6.980204         29.637615
         -6.992906         29.643505
         -7.000000         29.644922
         -7.040956         29.624575
         -7.066777         29.632038
         -7.094593         29.636400
         -7.109781         29.634876
         -7.121330         29.633717
         -7.144976         29.623774
         -7.171687         29.614714
         -7.185562         29.600653
         -7.231262         29.571409
         -7.234599         29.569273
         -7.253702         29.561996
         -7.274576         29.545994
         -7.299794         29.523479
         -7.333827         29.485102
         -7.337478         29.480984
         -7.343539         29.469461
         -7.370174         29.453987
         -7.396648         29.427374
         -7.402952         29.425076
         -7.434683         29.397625
         -7.444208         29.389381
         -7.460256         29.381113
         -7.475306         29.378208
         -7.516865         29.385788
         -7.543669         29.384180
         -7.569940         29.390913
         -7.571038         29.391195
         -7.605229         29.389841
         -7.640522         29.381409
         -7.660528         29.368605
         -7.686882         29.334131
         -7.705597         29.309631
         -7.715431         29.306141
         -7.744092         29.306585
         -7.777166         29.276020
         -7.797042         29.265854
         -7.802105         29.263264
         -7.821325         29.245476
         -7.835603         29.235189
         -7.846726         29.230198
         -7.864933         29.213688
         -7.909966         29.189295
         -7.929925         29.178476
         -7.952871         29.160849
         -7.979867         29.134146
         -8.021141         29.110695
         -8.023046         29.109612
         -8.051727         29.097546
         -8.057502         29.090117
         -8.068954         29.085110
         -8.082245         29.071899
         -8.106359         29.059383
         -8.120125         29.059237
         -8.143265         29.051538
         -8.174770         29.041050
         -8.213035         29.019150
         -8.260133         28.980719
         -8.273708         28.969633
         -8.316542         28.929995
         -8.371245         28.902855
         -8.374198         28.901388
         -8.391030         28.888260
         -8.410527         28.851318
         -8.422472         28.842478
         -8.462694         28.831392
         -8.471971         28.822773
         -8.490144         28.805880
         -8.521370         28.781075
         -8.577009         28.754543
         -8.587645         28.750549
         -8.669257         28.719862
         -8.670499         28.715769
         -8.671684         28.671980
         -8.672021         28.659489
         -8.670305         28.572041
         -8.670560         28.545759
         -8.671782         28.419521
         -8.672027         28.394119
         -8.670042         28.304426
         -8.670101         28.293291
         -8.670755         28.171783
         -8.670942         28.167044
         -8.672289         28.133001
         -8.670485         28.040823
         -8.670459         28.039494
         -8.671430         27.914570
         -8.672408         27.788313
         -8.672583         27.765869
         -8.669426         27.687910
         -8.670276         27.662115
         -8.730325         27.664835
         -8.771918         27.664907
         -8.913751         27.665062
         -9.055584         27.665068
         -9.197416         27.664928
         -9.339249         27.664642
         -9.481080         27.664207
         -9.511801         27.664095
         -9.622899         27.665621
         -9.631425         27.665733
         -9.764731         27.666203
         -9.906566         27.666561
        -10.000000         27.666698
        -10.000000         27.666698
        -10.048400         27.666771
        -10.190236         27.666834
        -10.332071         27.666752
        -10.473906         27.666521
        -10.615741         27.666145
        -10.708385         27.665819
        -10.757569         27.666382
        -10.828010         27.667158
        -10.899399         27.666801
        -11.041230         27.665985
        -11.067330         27.665819
        -11.183059         27.666811
        -11.306587         27.667765
        -11.324890         27.667612
        -11.466718         27.666355
        -11.545901         27.665588
        -11.608536         27.666695
        -11.750347         27.669096
        -11.784320         27.669649
        -11.892180         27.669674
        -12.034019         27.669579
        -12.175858         27.669334
        -12.317696         27.668945
        -12.459533         27.668409
        -12.499719         27.668230
        -12.601369         27.668207
        -12.743207         27.668051
        -12.885043         27.667746
        -13.026878         27.667295
        -13.168586         27.667017
        -13.168586         27.667017
        -13.161563         27.674805
        -13.156439         27.694784
        -13.144066         27.702375
        -13.133490         27.704910
        -13.120850         27.708136
        -13.098165         27.727898
        -13.087068         27.729513
        -13.066943         27.738707
        -13.045530         27.754557
        -13.030569         27.775223
        -13.024639         27.790607
        -13.006051         27.809206
        -13.001868         27.824387
        -12.999344         27.833542
        -12.992373         27.849611
        -12.985139         27.858795
        -12.983590         27.865681
        -12.985661         27.876701
        -12.984627         27.879227
        -12.980750         27.881063
        -12.976617         27.893230
        -12.967310         27.897362
        -12.962399         27.903328
        -12.958003         27.920317
        -12.954900         27.923071
        -12.941322         27.927774
        -12.938350         27.928804
        -12.934212         27.931786
        -12.930848         27.937294
        -12.923347         27.940964
        -12.920759         27.945553
        -12.915844         27.947847
        -12.911704         27.952435
        -12.907047         27.954269
        -12.897217         27.956558
        -12.886095         27.955629
        -12.878852         27.957460
        -12.864107         27.958136
        -12.845481         27.960871
        -12.826591         27.967047
        -12.814342         27.968655
        -12.798905         27.970682
        -12.785196         27.969742
        -12.768632         27.974537
        -12.754142         27.976118
        -12.732412         27.975159
        -12.694106         27.982655
        -12.677284         27.984451
        -12.674347         27.984478
        -12.656844         27.984632
        -12.605849         27.992300
        -12.585930         27.991323
        -12.554612         27.993979
        -12.541664         27.996691
        -12.533967         27.999493
        -12.520414         28.004425
        -12.463428         28.016611
        -12.400476         28.028746
        -12.395899         28.029202
        -12.376133         28.031162
        -12.290880         28.046360
        -12.259012         28.050323
        -12.255837         28.051113
        -12.236452         28.055939
        -12.232313         28.055458
        -12.228731         28.049009
        -12.231601         28.045811
        -12.238850         28.045851
        -12.252137         28.032839
        -12.259903         28.032881
        -12.267132         28.035673
        -12.279814         28.035971
        -12.284491         28.033239
        -12.288157         28.026373
        -12.287661         28.022926
        -12.286695         28.021538
        -12.286695         28.021538
        -12.283813         28.017395
        -12.273512         28.009306
        -12.270437         28.004469
        -12.271513         28.000593
        -12.272027         27.998737
        -12.275929         27.995314
        -12.282403         27.994659
        -12.289174         27.987577
        -12.294883         27.984852
        -12.302183         27.975706
        -12.302183         27.975706
        -12.279092         27.986147
        -12.263509         27.995478
        -12.258031         28.002106
        -12.256960         28.007610
        -12.258996         28.012901
        -12.273209         28.016422
        -12.280926         28.023809
        -12.279880         28.025410
        -12.272377         28.024912
        -12.263556         28.028309
        -12.243112         28.027739
        -12.235593         28.029533
        -12.234043         28.030838
        -12.228826         28.035234
        -12.220788         28.037025
        -12.218171         28.041143
        -12.218663         28.044819
        -12.222787         28.047598
        -12.223018         28.051731
        -12.220665         28.054932
        -12.210021         28.059233
        -12.197055         28.062143
        -12.140029         28.070751
        -12.128602         28.075041
        -12.120889         28.076496
        -12.113301         28.077927
        -12.088643         28.085112
        -12.054925         28.091312
        -12.049973         28.094952
        -12.043427         28.103401
        -12.027032         28.112240
        -11.992601         28.124413
        -11.977396         28.129786
        -11.935493         28.149900
        -11.917548         28.156649
        -11.896187         28.167957
        -11.869925         28.176239
        -11.863750         28.176657
        -11.860847         28.176851
        -11.857441         28.180496
        -11.853017         28.182297
        -11.814279         28.193218
        -11.805133         28.200026
        -11.790022         28.206781
        -11.774417         28.211235
        -11.766615         28.213461
        -11.758776         28.218901
        -11.698596         28.242908
        -11.666256         28.248848
        -11.665325         28.249018
        -11.616130         28.262997
        -11.595534         28.271051
        -11.567678         28.278570
        -11.554340         28.286695
        -11.533999         28.294518
        -11.524082         28.298773
        -11.512812         28.307146
        -11.499754         28.313204
        -11.492685         28.317717
        -11.484790         28.325666
        -11.450017         28.343645
        -11.440216         28.357540
        -11.434237         28.376955
        -11.426587         28.384705
        -11.422860         28.391090
        -11.406861         28.401926
        -11.395757         28.415342
        -11.380279         28.443399
        -11.375521         28.448854
        -11.364794         28.453777
        -11.345372         28.472696
        -11.338947         28.478952
        -11.336695         28.490404
        -11.333472         28.497252
        -11.309136         28.524504
        -11.296230         28.535135
        -11.265500         28.554266
        -11.262297         28.559507
        -11.254073         28.565334
        -11.236511         28.577774
        -11.224887         28.588646
        -11.216358         28.601162
        -11.197395         28.614920
        -11.181100         28.624577
        -11.167628         28.636337
        -11.152826         28.652924
        -11.144545         28.662199
        -11.132922         28.671915
        -11.124785         28.675707
        -11.116892         28.680422
        -11.106047         28.690144
        -11.091290         28.714964
        -11.080904         28.727905
        -11.076547         28.738634
        -11.047292         28.757278
        -11.038872         28.761751
        -11.029984         28.764912
        -11.006606         28.773226
        -10.971066         28.792223
        -10.961094         28.795748
        -10.955269         28.800484
        -10.918508         28.814169
        -10.903313         28.822586
        -10.898740         28.825117
        -10.867995         28.837044
        -10.852697         28.845760
        -10.838111         28.857929
        -10.778892         28.883738
        -10.742028         28.899782
        -10.710347         28.917168
        -10.653071         28.944223
        -10.635715         28.952415
        -10.621164         28.961119
        -10.603488         28.969309
        -10.576485         28.985826
        -10.543571         29.009121
        -10.527966         29.017567
        -10.495213         29.044270
        -10.488291         29.049910
        -10.472776         29.065237
        -10.461637         29.072149
        -10.447673         29.087963
        -10.435158         29.097603
        -10.417413         29.129181
        -10.404857         29.140194
        -10.377826         29.176414
        -10.359801         29.196732
        -10.338657         29.215839
        -10.328136         29.228493
        -10.325971         29.231434
        -10.308165         29.242109
        -10.296837         29.255432
        -10.285921         29.262564
        -10.265524         29.271805
        -10.246094         29.284046
        -10.239927         29.289661
        -10.222154         29.308588
        -10.213331         29.325628
        -10.195328         29.353039
        -10.186885         29.375362
        -10.179553         29.385084
        -10.176290         29.389608
        -10.149177         29.413614
        -10.120538         29.445160
        -10.115623         29.452402
        -10.112263         29.460085
        -10.102488         29.482426
        -10.083365         29.500618
        -10.079895         29.512480
        -10.075330         29.516287
        -10.073387         29.520147
        -10.076331         29.527782
        -10.075688         29.532131
        -10.070085         29.535456
        -10.069080         29.543467
        -10.060845         29.556604
        -10.060846         29.566244
        -10.058115         29.570089
        -10.051832         29.588547
        -10.039018         29.596077
        -10.035103         29.604715
        -10.027612         29.609606
        -10.025115         29.614372
        -10.015633         29.624725
        -10.013073         29.631786
        -10.011106         29.636333
        -10.000000         29.648882
         -9.991570         29.658405
         -9.984342         29.672478
         -9.967676         29.694836
         -9.952309         29.708271
         -9.938718         29.723808
         -9.928088         29.732597
         -9.867569         29.782587
         -9.834451         29.816952
         -9.809317         29.847818
         -9.798278         29.857944
         -9.791988         29.863714
         -9.788091         29.870739
         -9.789770         29.876284
         -9.789120         29.880402
         -9.768862         29.905865
         -9.763133         29.921106
         -9.762559         29.931419
         -9.741050         29.962814
         -9.738251         29.968945
         -9.724062         30.000000
