> mauritania 0
-16.388792 19.850515
-16.392433 19.850777
-16.397020 19.853575
-16.397968 19.855881
-16.396954 19.860237
-16.389366 19.866144
-16.383772 19.866785
-16.381622 19.863089
-16.384878 19.853468
-16.388792 19.850515
> mauritania 1
-16.431829 19.596308
-16.435637 19.603922
-16.436077 19.608521
-16.438704 19.612680
-16.444014 19.615253
-16.445887 19.622162
-16.444319 19.633865
-16.451416 19.652538
-16.447443 19.662155
-16.445890 19.672022
-16.452059 19.686548
-16.451485 19.689402
-16.451040 19.691595
-16.435711 19.721104
-16.420876 19.773823
-16.417681 19.802517
-16.415878 19.810133
-16.414640 19.815357
-16.411205 19.819004
-16.404373 19.822390
-16.398790 19.822111
-16.389608 19.817665
-16.374655 19.831549
-16.366711 19.848711
-16.363276 19.852127
-16.358143 19.855297
-16.351097 19.855463
-16.348705 19.851767
-16.348312 19.842802
-16.352028 19.818348
-16.356646 19.787962
-16.359110 19.784307
-16.364231 19.782057
-16.368172 19.776577
-16.366997 19.772661
-16.361437 19.770313
-16.359056 19.765696
-16.363750 19.757696
-16.370480 19.716398
-16.374193 19.703451
-16.376265 19.696230
-16.388309 19.680714
-16.399054 19.649328
-16.398371 19.644728
-16.401588 19.638323
-16.404772 19.635134
-16.409147 19.634253
-16.412569 19.631525
-16.416830 19.617546
-16.420256 19.614359
-16.422535 19.604498
-16.428431 19.596737
-16.431829 19.596308
> mauritania 2
-16.358877 19.688032
-16.362265 19.688982
-16.363842 19.691656
-16.364174 19.692217
-16.363661 19.694969
-16.357019 19.703640
-16.351795 19.716230
-16.350857 19.736900
-16.348869 19.741249
-16.339607 19.745071
-16.337679 19.743904
-16.336508 19.739758
-16.339869 19.719799
-16.354479 19.691210
-16.358877 19.688032
> mauritania 3
-16.492723 19.670805
-16.500952 19.672941
-16.503340 19.677095
-16.502905 19.685389
-16.502750 19.688349
-16.497229 19.708065
-16.497574 19.723001
-16.492918 19.728018
-16.483152 19.734142
-16.480490 19.733431
-16.478611 19.726751
-16.476574 19.711109
-16.477871 19.702160
-16.480328 19.699194
-16.485878 19.676493
-16.487846 19.673521
-16.492723 19.670805
> mauritania 4
-16.396801 19.583136
-16.397087 19.583900
-16.397747 19.585672
-16.394960 19.597595
-16.398474 19.610033
-16.390322 19.624897
-16.377880 19.632139
-16.372238 19.638523
-16.363760 19.661194
-16.356146 19.670546
-16.355335 19.678581
-16.352865 19.682924
-16.343920 19.690844
-16.337194 19.696796
-16.324337 19.719887
-16.319424 19.725586
-16.305267 19.733267
-16.298706 19.734125
-16.294598 19.732477
-16.294420 19.726273
-16.298353 19.721483
-16.309088 19.716068
-16.319151 19.705133
-16.329744 19.689837
-16.330910 19.688623
-16.342009 19.677080
-16.347443 19.667480
-16.354061 19.660877
-16.362734 19.642803
-16.371607 19.628866
-16.379181 19.623419
-16.384090 19.617489
-16.387571 19.609018
-16.386644 19.604645
-16.390423 19.590662
-16.393389 19.584944
-16.396801 19.583136
> mauritania 5
-16.506348 19.640587
-16.513357 19.643171
-16.515270 19.646173
-16.515463 19.651461
-16.511307 19.655104
-16.504995 19.655512
-16.502100 19.653879
-16.500689 19.649271
-16.501453 19.645144
-16.506348 19.640587
> mauritania 6
-16.494385 20.609827
-16.497034 20.613525
-16.499813 20.629629
-16.503155 20.637697
-16.501663 20.640442
-16.494577 20.641302
-16.492401 20.638988
-16.489573 20.628397
-16.491386 20.617155
-16.494385 20.609827
> mauritania 7
-16.484531 20.593666
-16.486952 20.595753
-16.488117 20.601507
-16.486534 20.614128
-16.482807 20.621220
-16.479380 20.622339
-16.484531 20.593666
> mauritania 8
-16.448669 20.567636
-16.454035 20.567911
-16.458853 20.570330
-16.459618 20.570715
-16.467358 20.577902
-16.473131 20.586451
-16.476467 20.594978
-16.473158 20.609194
-16.469921 20.616058
-16.459421 20.616661
-16.454998 20.619839
-16.450600 20.620262
-16.448418 20.618866
-16.446989 20.615177
-16.449768 20.605322
-16.446512 20.588755
-16.448669 20.567636
> mauritania 9
-17.051847 20.774158
-17.057631 20.799892
-17.066521 20.839834
-17.066372 20.923000
-17.059935 20.943943
-17.048800 20.980156
-17.039829 21.040257
-17.027897 21.065828
-17.026102 21.069679
-17.009331 21.092722
-17.003099 21.104589
-16.987301 21.169512
-16.983080 21.183321
-16.977360 21.202028
-16.970234 21.220736
-16.950903 21.287832
-16.939714 21.326637
-16.919260 21.330349
-16.848198 21.330526
-16.828539 21.330568
-16.713406 21.332127
-16.578611 21.333857
-16.443815 21.335484
-16.309015 21.337009
-16.174213 21.338432
-16.039408 21.339756
-15.904602 21.340977
-15.877051 21.341213
-15.769791 21.341738
-15.634978 21.342306
-15.500165 21.342775
-15.365350 21.343140
-15.230535 21.343405
-15.095719 21.343567
-15.000000 21.343609
-14.960904 21.343626
-14.828249 21.343588
-14.826089 21.343550
-14.736724 21.341965
-14.722800 21.343246
-14.691363 21.342676
-14.651706 21.341948
-14.644319 21.343344
-14.596489 21.343601
-14.581813 21.341793
-14.556851 21.342730
-14.547860 21.343065
-14.422046 21.342415
-14.287234 21.341619
-14.232598 21.341267
-14.222653 21.342373
-14.152493 21.342010
-14.017681 21.341234
-13.882871 21.340357
-13.748062 21.339378
-13.613256 21.338297
-13.478451 21.337116
-13.429616 21.336662
-13.343651 21.335621
-13.208856 21.333908
-13.201588 21.333813
-13.150145 21.331671
-13.142745 21.333006
-13.109225 21.332867
-13.074244 21.332203
-13.001760 21.330809
-13.007854 21.388884
-13.014328 21.450554
-13.022558 21.514376
-13.022873 21.516817
-13.024770 21.521322
-13.024525 21.542000
-13.031515 21.592752
-13.035977 21.639660
-13.041968 21.702579
-13.045027 21.709557
-13.044386 21.729837
-13.046805 21.744076
-13.048626 21.764826
-13.052979 21.814457
-13.055474 21.820141
-13.054846 21.840038
-13.056460 21.853868
-13.059135 21.860069
-13.058291 21.873833
-13.059799 21.889767
-13.063523 21.929119
-13.072419 22.015429
-13.080194 22.090778
-13.084044 22.115005
-13.086250 22.140936
-13.092082 22.209408
-13.098477 22.266602
-13.106215 22.335741
-13.111877 22.392159
-13.124500 22.517773
-13.128506 22.557585
-13.134144 22.627773
-13.137053 22.643320
-13.138030 22.648544
-13.145754 22.731411
-13.144698 22.752047
-13.141555 22.768793
-13.138265 22.786314
-13.111426 22.891769
-13.085238 22.994520
-13.077330 23.013718
-13.058871 23.058502
-13.045618 23.083223
-13.018616 23.126959
-13.018483 23.127144
-12.957145 23.213079
-12.941775 23.231356
-12.898755 23.282476
-12.892012 23.286114
-12.852881 23.326410
-12.850433 23.328930
-12.824895 23.349628
-12.807095 23.361746
-12.775601 23.379358
-12.773837 23.377626
-12.767838 23.383574
-12.759831 23.387550
-12.740729 23.391289
-12.740398 23.391354
-12.604725 23.403116
-12.468694 23.414808
-12.464292 23.415184
-12.370416 23.421501
-12.332589 23.425573
-12.309673 23.428036
-12.258204 23.430252
-12.201679 23.434589
-12.196404 23.435242
-12.124462 23.444107
-12.076144 23.444336
-12.060465 23.445709
-12.037883 23.447683
-12.000000 23.454517
-12.000000 23.500000
-12.000000 23.600000
-12.000000 23.700001
-12.000000 23.799999
-12.000000 23.900000
-12.000000 24.000000
-12.000504 24.003046
-12.003913 24.105217
-12.003781 24.124346
-12.002987 24.239416
-12.003140 24.250389
-12.004901 24.376442
-12.004931 24.378571
-12.003132 24.502510
-12.002975 24.513275
-12.004357 24.628595
-12.005875 24.754694
-12.006257 24.786570
-12.005971 24.880812
-12.005608 25.000000
-12.005587 25.006945
-12.005201 25.133089
-12.004815 25.259245
-12.004429 25.385412
-12.004042 25.511589
-12.003653 25.637777
-12.003370 25.729239
-12.003805 25.763971
-12.005052 25.863150
-12.004821 25.890169
-12.003894 25.998640
-11.984262 25.998457
-11.918627 25.997826
-11.844577 25.998049
-11.704888 25.998360
-11.565199 25.998526
-11.425508 25.998549
-11.304828 25.998451
-11.285820 25.998482
-11.146130 25.998634
-11.006439 25.998644
-10.866750 25.998507
-10.841290 25.998466
-10.727066 25.999615
-10.686212 26.000002
-10.587379 25.999668
-10.447688 25.999071
-10.374055 25.998699
-10.308002 25.999134
-10.217933 25.999676
-10.168313 25.999437
-10.028625 25.998671
-10.000000 25.998484
-9.888939 25.997759
-9.888144 25.997753
-9.749254 25.998655
-9.696992 25.998957
-9.686016 25.997540
-9.609695 25.999084
-9.562904 26.000011
-9.487068 25.997952
-9.470051 25.998074
-9.330366 25.999001
-9.283809 25.999279
-9.190679 25.998621
-9.050996 25.997513
-8.979050 25.996887
-8.911311 25.997108
-8.771624 25.997458
-8.674157 25.997614
-8.673888 26.035765
-8.672996 26.161983
-8.672100 26.288210
-8.671985 26.304436
-8.672140 26.414444
-8.672318 26.540684
-8.672495 26.666927
-8.672674 26.793177
-8.672853 26.919428
-8.673019 27.045683
-8.671062 27.126513
-8.672337 27.171907
-8.673350 27.207947
-8.672479 27.288321
-8.673868 27.298073
-8.663564 27.293911
-8.554160 27.231157
-8.435385 27.162848
-8.356336 27.117281
-8.316575 27.094692
-8.197549 27.026943
-8.078670 26.959091
-7.959939 26.891136
-7.894827 26.853790
-7.840659 26.824076
-7.740277 26.768909
-7.720892 26.757816
-7.602367 26.689880
-7.509962 26.636787
-7.484098 26.621691
-7.366371 26.552851
-7.248790 26.483910
-7.131626 26.415028
-7.015339 26.344021
-7.000000 26.341364
-6.940982 26.304163
-6.930003 26.299358
-6.914603 26.288307
-6.906527 26.285212
-6.694906 26.155901
-6.675567 26.146601
-6.670959 26.141277
-6.628077 26.115026
-6.624571 26.111265
-6.540826 26.062092
-6.479778 26.022522
-6.475657 26.021540
-6.422890 25.988966
-6.416394 25.986238
-6.410525 25.980728
-6.397722 25.973886
-6.385005 25.963594
-6.349275 25.945480
-6.342108 25.939329
-6.153655 25.825329
-6.138411 25.814423
-6.123827 25.806705
-6.116417 25.800323
-6.102672 25.794182
-6.084089 25.782246
-6.071372 25.776291
-6.066070 25.771437
-5.979635 25.718596
-5.934063 25.692703
-5.859895 25.644857
-5.841222 25.635422
-5.752321 25.579090
-5.569503 25.466898
-5.538249 25.445677
-5.408522 25.366392
-5.405859 25.363035
-5.346469 25.325699
-5.335639 25.320307
-5.162305 25.208908
-5.135983 25.193878
-5.129984 25.188780
-5.034569 25.127394
-5.002093 25.108622
-5.000000 25.107256
-4.942162 25.069529
-4.836942 25.002792
-4.835202 25.000000
-4.835202 25.000000
-4.916700 25.000000
-5.000000 25.000000
-5.002000 25.000000
-5.085300 25.000000
-5.104548 25.000000
-5.112916 25.000000
-5.133019 25.000000
-5.168600 25.000000
-5.251900 25.000000
-5.290636 25.000000
-5.335200 25.000000
-5.376750 25.000000
-5.418500 25.000000
-5.501800 25.000000
-5.585100 25.000000
-5.668400 25.000000
-5.751700 25.000000
-5.780808 25.000000
-5.795485 25.000000
-5.835000 25.000000
-5.882466 25.000000
-5.890710 25.000000
-5.918300 25.000000
-5.946241 25.000000
-6.001600 25.000000
-6.084900 25.000000
-6.148136 25.000000
-6.152740 25.000000
-6.168200 25.000000
-6.251500 25.000000
-6.310313 25.000000
-6.334800 25.000000
-6.418100 25.000000
-6.464501 25.000000
-6.464547 25.000000
-6.473135 25.000000
-6.481393 25.000000
-6.483727 25.000000
-6.501400 25.000000
-6.516986 25.000000
-6.562485 25.000000
-6.564405 25.000000
-6.564405 25.000000
-6.555283 24.920759
-6.552692 24.884344
-6.497154 24.412174
-6.492581 24.360474
-6.486751 24.318699
-6.469214 24.151381
-6.454819 24.031698
-6.451758 24.000000
-6.454702 23.982378
-6.450633 23.951681
-6.452107 23.943428
-6.449602 23.938852
-6.448338 23.931980
-6.442051 23.873940
-6.441119 23.870123
-6.441103 23.864012
-6.437288 23.833080
-6.437695 23.829643
-6.434755 23.816280
-6.432645 23.802534
-6.432614 23.789545
-6.424595 23.734936
-6.422071 23.721189
-6.423300 23.714310
-6.422453 23.707436
-6.420778 23.700563
-6.419932 23.693687
-6.417012 23.687199
-6.418224 23.673443
-6.413018 23.646938
-6.413815 23.640213
-6.406218 23.578413
-6.402643 23.570698
-6.403027 23.556942
-6.401339 23.543188
-6.397995 23.530968
-6.398380 23.517593
-6.396261 23.496580
-6.393349 23.491236
-6.393734 23.477861
-6.386986 23.422844
-6.384061 23.410238
-6.384447 23.396862
-6.382761 23.383106
-6.381095 23.378904
-6.383551 23.365143
-6.382723 23.365145
-6.380228 23.359798
-6.379385 23.352921
-6.376060 23.346811
-6.376045 23.339931
-6.377690 23.334578
-6.376360 23.329102
-6.369699 23.272673
-6.366777 23.259682
-6.367753 23.251425
-6.363961 23.230639
-6.359197 23.192038
-6.355865 23.180193
-6.356674 23.170635
-6.354579 23.156878
-6.351683 23.155735
-6.351663 23.145031
-6.353306 23.139677
-6.350786 23.119038
-6.353235 23.102978
-6.349103 23.102983
-6.345744 23.075462
-6.344080 23.069349
-6.343240 23.062469
-6.343229 23.056351
-6.340712 23.035711
-6.338635 23.029596
-6.338197 23.016216
-6.336367 23.000820
-6.335372 22.997618
-6.333750 22.971380
-6.329391 22.941481
-6.327014 22.912415
-6.324784 22.904205
-6.323936 22.891209
-6.321424 22.870562
-6.321409 22.862150
-6.320168 22.860239
-6.318494 22.846476
-6.318894 22.839209
-6.313874 22.797916
-6.311390 22.792566
-6.311783 22.781094
-6.309688 22.760445
-6.309679 22.755091
-6.307048 22.731276
-6.303016 22.714561
-6.304999 22.709013
-6.297133 22.643433
-6.293382 22.616280
-6.292944 22.599070
-6.290873 22.591423
-6.289204 22.577656
-6.287939 22.557766
-6.287201 22.554708
-6.281365 22.506519
-6.275452 22.465979
-6.273777 22.445324
-6.271288 22.431555
-6.270103 22.411720
-6.267959 22.404779
-6.261025 22.331158
-6.257147 22.316801
-6.258581 22.312782
-6.255466 22.288492
-6.252574 22.277782
-6.252977 22.271660
-6.250484 22.251003
-6.250473 22.241821
-6.249651 22.241821
-6.248410 22.234936
-6.242796 22.181185
-6.239707 22.174490
-6.239685 22.156124
-6.225174 22.035221
-6.224331 22.014940
-6.221444 22.001551
-6.222369 22.002411
-6.219371 21.980888
-6.218535 21.967495
-6.216888 21.960608
-6.215232 21.946833
-6.214811 21.935736
-6.212333 21.919662
-6.209845 21.892111
-6.206537 21.864559
-6.206532 21.859201
-6.205296 21.853460
-6.201577 21.822464
-6.201571 21.816339
-6.199925 21.809452
-6.197031 21.782280
-6.194560 21.768505
-6.187541 21.706121
-6.187535 21.699232
-6.181352 21.651392
-6.179698 21.630724
-6.170220 21.547667
-6.166103 21.513216
-6.164053 21.506710
-6.163225 21.492929
-6.161580 21.479151
-6.159116 21.465370
-6.151712 21.396467
-6.148016 21.368906
-6.147191 21.355125
-6.142267 21.320671
-6.135289 21.258654
-6.135690 21.245255
-6.132824 21.231472
-6.129953 21.203909
-6.127905 21.190508
-6.126674 21.176725
-6.126259 21.162943
-6.124896 21.157583
-6.117069 21.091732
-6.117657 21.086754
-6.116838 21.079863
-6.115203 21.072971
-6.099663 20.941259
-6.097621 20.929007
-6.093291 20.891483
-6.093943 20.891483
-6.091492 20.863913
-6.088637 20.850128
-6.084965 20.822559
-6.080885 20.781202
-6.079255 20.774311
-6.077217 20.760525
-6.075585 20.736401
-6.074363 20.732954
-6.072327 20.719170
-6.071918 20.705383
-6.069067 20.691597
-6.067031 20.670919
-6.063367 20.643347
-6.063774 20.629560
-6.062959 20.622667
-6.060518 20.615774
-6.059705 20.608881
-6.060517 20.601988
-6.058890 20.588202
-6.055962 20.579931
-6.054823 20.560629
-6.050351 20.526163
-6.025995 20.318590
-6.026402 20.312464
-6.004529 20.154285
-6.003316 20.138966
-5.999669 20.130156
-6.003580 20.122776
-6.001427 20.104424
-6.004546 20.099518
-6.000927 20.095413
-5.999212 20.066067
-5.998072 20.061216
-5.998075 20.054321
-5.996456 20.048193
-5.996459 20.041300
-5.998082 20.035172
-5.996462 20.031342
-5.994843 20.024446
-5.994845 20.018320
-5.991727 20.000000
-5.991727 20.000000
-6.001600 20.000000
-5.991724 19.999981
-5.991402 19.999981
-5.991402 19.999981
-5.989592 19.982315
-5.987167 19.968527
-5.985556 19.947844
-5.983536 19.934439
-5.983541 19.923330
-5.976283 19.858984
-5.974262 19.852854
-5.972650 19.839066
-5.974678 19.832172
-5.972913 19.828272
-5.969025 19.806126
-5.967413 19.792337
-5.967417 19.786209
-5.966611 19.780081
-5.964996 19.773184
-5.960169 19.724924
-5.960165 19.731817
-5.956946 19.704239
-5.956951 19.695814
-5.956143 19.693516
-5.952926 19.665937
-5.952931 19.658276
-5.951318 19.650999
-5.948977 19.630531
-5.949721 19.620741
-5.948610 19.619686
-5.940873 19.557156
-5.937652 19.541834
-5.938866 19.539919
-5.937260 19.526129
-5.938482 19.512726
-5.936063 19.506596
-5.934856 19.499701
-5.932453 19.472506
-5.930040 19.459482
-5.924029 19.403942
-5.916810 19.349550
-5.915213 19.328867
-5.912805 19.315077
-5.912414 19.301289
-5.910415 19.280605
-5.906414 19.246132
-5.905210 19.239237
-5.897624 19.163397
-5.896018 19.156502
-5.896029 19.145777
-5.890029 19.101345
-5.887626 19.087555
-5.887230 19.080662
-5.886029 19.073765
-5.885633 19.066872
-5.884433 19.059977
-5.881643 19.032400
-5.878444 19.011715
-5.878859 19.000992
-5.876848 18.997925
-5.876459 18.986053
-5.865703 18.889149
-5.864652 18.870764
-5.862517 18.861954
-5.861728 18.848932
-5.858937 18.828249
-5.857748 18.814459
-5.856550 18.807566
-5.849793 18.745134
-5.849810 18.732115
-5.849015 18.725220
-5.847414 18.719090
-5.843833 18.691513
-5.835498 18.615679
-5.834302 18.608786
-5.831138 18.574316
-5.828356 18.553633
-5.827573 18.539846
-5.825584 18.526058
-5.814097 18.423035
-5.810528 18.395460
-5.808143 18.382055
-5.807358 18.370567
-5.803792 18.342991
-5.801429 18.315418
-5.801439 18.309292
-5.798654 18.295887
-5.798264 18.288994
-5.794701 18.261419
-5.786812 18.185596
-5.785732 18.166067
-5.781297 18.130835
-5.780518 18.117817
-5.771052 18.035868
-5.769088 18.015192
-5.767500 18.008297
-5.765510 18.002552
-5.765910 18.002169
-5.766323 17.995279
-5.764747 17.981493
-5.764387 17.959288
-5.761994 17.955072
-5.761220 17.941288
-5.759642 17.929419
-5.759657 17.920996
-5.758064 17.917166
-5.750995 17.849010
-5.749013 17.839819
-5.747055 17.819143
-5.747084 17.803831
-5.745096 17.798468
-5.743524 17.784683
-5.743136 17.778559
-5.743953 17.769373
-5.742974 17.767015
-5.735956 17.705431
-5.733705 17.698919
-5.732933 17.685904
-5.730578 17.665228
-5.729812 17.649151
-5.729015 17.648384
-5.726661 17.627708
-5.725076 17.622347
-5.724304 17.609331
-5.717245 17.549280
-5.717268 17.538126
-5.715206 17.532150
-5.710533 17.495676
-5.710254 17.492941
-5.699254 17.384996
-5.697285 17.373512
-5.695345 17.349781
-5.691434 17.317244
-5.691451 17.309971
-5.688310 17.289301
-5.687545 17.275522
-5.686365 17.268631
-5.682860 17.234182
-5.682872 17.228827
-5.678957 17.200117
-5.678972 17.193611
-5.677008 17.182129
-5.675065 17.162226
-5.675081 17.155722
-5.668831 17.105581
-5.666507 17.079557
-5.658338 17.003782
-5.659539 17.000723
-5.659548 16.996897
-5.658768 16.990774
-5.656397 16.984648
-5.652489 16.957092
-5.648601 16.922649
-5.648617 16.916529
-5.645875 16.900454
-5.643936 16.881321
-5.602800 16.499434
-5.327115 16.333138
-5.397524 16.000000
-5.415249 15.919305
-5.442328 15.795911
-5.446871 15.775197
-5.450137 15.766773
-5.451057 15.757153
-5.469754 15.672742
-5.497056 15.549363
-5.506424 15.507971
-5.510069 15.505406
-5.514932 15.501919
-5.541174 15.501684
-5.553307 15.500631
-5.585583 15.500299
-5.597116 15.499381
-5.659411 15.499541
-5.688292 15.499611
-5.772862 15.498534
-5.789539 15.497481
-5.808906 15.496258
-5.919664 15.495320
-5.998633 15.494625
-5.998616 15.495543
-6.006455 15.494314
-6.048757 15.495109
-6.076765 15.495632
-6.112552 15.494229
-6.137632 15.495381
-6.153997 15.494075
-6.157294 15.495054
-6.178656 15.495218
-6.308822 15.496182
-6.373479 15.496640
-6.380141 15.494921
-6.392904 15.496292
-6.438680 15.496523
-6.448551 15.496572
-6.451832 15.498466
-6.455657 15.496466
-6.567786 15.497478
-6.569547 15.497494
-6.572179 15.495931
-6.578073 15.497408
-6.668533 15.497540
-6.697290 15.498546
-6.718235 15.499276
-6.730095 15.498093
-6.752338 15.499144
-6.827350 15.498073
-6.903460 15.496966
-6.957512 15.497179
-7.087681 15.497647
-7.139070 15.497815
-7.143134 15.495350
-7.152140 15.494796
-7.162274 15.497931
-7.216599 15.498259
-7.294875 15.498713
-7.346768 15.498865
-7.476939 15.499202
-7.607111 15.499480
-7.639412 15.499539
-7.647951 15.498504
-7.667353 15.499676
-7.675895 15.498409
-7.737078 15.498682
-7.785053 15.498888
-7.867239 15.497700
-7.904421 15.497154
-7.972369 15.498203
-7.984472 15.496053
-7.992266 15.497751
-7.997001 15.497759
-8.058805 15.497846
-8.067108 15.496565
-8.096457 15.497593
-8.107844 15.495888
-8.110664 15.497756
-8.126317 15.497694
-8.244932 15.497197
-8.256341 15.498885
-8.266953 15.497438
-8.358587 15.497734
-8.386263 15.494996
-8.387484 15.497120
-8.397807 15.497400
-8.401213 15.497494
-8.414958 15.496490
-8.414948 15.497407
-8.431282 15.497806
-8.520077 15.498020
-8.526896 15.497011
-8.531697 15.496300
-8.593723 15.497601
-8.602233 15.499062
-8.607695 15.497508
-8.656633 15.497670
-8.786803 15.498059
-8.862237 15.498259
-8.898721 15.496282
-8.916912 15.496681
-8.967849 15.497792
-8.970939 15.496441
-8.987505 15.497498
-9.046734 15.497369
-9.119162 15.497192
-9.123889 15.498148
-9.134318 15.496854
-9.176714 15.496302
-9.200625 15.495989
-9.306881 15.496206
-9.328486 15.496246
-9.334036 15.514649
-9.334676 15.524295
-9.332460 15.568578
-9.326217 15.600074
-9.319920 15.631834
-9.311138 15.666197
-9.312736 15.674700
-9.332037 15.692280
-9.350760 15.676364
-9.364698 15.664514
-9.419562 15.611190
-9.442870 15.597577
-9.441355 15.591183
-9.439679 15.589873
-9.437366 15.582741
-9.438021 15.578197
-9.438372 15.577133
-9.424738 15.514949
-9.408667 15.441258
-9.408240 15.434369
-9.453575 15.433188
-9.464118 15.432913
-9.475474 15.433907
-9.542251 15.430900
-9.549580 15.432553
-9.559060 15.430777
-9.583213 15.430209
-9.697563 15.427493
-9.703969 15.425005
-9.706091 15.416669
-9.706680 15.410079
-9.712429 15.404819
-9.716089 15.402867
-9.731228 15.403654
-9.751679 15.408465
-9.756680 15.400784
-9.767128 15.390933
-9.793501 15.372714
-9.801324 15.370462
-9.811294 15.365006
-9.830958 15.360981
-9.834475 15.360848
-9.862914 15.359775
-9.883960 15.363100
-9.900261 15.368694
-9.922482 15.373858
-9.927708 15.369983
-9.934336 15.369786
-9.960488 15.363391
-9.965613 15.362137
-9.998300 15.356557
-10.000000 15.356641
-10.039468 15.358589
-10.088223 15.358124
-10.089837 15.358458
-10.131493 15.367039
-10.182067 15.384702
-10.213258 15.397257
-10.224131 15.401632
-10.232883 15.402815
-10.239262 15.406054
-10.252739 15.409781
-10.256514 15.413239
-10.267875 15.413512
-10.320598 15.431158
-10.336386 15.433512
-10.347991 15.431266
-10.370708 15.431820
-10.382291 15.434622
-10.383700 15.437153
-10.394104 15.439261
-10.406611 15.436626
-10.418576 15.438618
-10.458114 15.437370
-10.459520 15.437730
-10.469941 15.440392
-10.494798 15.440469
-10.500010 15.439107
-10.507583 15.440048
-10.530083 15.435984
-10.562523 15.432634
-10.569396 15.429669
-10.587681 15.427329
-10.590600 15.424185
-10.596743 15.421418
-10.625846 15.422203
-10.633189 15.420161
-10.642915 15.412846
-10.645043 15.413082
-10.645043 15.413082
-10.655753 15.405951
-10.664280 15.404601
-10.669654 15.414122
-10.680076 15.427537
-10.687647 15.433556
-10.693807 15.433592
-10.713191 15.438437
-10.724225 15.436578
-10.728045 15.432388
-10.729487 15.424357
-10.726465 15.405983
-10.723617 15.400683
-10.722245 15.395012
-10.722245 15.395012
-10.720603 15.388059
-10.720408 15.373824
-10.718754 15.373131
-10.717824 15.367619
-10.723994 15.361208
-10.726892 15.349188
-10.743241 15.332106
-10.747502 15.330970
-10.749864 15.332583
-10.761699 15.330091
-10.775886 15.319928
-10.776870 15.318653
-10.778087 15.306258
-10.780459 15.303280
-10.787557 15.302839
-10.794882 15.305843
-10.798195 15.305164
-10.800010 15.302907
-10.805819 15.295680
-10.805819 15.295680
-10.822873 15.274462
-10.829273 15.268967
-10.824843 15.243928
-10.835078 15.217777
-10.839108 15.214113
-10.839108 15.214113
-10.842888 15.209794
-10.856625 15.206120
-10.856625 15.206120
-10.873935 15.189150
-10.873935 15.189150
-10.873574 15.178034
-10.876615 15.149748
-10.879547 15.140548
-10.879604 15.130346
-10.885166 15.125731
-10.885166 15.125731
-10.895524 15.106100
-10.902922 15.103618
-10.905316 15.108870
-10.912392 15.115775
-10.915684 15.123590
-10.920873 15.128425
-10.928169 15.142907
-10.944693 15.154196
-10.946041 15.164884
-10.945622 15.169892
-10.954839 15.175646
-10.968304 15.189213
-10.998528 15.238161
-11.010346 15.247129
-11.014840 15.247825
-11.028353 15.256414
-11.032572 15.259096
-11.044629 15.268754
-11.060462 15.291041
-11.074648 15.303913
-11.125094 15.339015
-11.138747 15.348511
-11.142533 15.349432
-11.177075 15.372873
-11.200264 15.394238
-11.210440 15.400442
-11.232348 15.407982
-11.240499 15.410787
-11.253754 15.420205
-11.282396 15.445235
-11.291157 15.454650
-11.313890 15.490234
-11.318626 15.497351
-11.328336 15.506763
-11.362678 15.525817
-11.368366 15.542343
-11.368613 15.568968
-11.370984 15.574476
-11.382415 15.586067
-11.386148 15.589852
-11.398474 15.606835
-11.411514 15.630472
-11.422181 15.641027
-11.428817 15.645387
-11.481254 15.643483
-11.498940 15.642838
-11.511018 15.637784
-11.502950 15.622410
-11.502309 15.618759
-11.517508 15.608253
-11.525795 15.606418
-11.546394 15.588572
-11.546394 15.588572
-11.552263 15.583339
-11.559653 15.578417
-11.567466 15.576350
-11.569833 15.570842
-11.572197 15.556152
-11.569118 15.549725
-11.571247 15.542609
-11.577165 15.537559
-11.587816 15.532508
-11.595391 15.531129
-11.600836 15.529062
-11.619538 15.530436
-11.628531 15.522169
-11.646284 15.520786
-11.653624 15.522391
-11.664137 15.531650
-11.669255 15.536158
-11.679196 15.532251
-11.679196 15.532251
-11.703816 15.532469
-11.705004 15.536140
-11.711870 15.537513
-11.714702 15.526494
-11.714634 15.494425
-11.714909 15.487471
-11.717273 15.483109
-11.721766 15.478973
-11.736199 15.473454
-11.742349 15.467712
-11.747309 15.456230
-11.749532 15.442921
-11.752948 15.411462
-11.757201 15.405030
-11.757201 15.405030
-11.756481 15.394011
-11.771095 15.337064
-11.786220 15.321439
-11.797319 15.304669
-11.805331 15.277569
-11.806969 15.260346
-11.804819 15.241980
-11.806701 15.232564
-11.813303 15.215796
-11.822507 15.200632
-11.832187 15.189141
-11.833190 15.187084
-11.836668 15.179952
-11.838077 15.171913
-11.836175 15.163419
-11.832148 15.155845
-11.819844 15.147360
-11.817000 15.141393
-11.816285 15.135653
-11.819585 15.127611
-11.833991 15.116344
-11.838476 15.111978
-11.847196 15.091529
-11.846009 15.087398
-11.842695 15.083496
-11.837729 15.080976
-11.834887 15.075697
-11.834645 15.071103
-11.837724 15.065392
-11.837724 15.065392
-11.846905 15.048355
-11.843352 15.041468
-11.837912 15.037340
-11.832240 15.037117
-11.827990 15.039417
-11.821617 15.045855
-11.814529 15.046780
-11.801529 15.043805
-11.792294 15.025211
-11.792996 15.019468
-11.799588 15.000000
-11.801476 14.994427
-11.806878 14.965942
-11.813782 14.944040
-11.813782 14.944040
-11.815308 14.939061
-11.816994 14.928954
-11.815332 14.922295
-11.806098 14.901631
-11.807745 14.896806
-11.812701 14.892897
-11.826866 14.888518
-11.831821 14.885298
-11.835594 14.880240
-11.847384 14.865987
-11.869317 14.844371
-11.906827 14.821585
-11.919807 14.817892
-11.930430 14.816730
-11.936801 14.813735
-11.939146 14.810225
-11.940333 14.808447
-11.944318 14.790064
-11.948084 14.783167
-11.956098 14.775575
-11.978932 14.761557
-11.978932 14.761557
-11.991243 14.759901
-12.000219 14.762874
-12.007537 14.762861
-12.022872 14.758701
-12.039870 14.759591
-12.047185 14.758200
-12.049768 14.751763
-12.044552 14.739596
-12.049711 14.723277
-12.054420 14.717984
-12.056991 14.715546
-12.062078 14.717202
-12.111811 14.745312
-12.122356 14.760557
-12.128188 14.768986
-12.136103 14.772843
-12.145717 14.773952
-12.153070 14.772305
-12.180229 14.758017
-12.205679 14.758581
-12.220950 14.756938
-12.236219 14.758045
-12.241923 14.760610
-12.250921 14.764654
-12.262231 14.767409
-12.286547 14.777870
-12.302944 14.793280
-12.320375 14.811784
-12.327826 14.819694
-12.336311 14.824646
-12.364030 14.828497
-12.388355 14.838949
-12.403065 14.847750
-12.431918 14.870360
-12.431918 14.870360
-12.441361 14.880587
-12.451164 14.891202
-12.452863 14.896152
-12.459669 14.955017
-12.468734 14.985270
-12.473831 14.992970
-12.478336 14.998282
-12.479793 15.000000
-12.481759 15.002318
-12.493084 15.010014
-12.503275 15.013860
-12.535546 15.020991
-12.553667 15.028681
-12.559897 15.033077
-12.587941 15.059734
-12.587941 15.059734
-12.596418 15.068192
-12.617970 15.083086
-12.638137 15.091180
-12.657623 15.098997
-12.666402 15.100364
-12.679707 15.097598
-12.684513 15.092366
-12.686486 15.083564
-12.689030 15.079710
-12.691578 15.080532
-12.701784 15.091796
-12.714532 15.097555
-12.730402 15.108536
-12.740362 15.117402
-12.740362 15.117402
-12.755348 15.129403
-12.766968 15.136262
-12.780001 15.140918
-12.788505 15.146680
-12.791627 15.151075
-12.792495 15.163175
-12.791365 15.180655
-12.790558 15.193153
-12.794253 15.201947
-12.803046 15.209909
-12.810982 15.212371
-12.818910 15.210709
-12.827400 15.206294
-12.838147 15.196651
-12.846076 15.194986
-12.849763 15.198280
-12.860559 15.216962
-12.874181 15.230411
-12.895170 15.244122
-12.899152 15.252639
-12.898317 15.260340
-12.892377 15.265301
-12.885296 15.266415
-12.866602 15.256317
-12.866602 15.256317
-12.854674 15.252995
-12.847438 15.256110
-12.845049 15.257137
-12.838833 15.266498
-12.836873 15.280525
-12.840010 15.292343
-12.845694 15.302233
-12.865280 15.321995
-12.888253 15.332401
-12.903281 15.336496
-12.911651 15.336899
-12.911651 15.336899
-12.922843 15.340583
-12.943282 15.357313
-12.946429 15.371329
-12.948457 15.392220
-12.947910 15.401570
-12.941706 15.416704
-12.930395 15.430474
-12.930403 15.434598
-12.933814 15.438990
-12.934370 15.439242
-12.938638 15.441179
-12.949976 15.440331
-12.960191 15.444433
-12.963614 15.454324
-12.960247 15.470276
-12.965379 15.483461
-12.963134 15.494187
-12.964278 15.499133
-12.968536 15.501324
-12.983548 15.493319
-12.999139 15.491359
-13.005372 15.488870
-13.005372 15.488870
-13.020940 15.477562
-13.046443 15.471454
-13.060057 15.472794
-13.073233 15.478726
-13.098162 15.492587
-13.103927 15.499997
-13.104912 15.510206
-13.103493 15.516707
-13.091740 15.544075
-13.091740 15.544075
-13.092106 15.555722
-13.096917 15.564528
-13.095021 15.571959
-13.096951 15.577058
-13.117389 15.586894
-13.160252 15.607514
-13.183279 15.620442
-13.192384 15.621807
-13.201960 15.620852
-13.220596 15.606873
-13.226829 15.608709
-13.231920 15.613122
-13.236433 15.617033
-13.249931 15.643907
-13.255259 15.661987
-13.254800 15.668022
-13.250985 15.673602
-13.243803 15.674553
-13.230372 15.669490
-13.223678 15.673223
-13.216994 15.680669
-13.215104 15.689027
-13.216077 15.693664
-13.221728 15.698424
-13.221728 15.698424
-13.233078 15.708179
-13.291513 15.758386
-13.296831 15.771824
-13.293986 15.780649
-13.290168 15.785301
-13.284422 15.786712
-13.276742 15.783489
-13.271952 15.783969
-13.271441 15.786342
-13.288711 15.801931
-13.288711 15.801931
-13.300185 15.814435
-13.306349 15.831235
-13.308732 15.841229
-13.305042 15.860790
-13.310709 15.869409
-13.317778 15.875749
-13.321386 15.877131
-13.327186 15.879354
-13.333318 15.886151
-13.335690 15.892962
-13.331966 15.902521
-13.321671 15.914375
-13.326865 15.921631
-13.357494 15.945616
-13.366483 15.961948
-13.374041 15.972376
-13.374041 15.972376
-13.374893 15.995379
-13.375065 16.000000
-13.372456 16.004995
-13.374617 16.012392
-13.374844 16.021114
-13.369740 16.042084
-13.370948 16.049686
-13.373899 16.054352
-13.403448 16.066599
-13.433996 16.077263
-13.435634 16.078381
-13.443077 16.083464
-13.446525 16.087454
-13.452748 16.102526
-13.457607 16.107012
-13.464992 16.106056
-13.470779 16.102764
-13.481686 16.086071
-13.488503 16.079823
-13.497026 16.080502
-13.507477 16.088799
-13.511549 16.096014
-13.511217 16.099447
-13.505983 16.108488
-13.503180 16.110657
-13.491917 16.119368
-13.478307 16.122229
-13.471096 16.125484
-13.468314 16.131605
-13.471488 16.136965
-13.481459 16.145481
-13.485717 16.146049
-13.506068 16.131203
-13.513497 16.128639
-13.527299 16.127386
-13.549927 16.133240
-13.565775 16.135246
-13.576699 16.135065
-13.589677 16.129198
-13.590483 16.128679
-13.609243 16.116613
-13.621700 16.112337
-13.628708 16.107695
-13.636851 16.104916
-13.653860 16.107861
-13.661286 16.105291
-13.677233 16.094675
-13.684553 16.096003
-13.691292 16.101444
-13.701367 16.114458
-13.707586 16.122490
-13.711882 16.130625
-13.713184 16.135244
-13.708928 16.143627
-13.699136 16.154858
-13.697542 16.161243
-13.697775 16.170425
-13.700981 16.174862
-13.707973 16.179852
-13.715548 16.180725
-13.725244 16.173161
-13.738032 16.156267
-13.745337 16.149332
-13.762797 16.144251
-13.788461 16.143263
-13.805404 16.139769
-13.814264 16.136770
-13.818142 16.133650
-13.832479 16.120687
-13.839947 16.107100
-13.845071 16.110891
-13.847138 16.122869
-13.848966 16.125666
-13.858610 16.129105
-13.862166 16.138594
-13.869982 16.148643
-13.872567 16.159027
-13.871427 16.166571
-13.866918 16.176950
-13.866069 16.182514
-13.867309 16.188496
-13.872603 16.195044
-13.877077 16.196526
-13.882779 16.196430
-13.890615 16.194410
-13.896642 16.192856
-13.902488 16.196434
-13.908213 16.204826
-13.911427 16.218666
-13.910079 16.225058
-13.911863 16.229689
-13.915608 16.231840
-13.925624 16.230238
-13.935687 16.236206
-13.939248 16.236288
-13.945246 16.233904
-13.961659 16.223270
-13.964966 16.224035
-13.965011 16.231836
-13.961311 16.243698
-13.957268 16.256664
-13.945373 16.266943
-13.948090 16.272284
-13.958869 16.278267
-13.977689 16.276175
-13.982889 16.296484
-13.981555 16.302420
-13.978909 16.303736
-13.959928 16.302610
-13.954414 16.304548
-13.951496 16.307236
-13.952372 16.310238
-13.954531 16.319006
-13.956163 16.320190
-13.960182 16.330608
-13.967160 16.336735
-13.981310 16.341188
-13.994193 16.348825
-14.003158 16.351553
-14.011748 16.350142
-14.021432 16.352655
-14.038176 16.377584
-14.044528 16.384258
-14.050229 16.390247
-14.054466 16.391949
-14.062820 16.400396
-14.071811 16.412069
-14.077161 16.417007
-14.096897 16.426855
-14.101081 16.430849
-14.107909 16.443621
-14.114195 16.449266
-14.121061 16.450565
-14.129492 16.456030
-14.132121 16.465496
-14.129943 16.468967
-14.125445 16.476133
-14.127277 16.479156
-14.135133 16.478870
-14.142606 16.474674
-14.144961 16.475645
-14.150559 16.480356
-14.162553 16.496222
-14.165373 16.497660
-14.194767 16.512297
-14.196292 16.518295
-14.195078 16.529514
-14.198501 16.535784
-14.209496 16.543823
-14.223876 16.549641
-14.233105 16.551903
-14.240488 16.551603
-14.247450 16.548998
-14.254045 16.541565
-14.256457 16.533857
-14.256614 16.533358
-14.253140 16.520235
-14.256178 16.520304
-14.265080 16.537668
-14.269210 16.554739
-14.266611 16.574648
-14.270693 16.583454
-14.277508 16.587271
-14.282260 16.587601
-14.296547 16.576887
-14.309791 16.575129
-14.314451 16.574509
-14.323605 16.569651
-14.326444 16.570398
-14.329619 16.577351
-14.329428 16.585836
-14.322309 16.605883
-14.323187 16.630228
-14.326352 16.637638
-14.332907 16.642593
-14.343352 16.643959
-14.362783 16.637476
-14.363868 16.637583
-14.380363 16.639215
-14.393705 16.638800
-14.403680 16.639923
-14.412238 16.651342
-14.413382 16.653431
-14.419317 16.654240
-14.429890 16.649864
-14.434746 16.645603
-14.440471 16.634243
-14.445092 16.629747
-14.452024 16.628510
-14.476772 16.629007
-14.481868 16.624519
-14.485443 16.624361
-14.486930 16.621635
-14.493147 16.620382
-14.497192 16.620464
-14.510107 16.628752
-14.519126 16.630077
-14.521223 16.632185
-14.526420 16.634123
-14.533854 16.642761
-14.540891 16.647718
-14.546418 16.645302
-14.548623 16.642363
-14.554015 16.623878
-14.565132 16.627308
-14.582780 16.625816
-14.588448 16.627991
-14.593222 16.627394
-14.598310 16.623133
-14.606043 16.629019
-14.619770 16.632954
-14.623645 16.632099
-14.628380 16.631054
-14.634014 16.623360
-14.638288 16.623899
-14.647413 16.631647
-14.637613 16.633526
-14.634949 16.635769
-14.633183 16.640554
-14.633539 16.646299
-14.638909 16.651449
-14.650562 16.652130
-14.662534 16.648914
-14.679380 16.651758
-14.701929 16.643459
-14.704020 16.643211
-14.706942 16.642864
-14.712639 16.643660
-14.716620 16.646946
-14.720140 16.649536
-14.727541 16.648527
-14.728257 16.636606
-14.733520 16.635328
-14.736907 16.632637
-14.735169 16.624342
-14.738510 16.623945
-14.749763 16.632645
-14.749841 16.640676
-14.748325 16.645010
-14.749918 16.648710
-14.756688 16.655491
-14.762588 16.658123
-14.768291 16.658688
-14.771178 16.657133
-14.785388 16.634249
-14.785689 16.633760
-14.789236 16.634974
-14.811440 16.656029
-14.816699 16.654978
-14.821311 16.650471
-14.823228 16.637653
-14.824683 16.636303
-14.829438 16.636618
-14.837175 16.642723
-14.855780 16.640991
-14.874167 16.662888
-14.879450 16.663311
-14.881537 16.663477
-14.884923 16.660784
-14.890960 16.643908
-14.894674 16.636400
-14.897084 16.634836
-14.903739 16.635412
-14.906551 16.637756
-14.908753 16.647203
-14.911768 16.651388
-14.916066 16.650774
-14.932069 16.635448
-14.936859 16.633924
-14.943501 16.635187
-14.947648 16.642603
-14.952408 16.662476
-14.952726 16.663803
-14.956142 16.672123
-14.963350 16.681427
-14.968298 16.684265
-14.970614 16.687748
-14.978403 16.691553
-14.983164 16.691633
-14.992483 16.689957
-14.997066 16.686821
-15.000000 16.681410
-15.000518 16.680454
-15.008700 16.649843
-15.023471 16.636324
-15.031460 16.632551
-15.033796 16.631449
-15.041433 16.630428
-15.051395 16.632431
-15.055638 16.634796
-15.066944 16.654720
-15.079016 16.671902
-15.085386 16.675219
-15.091793 16.676472
-15.098951 16.675673
-15.104721 16.672554
-15.114648 16.663307
-15.123198 16.651054
-15.124271 16.647654
-15.126729 16.639868
-15.125637 16.634342
-15.122862 16.629707
-15.112472 16.624949
-15.106288 16.624619
-15.101569 16.622246
-15.097134 16.617355
-15.095082 16.612272
-15.094893 16.609516
-15.098868 16.600174
-15.103221 16.596344
-15.110415 16.593248
-15.124281 16.589804
-15.138327 16.589573
-15.149211 16.593191
-15.151078 16.595285
-15.156775 16.596102
-15.160100 16.596579
-15.171691 16.600664
-15.178151 16.598703
-15.185916 16.590107
-15.199596 16.583441
-15.222711 16.567743
-15.232772 16.563770
-15.239655 16.564795
-15.247207 16.568584
-15.256596 16.576302
-15.262512 16.578230
-15.270519 16.578009
-15.278463 16.577787
-15.292187 16.582586
-15.313324 16.585203
-15.319305 16.583229
-15.337133 16.569960
-15.343119 16.567757
-15.363574 16.568291
-15.369079 16.566309
-15.377308 16.557711
-15.387897 16.550295
-15.388060 16.550232
-15.405613 16.543444
-15.418670 16.545240
-15.426930 16.549490
-15.431856 16.553921
-15.434658 16.563765
-15.436524 16.574869
-15.451964 16.591843
-15.460938 16.596331
-15.468549 16.596670
-15.478379 16.591991
-15.483241 16.585405
-15.488784 16.580894
-15.507909 16.575199
-15.515589 16.570948
-15.521725 16.558643
-15.520202 16.549215
-15.511104 16.537384
-15.510670 16.534626
-15.513584 16.530766
-15.515483 16.531021
-15.515756 16.528732
-15.521264 16.526087
-15.530613 16.521597
-15.549723 16.516356
-15.562083 16.516985
-15.573000 16.518742
-15.583617 16.524622
-15.583828 16.526461
-15.598735 16.531940
-15.625643 16.530237
-15.631651 16.525959
-15.634140 16.518419
-15.628849 16.505959
-15.628448 16.500906
-15.629458 16.496790
-15.636189 16.491833
-15.645748 16.488747
-15.654642 16.487459
-15.693651 16.481806
-15.700640 16.475243
-15.705641 16.474848
-15.730167 16.489618
-15.741785 16.492290
-15.760805 16.492760
-15.777220 16.495523
-15.787848 16.497917
-15.808406 16.508038
-15.823389 16.508223
-15.831731 16.506947
-15.844916 16.499077
-15.857825 16.494186
-15.860267 16.507523
-15.862817 16.512600
-15.866365 16.514019
-15.876792 16.517128
-15.886106 16.517666
-15.896758 16.518282
-15.912262 16.515024
-15.935242 16.503590
-15.956124 16.488461
-15.969908 16.489305
-15.992584 16.501951
-15.999322 16.501732
-16.003054 16.501612
-16.012835 16.499197
-16.028456 16.485834
-16.044954 16.478445
-16.051363 16.479433
-16.055130 16.482685
-16.061174 16.494452
-16.079763 16.511402
-16.096609 16.521214
-16.098486 16.524954
-16.098587 16.529041
-16.097265 16.540499
-16.098627 16.546019
-16.103090 16.551115
-16.112312 16.556030
-16.116350 16.556532
-16.139471 16.552874
-16.154039 16.547977
-16.160028 16.544369
-16.168730 16.532068
-16.172056 16.529234
-16.178577 16.523680
-16.189356 16.516907
-16.211264 16.514833
-16.218620 16.516283
-16.232809 16.523996
-16.241102 16.527060
-16.251093 16.527157
-16.262775 16.524748
-16.270689 16.518631
-16.274504 16.517750
-16.276451 16.513638
-16.278353 16.513657
-16.282930 16.508194
-16.285423 16.497206
-16.283857 16.487783
-16.284906 16.478388
-16.288044 16.474060
-16.300236 16.467752
-16.305824 16.456335
-16.308313 16.445576
-16.310570 16.411184
-16.315361 16.407560
-16.324400 16.406956
-16.331623 16.397848
-16.334131 16.385025
-16.330797 16.362284
-16.331573 16.356098
-16.341013 16.338982
-16.343409 16.337168
-16.352913 16.337027
-16.357479 16.332022
-16.368189 16.306200
-16.364517 16.293322
-16.352795 16.277845
-16.351439 16.270952
-16.363226 16.255920
-16.371021 16.236267
-16.382744 16.221199
-16.384489 16.218958
-16.392370 16.214212
-16.399958 16.215197
-16.408216 16.220547
-16.413683 16.219908
-16.432037 16.212271
-16.435633 16.208862
-16.447458 16.188322
-16.451342 16.179411
-16.449883 16.157841
-16.450632 16.153948
-16.452818 16.148462
-16.450495 16.143167
-16.449858 16.135365
-16.454714 16.123711
-16.454510 16.120039
-16.442513 16.109158
-16.441353 16.106165
-16.443050 16.102282
-16.451424 16.097301
-16.450771 16.092583
-16.453083 16.089762
-16.456373 16.085749
-16.458736 16.085560
-16.465078 16.085058
-16.472246 16.079767
-16.474655 16.075964
-16.484926 16.076815
-16.494057 16.073069
-16.501545 16.062830
-16.505772 16.062185
-16.505772 16.062185
-16.507538 16.081274
-16.508381 16.119120
-16.508343 16.123472
-16.508001 16.161085
-16.505327 16.194090
-16.507004 16.218645
-16.512140 16.249004
-16.514893 16.265270
-16.515236 16.279724
-16.510229 16.308125
-16.494354 16.355474
-16.487410 16.370663
-16.481499 16.383581
-16.470293 16.413078
-16.448195 16.487677
-16.447855 16.490671
-16.445078 16.515181
-16.444511 16.549820
-16.438143 16.594046
-16.438730 16.607359
-16.437462 16.616142
-16.436182 16.625006
-16.431519 16.639879
-16.420578 16.663647
-16.405643 16.705734
-16.392864 16.734404
-16.376905 16.770189
-16.373634 16.787600
-16.360193 16.821213
-16.353277 16.845474
-16.349709 16.853098
-16.333054 16.888664
-16.309038 16.951553
-16.300230 16.969868
-16.287827 16.995651
-16.264786 17.053501
-16.257973 17.065828
-16.253271 17.081392
-16.250803 17.086554
-16.228357 17.133484
-16.201830 17.200710
-16.200323 17.202950
-16.190172 17.218039
-16.188856 17.228815
-16.151966 17.319553
-16.119761 17.398684
-16.109821 17.430723
-16.110020 17.434399
-16.108387 17.438265
-16.100178 17.457714
-16.092325 17.494827
-16.075199 17.560186
-16.072523 17.570389
-16.069857 17.593323
-16.064152 17.610023
-16.060078 17.630188
-16.055283 17.670780
-16.051828 17.679010
-16.051157 17.683786
-16.047377 17.710651
-16.046408 17.731310
-16.044348 17.743229
-16.045490 17.767813
-16.042904 17.783401
-16.044640 17.798578
-16.043932 17.809282
-16.042589 17.829559
-16.037699 17.857065
-16.032583 17.903172
-16.033173 17.913973
-16.030813 17.934717
-16.024036 17.994257
-16.022858 18.031912
-16.023962 18.060600
-16.024681 18.079247
-16.028656 18.108002
-16.029108 18.130058
-16.032190 18.153292
-16.027887 18.171160
-16.029179 18.183577
-16.029976 18.185766
-16.038250 18.208485
-16.038750 18.226866
-16.036871 18.242926
-16.038986 18.266838
-16.042992 18.293528
-16.048336 18.309446
-16.048565 18.310127
-16.051697 18.329687
-16.053560 18.354746
-16.052837 18.374952
-16.055058 18.390368
-16.055515 18.435251
-16.055721 18.455385
-16.066563 18.495016
-16.072884 18.510244
-16.074911 18.521982
-16.089163 18.556307
-16.089666 18.557518
-16.091925 18.570177
-16.100376 18.589104
-16.118771 18.623528
-16.135221 18.659996
-16.138668 18.672829
-16.143082 18.689255
-16.145149 18.698236
-16.144079 18.707415
-16.145157 18.718452
-16.148121 18.733418
-16.150768 18.755039
-16.153097 18.762186
-16.161425 18.772379
-16.164457 18.781599
-16.170532 18.830421
-16.178835 18.897079
-16.185091 18.920576
-16.193542 18.942028
-16.199078 18.952845
-16.207016 18.968353
-16.220446 18.999044
-16.230078 19.023722
-16.253700 19.067816
-16.260395 19.080305
-16.282106 19.106936
-16.296698 19.121778
-16.312401 19.145819
-16.322212 19.155790
-16.332598 19.168806
-16.347519 19.187498
-16.357103 19.196316
-16.372293 19.201048
-16.392229 19.215240
-16.410536 19.223213
-16.419401 19.231792
-16.430990 19.234190
-16.439308 19.238321
-16.441343 19.239334
-16.461775 19.253523
-16.470169 19.261175
-16.472452 19.275669
-16.489380 19.302923
-16.495785 19.316761
-16.501148 19.338861
-16.503855 19.343094
-16.510454 19.353415
-16.539492 19.381908
-16.537485 19.389706
-16.531895 19.391958
-16.496763 19.393740
-16.481602 19.383734
-16.472292 19.379221
-16.468102 19.377188
-16.456011 19.375479
-16.443874 19.378592
-16.438040 19.380840
-16.429262 19.386967
-16.411531 19.392559
-16.394478 19.402748
-16.378069 19.420755
-16.370506 19.426201
-16.358557 19.431179
-16.348555 19.440939
-16.338409 19.461525
-16.324268 19.470127
-16.319311 19.480881
-16.316380 19.483150
-16.314062 19.496227
-16.306911 19.507879
-16.286289 19.532730
-16.286293 19.533123
-16.286390 19.546059
-16.284626 19.552475
-16.289238 19.551828
-16.298517 19.545483
-16.305387 19.537504
-16.317238 19.540142
-16.320639 19.539484
-16.329203 19.531750
-16.332163 19.526722
-16.338717 19.525864
-16.354582 19.514978
-16.362915 19.505863
-16.367933 19.494287
-16.369862 19.489841
-16.379622 19.483265
-16.384050 19.476412
-16.391134 19.470730
-16.397787 19.459530
-16.399944 19.461847
-16.396990 19.466646
-16.396442 19.473074
-16.387884 19.480810
-16.381186 19.496376
-16.368137 19.516708
-16.364912 19.524033
-16.361084 19.528347
-16.353386 19.537025
-16.352861 19.540926
-16.356987 19.540504
-16.374310 19.529402
-16.385101 19.516630
-16.393265 19.500158
-16.398392 19.496298
-16.412975 19.491831
-16.423956 19.484114
-16.425922 19.481144
-16.436892 19.474344
-16.438463 19.471594
-16.439112 19.470457
-16.432232 19.455235
-16.431128 19.444197
-16.432169 19.436852
-16.430363 19.423281
-16.431881 19.416630
-16.437029 19.410240
-16.438982 19.408649
-16.445751 19.409857
-16.461180 19.417568
-16.466940 19.423132
-16.468582 19.428659
-16.459270 19.449228
-16.452002 19.465282
-16.428127 19.503679
-16.417934 19.529785
-16.402065 19.541365
-16.395176 19.551643
-16.392817 19.556450
-16.364729 19.613640
-16.351568 19.619955
-16.346165 19.626570
-16.341940 19.660078
-16.337654 19.665993
-16.331358 19.674686
-16.323788 19.679441
-16.320087 19.685152
-16.314465 19.689236
-16.310339 19.689426
-16.303888 19.679947
-16.298061 19.680353
-16.292665 19.685816
-16.276108 19.713923
-16.273329 19.724236
-16.275654 19.733677
-16.279482 19.738770
-16.279451 19.741756
-16.277813 19.745243
-16.275476 19.750219
-16.253387 19.772757
-16.247463 19.781660
-16.245848 19.796350
-16.250715 19.817535
-16.250565 19.831320
-16.243574 19.848715
-16.242996 19.857212
-16.244806 19.858692
-16.246126 19.859770
-16.259394 19.845650
-16.263762 19.846151
-16.266596 19.853531
-16.255468 19.871807
-16.253172 19.881895
-16.253801 19.891090
-16.255474 19.893635
-16.262955 19.898302
-16.275787 19.902328
-16.283091 19.901020
-16.291149 19.896959
-16.296305 19.891953
-16.297518 19.885815
-16.297846 19.884155
-16.297453 19.875420
-16.299967 19.867401
-16.303143 19.865593
-16.308001 19.865639
-16.315004 19.869379
-16.318329 19.876762
-16.318735 19.884348
-16.315723 19.893511
-16.307314 19.907679
-16.286194 19.928850
-16.272238 19.938599
-16.269436 19.942671
-16.265326 19.948643
-16.252581 19.958632
-16.232653 19.980497
-16.228628 19.992865
-16.229315 19.996548
-16.232021 20.000000
-16.236029 20.005114
-16.236700 20.010405
-16.234652 20.019806
-16.236187 20.023411
-16.239187 20.027431
-16.249140 20.028906
-16.254219 20.031483
-16.257885 20.039412
-16.261583 20.047405
-16.262270 20.051319
-16.259829 20.052214
-16.254263 20.049635
-16.246071 20.042662
-16.241203 20.043076
-16.238497 20.046036
-16.238955 20.048569
-16.245270 20.049318
-16.252722 20.057201
-16.248434 20.071405
-16.250996 20.081770
-16.247976 20.090931
-16.255060 20.110529
-16.262516 20.118412
-16.262527 20.119318
-16.262646 20.128983
-16.258989 20.129637
-16.254896 20.125692
-16.251740 20.125202
-16.238737 20.134956
-16.225935 20.148388
-16.223692 20.153193
-16.226536 20.160112
-16.224298 20.164455
-16.215979 20.168510
-16.211052 20.173746
-16.203072 20.190901
-16.199512 20.204422
-16.199945 20.209249
-16.203003 20.219820
-16.206741 20.232752
-16.215097 20.247540
-16.226736 20.274075
-16.232481 20.283091
-16.243395 20.287102
-16.264374 20.284084
-16.267271 20.286409
-16.275772 20.307165
-16.277475 20.311319
-16.287296 20.326805
-16.296038 20.329414
-16.302820 20.333153
-16.305706 20.336626
-16.309292 20.343094
-16.311850 20.354834
-16.319576 20.361338
-16.323620 20.370794
-16.327579 20.388292
-16.334803 20.396858
-16.342079 20.400141
-16.346399 20.406612
-16.359137 20.424189
-16.352970 20.431255
-16.372696 20.481285
-16.375309 20.487972
-16.376806 20.508661
-16.384556 20.538366
-16.394615 20.556833
-16.407642 20.571650
-16.419388 20.592888
-16.422085 20.595858
-16.425905 20.600065
-16.428488 20.610426
-16.429167 20.640757
-16.436844 20.644451
-16.438885 20.645433
-16.439259 20.632113
-16.442909 20.633062
-16.445997 20.641817
-16.450813 20.648750
-16.456661 20.649719
-16.464191 20.653687
-16.474834 20.663883
-16.486326 20.687870
-16.487921 20.700058
-16.484118 20.714729
-16.483797 20.722769
-16.488388 20.728090
-16.503788 20.726606
-16.506207 20.729153
-16.509163 20.726421
-16.514025 20.728758
-16.522495 20.737095
-16.526396 20.738045
-16.532324 20.704094
-16.533489 20.683428
-16.533052 20.677910
-16.529446 20.671909
-16.526417 20.656034
-16.527225 20.647770
-16.526041 20.643854
-16.529631 20.629881
-16.532875 20.617260
-16.526012 20.593773
-16.524654 20.582275
-16.530121 20.571522
-16.530230 20.559807
-16.532928 20.557989
-16.535580 20.561686
-16.539465 20.563555
-16.545267 20.569344
-16.556437 20.575405
-16.570963 20.587923
-16.572155 20.591150
-16.578993 20.590513
-16.583855 20.592619
-16.595650 20.611088
-16.595388 20.613152
-16.600269 20.612961
-16.605841 20.617826
-16.612352 20.626835
-16.623756 20.634731
-16.626879 20.640497
-16.634344 20.652498
-16.640390 20.658976
-16.657648 20.668062
-16.665380 20.677536
-16.668303 20.678476
-16.676374 20.676697
-16.678799 20.678782
-16.680220 20.684074
-16.669558 20.703754
-16.672211 20.707680
-16.671921 20.713421
-16.665995 20.721188
-16.663465 20.731508
-16.660278 20.734657
-16.666567 20.740490
-16.677023 20.746077
-16.690174 20.750765
-16.705904 20.769024
-16.717010 20.785181
-16.718929 20.789789
-16.718145 20.796215
-16.719082 20.801275
-16.728510 20.813974
-16.733553 20.825266
-16.749117 20.835020
-16.753469 20.841021
-16.755129 20.847464
-16.752569 20.862379
-16.754688 20.872730
-16.762022 20.883852
-16.767597 20.896048
-16.768547 20.914398
-16.772858 20.926142
-16.779636 20.935146
-16.780672 20.935022
-16.786980 20.934275
-16.786850 20.919113
-16.800934 20.932068
-16.810585 20.949818
-16.812967 20.958332
-16.811661 20.969578
-16.815229 20.983152
-16.819599 20.987776
-16.831284 20.995659
-16.834190 20.999582
-16.836634 21.007383
-16.838734 21.014080
-16.858160 21.034874
-16.861288 21.042242
-16.861462 21.052120
-16.857492 21.059675
-16.856720 21.064955
-16.858299 21.084028
-16.856546 21.089529
-16.853361 21.089970
-16.848484 21.087414
-16.844133 21.079576
-16.838867 21.063236
-16.838179 21.062433
-16.834499 21.058155
-16.830606 21.055145
-16.822262 21.058310
-16.818594 21.057825
-16.816404 21.055975
-16.810698 21.033428
-16.803171 21.025570
-16.803005 21.015232
-16.800646 21.003504
-16.794607 20.993128
-16.786612 20.982969
-16.772507 20.972080
-16.768835 20.970636
-16.758850 20.966707
-16.757330 20.973587
-16.757477 20.986223
-16.754240 20.993551
-16.763479 21.000963
-16.764408 21.007172
-16.774849 21.017576
-16.781328 21.034386
-16.789299 21.048220
-16.804090 21.066462
-16.804090 21.066462
-16.812538 21.082365
-16.807301 21.095423
-16.801134 21.101814
-16.795488 21.103846
-16.797422 21.107073
-16.807682 21.110125
-16.819593 21.121456
-16.837547 21.144077
-16.840971 21.144789
-16.842226 21.140432
-16.847132 21.139315
-16.850050 21.142088
-16.852978 21.147320
-16.857788 21.155916
-16.862354 21.167889
-16.859337 21.179123
-16.851679 21.188263
-16.847427 21.200411
-16.845081 21.254139
-16.846321 21.268177
-16.846441 21.269535
-16.848394 21.270466
-16.850372 21.267952
-16.853750 21.241102
-16.856001 21.234684
-16.862167 21.228981
-16.864866 21.228308
-16.873159 21.233641
-16.891546 21.231913
-16.893732 21.234682
-16.897089 21.245266
-16.904390 21.252430
-16.905838 21.255882
-16.902096 21.265736
-16.902794 21.271023
-16.905855 21.274574
-16.907171 21.276102
-16.910599 21.276581
-16.923943 21.260122
-16.926540 21.238089
-16.935247 21.218386
-16.932625 21.207348
-16.934721 21.186918
-16.936211 21.183710
-16.946316 21.174120
-16.945881 21.166035
-16.944351 21.137590
-16.945869 21.130020
-16.954487 21.122719
-16.961853 21.119543
-16.963579 21.117485
-16.959204 21.112638
-16.961187 21.108746
-16.963892 21.106922
-16.971479 21.107193
-16.974888 21.110197
-16.973875 21.115475
-16.975082 21.118008
-16.977781 21.117334
-16.980494 21.114134
-16.988977 21.088684
-16.989283 21.086527
-16.991795 21.068716
-16.995806 21.053349
-17.004845 21.055923
-17.013412 21.055738
-17.016851 21.053690
-17.022528 21.045679
-17.022833 21.035574
-17.020452 21.024767
-17.016796 21.022451
-17.008482 21.021717
-17.004824 21.019861
-17.001684 21.013184
-17.005367 20.995701
-17.008741 20.979685
-17.002953 20.966331
-17.010386 20.950752
-17.012766 20.921593
-17.017462 20.913347
-17.042923 20.907965
-17.049067 20.902485
-17.050684 20.895229
-17.051828 20.890093
-17.051376 20.884119
-17.047527 20.873304
-17.029051 20.856670
-17.027121 20.852295
-17.027905 20.843800
-17.035353 20.824543
-17.045330 20.790136
-17.043636 20.780067
-17.042971 20.776112
-17.044466 20.771296
-17.050560 20.773165
-17.051847 20.774158
