> mauritius 0
57.337345 -20.411028
57.343380 -20.412827
57.345490 -20.419975
57.340542 -20.425442
57.334305 -20.436182
57.332947 -20.427660
57.337345 -20.411028
> mauritius 1
59.573280 -16.768166
59.570198 -16.762806
59.569946 -16.754997
59.570889 -16.747417
59.573982 -16.743279
59.576374 -16.748785
59.576630 -16.756363
59.575924 -16.763252
59.573280 -16.768166
> mauritius 2
59.535725 -16.811075
59.534248 -16.808804
59.545212 -16.798450
59.558319 -16.789467
59.556183 -16.796822
59.551186 -16.803720
59.539745 -16.812468
59.535725 -16.811075
> mauritius 3
57.602955 -19.987625
57.622711 -19.985119
57.630001 -19.986334
57.630650 -19.994156
57.637848 -20.000000
57.642960 -20.004152
57.651474 -20.004917
57.659554 -20.000620
57.663670 -20.002726
57.668724 -20.008518
57.676979 -20.010429
57.675549 -20.031799
57.672348 -20.034990
57.676929 -20.039400
57.677498 -20.048046
57.677563 -20.049063
57.680149 -20.058281
57.691406 -20.077003
57.697674 -20.083494
57.706879 -20.086548
57.708038 -20.094620
57.710911 -20.099701
57.718941 -20.100460
57.724033 -20.103031
57.726677 -20.106503
57.732533 -20.105631
57.740307 -20.107765
57.750637 -20.122795
57.753021 -20.128334
57.747551 -20.139555
57.737041 -20.143147
57.741364 -20.149391
57.740070 -20.157198
57.742493 -20.159058
57.751419 -20.167868
57.754826 -20.168585
57.755604 -20.163763
57.758076 -20.160105
57.762203 -20.161518
57.762848 -20.170721
57.768143 -20.177891
57.769024 -20.187325
57.772362 -20.195400
57.780830 -20.201906
57.794300 -20.221329
57.800854 -20.224369
57.798843 -20.230560
57.794395 -20.236732
57.787476 -20.239664
57.785339 -20.240570
57.786255 -20.247015
57.793041 -20.251207
57.790646 -20.272572
57.793236 -20.282478
57.793148 -20.291676
57.787994 -20.295313
57.779964 -20.291555
57.776279 -20.296139
57.773388 -20.317957
57.768456 -20.323435
57.770317 -20.332876
57.776127 -20.337751
57.776806 -20.343275
57.765842 -20.341806
57.764545 -20.349613
57.758171 -20.352781
57.752312 -20.353422
57.732365 -20.371881
57.720966 -20.377228
57.718884 -20.378206
57.708893 -20.376743
57.702602 -20.371401
57.699291 -20.373117
57.699455 -20.392986
57.697216 -20.397614
57.697887 -20.400358
57.698387 -20.402405
57.706673 -20.403395
57.711250 -20.409641
57.714340 -20.417944
57.721107 -20.424898
57.722969 -20.434111
57.716793 -20.441416
57.698704 -20.443790
57.699810 -20.455067
57.695614 -20.459629
57.690750 -20.457979
57.666771 -20.481358
57.663868 -20.484186
57.619644 -20.499060
57.613865 -20.501907
57.606785 -20.501844
57.592552 -20.507923
57.578045 -20.516987
57.562866 -20.520525
57.551399 -20.519039
57.548241 -20.520229
57.538891 -20.523750
57.527878 -20.525717
57.515942 -20.524799
57.470036 -20.521711
57.457668 -20.514002
57.450104 -20.511440
57.440880 -20.508318
57.433273 -20.511461
57.421520 -20.513872
57.375538 -20.498920
57.370686 -20.493925
57.368546 -20.491720
57.358307 -20.490234
57.345901 -20.485966
57.339951 -20.473488
57.331295 -20.462591
57.321278 -20.463175
57.313145 -20.469065
57.302628 -20.470562
57.314484 -20.440111
57.319656 -20.436487
57.322041 -20.441111
57.323238 -20.441519
57.337357 -20.446331
57.347706 -20.438393
57.365356 -20.412136
57.362782 -20.403141
57.370911 -20.397018
57.368816 -20.388489
57.359581 -20.385405
57.355030 -20.378229
57.358749 -20.373440
57.365627 -20.369833
57.365711 -20.362936
57.362896 -20.361668
57.358913 -20.359877
57.356403 -20.345825
57.366432 -20.334471
57.374680 -20.327391
57.366703 -20.321331
57.360062 -20.305626
57.358269 -20.292501
57.365734 -20.280394
57.375011 -20.259336
57.375961 -20.253069
57.377132 -20.245333
57.386215 -20.219673
57.398224 -20.214508
57.399818 -20.203487
57.417294 -20.189180
57.422031 -20.180031
57.434490 -20.177626
57.447021 -20.168783
57.456726 -20.167459
57.458004 -20.167284
57.466999 -20.169441
57.471550 -20.168287
57.477295 -20.164253
57.490253 -20.160240
57.495975 -20.149950
57.495880 -20.136843
57.491116 -20.127140
57.491734 -20.115648
57.507050 -20.107773
57.509869 -20.106167
57.509693 -20.100187
57.505604 -20.095549
57.508865 -20.087072
57.505329 -20.080153
57.513714 -20.067345
57.518456 -20.057043
57.549290 -20.021006
57.546963 -20.011097
57.551918 -20.003325
57.568111 -20.014282
57.577614 -20.013680
57.573788 -20.007910
57.577717 -20.000000
57.579254 -19.996910
57.584423 -19.991669
57.602955 -19.987625
> mauritius 4
57.691902 -20.023682
57.696323 -20.023932
57.696995 -20.029686
57.702290 -20.036167
57.710308 -20.037615
57.710735 -20.043598
57.702969 -20.041233
57.695908 -20.040941
57.687824 -20.045931
57.684208 -20.042221
57.690880 -20.032393
57.691902 -20.023682
