> nigeria 0
8.300315 4.795913
8.295488 4.797268
8.283942 4.810780
8.279274 4.825247
8.280165 4.830082
8.283135 4.832398
8.288425 4.830126
8.296721 4.823728
8.306665 4.809518
8.308994 4.803319
8.307413 4.798710
8.305132 4.796168
8.300315 4.795913
> nigeria 1
8.329203 4.638287
8.332365 4.639882
8.335127 4.638286
8.338830 4.632324
8.341630 4.623597
8.338013 4.613686
8.339872 4.609095
8.340371 4.601736
8.336744 4.593665
8.332865 4.589965
8.320028 4.588058
8.315432 4.589644
8.310278 4.609402
8.311185 4.611247
8.319655 4.614511
8.324006 4.630924
8.324601 4.633170
8.329203 4.638287
> nigeria 2
5.745729 4.488256
5.740920 4.490120
5.731095 4.500064
5.726995 4.506759
5.728152 4.509286
5.741876 4.498864
5.746892 4.491475
5.745729 4.488256
> nigeria 3
13.335741 13.694701
13.338765 13.706562
13.341101 13.710021
13.349099 13.710054
13.353784 13.714444
13.362501 13.711720
13.370491 13.713593
13.376152 13.710397
13.392378 13.711843
13.408853 13.710299
13.416151 13.709179
13.430970 13.709467
13.443199 13.710434
13.456841 13.711177
13.465319 13.709370
13.465314 13.710289
13.474958 13.710556
13.542948 13.710342
13.554941 13.711305
13.561298 13.710176
13.581531 13.710015
13.586944 13.709344
13.592113 13.710741
13.607174 13.709871
13.612823 13.708739
13.616581 13.710591
13.634547 13.710678
13.637787 13.701462
13.638729 13.701464
13.662132 13.669341
13.662142 13.666582
13.667338 13.660619
13.670646 13.656489
13.683165 13.641349
13.693094 13.626431
13.702778 13.614270
13.707972 13.608536
13.712214 13.605558
13.715538 13.596139
13.751918 13.544955
13.755467 13.537836
13.761124 13.533252
13.762550 13.528425
13.774359 13.511668
13.780958 13.505937
13.784513 13.496516
13.793710 13.487111
13.799376 13.479075
13.803399 13.470346
13.841870 13.415243
13.849662 13.402842
13.856735 13.394118
13.861222 13.386309
13.865931 13.382870
13.870187 13.373450
13.883390 13.356690
13.884331 13.356692
13.889293 13.346123
13.931968 13.287333
13.935033 13.282510
13.961428 13.246681
13.966848 13.239101
13.974387 13.228995
13.976974 13.227621
13.979806 13.221416
14.002657 13.190176
14.015377 13.171798
14.025030 13.159854
14.030214 13.150661
14.045992 13.128146
14.048348 13.123779
14.051874 13.121716
14.066001 13.101726
14.067653 13.097358
14.072120 13.093685
14.082945 13.079440
14.085435 13.078056
14.085769 13.075764
14.092175 13.040808
14.094783 13.027009
14.097397 13.010221
14.099068 12.995960
14.101185 12.992972
14.104262 12.978714
14.104282 12.967902
14.107356 12.955714
14.117778 12.902588
14.119213 12.887636
14.122044 12.879358
14.123228 12.872919
14.125345 12.869011
14.127966 12.846699
14.131286 12.826689
14.134834 12.809439
14.145020 12.751478
14.145743 12.739515
14.146682 12.739516
14.150461 12.722497
14.151419 12.711225
14.155432 12.694665
14.155676 12.689144
14.157804 12.678564
14.170812 12.607948
14.170825 12.599666
14.177431 12.571835
14.178865 12.554121
14.183825 12.529738
14.190867 12.520314
14.194852 12.518478
14.196965 12.515260
14.195332 12.511117
14.197922 12.502147
14.191136 12.497997
14.186477 12.483266
14.178290 12.477044
14.174788 12.470827
14.179725 12.459559
14.178668 12.450310
14.178668 12.450310
14.180567 12.444635
14.190415 12.447110
14.195096 12.446623
14.197886 12.443155
14.195761 12.440175
14.191999 12.437666
14.195246 12.432124
14.195928 12.428669
14.192648 12.428227
14.187270 12.429640
14.185838 12.424815
14.182088 12.424147
14.175763 12.423722
14.175042 12.420505
14.179227 12.415189
14.172862 12.407862
14.173080 12.405099
14.183604 12.402967
14.188507 12.400639
14.199181 12.384008
14.208976 12.377738
14.215502 12.372868
14.218059 12.369631
14.220354 12.362023
14.224786 12.359236
14.231110 12.359889
14.249633 12.364841
14.254304 12.363203
14.265328 12.366818
14.266500 12.367041
14.274936 12.368371
14.280083 12.367649
14.284512 12.364631
14.292141 12.349166
14.297088 12.354198
14.291530 12.363897
14.292949 12.366190
14.296708 12.368467
14.297170 12.367544
14.301555 12.357392
14.303650 12.355538
14.308099 12.355742
14.315857 12.360986
14.325736 12.368518
14.331361 12.369403
14.348158 12.360322
14.352130 12.359147
14.358220 12.359798
14.368052 12.359735
14.378792 12.355524
14.385582 12.355711
14.405046 12.361107
14.410193 12.360613
14.420236 12.357095
14.428216 12.360264
14.435245 12.361138
14.441554 12.359486
14.446214 12.356233
14.450121 12.345621
14.451992 12.345379
14.455540 12.350647
14.460012 12.354299
14.467502 12.354249
14.471931 12.351457
14.476791 12.343369
14.482434 12.347013
14.485957 12.348830
14.488754 12.346971
14.486833 12.339849
14.487991 12.338231
14.493834 12.336810
14.498700 12.329873
14.506166 12.326140
14.519260 12.324439
14.524798 12.313124
14.524781 12.310593
14.523368 12.309452
14.514011 12.310207
14.513529 12.308140
14.516546 12.304437
14.516755 12.300983
14.513435 12.294793
14.515292 12.292480
14.523957 12.293340
14.527216 12.290786
14.530224 12.285933
14.539578 12.284946
14.548194 12.278903
14.550282 12.276356
14.550247 12.271523
14.548328 12.264864
14.550838 12.255872
14.553836 12.249637
14.560193 12.255116
14.561593 12.254645
14.559410 12.243844
14.557986 12.241094
14.551405 12.236998
14.549971 12.232635
14.556505 12.230289
14.572157 12.226725
14.574707 12.223485
14.588736 12.222234
14.598315 12.220324
14.597814 12.215725
14.596861 12.213430
14.602437 12.208097
14.610540 12.196532
14.604192 12.192206
14.602313 12.191069
14.601831 12.189232
14.603229 12.188301
14.615148 12.186833
14.618879 12.185195
14.620015 12.180585
14.627252 12.178460
14.632633 12.178651
14.631972 12.184178
14.634562 12.186461
14.639485 12.187805
14.640879 12.186415
14.643220 12.186627
14.643853 12.190283
14.643853 12.190283
14.650370 12.187793
14.658558 12.195843
14.665575 12.185946
14.663937 12.179274
14.673760 12.174437
14.678204 12.165461
14.680073 12.156026
14.678668 12.151195
14.657849 12.135558
14.654808 12.129807
14.654572 12.115312
14.652700 12.106799
14.643579 12.095067
14.640773 12.092998
14.639837 12.089087
14.642176 12.080342
14.651996 12.067452
14.651760 12.061240
14.645915 12.056411
14.633522 12.052733
14.623936 12.042843
14.624439 12.034633
14.624439 12.034633
14.621695 12.027768
14.623024 12.017863
14.627182 12.011159
14.631565 12.003073
14.636394 11.992221
14.645861 11.976502
14.646069 11.973048
14.648603 11.968197
14.655353 11.964234
14.658576 11.957767
14.657855 11.955010
14.651970 11.949532
14.646547 11.943358
14.638969 11.930067
14.638927 11.924314
14.641431 11.915320
14.643501 11.910933
14.642783 11.908636
14.640185 11.904974
14.635261 11.902709
14.631730 11.899283
14.627945 11.893097
14.626278 11.894986
14.626278 11.894986
14.621366 11.884537
14.607347 11.869814
14.605244 11.864523
14.605712 11.859921
14.610385 11.854857
14.613890 11.853476
14.605479 11.840592
14.605947 11.838521
14.605480 11.832309
14.610387 11.818501
14.606417 11.806538
14.605717 11.794572
14.610156 11.780305
14.607820 11.774093
14.599879 11.764200
14.598712 11.760750
14.592873 11.755228
14.583999 11.751549
14.576527 11.744416
14.570222 11.735674
14.557612 11.730153
14.553410 11.726472
14.552478 11.717728
14.563457 11.699549
14.572800 11.690344
14.593817 11.680676
14.605257 11.672390
14.608293 11.667787
14.615531 11.661112
14.615532 11.659962
14.625104 11.655817
14.631641 11.651443
14.634676 11.644309
14.640045 11.637634
14.641212 11.628429
14.644946 11.616693
14.645412 11.606338
14.647280 11.603346
14.640276 11.579419
14.637707 11.556870
14.639806 11.540763
14.637239 11.528798
14.629071 11.520978
14.616937 11.513849
14.606902 11.511551
14.584036 11.502583
14.576336 11.500973
14.531308 11.480728
14.514046 11.472904
14.503549 11.470372
14.486283 11.469219
14.466920 11.465764
14.453987 11.459768
14.451527 11.458627
14.448497 11.454484
14.442677 11.434464
14.434755 11.420196
14.424033 11.409377
14.415638 11.407073
14.392784 11.399240
14.379729 11.391639
14.368073 11.386110
14.360145 11.384035
14.340323 11.379880
14.325636 11.374578
14.312119 11.365363
14.293236 11.358905
14.267136 11.343465
14.248029 11.332401
14.240342 11.325952
14.230805 11.309605
14.222192 11.299702
14.209159 11.283580
14.200541 11.278508
14.197048 11.275513
14.184230 11.272506
14.155110 11.258892
14.141829 11.255193
14.137171 11.252655
14.126917 11.251030
14.119691 11.250099
14.107800 11.250311
14.099639 11.251909
14.087733 11.259944
14.076525 11.268899
14.071613 11.276714
14.061335 11.286820
14.055733 11.289803
14.037305 11.293452
14.027504 11.296885
14.014914 11.296863
13.997628 11.310175
13.989465 11.311540
13.980380 11.307611
13.974329 11.302997
13.970616 11.295396
13.964149 11.268929
13.964149 11.268929
13.961137 11.258375
13.952225 11.247604
13.944017 11.237749
13.939576 11.235240
13.927618 11.220801
13.925470 11.210687
13.924235 11.196195
13.923053 11.192519
13.919310 11.189546
13.916039 11.187950
13.915059 11.178061
13.903326 11.161318
13.888839 11.153103
13.882533 11.150141
13.879717 11.146012
13.879213 11.137960
13.883362 11.128046
13.884984 11.125968
13.883569 11.122293
13.882166 11.121148
13.873067 11.118890
13.865108 11.110642
13.859228 11.098934
13.855701 11.092048
13.851259 11.088616
13.845201 11.088413
13.839573 11.080385
13.836299 11.077869
13.831628 11.075129
13.818279 11.059542
13.815928 11.054489
13.814264 11.047133
13.811902 11.039781
13.806992 11.035430
13.802320 11.032690
13.800204 11.028097
13.800634 11.019811
13.798741 11.013146
13.793130 11.008109
13.791492 11.006275
13.784729 11.004463
13.781471 11.005168
13.776110 11.004271
13.769579 11.003285
13.769579 11.003285
13.746375 10.987460
13.730089 10.982352
13.707276 10.978834
13.698224 10.969834
13.694741 10.966833
13.692492 10.943588
13.689981 10.928856
13.690024 10.916202
13.690784 10.898258
13.687798 10.886976
13.681547 10.876373
13.674624 10.858867
13.663741 10.842498
13.658186 10.833738
13.652615 10.829579
13.649589 10.829340
13.640309 10.820567
13.637071 10.815266
13.635001 10.808356
13.630124 10.805350
13.629674 10.801208
13.620424 10.784842
13.611853 10.774231
13.608165 10.764787
13.602687 10.736240
13.598565 10.718512
13.594653 10.706996
13.589808 10.696166
13.584254 10.688556
13.577070 10.681169
13.561304 10.667542
13.553184 10.661991
13.549939 10.658989
13.546924 10.656908
13.539084 10.639396
13.532692 10.609236
13.529940 10.599564
13.529275 10.591280
13.529997 10.585301
13.534937 10.571285
13.535447 10.560015
13.535249 10.551502
13.540900 10.533579
13.548519 10.526220
13.553291 10.516726
13.554462 10.504869
13.553228 10.489459
13.542414 10.476438
13.527234 10.462907
13.524942 10.454846
13.522193 10.444945
13.520645 10.425386
13.522575 10.407681
13.523114 10.389279
13.511101 10.372213
13.507421 10.362538
13.507017 10.347816
13.511291 10.325519
13.509507 10.307340
13.504002 10.290068
13.496858 10.276239
13.488767 10.266779
13.485538 10.261246
13.472811 10.249697
13.463815 10.235171
13.462208 10.230565
13.463416 10.219529
13.464389 10.209412
13.463971 10.198370
13.459607 10.186852
13.454288 10.181771
13.441551 10.173901
13.433672 10.170190
13.428823 10.163960
13.423080 10.149677
13.417121 10.132173
13.410405 10.128466
13.399493 10.128421
13.382095 10.125130
13.363565 10.115852
13.355211 10.114897
13.330364 10.116401
13.315537 10.109896
13.309301 10.103198
13.294090 10.080360
13.286480 10.070207
13.277293 10.050385
13.252570 10.028193
13.247991 10.015753
13.248494 10.007936
13.250367 10.000000
13.258813 9.986363
13.271386 9.977912
13.275350 9.974020
13.276534 9.969195
13.275864 9.963902
13.272655 9.955838
13.268327 9.939720
13.257290 9.919891
13.252902 9.915961
13.236934 9.908298
13.229085 9.900672
13.227476 9.897675
13.225207 9.887774
13.227325 9.881805
13.228526 9.873762
13.226925 9.869385
13.230648 9.867103
13.233227 9.861825
13.235389 9.847117
13.238189 9.843680
13.243762 9.842327
13.257719 9.834112
13.266298 9.834382
13.272592 9.827971
13.281664 9.822493
13.290281 9.814942
13.296356 9.805541
13.296173 9.800331
13.296173 9.800331
13.297945 9.796989
13.289804 9.786661
13.283041 9.771039
13.272586 9.762096
13.265844 9.754754
13.263045 9.747401
13.263722 9.739811
13.259742 9.722802
13.260874 9.711301
13.255991 9.704873
13.253892 9.699359
13.252249 9.690624
13.256612 9.672906
13.255212 9.669000
13.248481 9.664877
13.242905 9.658681
13.240109 9.652939
13.239175 9.649261
13.243329 9.641663
13.244476 9.636830
13.242844 9.632005
13.239587 9.626954
13.241898 9.623729
13.242353 9.620278
13.240949 9.614303
13.245566 9.606703
13.247878 9.604168
13.245076 9.594976
13.239498 9.587631
13.237221 9.583249
13.237221 9.583249
13.235875 9.568879
13.229419 9.562870
13.226227 9.552738
13.219328 9.542589
13.214932 9.541419
13.203796 9.544584
13.199422 9.539275
13.187897 9.528183
13.180493 9.526308
13.176338 9.523528
13.171710 9.522586
13.161040 9.525063
13.149705 9.522247
13.146012 9.519700
13.132815 9.518254
13.130975 9.515945
13.116147 9.516330
13.104556 9.517880
13.091156 9.511603
13.071223 9.513568
13.059670 9.509481
13.058925 9.509217
13.058925 9.509217
13.050298 9.510068
13.046824 9.510303
13.043342 9.505481
13.018997 9.490575
13.002530 9.475655
12.998591 9.474511
12.990021 9.473834
12.983764 9.471544
12.976352 9.471095
12.971712 9.465814
12.971017 9.465124
12.957799 9.452267
12.941113 9.443782
12.932767 9.435056
12.927892 9.424715
12.915609 9.416682
12.901248 9.412102
12.879005 9.399940
12.871129 9.395350
12.863717 9.392600
12.863871 9.391911
12.863871 9.391911
12.854769 9.384972
12.857359 9.378320
12.855333 9.369342
12.856298 9.363370
12.863731 9.359507
12.894526 9.359001
12.899873 9.355584
12.902440 9.352381
12.903929 9.336527
12.900755 9.325933
12.902476 9.309851
12.900990 9.288463
12.901330 9.271223
12.903675 9.266409
12.904934 9.250325
12.903889 9.232388
12.892158 9.221285
12.890139 9.211159
12.889471 9.207017
12.889949 9.204721
12.889513 9.200351
12.883112 9.188130
12.881530 9.182374
12.884363 9.173427
12.879819 9.160297
12.878726 9.150407
12.880133 9.147427
12.885711 9.143322
12.888764 9.135985
12.887410 9.130690
12.891618 9.123819
12.892353 9.117158
12.887996 9.111386
12.885719 9.105626
12.887630 9.095984
12.886771 9.085635
12.882672 9.075498
12.876025 9.066034
12.873569 9.052459
12.877549 9.044668
12.878978 9.038240
12.878328 9.031342
12.874902 9.024656
12.859783 9.002501
12.855000 8.991211
12.845638 8.973227
12.833046 8.954305
12.820390 8.945493
12.803392 8.929070
12.799241 8.927666
12.790296 8.917268
12.790173 8.901179
12.800871 8.891135
12.801602 8.885394
12.796808 8.876632
12.789751 8.860501
12.788419 8.852449
12.789621 8.845333
12.794080 8.835250
12.798740 8.829305
12.806499 8.809361
12.808925 8.791911
12.808941 8.789384
12.801200 8.772331
12.790658 8.759627
12.783761 8.754528
12.773142 8.753542
12.767810 8.756266
12.756248 8.758030
12.746088 8.757275
12.739404 8.755164
12.734792 8.753984
12.729028 8.752339
12.722586 8.748620
12.716415 8.738929
12.713238 8.730866
12.714290 8.712491
12.713709 8.696403
12.710773 8.686963
12.694921 8.675140
12.691951 8.670526
12.686517 8.655095
12.687441 8.655101
12.681245 8.649546
12.678966 8.645394
12.673456 8.640762
12.665838 8.640481
12.654270 8.643620
12.643657 8.642399
12.628516 8.628739
12.600505 8.607178
12.588799 8.597906
12.583964 8.596034
12.575422 8.595974
12.566148 8.601192
12.556431 8.603880
12.532815 8.612441
12.522642 8.614205
12.496029 8.622052
12.484937 8.623349
12.480326 8.622396
12.473903 8.617064
12.469788 8.611749
12.469589 8.607612
12.468259 8.600709
12.468800 8.590604
12.465847 8.584379
12.461270 8.579290
12.458504 8.578810
12.452084 8.573248
12.446835 8.565627
12.442775 8.553650
12.441852 8.553642
12.439198 8.538919
12.437675 8.527421
12.433606 8.516593
12.417394 8.494875
12.411486 8.483343
12.405060 8.478930
12.396993 8.477718
12.383610 8.477385
12.372296 8.477986
12.367460 8.476800
12.357587 8.470749
12.352560 8.464737
12.349348 8.462415
12.338507 8.461869
12.319539 8.467232
12.309388 8.466920
12.301805 8.463183
12.285975 8.452259
12.285984 8.451111
12.279555 8.447383
12.269206 8.443393
12.259970 8.444006
12.248680 8.442076
12.242954 8.437204
12.237027 8.428885
12.230989 8.406783
12.225500 8.375038
12.226057 8.364017
12.227803 8.356928
12.230123 8.347513
12.237908 8.327595
12.241933 8.315684
12.249393 8.279916
12.257479 8.224632
12.258724 8.187208
12.257716 8.170435
12.256345 8.169045
12.245347 8.161377
12.239279 8.143414
12.229465 8.131853
12.222396 8.123525
12.211483 8.106440
12.206108 8.088713
12.209912 8.075427
12.213443 8.066960
12.216141 8.048384
12.214631 8.036660
12.213799 8.026320
12.218732 8.015571
12.220197 8.006168
12.219763 8.003181
12.221887 8.000000
12.219641 7.988361
12.210564 7.969399
12.198822 7.959527
12.196529 7.945756
12.191927 7.939787
12.187782 7.937950
12.182163 7.932968
12.177423 7.928766
12.171901 7.921878
12.165462 7.906958
12.161801 7.903438
12.152971 7.886087
12.141720 7.877093
12.132774 7.867188
12.113939 7.853803
12.096502 7.836290
12.093739 7.829891
12.083489 7.806165
12.073623 7.796714
12.068130 7.787739
12.067253 7.776026
12.061513 7.771413
12.060422 7.755565
12.056762 7.749123
12.046892 7.740820
12.042321 7.731847
12.040519 7.721073
12.037593 7.703586
12.037653 7.687742
12.035625 7.676253
12.031744 7.667512
12.026919 7.664738
12.020961 7.657597
12.017762 7.651155
12.022875 7.638774
12.024755 7.602802
12.026104 7.577009
12.028961 7.552217
12.032238 7.538220
12.039432 7.523089
12.012788 7.507599
12.007261 7.508038
12.000278 7.503990
11.992102 7.499251
11.970928 7.498022
11.960351 7.494995
11.950711 7.487837
11.935588 7.470093
11.924377 7.452592
11.903887 7.432503
11.897093 7.425840
11.893438 7.418705
11.888613 7.416618
11.849199 7.372818
11.836149 7.355996
11.829288 7.344942
11.825193 7.335393
11.822677 7.329524
11.818555 7.324683
11.812209 7.300536
11.804248 7.277530
11.802029 7.257535
11.803034 7.236862
11.805401 7.220560
11.807950 7.216435
11.808101 7.214319
11.810390 7.182211
11.816254 7.155124
11.825106 7.128507
11.841101 7.098931
11.844757 7.095913
11.846642 7.094358
11.848056 7.086092
11.846931 7.079654
11.843735 7.073437
11.838467 7.067671
11.831116 7.064883
11.827908 7.061654
11.806059 7.059727
11.771057 7.067166
11.761393 7.067356
11.751760 7.059963
11.749443 7.059597
11.745783 7.059020
11.737487 7.062202
11.731978 7.058962
11.718405 7.058906
11.715430 7.054757
11.715524 7.032468
11.707016 7.031513
11.697139 7.027795
11.687737 7.020401
11.682953 7.009352
11.674023 6.999433
11.664494 6.996342
11.662536 6.995708
11.662793 6.989274
11.648762 6.988755
11.638189 6.986412
11.631996 6.982248
11.626058 6.972342
11.625445 6.954184
11.622485 6.947047
11.619826 6.923595
11.614346 6.914379
11.600813 6.911665
11.589753 6.909447
11.580116 6.903889
11.571434 6.890292
11.567815 6.876257
11.559346 6.866797
11.557997 6.859897
11.558951 6.851857
11.574129 6.852612
11.578050 6.850331
11.581520 6.845520
11.585024 6.833354
11.584146 6.826189
11.583025 6.817028
11.597293 6.815251
11.597097 6.807206
11.600346 6.800784
11.584276 6.793818
11.576283 6.780913
11.574236 6.775388
11.575868 6.770568
11.580947 6.765993
11.589522 6.750861
11.590261 6.739831
11.588216 6.734076
11.586016 6.732947
11.573300 6.726426
11.564569 6.724779
11.557247 6.716012
11.556355 6.709572
11.551811 6.697140
11.557615 6.684523
11.553050 6.676687
11.554924 6.668880
11.553566 6.664048
11.549453 6.658053
11.545775 6.657577
11.538667 6.652948
11.537768 6.648117
11.529983 6.640727
11.529527 6.639893
11.522911 6.627823
11.525021 6.618867
11.520921 6.609883
11.511268 6.608921
11.505772 6.603839
11.498181 6.604266
11.491544 6.597339
11.484187 6.597077
11.476125 6.600260
11.462971 6.610774
11.453352 6.601996
11.442097 6.599416
11.440348 6.599454
11.433358 6.599607
11.429938 6.592925
11.425817 6.589228
11.433239 6.575009
11.430376 6.547180
11.423285 6.539101
11.429532 6.530623
11.401710 6.530957
11.388743 6.528256
11.375752 6.525550
11.362636 6.528018
11.355984 6.524539
11.353734 6.513954
11.355372 6.507524
11.354242 6.503381
11.352637 6.502454
11.330552 6.505340
11.324550 6.510600
11.319485 6.511955
11.309785 6.521336
11.293420 6.532265
11.290641 6.534121
11.281655 6.537986
11.272231 6.537482
11.261249 6.525935
11.252049 6.526351
11.245175 6.521490
11.241487 6.523542
11.234313 6.533163
11.220037 6.537463
11.208083 6.536946
11.194967 6.539181
11.185748 6.543735
11.183909 6.546825
11.183430 6.547631
11.171416 6.559298
11.162889 6.563395
11.153465 6.562659
11.144993 6.555491
11.139073 6.543508
11.133803 6.539804
11.122306 6.539978
11.112192 6.539238
11.112197 6.538318
11.100942 6.541077
11.099082 6.550496
11.100170 6.580603
11.100222 6.619091
11.100261 6.648165
11.105721 6.677129
11.104791 6.682183
11.095790 6.691141
11.095790 6.691141
11.087276 6.699615
11.077587 6.713614
11.072061 6.717051
11.068611 6.716815
11.064478 6.713590
11.058954 6.715189
11.045381 6.717462
11.042384 6.720444
11.035948 6.718823
11.026081 6.708005
11.006564 6.693262
10.997844 6.684284
10.993929 6.686574
10.990944 6.684500
10.982893 6.685174
10.980356 6.688616
10.977137 6.688380
10.973692 6.685846
10.953210 6.691781
10.951830 6.692007
10.949317 6.684649
10.921901 6.705736
10.919593 6.708948
10.914235 6.738809
10.916965 6.752370
10.915565 6.760870
10.910949 6.767983
10.907264 6.770274
10.904739 6.767511
10.902457 6.759694
10.898775 6.760376
10.896571 6.762788
10.891858 6.767944
10.879603 6.795722
10.860021 6.808778
10.855200 6.805092
10.851748 6.805314
10.846448 6.809898
10.841157 6.809887
10.836309 6.817229
10.827548 6.825483
10.826845 6.831225
10.819683 6.844077
10.820138 6.846375
10.822660 6.849597
10.818045 6.855790
10.820101 6.861768
10.824924 6.864995
10.823982 6.873954
10.845936 6.928679
10.844776 6.933042
10.841315 6.937170
10.821277 6.947006
10.815982 6.948373
10.810450 6.952956
10.803756 6.962131
10.801913 6.962817
10.795710 6.959816
10.791797 6.960497
10.787183 6.965541
10.783499 6.966911
10.777749 6.965981
10.773388 6.961835
10.772023 6.955630
10.768116 6.954013
10.762572 6.963191
10.752204 6.969370
10.748276 6.976254
10.740652 6.988872
10.736046 6.990930
10.723854 6.989983
10.711406 6.999833
10.704934 7.011535
10.699861 7.016118
10.689734 7.017243
10.687433 7.017238
10.683500 7.025498
10.683928 7.038135
10.681619 7.041804
10.661345 7.051865
10.659060 7.045887
10.654922 7.044499
10.636960 7.049971
10.631207 7.050187
10.601228 7.075843
10.601425 7.076405
10.609221 7.098603
10.609659 7.106873
10.603639 7.120870
10.603639 7.120870
10.603356 7.140623
10.596202 7.148646
10.588140 7.151382
10.583519 7.158492
10.576607 7.161691
10.574085 7.158010
10.570691 7.136640
10.568961 7.116364
10.567122 7.094826
10.568750 7.088628
10.567609 7.085410
10.564388 7.084943
10.565597 7.063582
10.565597 7.063582
10.562871 7.050482
10.565665 7.038314
10.556342 6.997632
10.556022 6.995010
10.554542 6.982924
10.552717 6.976948
10.546523 6.970500
10.544703 6.962914
10.543153 6.941086
10.534202 6.933712
10.528934 6.924969
10.514909 6.921947
10.507244 6.918232
10.507244 6.918232
10.502044 6.915712
10.498373 6.912027
10.496561 6.901684
10.493732 6.899972
10.486344 6.900013
10.471073 6.915554
10.435894 6.912825
10.430614 6.910956
10.395990 6.909570
10.390368 6.909345
10.371525 6.906018
10.352895 6.905449
10.344398 6.903101
10.270468 6.896105
10.217493 6.891087
10.213100 6.894738
10.174901 6.940847
10.175272 6.947681
10.180106 6.946775
10.179852 6.954127
10.179852 6.954127
10.184866 6.969074
10.182554 6.972742
10.181585 6.987902
10.176982 6.988807
10.173743 6.994082
10.173731 6.997987
10.171186 7.002345
10.173239 7.008094
10.179888 7.015463
10.179188 7.018448
10.178034 7.019593
10.169519 7.020029
10.168135 7.021402
10.168135 7.021402
10.167430 7.025764
10.169243 7.034499
10.161408 7.038382
10.154898 7.039550
10.136860 7.022233
10.135016 7.017400
10.124231 7.008409
10.116926 6.999799
10.089759 6.976720
10.079912 6.969306
10.076721 6.964460
10.072821 6.962827
10.056128 6.946637
10.042596 6.936018
10.022477 6.920229
10.012010 6.902007
10.003050 6.900113
10.000000 6.897537
9.972618 6.874411
9.956668 6.848014
9.954635 6.844650
9.945014 6.838383
9.922615 6.816177
9.918488 6.814082
9.901353 6.796045
9.891322 6.782190
9.879952 6.769824
9.869680 6.774191
9.868411 6.775013
9.868411 6.775013
9.858384 6.781507
9.822957 6.782998
9.817202 6.784357
9.811892 6.789854
9.808207 6.791220
9.806613 6.786619
9.804776 6.785694
9.802701 6.787066
9.796952 6.786587
9.795790 6.790030
9.790494 6.791390
9.784036 6.796423
9.778780 6.786985
9.778160 6.784299
9.775384 6.772267
9.769442 6.761908
9.774751 6.756871
9.775682 6.753657
9.774318 6.749287
9.765382 6.740066
9.761956 6.733620
9.761956 6.733620
9.760640 6.716152
9.755853 6.704646
9.760953 6.693635
9.756370 6.689252
9.761724 6.671807
9.755989 6.667651
9.758075 6.663292
9.757188 6.654557
9.755586 6.652483
9.749840 6.651545
9.747551 6.648549
9.745743 6.640040
9.741183 6.629224
9.741438 6.622561
9.730932 6.602992
9.723922 6.571254
9.723231 6.570092
9.717946 6.560907
9.718682 6.558136
9.710838 6.523579
9.710838 6.523579
9.709181 6.516276
9.706893 6.513280
9.705052 6.513504
9.701157 6.510043
9.696096 6.510485
9.692860 6.515300
9.690099 6.515521
9.686666 6.511142
9.678379 6.513640
9.668737 6.509470
9.665973 6.511069
9.662264 6.518870
9.657651 6.522531
9.652102 6.530784
9.650289 6.523883
9.644013 6.523233
9.644013 6.523233
9.638796 6.522694
9.633523 6.518538
9.623841 6.524708
9.615102 6.525136
9.608196 6.527180
9.603584 6.530612
9.599216 6.530365
9.597155 6.528290
9.592838 6.514944
9.586659 6.507338
9.586692 6.498834
9.584881 6.491704
9.587426 6.487346
9.588202 6.475138
9.584773 6.471444
9.566294 6.460731
9.542637 6.447016
9.528182 6.442779
9.513694 6.443369
9.472486 6.451362
9.466175 6.449895
9.462671 6.437161
9.462671 6.437161
9.461870 6.434249
9.462579 6.429656
9.459394 6.421140
9.461720 6.414713
9.460362 6.408961
9.455129 6.395841
9.452425 6.382269
9.448295 6.380415
9.447619 6.378708
9.447384 6.378113
9.447169 6.368926
9.447169 6.368926
9.446992 6.361333
9.433845 6.315772
9.423724 6.317112
9.392394 6.333082
9.386167 6.338114
9.378086 6.339323
9.367484 6.344176
9.353183 6.351202
9.350652 6.351415
9.344945 6.345856
9.343014 6.326298
9.337990 6.321664
9.340465 6.316658
9.341686 6.309898
9.340334 6.303457
9.341045 6.298173
9.337633 6.289656
9.333735 6.287571
9.332596 6.285038
9.325467 6.285470
9.324786 6.283628
9.328017 6.280423
9.328259 6.277895
9.325745 6.274438
9.320469 6.273972
9.310825 6.262607
9.295406 6.233064
9.289715 6.225435
9.285878 6.215519
9.265648 6.184101
9.254940 6.181938
9.249124 6.180763
9.241333 6.177487
9.229164 6.175789
9.213355 6.169007
9.186837 6.149498
9.179089 6.140473
9.167668 6.130732
9.159649 6.109500
9.152337 6.090145
9.135454 6.073463
9.107147 6.047958
9.104166 6.047016
9.073355 6.020352
9.067177 6.015005
9.043674 5.992752
9.037271 5.988564
9.000526 5.955401
8.995520 5.948923
8.977883 5.938434
8.969672 5.933549
8.933939 5.904737
8.915812 5.899369
8.906896 5.890143
8.889336 5.862233
8.862062 5.848084
8.851578 5.830563
8.842866 5.826614
8.841041 5.824076
8.847539 5.810309
8.853542 5.804128
8.865735 5.800735
8.868275 5.797987
8.869446 5.793393
8.867875 5.785338
8.864914 5.780036
8.854383 5.772401
8.852560 5.769403
8.852560 5.769403
8.851664 5.764570
8.859056 5.756096
8.858846 5.751956
8.851780 5.740427
8.828034 5.710196
8.824815 5.710871
8.818800 5.719582
8.816756 5.714744
8.817837 5.707426
8.819606 5.695441
8.822163 5.689244
8.831847 5.681470
8.835793 5.672980
8.851679 5.665463
8.858183 5.650316
8.864429 5.640915
8.875048 5.629926
8.884265 5.623758
8.894340 5.613968
8.895572 5.612771
8.902043 5.604061
8.906002 5.592581
8.907001 5.575568
8.904513 5.567508
8.894914 5.557577
8.890163 5.542147
8.875787 5.522766
8.868269 5.510083
8.866102 5.503006
8.862842 5.492351
8.860620 5.476702
8.857890 5.471170
8.843724 5.456158
8.839853 5.449241
8.838064 5.439343
8.838064 5.439343
8.842962 5.423497
8.842545 5.414756
8.839828 5.406464
8.839868 5.398415
8.843142 5.386262
8.836987 5.380233
8.827435 5.338518
8.821837 5.318694
8.814024 5.291020
8.817450 5.263668
8.816298 5.234209
8.818035 5.217427
8.816716 5.193666
8.816417 5.184829
8.806291 5.171716
8.800385 5.158578
8.793312 5.149806
8.791810 5.145945
8.791810 5.145945
8.789530 5.140083
8.785604 5.129989
8.775338 5.116831
8.766189 5.110119
8.744869 5.104269
8.743274 5.101962
8.744452 5.095986
8.743559 5.090692
8.736690 5.087210
8.731899 5.081207
8.721836 5.073800
8.717094 5.057906
8.712528 5.053055
8.709810 5.045681
8.711916 5.037640
8.710093 5.034872
8.701619 5.031151
8.703721 5.023801
8.702132 5.020343
8.701362 5.020136
8.697777 5.019172
8.682018 5.003457
8.682493 5.000000
8.684799 4.997949
8.694217 4.996614
8.699067 4.990426
8.697707 4.986969
8.693344 4.987409
8.690378 4.983944
8.686248 4.983695
8.683046 4.981380
8.681705 4.974242
8.670498 4.966368
8.667311 4.961292
8.670091 4.956015
8.668045 4.952095
8.658440 4.945378
8.651782 4.945807
8.649743 4.940506
8.649765 4.936136
8.654643 4.924428
8.653302 4.917291
8.649654 4.912443
8.628554 4.909811
8.621464 4.905177
8.613490 4.893637
8.608231 4.889931
8.604893 4.884876
8.604893 4.884876
8.603800 4.877964
8.604556 4.869456
8.609657 4.862823
8.623979 4.850972
8.628870 4.841807
8.629453 4.826164
8.614379 4.817299
8.598408 4.805896
8.590405 4.802380
8.581230 4.802077
8.572706 4.806380
8.568274 4.815549
8.561829 4.818028
8.555880 4.815909
8.545614 4.805224
8.545614 4.805224
8.545185 4.804778
8.539079 4.793684
8.530889 4.767189
8.525886 4.751006
8.527482 4.726633
8.527482 4.726633
8.531089 4.719100
8.532496 4.713125
8.531599 4.711647
8.530677 4.710125
8.519461 4.705009
8.508896 4.707027
8.509645 4.695529
8.493598 4.692919
8.489021 4.690596
8.484429 4.691263
8.474075 4.696962
8.459830 4.700802
8.459579 4.704941
8.466358 4.724759
8.469091 4.728453
8.474833 4.727332
8.475513 4.728945
8.475513 4.728945
8.478456 4.736551
8.478456 4.736551
8.473387 4.740667
8.465052 4.755117
8.461598 4.757170
8.460574 4.752026
8.459810 4.748190
8.450921 4.736874
8.448402 4.735940
8.441510 4.737746
8.435127 4.729893
8.429173 4.727562
8.420459 4.726828
8.415170 4.729102
8.411465 4.735524
8.404832 4.731580
8.397238 4.735682
8.387970 4.752658
8.388408 4.756570
8.402788 4.770676
8.398410 4.774104
8.397932 4.777782
8.401113 4.783780
8.401113 4.783780
8.393744 4.788572
8.393744 4.788572
8.382774 4.780235
8.375901 4.778360
8.370850 4.779025
8.360471 4.788863
8.346437 4.795921
8.333291 4.808045
8.334592 4.822084
8.338225 4.829235
8.336156 4.829914
8.328146 4.825962
8.324011 4.826860
8.309006 4.843345
8.309006 4.843345
8.300243 4.851120
8.298411 4.850421
8.298411 4.850421
8.290147 4.851068
8.288529 4.853129
8.288529 4.853129
8.271587 4.845910
8.271587 4.845910
8.265408 4.843117
8.265408 4.843117
8.262456 4.837351
8.262456 4.837351
8.266618 4.831622
8.263431 4.827004
8.259084 4.824681
8.256324 4.825817
8.256324 4.825817
8.250161 4.819804
8.250161 4.819804
8.261015 4.807209
8.269346 4.794371
8.275806 4.787963
8.286617 4.783189
8.308270 4.767660
8.314280 4.759640
8.317993 4.751838
8.318014 4.747927
8.313697 4.740083
8.314696 4.725136
8.310344 4.723963
8.313143 4.720416
8.309906 4.718475
8.311828 4.717147
8.318174 4.718482
8.324888 4.707246
8.323491 4.668821
8.320764 4.663977
8.316868 4.663266
8.316868 4.663266
8.312070 4.659561
8.312070 4.659561
8.318995 4.651775
8.326580 4.649054
8.329823 4.643320
8.319563 4.631534
8.318259 4.618185
8.315290 4.615639
8.309557 4.615379
8.307508 4.612608
8.307813 4.598577
8.306468 4.592818
8.295533 4.578729
8.290274 4.575710
8.293040 4.573194
8.299236 4.572767
8.286245 4.557285
8.280111 4.546441
8.282656 4.542544
8.279236 4.538615
8.271901 4.537656
8.242358 4.538301
8.237947 4.538398
8.203066 4.540973
8.193191 4.543221
8.149600 4.544367
8.124584 4.546533
8.116714 4.546094
8.037673 4.541686
8.011062 4.541998
8.000752 4.539870
7.995242 4.540760
7.992014 4.543502
7.992014 4.543502
7.987662 4.542327
7.987662 4.542327
7.981258 4.539071
7.967737 4.536925
7.941586 4.537007
7.935609 4.539275
7.929966 4.538767
7.937013 4.534681
7.900102 4.532187
7.884963 4.531165
7.813002 4.520168
7.794678 4.515690
7.775405 4.516498
7.774969 4.512815
7.764202 4.510451
7.719040 4.506274
7.701176 4.501797
7.685815 4.500556
7.678045 4.495908
7.672771 4.495646
7.666103 4.498137
7.660570 4.502705
7.659898 4.500170
7.664053 4.495824
7.661318 4.493047
7.656281 4.491637
7.626291 4.482255
7.623535 4.482928
7.622858 4.481083
7.614618 4.478273
7.608427 4.478005
7.602912 4.479582
7.599207 4.485081
7.598925 4.493591
7.598925 4.493591
7.591593 4.492167
7.591593 4.492167
7.583412 4.480154
7.581034 4.457134
7.579670 4.455286
7.574171 4.454332
7.525314 4.454722
7.493587 4.452568
7.465705 4.450673
7.436182 4.440596
7.422193 4.440278
7.414187 4.437007
7.400886 4.436693
7.370262 4.441696
7.330396 4.448208
7.321888 4.451375
7.321888 4.451375
7.320525 4.449525
7.309514 4.449685
7.309514 4.449685
7.314700 4.428553
7.313344 4.425553
7.308086 4.422989
7.273290 4.413102
7.270055 4.411555
7.258658 4.406106
7.248801 4.405352
7.223178 4.395752
7.220222 4.392053
7.214025 4.392702
7.205116 4.387352
7.196165 4.388444
7.150412 4.385043
7.141837 4.384405
7.136326 4.385289
7.131721 4.388019
7.128423 4.400650
7.130410 4.411936
7.134280 4.416102
7.140765 4.406943
7.143291 4.406500
7.145344 4.408124
7.144871 4.410192
7.141193 4.411317
7.139112 4.413834
7.141793 4.424204
7.159747 4.448479
7.164273 4.457481
7.164273 4.457481
7.148370 4.468648
7.148370 4.468648
7.140978 4.476191
7.128635 4.469898
7.120621 4.468004
7.118582 4.464310
7.116060 4.464063
7.112365 4.467720
7.109399 4.465399
7.109399 4.465399
7.105061 4.462609
7.103221 4.463287
7.103221 4.463287
7.100156 4.458235
7.100156 4.458235
7.100571 4.454581
7.100571 4.454581
7.104430 4.454323
7.105372 4.450649
7.097808 4.449908
7.085610 4.456038
7.085610 4.456038
7.082189 4.453254
7.075547 4.451829
7.075547 4.451829
7.076249 4.449764
7.074660 4.447453
7.061630 4.441154
7.036880 4.437996
7.030932 4.435885
7.026340 4.436544
7.018938 4.445467
7.019838 4.448003
7.024914 4.443666
7.027658 4.444835
7.017931 4.458343
7.017931 4.458343
7.000915 4.464439
6.991503 4.465525
6.991503 4.465525
6.992441 4.462541
6.989313 4.450787
6.997279 4.426915
7.001467 4.418431
7.008626 4.411348
7.013476 4.406550
7.013042 4.403096
7.005134 4.387418
7.006297 4.386930
7.007869 4.388567
7.014224 4.398043
7.014683 4.393649
7.011546 4.387442
7.006979 4.384651
6.996283 4.372845
6.988950 4.371875
6.983430 4.374138
6.975578 4.381906
6.972556 4.387637
6.972556 4.387637
6.968683 4.383929
6.968683 4.383929
6.970770 4.380723
6.970098 4.378417
6.965074 4.375392
6.950634 4.374143
6.936357 4.382327
6.906494 4.389023
6.870450 4.394064
6.870450 4.394064
6.856357 4.376482
6.856357 4.376482
6.868112 4.368282
6.870197 4.365305
6.868610 4.362763
6.859226 4.360168
6.846298 4.358859
6.803079 4.354483
6.782018 4.349273
6.757502 4.346109
6.738016 4.345050
6.729976 4.346833
6.723287 4.352077
6.723287 4.352077
6.713894 4.350629
6.704750 4.346653
6.704750 4.346653
6.702499 4.340885
6.633316 4.330724
6.626460 4.327454
6.621677 4.323048
6.616867 4.322322
6.613644 4.323910
6.610389 4.329867
6.603456 4.336949
6.603456 4.336949
6.592248 4.332956
6.592248 4.332956
6.585393 4.329685
6.575998 4.328696
6.541563 4.326619
6.493476 4.323717
6.466252 4.315002
6.457526 4.316547
6.455475 4.314922
6.447657 4.317624
6.435450 4.324435
6.429217 4.329679
6.433989 4.335466
6.433989 4.335466
6.430039 4.342109
6.430039 4.342109
6.421101 4.341352
6.411505 4.336678
6.403471 4.337538
6.403471 4.337538
6.398240 4.331977
6.398240 4.331977
6.415142 4.311169
6.411490 4.308841
6.339322 4.300013
6.299432 4.298327
6.288669 4.296405
6.250374 4.296110
6.241424 4.296961
6.238419 4.299929
6.236590 4.299224
6.236590 4.299224
6.224251 4.293608
6.224251 4.293608
6.220397 4.288056
6.213540 4.285242
6.161735 4.282538
6.138597 4.279596
6.113831 4.279631
6.101935 4.278377
6.090231 4.277144
6.084265 4.277556
6.080341 4.280746
6.080341 4.280746
6.076202 4.282094
6.062577 4.293719
6.062577 4.293719
6.056672 4.293461
6.051085 4.296848
6.034526 4.302698
6.018454 4.305100
6.000000 4.312031
5.995477 4.310730
5.988363 4.310305
5.981055 4.317247
5.981055 4.317247
5.965749 4.331365
5.965749 4.331365
5.960705 4.332079
5.954814 4.335548
5.881078 4.378965
5.855247 4.400037
5.853443 4.407182
5.853443 4.407182
5.851149 4.407193
5.848643 4.411118
5.848643 4.411118
5.841310 4.413225
5.825774 4.428031
5.811586 4.436615
5.800382 4.445415
5.785504 4.453772
5.769273 4.467430
5.769273 4.467430
5.760585 4.474606
5.754663 4.484532
5.754663 4.484532
5.746708 4.502065
5.735958 4.509942
5.735958 4.509942
5.732985 4.512257
5.732985 4.512257
5.714225 4.525465
5.706686 4.533326
5.703270 4.539557
5.703270 4.539557
5.700515 4.539109
5.695715 4.543505
5.695715 4.543505
5.693427 4.545127
5.683338 4.546783
5.674191 4.554421
5.641980 4.588867
5.621665 4.614970
5.609540 4.632343
5.589270 4.661385
5.566684 4.694172
5.547534 4.725333
5.547534 4.725333
5.542070 4.736406
5.542780 4.741467
5.540269 4.744932
5.540269 4.744932
5.519519 4.775238
5.516083 4.780257
5.505149 4.801021
5.481655 4.837953
5.458873 4.881326
5.459120 4.885468
5.459120 4.885468
5.458912 4.890764
5.463314 4.900643
5.463314 4.900643
5.464240 4.902711
5.459308 4.908720
5.455330 4.913568
5.452838 4.921865
5.446003 4.935015
5.444645 4.939855
5.446767 4.953657
5.444527 4.967708
5.432863 5.000000
5.422945 5.027462
5.422045 5.029952
5.418634 5.038253
5.403571 5.061564
5.370969 5.121314
5.367560 5.130305
5.368495 5.134445
5.373324 5.136266
5.373324 5.136266
5.369459 5.145949
5.369459 5.145949
5.368551 5.148945
5.359171 5.157960
5.354375 5.164655
5.352103 5.170879
5.352349 5.175251
5.356050 5.182141
5.356808 5.186950
5.356993 5.188122
5.355471 5.209994
5.348460 5.238103
5.347157 5.257442
5.331817 5.310315
5.328571 5.321502
5.327940 5.336235
5.322959 5.354897
5.324371 5.363637
5.326679 5.366620
5.330357 5.367295
5.338838 5.362428
5.354913 5.361212
5.361560 5.357732
5.376717 5.356749
5.389845 5.365441
5.389845 5.365441
5.387599 5.378339
5.387420 5.391228
5.387420 5.391228
5.372258 5.391060
5.364914 5.392932
5.350824 5.399578
5.344736 5.402450
5.321794 5.410368
5.300011 5.420813
5.289689 5.424767
5.280047 5.426646
5.260780 5.434778
5.243128 5.444514
5.236432 5.450863
5.190475 5.494430
5.183156 5.503204
5.180882 5.509887
5.181164 5.523694
5.176628 5.539821
5.180200 5.553434
5.180200 5.553434
5.173309 5.574353
5.173783 5.578264
5.173783 5.578264
5.141274 5.610837
5.133497 5.620532
5.122750 5.635070
5.120694 5.638318
5.094417 5.679820
5.077948 5.701053
5.074298 5.708890
5.072055 5.724316
5.071851 5.731450
5.074906 5.750308
5.074906 5.750308
5.061070 5.763774
5.061070 5.763774
5.046011 5.768133
5.036396 5.778294
5.012179 5.820030
5.000000 5.845251
4.999434 5.846423
4.993923 5.857833
4.981131 5.880659
4.962613 5.909716
4.929393 5.951212
4.920496 5.962326
4.909046 5.975481
4.880405 6.003650
4.839974 6.040316
4.825395 6.053536
4.796522 6.082623
4.780243 6.096711
4.763066 6.117704
4.750226 6.129019
4.749813 6.129367
4.693125 6.177058
4.651603 6.208939
4.629583 6.226722
4.612139 6.237589
4.594017 6.252139
4.574053 6.266694
4.556166 6.283541
4.529322 6.304786
4.527178 6.305960
4.508197 6.316352
4.448022 6.344366
4.434468 6.349926
4.411417 6.355734
4.387354 6.361794
4.361388 6.369920
4.335179 6.373904
4.287348 6.376696
4.281369 6.377045
4.236308 6.383608
4.222049 6.384107
4.212167 6.387124
4.162328 6.394086
4.161815 6.394158
4.119293 6.405308
4.080439 6.411848
4.044346 6.419988
4.038810 6.420614
4.000657 6.424925
3.934422 6.428073
3.918099 6.431331
3.912995 6.431252
3.853695 6.430328
3.827943 6.434986
3.812994 6.435248
3.787044 6.433229
3.772736 6.432116
3.747654 6.426649
3.671506 6.418296
3.661678 6.418482
3.603658 6.419581
3.535304 6.416456
3.521540 6.415826
3.478523 6.412224
3.464725 6.413629
3.409288 6.408894
3.409288 6.408894
3.399617 6.401781
3.399617 6.401781
3.395932 6.398337
3.395005 6.394198
3.390861 6.390985
3.359164 6.395742
3.355219 6.396335
3.293121 6.397354
3.232768 6.396795
3.207791 6.396563
3.167537 6.392480
3.136485 6.391143
3.106553 6.390997
3.062886 6.390781
3.029769 6.392893
3.000098 6.391318
2.980274 6.392885
2.979399 6.392954
2.904880 6.391888
2.870147 6.388705
2.853981 6.388433
2.844388 6.388272
2.782511 6.377522
2.728740 6.372007
2.722479 6.371365
2.709604 6.368820
2.709604 6.368820
2.708297 6.409361
2.706281 6.425605
2.710712 6.452598
2.717430 6.470750
2.718330 6.476608
2.719302 6.482934
2.720289 6.507771
2.724709 6.526390
2.729331 6.534426
2.742933 6.545428
2.750557 6.557365
2.753123 6.570467
2.744646 6.583831
2.742688 6.589445
2.735971 6.608694
2.731428 6.630785
2.752459 6.665682
2.760765 6.674167
2.769984 6.679889
2.784900 6.693273
2.786590 6.694790
2.785978 6.723307
2.789703 6.738933
2.789498 6.748132
2.786294 6.754580
2.778713 6.759200
2.762371 6.757638
2.751790 6.759048
2.744669 6.763667
2.739151 6.765293
2.733536 6.776995
2.732744 6.778647
2.729322 6.790154
2.727973 6.801656
2.729832 6.808549
2.749245 6.839306
2.744663 6.847136
2.743768 6.856566
2.750519 6.885058
2.750870 6.894717
2.751513 6.912416
2.747873 6.928291
2.726935 6.930419
2.720042 6.934807
2.718215 6.940331
2.720640 6.986536
2.727286 6.995456
2.729186 6.998007
2.743266 7.012450
2.752952 7.019320
2.766551 7.026408
2.775088 7.033510
2.785454 7.036469
2.792603 7.041276
2.781819 7.053722
2.767118 7.065258
2.762978 7.066649
2.758907 7.070923
2.752878 7.077252
2.745093 7.092677
2.745110 7.099114
2.750653 7.105764
2.767258 7.116982
2.775346 7.128221
2.784869 7.159227
2.783794 7.178181
2.783552 7.182446
2.774254 7.234420
2.762088 7.248246
2.756570 7.251020
2.750601 7.257473
2.749460 7.261153
2.748868 7.293225
2.748857 7.293792
2.750054 7.311027
2.747440 7.365962
2.747578 7.417439
2.749601 7.417384
2.757019 7.417182
2.762782 7.419233
2.785810 7.418708
2.795725 7.423275
2.799188 7.426483
2.799681 7.437971
2.798191 7.482555
2.792927 7.494520
2.788596 7.497129
2.786029 7.498676
2.775237 7.510655
2.762131 7.518965
2.754768 7.521284
2.749486 7.527503
2.746066 7.540150
2.747696 7.547038
2.746108 7.555774
2.736229 7.565223
2.730281 7.580174
2.729013 7.597198
2.728056 7.610049
2.729012 7.622912
2.725394 7.647966
2.730368 7.699183
2.729117 7.722892
2.727956 7.744905
2.732406 7.772228
2.729464 7.792222
2.724668 7.807626
2.720298 7.810853
2.711319 7.813175
2.709256 7.817086
2.706301 7.832714
2.704050 7.837430
2.695761 7.854793
2.668432 7.889781
2.675815 7.893206
2.687850 7.913383
2.690880 7.926237
2.695501 7.930818
2.697374 7.942066
2.697374 7.942066
2.699546 7.952677
2.704547 7.968105
2.707384 7.998213
2.707331 8.000000
2.720733 8.053064
2.723288 8.061089
2.728830 8.066810
2.729070 8.070480
2.724042 8.084951
2.724983 8.092292
2.730544 8.104897
2.732540 8.116840
2.729916 8.128305
2.732247 8.138855
2.736648 8.147563
2.744043 8.156034
2.748214 8.164742
2.751048 8.189978
2.750156 8.200767
2.751327 8.207648
2.754102 8.211312
2.740314 8.224664
2.737361 8.229428
2.737361 8.229428
2.732069 8.237966
2.726776 8.246506
2.718498 8.253643
2.714598 8.260539
2.711182 8.276156
2.698124 8.307178
2.695632 8.324169
2.696444 8.342566
2.696444 8.342566
2.696980 8.354720
2.697101 8.357448
2.708660 8.369582
2.714009 8.387241
2.711291 8.406073
2.706947 8.420317
2.714586 8.431543
2.726117 8.431971
2.734893 8.436307
2.740681 8.445014
2.742543 8.454029
2.744187 8.461991
2.749060 8.472767
2.756929 8.482615
2.750029 8.489752
2.750731 8.493423
2.761837 8.505328
2.760926 8.509693
2.761237 8.513855
2.761237 8.513855
2.761885 8.522547
2.749457 8.533143
2.749701 8.537964
2.754340 8.546905
2.758764 8.561584
2.750041 8.577682
2.749134 8.583424
2.749194 8.585207
2.750136 8.613270
2.750136 8.613270
2.750391 8.620844
2.749060 8.640364
2.746537 8.646111
2.738934 8.650725
2.737560 8.654862
2.739422 8.660827
2.746131 8.666548
2.741315 8.677813
2.744110 8.687219
2.750379 8.700289
2.746020 8.709945
2.745116 8.717296
2.746089 8.735203
2.744035 8.744164
2.741197 8.747887
2.741197 8.747887
2.733682 8.757742
2.728413 8.772683
2.730274 8.778189
2.737688 8.787354
2.739323 8.794237
2.744881 8.799963
2.755741 8.802457
2.759789 8.804717
2.761060 8.805427
2.763381 8.809783
2.758791 8.819672
2.758127 8.830008
2.761189 8.851585
2.759362 8.854955
2.759362 8.854955
2.756824 8.859635
2.757066 8.863539
2.757993 8.864914
2.768162 8.867181
2.773553 8.894723
2.770347 8.904838
2.761564 8.903027
2.758332 8.903725
2.758282 8.904663
2.758113 8.907859
2.759742 8.912218
2.763911 8.916110
2.768534 8.917015
2.770618 8.918846
2.781783 8.945224
2.778102 8.950747
2.771177 8.952835
2.774886 8.957188
2.785765 8.964046
2.788786 8.970237
2.787411 8.974146
2.783033 8.978293
2.782121 8.982659
2.787444 8.985400
2.788606 8.987693
2.786767 8.990685
2.779836 8.991624
2.777766 8.994845
2.782411 9.003100
2.780801 9.005631
2.772256 9.007494
2.772034 9.010711
2.782680 9.016191
2.784076 9.019403
2.783159 9.021932
2.776107 9.023653
2.775538 9.023792
2.774158 9.026093
2.782494 9.031810
2.782741 9.037322
2.785999 9.044891
2.779084 9.051574
2.778264 9.053801
2.778264 9.053801
2.780915 9.065207
2.837315 9.064244
2.854419 9.064459
2.867592 9.062149
2.879152 9.064664
2.881933 9.072929
2.891463 9.080210
2.896044 9.083710
2.912922 9.087595
2.953382 9.092599
2.956387 9.092365
2.964000 9.079493
2.984102 9.072345
2.994275 9.073937
3.008144 9.073917
3.018781 9.076657
3.035433 9.082832
3.042600 9.083510
3.051390 9.086712
3.056248 9.089689
3.083539 9.097911
3.088169 9.101578
3.092145 9.129824
3.101432 9.152777
3.120917 9.188114
3.123699 9.192244
3.121896 9.218664
3.122162 9.238419
3.126350 9.252194
3.131682 9.259075
3.149981 9.272593
3.157170 9.282456
3.158344 9.291413
3.153751 9.309571
3.151922 9.321521
3.151493 9.339211
3.153623 9.364708
3.151793 9.375739
3.133371 9.426089
3.130850 9.440339
3.136215 9.462844
3.149220 9.485105
3.154558 9.492906
3.162902 9.497714
3.180974 9.504799
3.186304 9.507085
3.194886 9.515108
3.207913 9.544490
3.216037 9.553892
3.226958 9.571330
3.232293 9.575913
3.239732 9.588533
3.249722 9.602527
3.253443 9.609871
3.256058 9.639735
3.263500 9.652356
3.271623 9.659000
3.279968 9.661737
3.291783 9.661937
3.309609 9.657526
3.315170 9.657742
3.336528 9.676067
3.348598 9.685226
3.352105 9.697396
3.350272 9.705214
3.340118 9.721097
3.338740 9.725926
3.328595 9.745946
3.324232 9.761354
3.323343 9.776753
3.329656 9.798798
3.346855 9.817595
3.356844 9.825842
3.370764 9.830859
3.390024 9.838159
3.423903 9.850698
3.456388 9.861171
3.474708 9.863182
3.481194 9.861782
3.499961 9.858045
3.511317 9.857318
3.517120 9.859826
3.529646 9.862082
3.538942 9.869175
3.547553 9.879028
3.548023 9.880865
3.551040 9.882004
3.562678 9.895522
3.564315 9.899653
3.564139 9.915972
3.571126 9.925370
3.595777 9.945736
3.602311 9.957434
3.608887 9.980852
3.611492 9.996012
3.611394 10.000000
3.611087 10.012562
3.612046 10.021062
3.610972 10.045198
3.611497 10.062435
3.615721 10.075980
3.623652 10.087902
3.629240 10.093168
3.636212 10.096590
3.640858 10.097951
3.646440 10.101608
3.658279 10.103171
3.662934 10.107061
3.668097 10.122441
3.673277 10.142188
3.676088 10.149302
3.675882 10.155969
3.678951 10.169748
3.678055 10.178256
3.672506 10.183794
3.655332 10.184091
3.646300 10.189411
3.623178 10.214093
3.612528 10.221718
3.597742 10.241770
3.592211 10.253283
3.584625 10.275146
3.584172 10.278366
3.603151 10.327490
3.614399 10.355722
3.626308 10.373610
3.630058 10.383020
3.633801 10.390363
3.634522 10.397026
3.632728 10.414503
3.631809 10.417266
3.637654 10.427588
3.646044 10.435143
3.665821 10.443113
3.687709 10.456361
3.695134 10.453803
3.716464 10.442683
3.730600 10.433890
3.749843 10.424385
3.760738 10.418593
3.769321 10.415798
3.775572 10.410715
3.786002 10.405383
3.799170 10.442797
3.802017 10.456807
3.801168 10.475661
3.800977 10.485317
3.806164 10.502996
3.814868 10.527786
3.820033 10.539718
3.831779 10.568632
3.848371 10.588788
3.850976 10.599812
3.851701 10.605786
3.851037 10.613376
3.848022 10.667645
3.845480 10.670876
3.843950 10.692953
3.840979 10.704922
3.833105 10.712314
3.812688 10.723209
3.797159 10.735462
3.784448 10.754600
3.778476 10.772557
3.772478 10.784538
3.760917 10.801371
3.757460 10.809202
3.752834 10.815659
3.749384 10.825560
3.749201 10.837516
3.754860 10.856115
3.764038 10.881368
3.768997 10.898821
3.771176 10.919044
3.771224 10.930770
3.767583 10.950788
3.766239 10.963210
3.758702 10.998420
3.751768 11.010634
3.736204 11.018976
3.730162 11.021530
3.718992 11.023185
3.716902 11.024343
3.717176 11.034688
3.721167 11.042950
3.724018 11.057424
3.723125 11.067084
3.720362 11.074913
3.719476 11.086183
3.723980 11.106169
3.727519 11.117650
3.725914 11.124095
3.717545 11.127808
3.708462 11.128074
3.691927 11.128139
3.667547 11.148008
3.625980 11.182656
3.580223 11.221451
3.567446 11.232072
3.553742 11.244766
3.540029 11.254930
3.495874 11.292326
3.501097 11.322660
3.513867 11.379873
3.535631 11.476376
3.549154 11.545312
3.561241 11.601606
3.565960 11.616996
3.578183 11.643397
3.586397 11.656705
3.591594 11.674622
3.600056 11.691837
3.600522 11.692314
3.600522 11.692314
3.605074 11.696975
3.606263 11.698191
3.606263 11.698191
3.610128 11.702148
3.632544 11.719599
3.654612 11.739234
3.679195 11.758454
3.679448 11.763513
3.671396 11.794586
3.671180 11.799416
3.665852 11.810473
3.650014 11.821112
3.634174 11.831288
3.626731 11.839364
3.622576 11.852487
3.621233 11.868587
3.617670 11.916888
3.619336 11.925390
3.625425 11.929737
3.647236 11.953340
3.666701 11.973271
3.668822 11.977861
3.667939 11.991661
3.657086 12.025734
3.647177 12.063252
3.642553 12.076837
3.630781 12.117120
3.634377 12.141480
3.635165 12.165391
3.638063 12.190444
3.636930 12.200336
3.649250 12.243287
3.657529 12.268549
3.655239 12.281664
3.654019 12.330645
3.649706 12.365841
3.649795 12.389753
3.647659 12.425864
3.647374 12.430690
3.647330 12.434146
3.647192 12.444946
3.644232 12.467031
3.643380 12.489796
3.641325 12.503829
3.642556 12.520149
3.688825 12.559289
3.695875 12.565929
3.702212 12.569813
3.714434 12.581491
3.721725 12.589508
3.732294 12.597283
3.745216 12.607806
3.771068 12.630001
3.817841 12.668656
3.833344 12.678705
3.862726 12.701335
3.866493 12.705457
3.876125 12.711390
3.927609 12.749315
3.932326 12.755731
3.942208 12.764190
3.964878 12.800176
3.971263 12.811870
4.000326 12.859086
4.006470 12.868941
4.018497 12.883134
4.024644 12.893449
4.030797 12.904682
4.049681 12.929414
4.051561 12.930324
4.068109 12.955986
4.096463 12.996067
4.101741 13.018108
4.112102 13.068858
4.115944 13.085159
4.121840 13.108014
4.127745 13.140496
4.129665 13.148302
4.128230 13.186009
4.129066 13.209912
4.129250 13.328292
4.128839 13.339098
4.129953 13.370583
4.128689 13.439545
4.127575 13.450354
4.130014 13.466660
4.130281 13.472634
4.173043 13.473316
4.181960 13.471658
4.197481 13.474327
4.197474 13.473178
4.212103 13.484127
4.248242 13.516554
4.293125 13.555359
4.307296 13.566994
4.321239 13.579320
4.324300 13.580220
4.349368 13.604656
4.402544 13.649137
4.411062 13.657585
4.434698 13.676736
4.459294 13.698177
4.464738 13.703427
4.478151 13.704946
4.480051 13.707691
4.531615 13.717682
4.550214 13.720771
4.554936 13.723495
4.567405 13.724328
4.583890 13.727659
4.594721 13.729650
4.616155 13.734324
4.626286 13.737008
4.672434 13.744486
4.698811 13.749345
4.727074 13.754878
4.742614 13.757288
4.750159 13.759757
4.773007 13.764178
4.787136 13.766367
4.853327 13.778942
4.870761 13.782478
4.876111 13.775311
4.898281 13.754448
4.909519 13.748610
4.944071 13.746486
4.974385 13.743703
4.987077 13.742907
5.000000 13.741391
5.000000 13.741391
5.001877 13.741171
5.011289 13.741780
5.030365 13.744833
5.053895 13.746238
5.089449 13.750980
5.105925 13.752442
5.128710 13.749480
5.135069 13.750572
5.147967 13.746549
5.164646 13.744558
5.171715 13.746102
5.179937 13.745108
5.184392 13.743688
5.202507 13.744440
5.233791 13.745068
5.270488 13.746100
5.286664 13.764791
5.293337 13.773690
5.310226 13.792831
5.339509 13.827938
5.354970 13.844792
5.411600 13.861007
5.444396 13.869869
5.449136 13.873268
5.454797 13.874590
5.459260 13.873855
5.486635 13.881618
5.494654 13.883373
5.526512 13.892007
5.583428 13.867969
5.606129 13.856926
5.627216 13.849116
5.733031 13.803375
5.741482 13.799614
5.753158 13.794417
5.800002 13.777341
5.844750 13.762580
5.882453 13.749042
5.885732 13.747854
5.917357 13.737601
5.982697 13.715678
5.990904 13.713741
6.007516 13.707105
6.026016 13.700905
6.042864 13.694493
6.084768 13.679957
6.123974 13.657175
6.138203 13.648492
6.149414 13.642835
6.156960 13.644578
6.175155 13.651702
6.195920 13.657413
6.205618 13.661885
6.225431 13.666686
6.260491 13.668760
6.268926 13.666582
6.283037 13.666857
6.299068 13.661202
6.304566 13.659450
6.309697 13.656394
6.314389 13.655643
6.344281 13.640996
6.411431 13.604609
6.414744 13.602814
6.419183 13.601976
6.421309 13.601575
6.433632 13.591984
6.451248 13.574504
6.499004 13.528335
6.564827 13.465350
6.571773 13.458357
6.579209 13.452735
6.636146 13.394915
6.655151 13.377859
6.664393 13.367612
6.677834 13.355463
6.685136 13.341334
6.699371 13.319748
6.709672 13.302126
6.714724 13.293547
6.717456 13.288908
6.729097 13.266898
6.736914 13.255978
6.750848 13.230714
6.764575 13.207291
6.789283 13.165542
6.791992 13.158605
6.807368 13.136073
6.818586 13.117972
6.888870 13.036438
6.891612 13.031797
6.904776 13.018721
6.913483 13.005712
6.928008 12.989853
6.934086 12.988610
6.946560 12.991405
7.000000 12.990976
7.010058 12.991496
7.039052 12.997592
7.050206 12.999474
7.063073 13.000966
7.086108 13.008252
7.100554 13.012086
7.124724 13.020780
7.136395 13.023158
7.142653 13.026084
7.151635 13.032304
7.179252 13.060873
7.187184 13.071206
7.193107 13.077805
7.198656 13.080941
7.208910 13.092254
7.211936 13.093253
7.212329 13.096025
7.217574 13.101685
7.221741 13.103864
7.227887 13.110927
7.244560 13.110900
7.272114 13.107931
7.310251 13.104312
7.331469 13.101175
7.357341 13.099536
7.370752 13.098497
7.383417 13.099051
7.400719 13.101790
7.426315 13.110494
7.448993 13.123032
7.453187 13.124289
7.457819 13.126706
7.474182 13.138392
7.484410 13.142331
7.493170 13.148534
7.502232 13.152212
7.505889 13.155985
7.519777 13.163695
7.560260 13.187253
7.578997 13.198301
7.584588 13.200050
7.594267 13.207192
7.602159 13.210838
7.613722 13.217796
7.618797 13.221373
7.621614 13.221442
7.622995 13.224003
7.631794 13.227445
7.640079 13.234091
7.645853 13.237914
7.649586 13.238925
7.650465 13.241248
7.653294 13.240857
7.661357 13.247037
7.710158 13.276986
7.719626 13.283428
7.741616 13.296385
7.746248 13.299027
7.748367 13.298849
7.748990 13.302085
7.752958 13.303102
7.757230 13.306023
7.770742 13.315264
7.780453 13.321479
7.804099 13.334240
7.815503 13.338655
7.824880 13.339568
7.832929 13.337230
7.840467 13.336489
7.848527 13.333689
7.874877 13.332474
7.881763 13.329645
7.891621 13.330109
7.904125 13.328103
7.910712 13.327798
7.916383 13.326550
7.947474 13.323599
7.986553 13.317231
8.006692 13.313935
8.022975 13.311092
8.025838 13.309318
8.033605 13.308807
8.036954 13.306354
8.042606 13.305794
8.046348 13.306570
8.062417 13.302799
8.067595 13.302458
8.078508 13.298107
8.106680 13.289319
8.126409 13.279876
8.145410 13.271336
8.156404 13.263532
8.158108 13.261040
8.164508 13.258654
8.176075 13.246491
8.184484 13.238628
8.191206 13.232568
8.196688 13.229240
8.199587 13.225854
8.211730 13.218995
8.255923 13.207561
8.262424 13.200803
8.272805 13.188840
8.287535 13.171680
8.293985 13.166992
8.307510 13.161079
8.311187 13.154489
8.316080 13.146083
8.327896 13.132770
8.347680 13.120090
8.356262 13.114527
8.365809 13.097709
8.376576 13.088972
8.381157 13.083780
8.388036 13.080709
8.388062 13.079559
8.400722 13.070171
8.415628 13.054850
8.421723 13.055213
8.441998 13.061636
8.468829 13.068889
8.486417 13.069728
8.499373 13.067705
8.515918 13.062768
8.531079 13.056650
8.544619 13.049576
8.564825 13.038271
8.585561 13.024215
8.592987 13.017469
8.598751 13.011608
8.601826 13.010523
8.621287 12.990224
8.631670 12.977097
8.640002 12.961164
8.644581 12.955738
8.644794 12.946078
8.648480 12.938562
8.661516 12.932622
8.671686 12.928923
8.678120 12.924456
8.678100 12.925375
8.690895 12.919659
8.696354 12.916781
8.703639 12.916243
8.709797 12.913609
8.714941 12.914406
8.725773 12.912559
8.760316 12.899235
8.772569 12.896726
8.781250 12.896673
8.787895 12.893127
8.809592 12.887818
8.824523 12.880759
8.830379 12.881108
8.852833 12.873280
8.860634 12.870445
8.870721 12.870420
8.882372 12.863061
8.922517 12.850289
8.934302 12.847533
8.939524 12.844646
8.948964 12.841843
8.956510 12.839922
8.969789 12.833053
8.975410 12.833394
8.983735 12.839081
8.997539 12.840734
9.014701 12.838771
9.060474 12.836905
9.073364 12.837387
9.081153 12.835007
9.093321 12.836394
9.101775 12.835867
9.107416 12.835286
9.138161 12.834268
9.143355 12.832527
9.147079 12.833979
9.159983 12.833766
9.166579 12.832281
9.169425 12.830726
9.178864 12.827914
9.220364 12.828472
9.226023 12.826969
9.229824 12.824510
9.243417 12.824996
9.251415 12.823767
9.258296 12.819754
9.280433 12.815106
9.287998 12.812026
9.291965 12.813022
9.305603 12.811205
9.327387 12.812530
9.346109 12.814487
9.353328 12.817151
9.365284 12.817372
9.381880 12.820208
9.390265 12.823123
9.416324 12.821758
9.429696 12.821542
9.435132 12.819340
9.489236 12.810653
9.513890 12.809024
9.531234 12.809564
9.546732 12.808459
9.553791 12.807203
9.572783 12.807310
9.580746 12.807911
9.590634 12.805784
9.617138 12.805559
9.650239 12.803606
9.665973 12.815154
9.688586 12.835334
9.695457 12.844425
9.710216 12.858254
9.762962 12.911846
9.769899 12.917486
9.776782 12.926116
9.790373 12.940151
9.794328 12.942059
9.803278 12.953254
9.811966 12.966054
9.816587 12.970043
9.832785 12.996083
9.846766 13.014954
9.869398 13.035808
9.872683 13.035862
9.886539 13.048745
9.901128 13.060030
9.912680 13.070574
9.941012 13.101637
9.979029 13.143437
9.981909 13.149605
9.983855 13.149497
9.985451 13.152284
9.991483 13.156523
9.996532 13.163276
10.000000 13.165363
10.016289 13.175097
10.033289 13.183421
10.039522 13.189733
10.049512 13.196104
10.060895 13.203417
10.100057 13.220831
10.122913 13.230392
10.125458 13.232734
10.145517 13.241099
10.161364 13.248707
10.196815 13.263980
10.207087 13.267818
10.250509 13.269863
10.257767 13.271354
10.269289 13.270609
10.288061 13.271813
10.300735 13.272464
10.325376 13.273984
10.335710 13.274138
10.385468 13.276717
10.403309 13.277439
10.413628 13.278511
10.431917 13.280619
10.439204 13.280265
10.451865 13.281829
10.466419 13.282500
10.484379 13.290811
10.533432 13.309226
10.546529 13.313092
10.561458 13.320205
10.572210 13.323807
10.586695 13.329301
10.600492 13.333635
10.617067 13.340767
10.654697 13.354171
10.669226 13.356901
10.687311 13.357379
10.704219 13.358069
10.737558 13.359901
10.755177 13.360139
10.791561 13.362695
10.821851 13.364246
10.849092 13.365294
10.860353 13.366591
10.881033 13.366401
10.901450 13.368276
10.911555 13.368176
10.923525 13.369249
10.977294 13.372234
10.985498 13.373718
11.024980 13.373293
11.024992 13.372374
11.034847 13.373416
11.059278 13.373949
11.065130 13.375631
11.068675 13.374064
11.132577 13.375074
11.144077 13.376133
11.166883 13.375027
11.174625 13.376040
11.180986 13.374735
11.205652 13.375258
11.212695 13.375801
11.212707 13.374882
11.283915 13.374103
11.295901 13.373780
11.302262 13.372474
11.302251 13.373394
11.326456 13.373210
11.367590 13.372066
11.395576 13.370079
11.437007 13.363638
11.450890 13.361950
11.464305 13.360026
11.468796 13.357775
11.480094 13.356058
11.485489 13.356806
11.517255 13.352778
11.522185 13.353061
11.522197 13.352141
11.539631 13.347957
11.590635 13.325262
11.601510 13.319165
11.609755 13.317181
11.625569 13.310444
11.637608 13.305277
11.651976 13.301744
11.661400 13.299310
11.665665 13.295903
11.671786 13.294585
11.695594 13.287005
11.728320 13.279973
11.738914 13.277778
11.743871 13.275527
11.751154 13.275369
11.764572 13.272511
11.771860 13.271893
11.777063 13.268494
11.785753 13.268579
11.810228 13.263986
11.819652 13.261316
11.875435 13.249658
11.884626 13.246524
11.884638 13.245374
11.910602 13.232505
11.928782 13.222783
11.935172 13.217781
11.989114 13.176867
11.995020 13.173241
12.011600 13.158207
12.014719 13.151334
12.027028 13.140862
12.040975 13.130864
12.045446 13.129753
12.047355 13.126550
12.073551 13.111827
12.104239 13.093460
12.114126 13.090325
12.118099 13.092199
12.123034 13.091552
12.129846 13.091150
12.129846 13.091150
12.131419 13.100963
12.134700 13.104189
12.139402 13.099365
12.142220 13.099139
12.149265 13.096849
12.151141 13.098463
12.149015 13.105591
12.150888 13.108584
12.157697 13.108135
12.161930 13.103310
12.163575 13.102162
12.170380 13.103783
12.173202 13.100566
12.177430 13.098270
12.180238 13.103796
12.187510 13.106567
12.179280 13.115298
12.176925 13.120357
12.178560 13.125190
12.183966 13.121057
12.188427 13.120372
12.194762 13.122221
12.202743 13.122692
12.207207 13.120398
12.210971 13.114881
12.218484 13.113970
12.230230 13.107773
12.233751 13.107317
12.238203 13.113304
12.241253 13.114688
12.256981 13.114476
12.265203 13.109654
12.268147 13.105990
12.270375 13.103218
12.272967 13.095398
12.272507 13.088726
12.274860 13.083207
12.277680 13.080910
12.287069 13.079999
12.288477 13.081151
12.288006 13.082300
12.282372 13.083675
12.280490 13.086204
12.287055 13.091962
12.294328 13.095421
12.297379 13.096114
12.307237 13.095663
12.311229 13.093826
12.316633 13.089000
12.322269 13.086474
12.323209 13.085785
12.329782 13.084870
12.334713 13.083035
12.332841 13.077742
12.334018 13.074291
12.336837 13.071763
12.339652 13.073146
12.340815 13.084189
12.343393 13.086493
12.352085 13.079368
12.355371 13.078449
12.361707 13.080755
12.361700 13.088118
12.362402 13.090188
12.365688 13.089730
12.368742 13.086972
12.369449 13.084902
12.368751 13.078460
12.370395 13.076620
12.378141 13.075935
12.396446 13.077788
12.402080 13.077332
12.400439 13.074110
12.404896 13.077563
12.407007 13.078945
12.409824 13.078717
12.418041 13.075960
12.433535 13.071137
12.442688 13.071602
12.452780 13.071836
12.461231 13.069539
12.470857 13.063332
12.476725 13.062413
12.480478 13.064715
12.482588 13.070698
12.479297 13.081049
12.480938 13.083580
12.484224 13.084042
12.495960 13.082895
12.496899 13.083816
12.496428 13.087036
12.491733 13.088185
12.490559 13.090025
12.496894 13.093708
12.492432 13.098309
12.491726 13.101759
12.496417 13.109812
12.494538 13.112803
12.490779 13.119703
12.490778 13.120853
12.494765 13.128906
12.504386 13.139031
12.512132 13.143174
12.518703 13.149847
12.526216 13.146168
12.532084 13.146859
12.537016 13.146170
12.537956 13.140418
12.539599 13.139268
12.542417 13.140419
12.546170 13.149161
12.549926 13.153302
12.553212 13.154223
12.558846 13.157675
12.554150 13.161355
12.552974 13.167796
12.553442 13.176079
12.555553 13.181370
12.565178 13.193103
12.561419 13.198164
12.559072 13.197244
12.553203 13.191031
12.548272 13.190571
12.543575 13.192411
12.540287 13.195862
12.536762 13.203683
12.537466 13.207364
12.536056 13.212425
12.536550 13.213056
12.536550 13.213056
12.540606 13.212831
12.547036 13.201145
12.550091 13.200936
12.552887 13.203717
12.553473 13.219133
12.557439 13.222611
12.568214 13.226137
12.572402 13.231227
12.566250 13.237395
12.565993 13.240153
12.574610 13.249875
12.577146 13.256104
12.578932 13.268307
12.581032 13.270162
12.591417 13.263333
12.592326 13.267480
12.588739 13.275966
12.589194 13.277809
12.597666 13.275797
12.609404 13.276567
12.618130 13.271797
12.626112 13.272311
12.633808 13.279724
12.640258 13.297019
12.643522 13.300261
12.647043 13.300515
12.647091 13.294075
12.648774 13.287069
12.648774 13.287069
12.648309 13.286032
12.650893 13.283731
12.655121 13.283500
12.659819 13.285568
12.663812 13.284647
12.667099 13.278665
12.668273 13.273834
12.669682 13.273143
12.673675 13.272912
12.676494 13.274291
12.689181 13.290389
12.693882 13.300509
12.690596 13.308792
12.692945 13.313162
12.698113 13.312239
12.703752 13.313387
12.709388 13.308323
12.714319 13.304180
12.717608 13.304639
12.721602 13.306706
12.720664 13.309008
12.713854 13.314532
12.714559 13.316832
12.730534 13.318893
12.738287 13.321420
12.742047 13.325098
12.742990 13.328778
12.738527 13.331772
12.737589 13.334992
12.740410 13.340281
12.753338 13.353616
12.754747 13.352005
12.762970 13.351769
12.772369 13.354063
12.780595 13.357738
12.782004 13.358196
12.787410 13.361183
12.794229 13.368770
12.795405 13.371758
12.794232 13.374980
12.797055 13.379808
12.797526 13.380728
12.800345 13.380956
12.805517 13.384402
12.819622 13.393131
12.821035 13.396581
12.819158 13.400723
12.822216 13.405551
12.825273 13.407158
12.826915 13.403476
12.826207 13.399796
12.827849 13.396805
12.831611 13.397951
12.833965 13.404390
12.831625 13.417274
12.829042 13.419806
12.816118 13.421198
12.815179 13.423268
12.816826 13.425568
12.827638 13.426249
12.829756 13.430616
12.832106 13.430844
12.834455 13.429003
12.837980 13.428999
12.838687 13.431759
12.835402 13.437973
12.837756 13.442571
12.841752 13.443717
12.847859 13.439111
12.854439 13.438415
12.861253 13.436567
12.862195 13.438867
12.861728 13.441167
12.856326 13.446693
12.855389 13.449454
12.857038 13.454973
12.861042 13.463250
12.862454 13.465549
12.861280 13.467850
12.853760 13.468318
12.851174 13.468551
12.849296 13.470392
12.852119 13.474070
12.856117 13.475906
12.858471 13.480044
12.865755 13.477047
12.874446 13.470366
12.878442 13.470132
12.879855 13.473351
12.879389 13.477492
12.873519 13.483939
12.872582 13.488080
12.873764 13.494980
12.877057 13.497046
12.891513 13.493025
12.891513 13.493025
12.892501 13.485601
12.901200 13.485192
12.906163 13.481081
12.924013 13.483253
12.930532 13.493410
12.937777 13.500121
12.946927 13.502934
12.954172 13.509644
12.958201 13.504376
12.961175 13.497218
12.966398 13.509482
12.970592 13.515485
12.974129 13.513895
12.975801 13.509534
12.986142 13.509821
12.995051 13.513780
13.001163 13.514044
13.004471 13.511071
13.007762 13.511089
13.011977 13.513872
13.026216 13.530968
13.030206 13.532140
13.041764 13.525531
13.046708 13.524407
13.045994 13.529014
13.045994 13.529014
13.044953 13.532007
13.047555 13.541433
13.049203 13.542581
13.054840 13.539351
13.057663 13.540266
13.064962 13.547154
13.075543 13.547365
13.079775 13.546668
13.081418 13.545745
13.081885 13.543674
13.075287 13.534945
13.071526 13.534952
13.067522 13.531049
13.067046 13.527140
13.071976 13.523220
13.079732 13.521596
13.083255 13.519520
13.086782 13.520433
13.090769 13.514676
13.093593 13.516281
13.100671 13.530758
13.105617 13.535349
13.122985 13.519675
13.127451 13.518976
13.127456 13.521506
13.125345 13.524731
13.126526 13.527259
13.128644 13.528404
13.122546 13.536237
13.124198 13.539683
13.129840 13.539212
13.133131 13.539207
13.139011 13.540114
13.145608 13.547232
13.148195 13.547687
13.149836 13.544923
13.144412 13.536654
13.145339 13.529751
13.142025 13.518027
13.143193 13.514805
13.149543 13.515482
13.155179 13.512710
13.158001 13.512934
13.159413 13.514081
13.158010 13.517764
13.161779 13.521437
13.162955 13.521894
13.162729 13.526265
13.165319 13.528330
13.179199 13.532440
13.183901 13.532200
13.186482 13.530125
13.191623 13.514933
13.194904 13.510785
13.198665 13.510317
13.200078 13.511463
13.199851 13.515144
13.198684 13.518826
13.200102 13.522504
13.208340 13.526626
13.209296 13.534214
13.214269 13.550303
13.215682 13.551451
13.218492 13.546154
13.220139 13.546610
13.221563 13.552817
13.232149 13.555323
13.237564 13.558300
13.241103 13.563582
13.242051 13.567030
13.241354 13.570481
13.238536 13.572099
13.233127 13.571651
13.232426 13.573493
13.235508 13.584757
13.239745 13.586356
13.251723 13.580578
13.254783 13.581490
13.257141 13.584475
13.256914 13.587925
13.264215 13.592507
13.265160 13.594115
13.262114 13.598722
13.254819 13.596900
13.254136 13.606332
13.252262 13.609557
13.248272 13.613017
13.249924 13.615083
13.257220 13.617826
13.261464 13.622415
13.265013 13.631146
13.269963 13.635735
13.275378 13.638250
13.275146 13.639631
13.271156 13.643091
13.274460 13.647453
13.283173 13.651571
13.293306 13.659366
13.298477 13.657972
13.300375 13.664177
13.298744 13.670621
13.297809 13.672693
13.299459 13.674299
13.306282 13.674742
13.308651 13.681175
13.313596 13.683002
13.314788 13.689439
13.317850 13.691041
13.331261 13.691465
13.334794 13.693295
13.335741 13.694701
