> st._helena 0
         -5.644170        -15.959710
         -5.643114        -15.961529
         -5.641797        -15.961983
         -5.640681        -15.962367
         -5.639430        -15.962798
         -5.640361        -15.965195
         -5.642278        -15.965547
         -5.643443        -15.965760
         -5.644607        -15.965974
         -5.646474        -15.966316
         -5.647977        -15.966981
         -5.649054        -15.967457
         -5.649953        -15.967854
         -5.651206        -15.968408
         -5.652283        -15.968884
         -5.653615        -15.969473
         -5.653736        -15.971487
         -5.653805        -15.972633
         -5.653890        -15.974053
         -5.654275        -15.975493
         -5.655350        -15.976757
         -5.656103        -15.977641
         -5.657410        -15.979177
         -5.658398        -15.979172
         -5.659194        -15.981115
         -5.660243        -15.981560
         -5.661389        -15.981853
         -5.662020        -15.982014
         -5.662548        -15.981946
         -5.663723        -15.981795
         -5.664860        -15.981483
         -5.665990        -15.981138
         -5.666991        -15.980832
         -5.668055        -15.981590
         -5.668900        -15.982193
         -5.669609        -15.983270
         -5.670101        -15.984017
         -5.671408        -15.984636
         -5.672007        -15.984921
         -5.672525        -15.984917
         -5.673710        -15.984908
         -5.674895        -15.984900
         -5.675389        -15.985811
         -5.676063        -15.987869
         -5.676073        -15.989149
         -5.676085        -15.990619
         -5.676327        -15.992573
         -5.676277        -15.993716
         -5.676208        -15.994861
         -5.676139        -15.996005
         -5.677092        -15.996572
         -5.678037        -15.997020
         -5.679238        -15.996493
         -5.680317        -15.996020
         -5.681396        -15.995547
         -5.682291        -15.995155
         -5.683667        -15.994979
         -5.684841        -15.994829
         -5.686017        -15.994678
         -5.687181        -15.994874
         -5.688344        -15.995090
         -5.689509        -15.995306
         -5.690511        -15.995900
         -5.691491        -15.996545
         -5.692471        -15.997190
         -5.693327        -15.997973
         -5.694946        -15.998594
         -5.695378        -16.000101
         -5.697011        -15.999629
         -5.698145        -15.999301
         -5.699645        -15.998868
         -5.701633        -15.998909
         -5.703433        -15.998945
         -5.703979        -15.997545
         -5.705645        -15.997073
         -5.706496        -15.996353
         -5.707716        -15.996147
         -5.708884        -15.995951
         -5.710051        -15.995753
         -5.711218        -15.995557
         -5.712180        -15.995395
         -5.713447        -15.995958
         -5.714524        -15.996438
         -5.715601        -15.996917
         -5.716678        -15.997396
         -5.717265        -15.997658
         -5.717672        -15.997999
         -5.718566        -15.998752
         -5.719054        -15.999744
         -5.719342        -16.000856
         -5.719611        -16.001892
         -5.720737        -16.002453
         -5.721791        -16.002975
         -5.722845        -16.003500
         -5.723899        -16.004025
         -5.725034        -16.004263
         -5.726217        -16.004324
         -5.727401        -16.004387
         -5.728386        -16.004438
         -5.729556        -16.005154
         -5.731171        -16.004839
         -5.732184        -16.005583
         -5.733127        -16.006275
         -5.733833        -16.006794
         -5.734516        -16.008289
         -5.735500        -16.008928
         -5.736258        -16.009420
         -5.737544        -16.010086
         -5.738878        -16.010777
         -5.740714        -16.011587
         -5.742074        -16.012190
         -5.743685        -16.013657
         -5.744545        -16.014441
         -5.745405        -16.015224
         -5.746994        -16.016672
         -5.747824        -16.017721
         -5.748544        -16.018633
         -5.749262        -16.019543
         -5.749873        -16.020315
         -5.750903        -16.019449
         -5.751798        -16.018698
         -5.752693        -16.017946
         -5.753588        -16.017195
         -5.754482        -16.016443
         -5.755269        -16.015783
         -5.756368        -16.015062
         -5.757349        -16.014420
         -5.758330        -16.013777
         -5.759311        -16.013134
         -5.760292        -16.012491
         -5.761272        -16.011848
         -5.762084        -16.011021
         -5.762865        -16.010159
         -5.763302        -16.009676
         -5.763456        -16.009193
         -5.763807        -16.008099
         -5.764156        -16.007006
         -5.764507        -16.005911
         -5.764857        -16.004816
         -5.765148        -16.003704
         -5.765426        -16.002590
         -5.765607        -16.001867
         -5.766849        -16.000893
         -5.767769        -16.000170
         -5.768864        -15.999773
         -5.770004        -15.999463
         -5.770566        -15.999310
         -5.771137        -15.999129
         -5.772264        -15.998774
         -5.773391        -15.998418
         -5.774517        -15.998062
         -5.775643        -15.997706
         -5.776770        -15.997351
         -5.777897        -15.996995
         -5.779023        -15.996639
         -5.780149        -15.996284
         -5.781276        -15.995928
         -5.782403        -15.995572
         -5.783529        -15.995216
         -5.784656        -15.994861
         -5.785782        -15.994505
         -5.786751        -15.993885
         -5.787634        -15.993121
         -5.788518        -15.992358
         -5.789401        -15.991594
         -5.790286        -15.990831
         -5.791169        -15.990067
         -5.792052        -15.989304
         -5.791556        -15.988275
         -5.791041        -15.987242
         -5.790527        -15.986209
         -5.790131        -15.985415
         -5.789298        -15.984257
         -5.788621        -15.983315
         -5.787944        -15.982375
         -5.787267        -15.981434
         -5.786590        -15.980494
         -5.785913        -15.979552
         -5.785235        -15.978612
         -5.784559        -15.977671
         -5.783882        -15.976729
         -5.783408        -15.976071
         -5.783068        -15.974618
         -5.782807        -15.973499
         -5.782546        -15.972382
         -5.781960        -15.971402
         -5.781283        -15.970461
         -5.780607        -15.969520
         -5.779701        -15.968782
         -5.778786        -15.968054
         -5.777871        -15.967325
         -5.776956        -15.966597
         -5.776041        -15.965868
         -5.775300        -15.964975
         -5.774570        -15.964072
         -5.773839        -15.963170
         -5.773108        -15.962267
         -5.772501        -15.961287
         -5.771963        -15.960267
         -5.771423        -15.959247
         -5.771162        -15.958752
         -5.771180        -15.958161
         -5.771215        -15.957016
         -5.771251        -15.955871
         -5.771287        -15.954724
         -5.771322        -15.953579
         -5.771347        -15.952793
         -5.771204        -15.951294
         -5.771096        -15.950152
         -5.770987        -15.949011
         -5.770878        -15.947869
         -5.770824        -15.947298
         -5.770433        -15.946869
         -5.769649        -15.946009
         -5.768865        -15.945149
         -5.768081        -15.944289
         -5.767712        -15.943885
         -5.767171        -15.943577
         -5.766150        -15.942996
         -5.765129        -15.942414
         -5.764108        -15.941833
         -5.763086        -15.941251
         -5.762065        -15.940670
         -5.761190        -15.939911
         -5.760378        -15.939075
         -5.759567        -15.938240
         -5.758883        -15.937536
         -5.757905        -15.936606
         -5.757060        -15.935802
         -5.756214        -15.934999
         -5.755255        -15.934332
         -5.754261        -15.933708
         -5.753267        -15.933084
         -5.752273        -15.932460
         -5.751640        -15.932061
         -5.750039        -15.931859
         -5.748864        -15.931710
         -5.747689        -15.931561
         -5.746736        -15.931440
         -5.745393        -15.931852
         -5.744429        -15.931533
         -5.743584        -15.930728
         -5.742740        -15.929924
         -5.741895        -15.929119
         -5.741052        -15.928315
         -5.740207        -15.927510
         -5.739362        -15.926706
         -5.738518        -15.925901
         -5.737674        -15.925097
         -5.737192        -15.924638
         -5.736829        -15.924294
         -5.735984        -15.923490
         -5.735138        -15.922686
         -5.734293        -15.921883
         -5.733449        -15.921079
         -5.732603        -15.920276
         -5.731931        -15.919637
         -5.730836        -15.918749
         -5.729928        -15.918013
         -5.729104        -15.917345
         -5.727860        -15.916998
         -5.726721        -15.916680
         -5.725976        -15.916473
         -5.724410        -15.916760
         -5.723372        -15.916950
         -5.723361        -15.915680
         -5.723352        -15.914535
         -5.723343        -15.913514
         -5.722745        -15.912381
         -5.722207        -15.911360
         -5.721897        -15.910775
         -5.721474        -15.910507
         -5.720385        -15.910077
         -5.719256        -15.909729
         -5.718127        -15.909382
         -5.716998        -15.909034
         -5.715868        -15.908686
         -5.715289        -15.908507
         -5.715277        -15.907950
         -5.715250        -15.906804
         -5.715225        -15.905658
         -5.715207        -15.904867
         -5.714824        -15.903412
         -5.714531        -15.902302
         -5.714239        -15.901191
         -5.713570        -15.900250
         -5.712874        -15.899322
         -5.712069        -15.898245
         -5.710914        -15.897988
         -5.709759        -15.897732
         -5.708604        -15.897475
         -5.707450        -15.897218
         -5.706276        -15.897190
         -5.705094        -15.897270
         -5.703913        -15.897350
         -5.703288        -15.897393
         -5.702946        -15.897820
         -5.702222        -15.898726
         -5.701497        -15.899633
         -5.700771        -15.900539
         -5.699950        -15.901363
         -5.699118        -15.902180
         -5.698287        -15.902996
         -5.697649        -15.903622
         -5.696363        -15.904292
         -5.695320        -15.904836
         -5.694278        -15.905379
         -5.693636        -15.905713
         -5.692013        -15.905950
         -5.690842        -15.906120
         -5.690321        -15.906196
         -5.689708        -15.905964
         -5.688604        -15.905547
         -5.687943        -15.905296
         -5.686284        -15.905309
         -5.685232        -15.905777
         -5.684213        -15.906362
         -5.683213        -15.906935
         -5.682008        -15.907008
         -5.680826        -15.907081
         -5.679644        -15.907153
         -5.678947        -15.907195
         -5.677410        -15.906558
         -5.676321        -15.906108
         -5.675231        -15.905657
         -5.674193        -15.905105
         -5.673159        -15.904544
         -5.672125        -15.903983
         -5.671092        -15.903422
         -5.670138        -15.902905
         -5.668917        -15.903262
         -5.667783        -15.903594
         -5.666648        -15.903925
         -5.666117        -15.904080
         -5.665526        -15.904289
         -5.664413        -15.904682
         -5.663300        -15.905076
         -5.662807        -15.905250
         -5.662156        -15.905352
         -5.660986        -15.905534
         -5.659817        -15.905717
         -5.659362        -15.906729
         -5.659089        -15.908916
         -5.658916        -15.909699
         -5.657301        -15.910840
         -5.656930        -15.911479
         -5.657541        -15.912922
         -5.657990        -15.913982
         -5.658440        -15.915043
         -5.659812        -15.915812
         -5.660270        -15.916729
         -5.658406        -15.917838
         -5.657441        -15.918502
         -5.656991        -15.918811
         -5.656513        -15.919213
         -5.655620        -15.919965
         -5.655062        -15.920940
         -5.654655        -15.922017
         -5.655176        -15.923038
         -5.655714        -15.924060
         -5.656092        -15.924775
         -5.656274        -15.926253
         -5.656346        -15.926835
         -5.656298        -15.927394
         -5.656200        -15.928536
         -5.656130        -15.929358
         -5.657423        -15.930125
         -5.658036        -15.930490
         -5.657780        -15.931870
         -5.657087        -15.931877
         -5.655124        -15.931899
         -5.653908        -15.930998
         -5.652795        -15.930604
         -5.651688        -15.930861
         -5.650691        -15.931230
         -5.649598        -15.931913
         -5.648602        -15.932535
         -5.648095        -15.932852
         -5.647787        -15.933329
         -5.647158        -15.934299
         -5.646529        -15.935271
         -5.645863        -15.936217
         -5.645190        -15.937161
         -5.644815        -15.937687
         -5.644398        -15.937994
         -5.643455        -15.938688
         -5.642512        -15.939383
         -5.641570        -15.940076
         -5.640627        -15.940770
         -5.640100        -15.941158
         -5.639856        -15.941606
         -5.639305        -15.942619
         -5.638753        -15.943633
         -5.639012        -15.944615
         -5.639647        -15.945582
         -5.640283        -15.946550
         -5.640919        -15.947517
         -5.641572        -15.948475
         -5.642225        -15.949430
         -5.642879        -15.950387
         -5.643463        -15.951383
         -5.644002        -15.952403
         -5.644543        -15.953424
         -5.644783        -15.953878
         -5.644719        -15.954511
         -5.644604        -15.955651
         -5.644488        -15.956792
         -5.644364        -15.957932
         -5.644240        -15.959071
         -5.644170        -15.959710
