> somalia 0
42.543339 -0.394349
42.541718 -0.392531
42.542828 -0.389761
42.548935 -0.385326
42.553177 -0.377237
42.556110 -0.374446
42.563396 -0.372982
42.562771 -0.377814
42.559181 -0.383138
42.543339 -0.394349
> somalia 1
42.321587 -0.659495
42.318565 -0.654934
42.317833 -0.650577
42.320324 -0.648941
42.324665 -0.649350
42.325089 -0.646359
42.320232 -0.641129
42.321579 -0.639276
42.334332 -0.636373
42.343304 -0.622485
42.346733 -0.622906
42.348621 -0.628168
42.347294 -0.631860
42.345741 -0.635783
42.335846 -0.648533
42.333668 -0.657519
42.321587 -0.659495
> somalia 2
42.262314 -0.746050
42.264282 -0.738959
42.272820 -0.726684
42.278244 -0.721797
42.285961 -0.717803
42.292717 -0.709914
42.296124 -0.708267
42.298431 -0.710309
42.293934 -0.716104
42.282604 -0.723815
42.276554 -0.733764
42.268173 -0.739604
42.262314 -0.746050
> somalia 3
42.250492 -0.751064
42.248180 -0.748562
42.250187 -0.744174
42.256310 -0.740658
42.258648 -0.745227
42.257309 -0.747999
42.255051 -0.750093
42.250492 -0.751064
> somalia 4
42.229023 -0.790142
42.225594 -0.789951
42.224201 -0.787898
42.232075 -0.777698
42.235706 -0.775589
42.238457 -0.776477
42.239388 -0.778075
42.237827 -0.781309
42.229023 -0.790142
> somalia 5
42.137428 -0.888608
42.132797 -0.882914
42.133663 -0.878768
42.137466 -0.872061
42.139278 -0.870080
42.144688 -0.864166
42.158058 -0.855054
42.161652 -0.849729
42.165394 -0.837737
42.174549 -0.839242
42.179230 -0.829308
42.182838 -0.825361
42.190578 -0.823206
42.198238 -0.813928
42.219707 -0.794383
42.222237 -0.795733
42.219780 -0.800587
42.207142 -0.813597
42.196980 -0.823594
42.186104 -0.831299
42.180061 -0.842168
42.175323 -0.847047
42.164436 -0.853834
42.160179 -0.861005
42.154984 -0.865889
42.147480 -0.868731
42.144108 -0.873366
42.141304 -0.887875
42.137428 -0.888608
> somalia 6
42.114216 -0.915986
42.110989 -0.913494
42.110489 -0.909592
42.112049 -0.906357
42.117058 -0.904923
42.117996 -0.906980
42.114216 -0.915986
> somalia 7
42.099731 -0.947863
42.096291 -0.946522
42.097645 -0.944898
42.097130 -0.940077
42.100971 -0.936128
42.103855 -0.928741
42.106361 -0.928253
42.107315 -0.931690
42.105991 -0.935842
42.099731 -0.947863
> somalia 8
42.024055 -1.022479
42.022655 -1.019512
42.021248 -1.016535
42.015514 -1.014529
42.015709 -1.011309
42.018646 -1.008518
42.027519 -1.005433
42.032051 -1.002165
42.033981 -0.991111
42.041454 -0.985283
42.047604 -0.983606
42.049404 -0.981288
42.053288 -0.981244
42.048794 -0.987960
42.046612 -0.997177
42.041847 -0.999758
42.041676 -1.004816
42.038738 -1.007837
42.032135 -1.009518
42.031704 -1.011822
42.035404 -1.015918
42.031796 -1.019865
42.024055 -1.022479
> somalia 9
41.974285 -1.085776
41.971050 -1.082594
41.983021 -1.070510
41.987106 -1.068166
41.990776 -1.069505
41.993568 -1.073841
41.992462 -1.077072
41.989746 -1.079400
41.982220 -1.080403
41.974285 -1.085776
> somalia 10
41.922600 -1.162887
41.918930 -1.161548
41.916382 -1.158357
41.916813 -1.156054
41.933552 -1.140929
41.939625 -1.132358
41.942345 -1.130489
41.945095 -1.131378
41.946259 -1.133204
41.945606 -1.136201
41.940907 -1.144757
41.930950 -1.153370
41.926704 -1.161922
41.922600 -1.162887
> somalia 11
43.451393 11.491186
43.450390 11.494384
43.452122 11.500399
43.459167 11.508596
43.464699 11.511475
43.466385 11.508982
43.455994 11.494044
43.451393 11.491186
> somalia 12
43.334999 11.447634
43.356281 11.466810
43.359699 11.475799
43.363792 11.495501
43.367466 11.492904
43.362549 11.469618
43.359955 11.464213
43.338615 11.447711
43.334999 11.447634
> somalia 13
43.455177 11.420868
43.454670 11.428030
43.450623 11.431851
43.458710 11.445590
43.462860 11.447518
43.469143 11.448112
43.472687 11.446119
43.473953 11.441548
43.472038 11.433230
43.467972 11.427395
43.455177 11.420868
> somalia 14
49.892075 8.000000
49.860325 7.959856
49.855961 7.957314
49.850201 7.957750
49.839764 7.963996
49.839363 7.961609
49.841202 7.960227
49.849991 7.953619
49.849083 7.950172
49.835331 7.934741
49.827328 7.921857
49.821861 7.907835
49.816216 7.881647
49.811752 7.847889
49.809574 7.818270
49.811901 7.813000
49.816212 7.807671
49.817455 7.806136
49.817028 7.797871
49.818893 7.792599
49.821667 7.789855
49.828579 7.788506
49.836399 7.789684
49.838943 7.787399
49.838036 7.784182
49.831615 7.777958
49.830029 7.772443
49.831188 7.769692
49.834881 7.768101
49.836273 7.765122
49.825531 7.747173
49.831089 7.738472
49.823780 7.725358
49.815182 7.714735
49.802711 7.699333
49.796776 7.688289
49.786686 7.679065
49.780281 7.670085
49.772755 7.653525
49.768906 7.638816
49.766697 7.616996
49.762207 7.603793
49.759422 7.595614
49.742085 7.559724
49.709892 7.500811
49.705391 7.491103
49.698265 7.475733
49.678856 7.440977
49.639889 7.383288
49.603878 7.329968
49.575054 7.293786
49.565788 7.281001
49.545330 7.252774
49.529541 7.234560
49.518120 7.216594
49.490334 7.179753
49.475365 7.159900
49.426277 7.081348
49.420303 7.074753
49.397446 7.049516
49.374866 7.009439
49.361206 6.980199
49.353558 6.968393
49.337467 6.943560
49.324886 6.928798
49.319664 6.914988
49.312340 6.907832
49.307346 6.894253
49.302094 6.887335
49.288681 6.861344
49.285690 6.855550
49.259453 6.813149
49.256969 6.804175
49.251930 6.800245
49.245537 6.791024
49.227768 6.757390
49.224865 6.753255
49.211102 6.733643
49.208614 6.725128
49.207111 6.703520
49.199146 6.687395
49.179638 6.637142
49.173496 6.621316
49.153713 6.578702
49.146420 6.566256
49.144196 6.551076
49.128483 6.522041
49.113258 6.487261
49.089970 6.411526
49.087959 6.402907
49.085247 6.391274
49.080627 6.350565
49.079163 6.322743
49.080826 6.312177
49.085030 6.298865
49.083733 6.282537
49.082355 6.278174
49.061802 6.213002
49.054554 6.192506
49.048176 6.181900
49.038853 6.159827
49.033192 6.146420
48.987068 6.047787
48.985622 6.045178
48.965450 6.008821
48.947659 5.984818
48.939945 5.966614
48.923092 5.939396
48.921612 5.936580
48.904446 5.903890
48.895096 5.890966
48.880081 5.864214
48.858437 5.831910
48.856464 5.828448
48.828861 5.780016
48.788841 5.721764
48.785576 5.717009
48.725925 5.623783
48.720882 5.615173
48.687263 5.557800
48.666378 5.515599
48.659321 5.504864
48.651356 5.492748
48.583637 5.403653
48.571835 5.388122
48.542633 5.356909
48.537167 5.349748
48.536274 5.345142
48.537449 5.340779
48.534271 5.334321
48.509781 5.304311
48.432636 5.209768
48.430046 5.206244
48.388474 5.149708
48.373920 5.127771
48.362736 5.117815
48.355236 5.104906
48.354557 5.103735
48.314919 5.056347
48.278522 5.004604
48.275303 5.000000
48.257370 4.974344
48.241478 4.946644
48.222141 4.919844
48.197361 4.883578
48.172165 4.832477
48.171535 4.831201
48.164551 4.810453
48.153671 4.789683
48.117355 4.728267
48.114120 4.720594
48.108994 4.708431
48.097187 4.689494
48.086319 4.667341
48.057671 4.628284
48.048027 4.613338
48.038593 4.598718
48.019096 4.563856
48.007801 4.537098
47.992119 4.515604
47.985291 4.504042
47.968529 4.475653
47.939419 4.438889
47.906696 4.405846
47.904797 4.403927
47.874252 4.377274
47.860134 4.362689
47.843304 4.341874
47.826916 4.324512
47.819756 4.314703
47.798065 4.284982
47.771683 4.253749
47.751007 4.226005
47.741138 4.215963
47.740536 4.215352
47.715012 4.193557
47.690659 4.168087
47.675686 4.145440
47.659500 4.132907
47.658825 4.130832
47.653980 4.125997
47.623997 4.096087
47.577866 4.039866
47.570232 4.031602
47.535103 3.993558
47.486526 3.937026
47.428513 3.869500
47.400032 3.845455
47.377956 3.826811
47.307774 3.759331
47.296959 3.748931
47.287392 3.741500
47.261700 3.714627
47.248306 3.698426
47.218056 3.670830
47.215767 3.668741
47.205536 3.658084
47.197155 3.645598
47.182846 3.628929
47.167164 3.612479
47.138359 3.574306
47.137745 3.573670
47.104496 3.539316
47.072247 3.502956
47.050007 3.483042
47.023796 3.459572
47.004253 3.439870
46.968613 3.399109
46.962265 3.392483
46.911369 3.339317
46.877220 3.299228
46.872116 3.293234
46.836594 3.238896
46.806873 3.204157
46.801334 3.198667
46.751675 3.149434
46.743027 3.143154
46.712986 3.108836
46.674294 3.064625
46.624264 3.019371
46.604759 3.001728
46.575706 2.971820
46.536575 2.943209
46.529518 2.936570
46.516590 2.924413
46.496552 2.912289
46.460606 2.886461
46.446518 2.874154
46.431770 2.857838
46.405251 2.828497
46.380463 2.809890
46.345192 2.786594
46.338608 2.780559
46.336452 2.776736
46.332745 2.770158
46.330559 2.758178
46.326927 2.754697
46.319618 2.753026
46.310280 2.747888
46.301434 2.738842
46.297512 2.715576
46.295254 2.711877
46.282776 2.699581
46.261646 2.685848
46.259113 2.684201
46.249123 2.675145
46.228188 2.661857
46.216389 2.650256
46.191242 2.621520
46.176548 2.601153
46.172970 2.597631
46.170422 2.595121
46.167297 2.586123
46.156136 2.580508
46.141159 2.566578
46.126434 2.549891
46.119667 2.539022
46.117676 2.531185
46.104088 2.515197
46.090885 2.506141
46.076576 2.496329
46.064087 2.485871
46.029613 2.452451
46.001965 2.423229
45.998329 2.421044
45.979443 2.409692
45.958755 2.395251
45.936737 2.376657
45.928078 2.373361
45.898308 2.351938
45.894897 2.349856
45.878063 2.339570
45.835045 2.316877
45.833958 2.310888
45.831005 2.308562
45.817303 2.306599
45.811619 2.302639
45.806641 2.296844
45.801861 2.294271
45.793644 2.292818
45.789108 2.289583
45.757065 2.266730
45.722935 2.248023
45.690205 2.226107
45.684044 2.224671
45.682350 2.223649
45.673584 2.218366
45.660423 2.207437
45.652206 2.205982
45.646759 2.201332
45.638992 2.200801
45.596519 2.169823
45.575718 2.160604
45.565781 2.156201
45.519428 2.125415
45.495770 2.112776
45.475094 2.099014
45.468094 2.095630
45.452789 2.088226
45.441902 2.078926
45.429619 2.072371
45.394192 2.047430
45.379612 2.042233
45.359867 2.032804
45.348663 2.027452
45.331188 2.014178
45.319355 2.008316
45.303867 2.002419
45.289501 1.998832
45.257240 1.978285
45.249290 1.974754
45.236073 1.968883
45.226784 1.960285
45.210567 1.958749
45.207886 1.952514
45.203785 1.951095
45.197823 1.953336
45.193031 1.952140
45.181210 1.945587
45.159870 1.930432
45.140190 1.925237
45.131828 1.923030
45.120262 1.913949
45.114117 1.911359
45.103619 1.909647
45.092251 1.903327
45.086594 1.897752
45.074047 1.895099
45.063366 1.889016
45.056572 1.882740
45.030796 1.867552
45.028393 1.866136
45.000000 1.846600
44.973461 1.828340
44.960022 1.823607
44.930962 1.804462
44.924038 1.801860
44.917755 1.799501
44.880306 1.773832
44.816277 1.737161
44.813282 1.735445
44.761509 1.703418
44.756538 1.697619
44.753208 1.688159
44.750038 1.685597
44.742744 1.683683
44.730736 1.673674
44.716167 1.668236
44.715294 1.667507
44.691021 1.647285
44.680569 1.641659
44.669846 1.639939
44.659172 1.633621
44.640369 1.618253
44.621841 1.598289
44.616383 1.595703
44.614769 1.596080
44.607910 1.597684
44.604492 1.596498
44.582581 1.572590
44.568272 1.564624
44.551308 1.548354
44.540642 1.541575
44.525024 1.527618
44.516670 1.523305
44.512753 1.521281
44.492359 1.505434
44.472492 1.482925
44.418499 1.445505
44.403103 1.434833
44.370026 1.408964
44.357361 1.397335
44.326317 1.374015
44.319717 1.367612
44.302357 1.350770
44.282398 1.337683
44.250717 1.310217
44.227211 1.287436
44.225327 1.284784
44.220463 1.277939
44.217144 1.268249
44.167957 1.233925
44.135658 1.201623
44.135109 1.200033
44.132557 1.192626
44.134960 1.182080
44.132725 1.177689
44.120384 1.178243
44.109718 1.172379
44.051075 1.126915
44.048630 1.124235
44.037086 1.111592
44.021858 1.084764
44.017994 1.083343
44.011593 1.083961
44.004784 1.080208
43.978523 1.059921
43.960613 1.048690
43.956657 1.045127
43.937103 1.027514
43.936474 1.022452
43.942249 1.016542
43.938187 1.012360
43.924709 1.013128
43.917221 1.008907
43.899132 0.993307
43.871948 0.974157
43.870964 0.973610
43.846539 0.960082
43.831871 0.944979
43.825520 0.941460
43.810844 0.926817
43.796989 0.920455
43.781830 0.908563
43.771591 0.898458
43.760162 0.887177
43.751659 0.871915
43.746025 0.865876
43.714573 0.841619
43.689861 0.826630
43.677776 0.816940
43.655258 0.798889
43.622288 0.768180
43.588223 0.733782
43.585480 0.731465
43.558163 0.708390
43.547569 0.697009
43.532410 0.685804
43.513660 0.669273
43.496300 0.651151
43.491703 0.647882
43.486118 0.643910
43.433834 0.587932
43.401886 0.559958
43.400860 0.559057
43.376522 0.533272
43.319031 0.465149
43.293503 0.434894
43.257652 0.399554
43.240555 0.379597
43.233543 0.372865
43.207851 0.348198
43.161076 0.292746
43.148750 0.279960
43.122330 0.252547
43.095818 0.219617
43.089256 0.215174
43.081154 0.206119
43.064915 0.186473
43.039352 0.155552
42.993885 0.106776
42.980034 0.093638
42.971569 0.085607
42.896057 0.000000
42.885124 -0.012048
42.851326 -0.046667
42.843628 -0.051582
42.830254 -0.065533
42.804653 -0.092234
42.780052 -0.114573
42.764786 -0.134963
42.742336 -0.155108
42.716026 -0.178716
42.651295 -0.241950
42.651295 -0.241950
42.630531 -0.255894
42.623447 -0.260651
42.606522 -0.276469
42.599136 -0.288728
42.579567 -0.312844
42.569988 -0.332480
42.565643 -0.350676
42.558128 -0.352371
42.557720 -0.352887
42.556107 -0.354922
42.557053 -0.357668
42.561836 -0.356922
42.564171 -0.361259
42.561920 -0.364042
42.556442 -0.364106
42.552147 -0.367601
42.546421 -0.365831
42.538887 -0.365689
42.525928 -0.370204
42.518032 -0.377876
42.494720 -0.413981
42.484089 -0.424204
42.477795 -0.430257
42.474663 -0.435577
42.474949 -0.440627
42.478405 -0.443344
42.484364 -0.445112
42.486721 -0.451517
42.485619 -0.454976
42.479073 -0.461254
42.477562 -0.468623
42.474373 -0.469119
42.472042 -0.465011
42.473522 -0.455116
42.472328 -0.450765
42.469818 -0.450794
42.465530 -0.454749
42.457130 -0.458751
42.455132 -0.463599
42.445030 -0.477958
42.440605 -0.481145
42.421036 -0.495235
42.413589 -0.502672
42.405090 -0.517702
42.401241 -0.520503
42.390942 -0.537622
42.367195 -0.556733
42.359089 -0.566475
42.355972 -0.571763
42.352821 -0.577115
42.341969 -0.586199
42.337036 -0.594067
42.323971 -0.609150
42.317707 -0.620250
42.314629 -0.630394
42.296547 -0.646453
42.288067 -0.663323
42.281033 -0.670449
42.260082 -0.691672
42.255138 -0.698622
42.254280 -0.703457
42.255295 -0.711947
42.253506 -0.715414
42.242092 -0.715773
42.237331 -0.718584
42.234249 -0.728729
42.226337 -0.735712
42.221436 -0.746107
42.213783 -0.755845
42.207314 -0.761059
42.198170 -0.768429
42.187584 -0.781186
42.180183 -0.792989
42.164833 -0.808557
42.147869 -0.822996
42.145134 -0.823485
42.139599 -0.818722
42.137085 -0.818520
42.130756 -0.824565
42.115028 -0.833639
42.113289 -0.834642
42.106670 -0.834946
42.094307 -0.832555
42.079697 -0.832948
42.066936 -0.835617
42.058807 -0.843750
42.054691 -0.843336
42.049091 -0.832828
42.048340 -0.827091
42.054924 -0.803349
42.063225 -0.786156
42.065189 -0.782094
42.068260 -0.771259
42.082397 -0.749273
42.082073 -0.740774
42.077969 -0.741280
42.074364 -0.745685
42.072205 -0.756509
42.060249 -0.769510
42.048859 -0.792156
42.045471 -0.795640
42.038532 -0.795240
42.035419 -0.795061
42.029076 -0.799728
42.023369 -0.800020
42.017170 -0.796872
42.004387 -0.797702
41.999340 -0.795690
41.993095 -0.788404
41.992096 -0.781063
42.002117 -0.737982
41.999012 -0.725837
41.995331 -0.723350
41.992825 -0.724068
41.991032 -0.726844
41.988586 -0.732846
41.981728 -0.772674
41.980743 -0.786702
41.982197 -0.794270
41.987320 -0.802945
41.993092 -0.808397
42.000435 -0.811533
42.007744 -0.811683
42.023655 -0.805073
42.038242 -0.802614
42.042835 -0.804861
42.044964 -0.811272
42.040585 -0.827866
42.041340 -0.834062
42.043201 -0.837157
42.046696 -0.842965
42.054768 -0.850000
42.062286 -0.848308
42.071819 -0.843147
42.081161 -0.841204
42.085983 -0.843449
42.088543 -0.847557
42.089291 -0.853294
42.078407 -0.880302
42.073925 -0.887936
42.071556 -0.900603
42.061985 -0.902318
42.059151 -0.904991
42.051136 -0.912549
42.042385 -0.926436
42.037193 -0.931780
42.030624 -0.956673
42.025055 -0.969375
42.016251 -0.978666
42.006245 -0.982454
41.991322 -0.996178
41.986240 -1.002097
41.982754 -1.006156
41.978886 -1.007577
41.975670 -1.005774
41.973335 -1.001433
41.972584 -0.995695
41.979038 -0.980454
41.979450 -0.976313
41.977089 -0.969674
41.968739 -0.958274
41.966595 -0.950253
41.975113 -0.915686
41.972496 -0.906292
41.968887 -0.900513
41.968075 -0.899217
41.948448 -0.880357
41.936977 -0.875656
41.926697 -0.875309
41.920727 -0.872616
41.912971 -0.873390
41.911636 -0.876622
41.915115 -0.881410
41.920620 -0.883419
41.926102 -0.883589
41.933605 -0.880289
41.938633 -0.880694
41.944389 -0.884997
41.951382 -0.897560
41.961529 -0.905953
41.964802 -0.912582
41.965302 -0.916484
41.960716 -0.935379
41.959450 -0.961938
41.959423 -0.962513
41.961819 -0.972599
41.966488 -0.981512
41.967255 -0.988628
41.965126 -1.002672
41.968884 -1.011824
41.977604 -1.015406
41.980408 -1.020891
41.977741 -1.027586
41.962227 -1.049821
41.960228 -1.054670
41.959942 -1.069844
41.958252 -1.073071
41.950996 -1.086951
41.941486 -1.094641
41.926781 -1.127901
41.923393 -1.131616
41.916813 -1.135365
41.903259 -1.149305
41.898643 -1.165676
41.893265 -1.175160
41.891800 -1.176422
41.883533 -1.183541
41.880417 -1.190701
41.880016 -1.195992
41.882576 -1.200103
41.885792 -1.201677
41.901825 -1.184492
41.906139 -1.182376
41.908882 -1.182346
41.910080 -1.187390
41.908314 -1.192696
41.898804 -1.200616
41.893402 -1.208030
41.887062 -1.213156
41.875252 -1.219492
41.874760 -1.216279
41.876545 -1.212352
41.875896 -1.211471
41.873528 -1.208246
41.866028 -1.211776
41.863281 -1.211576
41.857998 -1.209105
41.851761 -1.202965
41.847092 -1.194050
41.845654 -1.187630
41.846245 -1.179348
41.841362 -1.171585
41.832150 -1.165018
41.821404 -1.164214
41.812687 -1.161090
41.805508 -1.152433
41.800129 -1.141227
41.796070 -1.146098
41.766560 -1.142737
41.764801 -1.144236
41.748001 -1.158567
41.737774 -1.163734
41.721237 -1.176783
41.702511 -1.198361
41.697128 -1.207613
41.692898 -1.217773
41.687637 -1.238288
41.698254 -1.226912
41.700642 -1.215392
41.710270 -1.197358
41.711452 -1.196296
41.740585 -1.170140
41.751923 -1.162203
41.772816 -1.150715
41.780113 -1.149487
41.798668 -1.153885
41.805851 -1.162773
41.816277 -1.166556
41.831085 -1.171926
41.832706 -1.174207
41.832767 -1.179723
41.831005 -1.185489
41.839443 -1.204708
41.843620 -1.231099
41.840981 -1.240323
41.834732 -1.253724
41.822811 -1.274606
41.801331 -1.312247
41.775284 -1.354140
41.752357 -1.378561
41.750210 -1.380848
41.747353 -1.391225
41.733170 -1.410690
41.719280 -1.436358
41.705124 -1.458582
41.697296 -1.474530
41.689484 -1.487270
41.660240 -1.534937
41.631451 -1.578010
41.619183 -1.585038
41.616276 -1.588202
41.615341 -1.589218
41.609528 -1.601236
41.598938 -1.615374
41.592674 -1.628318
41.593605 -1.629687
41.598866 -1.630092
41.600979 -1.635359
41.597862 -1.642980
41.592205 -1.648328
41.590134 -1.647201
41.586613 -1.638730
41.582504 -1.639232
41.575718 -1.645743
41.568787 -1.660302
41.567173 -1.662053
41.567173 -1.662053
41.567944 -1.591183
41.535393 -1.547963
41.504414 -1.506827
41.495613 -1.492409
41.491940 -1.490139
41.485245 -1.481683
41.481297 -1.473895
41.466766 -1.457222
41.459633 -1.447811
41.445980 -1.429791
41.398384 -1.363478
41.392166 -1.357318
41.389603 -1.351130
41.385590 -1.346063
41.351757 -1.303366
41.308968 -1.245904
41.291492 -1.222437
41.271854 -1.193848
41.234028 -1.144497
41.195477 -1.094191
41.168453 -1.055314
41.159073 -1.043123
41.086338 -0.948575
41.082439 -0.943011
41.033474 -0.873114
41.025887 -0.866044
41.007236 -0.842079
41.000988 -0.834049
40.999512 -0.717892
40.998795 -0.661484
40.998882 -0.591544
40.998894 -0.582212
40.999958 -0.571865
40.998825 -0.542005
41.000816 -0.502933
40.999447 -0.465361
40.998238 -0.432194
40.999989 -0.422073
40.997799 -0.403711
41.000011 -0.394047
40.999382 -0.340069
41.001408 -0.243585
41.000854 -0.213331
40.999481 -0.137724
41.000320 -0.128072
40.999062 -0.112006
41.000477 -0.087654
41.000515 0.000000
40.988632 0.014013
40.989307 0.093186
40.990963 0.106643
40.989265 0.119313
40.989368 0.128977
40.990093 0.197212
40.989727 0.255182
40.989071 0.358227
40.989250 0.381407
40.990246 0.507648
40.991245 0.633907
40.991379 0.650817
40.990005 0.722351
40.990204 0.760170
40.990879 0.886463
40.991287 0.963059
40.990372 1.012761
40.990105 1.027149
40.990425 1.139082
40.990788 1.265418
40.991150 1.391768
40.991512 1.518130
40.991802 1.619201
40.991646 1.644503
40.990955 1.757638
40.991154 1.770884
40.991482 1.792801
40.993832 1.823886
40.991287 1.831670
40.990711 1.896777
40.990314 1.941992
40.991760 2.017509
40.991650 2.023166
40.990269 2.095263
40.991436 2.109328
40.991337 2.149519
40.991020 2.275942
40.990913 2.319638
40.992081 2.333334
40.992085 2.402324
40.992092 2.528764
40.992100 2.655210
40.992107 2.781664
40.992111 2.829568
41.048115 2.884393
41.081230 2.916805
41.133541 2.970751
41.136936 2.974011
41.227936 3.061419
41.260128 3.092333
41.285679 3.115216
41.318718 3.149008
41.328129 3.158634
41.392414 3.251363
41.464394 3.355160
41.536388 3.458952
41.592529 3.539862
41.609184 3.562177
41.610645 3.564137
41.661449 3.639192
41.680939 3.666138
41.749001 3.760231
41.755424 3.768149
41.764553 3.779404
41.790577 3.819480
41.828049 3.871442
41.829750 3.873799
41.835384 3.879222
41.860188 3.912657
41.872883 3.936615
41.899078 3.975494
41.899078 3.975494
41.906902 3.978008
41.913086 3.990754
41.921425 3.994117
41.926399 4.002609
41.943459 4.016659
41.948956 4.027875
41.946091 4.044025
41.945992 4.044590
41.946224 4.055664
41.966911 4.080088
41.972679 4.079375
41.974216 4.080559
41.979053 4.095186
42.000000 4.093367
42.008709 4.101515
42.035347 4.132223
42.051136 4.151519
42.061089 4.161539
42.069023 4.168312
42.080158 4.175357
42.087669 4.179365
42.097744 4.179727
42.141510 4.179605
42.196739 4.178940
42.252380 4.181957
42.298634 4.184389
42.316948 4.185543
42.370975 4.189451
42.416504 4.194858
42.445549 4.199364
42.475525 4.202731
42.485828 4.203320
42.497524 4.202317
42.526619 4.202912
42.542633 4.204952
42.554531 4.206250
42.565716 4.209839
42.573936 4.212011
42.587875 4.215405
42.599495 4.220608
42.638268 4.235578
42.671543 4.250478
42.683411 4.254304
42.694366 4.257889
42.702362 4.260057
42.709904 4.261759
42.720203 4.262806
42.728901 4.263372
42.737602 4.263939
42.750198 4.264553
42.817337 4.264912
42.825100 4.267076
42.833309 4.270625
42.849014 4.279555
42.862419 4.289377
42.877628 4.301519
42.898048 4.318554
42.925659 4.348094
42.939674 4.364361
42.952099 4.379919
42.969238 4.403352
42.981163 4.422583
42.990162 4.436950
42.997551 4.451756
43.003395 4.461715
43.007217 4.467740
43.009666 4.473979
43.012321 4.482289
43.021236 4.523561
43.021866 4.528398
43.023849 4.535321
43.026062 4.542247
43.030334 4.549197
43.034790 4.560288
43.039085 4.565399
43.044281 4.572129
43.080143 4.602681
43.122452 4.631236
43.169582 4.659616
43.235188 4.696257
43.324322 4.741442
43.421467 4.788548
43.434925 4.794680
43.469185 4.806797
43.543434 4.831321
43.659065 4.868027
43.813858 4.909975
44.007584 4.958976
44.015137 4.960437
44.030281 4.959679
44.243202 4.950422
44.981743 4.917296
45.000000 4.936028
45.062347 5.000000
47.986179 8.000000
47.986179 8.000000
47.900002 8.000000
47.799999 8.000000
47.700001 8.000000
47.599998 8.000000
47.500000 8.000000
47.400002 8.000000
47.299999 8.000000
47.200001 8.000000
47.099998 8.000000
47.000000 8.000000
46.989700 8.000000
46.989674 8.003058
46.987793 8.003739
46.918633 8.028798
46.889309 8.037029
46.868099 8.044557
46.763138 8.081774
46.750206 8.085095
46.748486 8.085702
46.629078 8.127764
46.615452 8.131302
46.587700 8.141582
46.579128 8.146087
46.524128 8.162286
46.509205 8.167610
46.484116 8.176562
46.480629 8.179280
46.456139 8.185452
46.450802 8.188839
46.389908 8.208385
46.346275 8.222382
46.329834 8.229548
46.293991 8.240171
46.269955 8.248594
46.239380 8.259303
46.211853 8.267944
46.193367 8.271867
46.189411 8.275034
46.150063 8.287951
46.113739 8.299869
46.099129 8.307272
46.088512 8.308066
46.069069 8.314723
46.060719 8.318985
46.051708 8.320485
46.030422 8.327241
45.926945 8.360062
45.911640 8.366758
45.910282 8.367093
45.894756 8.370911
45.828949 8.395333
45.790310 8.407469
45.765732 8.415185
45.670326 8.448129
45.665169 8.449908
45.656155 8.451166
45.611641 8.467788
45.550179 8.487820
45.529140 8.494673
45.513405 8.498129
45.494152 8.505668
45.481659 8.508019
45.429344 8.525360
45.309021 8.565199
45.257675 8.582180
45.238914 8.586724
45.188282 8.603647
45.123154 8.625397
45.101093 8.634014
45.068245 8.644347
45.001568 8.665309
45.000000 8.666076
44.991100 8.670425
44.948059 8.684394
44.866928 8.710700
44.830776 8.719888
44.804909 8.732884
44.792870 8.734983
44.781002 8.740300
44.707344 8.766075
44.692028 8.771430
44.586906 8.805899
44.556839 8.815749
44.525692 8.826693
44.520081 8.830499
44.502453 8.834556
44.466911 8.846019
44.444366 8.853287
44.379028 8.876470
44.346561 8.886117
44.320717 8.893794
44.270710 8.911488
44.252838 8.915754
44.234459 8.922536
44.225872 8.925004
44.179623 8.938288
44.104954 8.963490
44.038422 8.985927
44.033794 8.986068
44.005856 8.996557
43.988792 9.010769
43.985641 9.013393
43.897312 9.100441
43.885616 9.113654
43.884277 9.115259
43.871868 9.130152
43.809277 9.194377
43.796978 9.206948
43.769817 9.234707
43.765602 9.237149
43.707558 9.296466
43.667492 9.337391
43.665565 9.341027
43.663239 9.341669
43.656815 9.350039
43.646687 9.358332
43.607273 9.358926
43.601540 9.359013
43.593864 9.360692
43.565605 9.372743
43.534870 9.381063
43.519924 9.387183
43.491375 9.401518
43.489147 9.403248
43.468304 9.419412
43.445522 9.444892
43.432224 9.470801
43.417294 9.504577
43.413708 9.512683
43.410255 9.532829
43.404877 9.545811
43.398239 9.552792
43.375179 9.569072
43.371319 9.576112
43.360672 9.586224
43.341553 9.598605
43.340622 9.600288
43.324787 9.606131
43.306900 9.608272
43.299194 9.611092
43.289581 9.657529
43.283726 9.690647
43.269947 9.768551
43.269058 9.787375
43.262985 9.815100
43.256874 9.842637
43.181812 9.882671
43.168484 9.888139
43.162148 9.890739
43.149891 9.899430
43.145264 9.898868
43.144478 9.892646
43.138130 9.886299
43.128853 9.886322
43.115349 9.888779
43.099865 9.896477
43.089474 9.904517
43.085896 9.908804
43.076382 9.933191
43.065182 9.961888
43.061817 9.966868
43.048901 10.000000
43.029243 10.050415
43.017399 10.080784
43.010651 10.091434
43.000000 10.101205
42.993210 10.105674
42.978626 10.117047
42.943226 10.151431
42.942001 10.152531
42.881149 10.207111
42.865295 10.224256
42.858326 10.234070
42.853359 10.242536
42.832630 10.277876
42.804829 10.351845
42.803246 10.358213
42.791851 10.404099
42.763077 10.456706
42.756905 10.471560
42.756119 10.474691
42.746670 10.512256
42.739437 10.521154
42.731651 10.526386
42.716869 10.530394
42.704048 10.538956
42.698399 10.546208
42.695415 10.558231
42.690392 10.572301
42.683167 10.592532
42.683010 10.606332
42.685017 10.612955
42.692963 10.625196
42.703201 10.636006
42.722607 10.651212
42.738667 10.677090
42.766525 10.721973
42.788574 10.750683
42.797497 10.764509
42.810883 10.780304
42.811268 10.780853
42.840935 10.822856
42.855709 10.838158
42.864223 10.854292
42.870438 10.861279
42.876255 10.871494
42.885540 10.883098
42.910046 10.913726
42.931324 10.947962
42.961639 10.984409
42.985897 11.021903
42.996628 11.042582
43.000000 11.054948
43.254692 11.469596
43.254692 11.469596
43.258633 11.467437
43.273521 11.468916
43.287468 11.470833
43.293102 11.469118
43.297428 11.463466
43.301670 11.461490
43.305851 11.462272
43.306942 11.465514
43.306152 11.469405
43.300064 11.480767
43.297211 11.483233
43.284534 11.486862
43.286335 11.489661
43.290516 11.490443
43.302296 11.485186
43.307560 11.479322
43.313660 11.467762
43.315113 11.465004
43.320187 11.447182
43.331154 11.426270
43.334438 11.425423
43.343590 11.432980
43.345730 11.431188
43.354286 11.413671
43.386669 11.383567
43.390953 11.379751
43.409985 11.383383
43.427567 11.378934
43.430904 11.375558
43.431782 11.367530
43.438393 11.363764
43.447338 11.359818
43.455212 11.351710
43.459648 11.351345
43.478149 11.357719
43.486843 11.365032
43.498360 11.371256
43.503269 11.370670
43.504505 11.367478
43.492088 11.359857
43.483696 11.349331
43.482109 11.336882
43.479488 11.329009
43.480350 11.321671
43.485458 11.312123
43.486588 11.303181
43.493401 11.290221
43.493687 11.266776
43.496067 11.243607
43.499825 11.231731
43.502327 11.226811
43.516140 11.199662
43.517982 11.190045
43.521400 11.182990
43.528973 11.177633
43.532722 11.176564
43.539997 11.178284
43.527672 11.183814
43.524811 11.186742
43.528034 11.188419
43.553818 11.181149
43.555962 11.178895
43.557991 11.171794
43.565044 11.147130
43.574806 11.126644
43.584206 11.112128
43.598595 11.082314
43.615032 11.059671
43.625713 11.044949
43.647022 11.007000
43.658985 10.991846
43.674469 10.964580
43.683113 10.952993
43.692200 10.940807
43.730247 10.902510
43.768433 10.859020
43.789135 10.835436
43.838345 10.784709
43.857079 10.767385
43.929497 10.706304
43.953068 10.684697
43.956745 10.681327
43.977623 10.672083
43.995029 10.662081
44.046772 10.620564
44.057842 10.613575
44.064442 10.608725
44.081886 10.584926
44.096088 10.571868
44.110226 10.562025
44.117512 10.558027
44.130795 10.555984
44.140388 10.552718
44.148621 10.547588
44.184277 10.518614
44.201683 10.507680
44.207138 10.502037
44.218021 10.491259
44.234417 10.475020
44.258244 10.454268
44.288181 10.431380
44.320263 10.417723
44.356731 10.404814
44.366558 10.401335
44.410397 10.391789
44.447613 10.400965
44.481556 10.399045
44.509769 10.392882
44.522858 10.388288
44.541225 10.387004
44.554569 10.381033
44.564583 10.379601
44.594471 10.383342
44.606037 10.382663
44.615623 10.382101
44.622536 10.385208
44.638271 10.388239
44.652473 10.399056
44.658703 10.401463
44.697800 10.409947
44.716354 10.411182
44.725765 10.417548
44.752182 10.420983
44.759647 10.419041
44.762005 10.417012
44.776630 10.417257
44.783165 10.415529
44.794067 10.416171
44.798191 10.419457
44.801670 10.419745
44.808460 10.416641
44.821201 10.418463
44.827484 10.417647
44.843403 10.410327
44.862236 10.409029
44.880627 10.406344
44.881577 10.405210
44.883183 10.406386
44.919849 10.407905
44.943489 10.410817
44.961033 10.417076
44.995594 10.433490
45.000000 10.437161
45.001781 10.438645
45.005383 10.445598
45.004169 10.448565
45.000000 10.449644
44.992558 10.448610
44.986134 10.443681
44.985397 10.443556
44.983124 10.443172
44.982388 10.445689
44.985554 10.450796
45.000000 10.455933
45.005180 10.457775
45.023376 10.467029
45.047867 10.475002
45.064640 10.486069
45.074188 10.498860
45.082436 10.506115
45.084751 10.506381
45.087971 10.508499
45.129440 10.515582
45.144688 10.520875
45.163086 10.532650
45.185024 10.541032
45.210888 10.551080
45.233253 10.561993
45.242435 10.569026
45.256382 10.583716
45.269794 10.602535
45.283798 10.616327
45.296577 10.628909
45.324451 10.660123
45.339046 10.663096
45.360226 10.661340
45.391716 10.661800
45.395317 10.661853
45.406033 10.660399
45.421803 10.662697
45.440174 10.662272
45.460602 10.663945
45.466831 10.667023
45.480064 10.683761
45.490692 10.688278
45.509083 10.690682
45.514359 10.691372
45.518280 10.693266
45.532936 10.708413
45.555389 10.715163
45.564838 10.720812
45.571968 10.726197
45.576702 10.736377
45.583801 10.743831
45.591568 10.758679
45.592400 10.760269
45.597214 10.764933
45.618134 10.765450
45.631554 10.770232
45.658348 10.782781
45.671082 10.786861
45.681465 10.792518
45.705181 10.809387
45.715538 10.817112
45.755589 10.830287
45.758347 10.832623
45.767872 10.850447
45.773823 10.857421
45.780289 10.860724
45.791348 10.861929
45.801888 10.863077
45.807411 10.867517
45.810204 10.867323
45.819859 10.858714
45.840508 10.845421
45.854546 10.839396
45.857864 10.834842
45.859390 10.825208
45.862251 10.819959
45.865776 10.817245
45.873447 10.817344
45.883766 10.811040
45.885357 10.813819
45.882843 10.818386
45.868431 10.827393
45.864876 10.832174
45.865528 10.835630
45.878551 10.835797
45.911999 10.821513
45.955391 10.793560
45.974625 10.781158
45.994911 10.776814
46.023064 10.775553
46.041645 10.769967
46.048038 10.768044
46.096939 10.762431
46.111576 10.763526
46.167637 10.775032
46.168629 10.775236
46.206001 10.780730
46.236233 10.780392
46.245342 10.777048
46.262241 10.763911
46.286350 10.750626
46.291973 10.747011
46.297859 10.740643
46.320534 10.710559
46.344723 10.689685
46.352417 10.687702
46.374672 10.687436
46.382408 10.687344
46.398048 10.681540
46.407818 10.681685
46.415730 10.680124
46.449661 10.680721
46.492950 10.696584
46.497723 10.699134
46.518833 10.710418
46.579342 10.725758
46.588390 10.727459
46.610249 10.727223
46.619976 10.730540
46.628540 10.734304
46.640846 10.735578
46.666786 10.745031
46.689873 10.760891
46.706097 10.765878
46.716911 10.776786
46.722706 10.778682
46.741928 10.785995
46.758587 10.794430
46.771111 10.797769
46.781006 10.807747
46.800156 10.815697
46.807640 10.818803
46.815689 10.827843
46.827751 10.831175
46.834454 10.835375
46.839481 10.844386
46.845703 10.850190
46.862179 10.854252
46.870510 10.858465
46.880390 10.870739
46.888485 10.875870
46.897892 10.889057
46.900887 10.892073
46.910168 10.894686
46.921326 10.895476
46.926411 10.898741
46.933727 10.912138
46.937664 10.914013
46.955822 10.912796
46.962551 10.914696
46.972240 10.923286
46.984776 10.926615
46.992870 10.931744
46.998398 10.937538
47.002586 10.944375
47.008026 10.953252
47.011940 10.957654
47.017262 10.960688
47.030758 10.960576
47.050278 10.963503
47.062759 10.972804
47.082977 10.975734
47.099659 10.983690
47.107494 10.992513
47.108788 10.997941
47.112652 11.014140
47.118629 11.022465
47.142204 11.041049
47.144711 11.047276
47.146008 11.058780
47.150398 11.062493
47.194050 11.077856
47.217930 11.086257
47.238789 11.096997
47.256336 11.114375
47.276093 11.118437
47.294170 11.128231
47.307243 11.131467
47.309505 11.132027
47.334080 11.145086
47.355206 11.153061
47.378212 11.158520
47.392338 11.168278
47.403271 11.169738
47.422089 11.175392
47.443027 11.173090
47.445629 11.172803
47.456066 11.178164
47.460949 11.179119
47.474003 11.177373
47.490978 11.180711
47.506344 11.181048
47.535477 11.177801
47.548771 11.174674
47.557426 11.169446
47.564327 11.162726
47.576889 11.150499
47.596306 11.137527
47.610325 11.130264
47.626480 11.117729
47.641899 11.109784
47.666454 11.093622
47.669800 11.092192
47.674393 11.090225
47.684410 11.089140
47.699768 11.089696
47.720455 11.094652
47.764107 11.111929
47.792339 11.119419
47.802223 11.122040
47.818317 11.116848
47.844643 11.114013
47.864223 11.110217
47.881214 11.111003
47.913509 11.121756
47.916813 11.122087
47.925606 11.122971
47.940540 11.117076
47.971764 11.112416
47.986874 11.116404
48.007607 11.114213
48.024597 11.114989
48.042034 11.119445
48.058304 11.124353
48.073669 11.123971
48.092216 11.128533
48.092735 11.128661
48.099728 11.127545
48.107662 11.123906
48.122307 11.127884
48.135593 11.124958
48.153500 11.129180
48.174603 11.145826
48.185280 11.152540
48.190830 11.160380
48.201088 11.171295
48.207970 11.178617
48.223534 11.186729
48.234646 11.200800
48.241611 11.204508
48.288147 11.213440
48.300697 11.219238
48.311573 11.226409
48.317184 11.230108
48.324600 11.238873
48.337364 11.248808
48.346401 11.259877
48.354988 11.267266
48.360104 11.269814
48.386181 11.272444
48.393139 11.279136
48.404079 11.280787
48.419060 11.280664
48.462086 11.280308
48.474190 11.282649
48.487213 11.288211
48.517433 11.305782
48.529999 11.309731
48.540257 11.310298
48.543274 11.310465
48.574974 11.305969
48.604092 11.306978
48.619453 11.310932
48.645981 11.321583
48.662052 11.322548
48.665138 11.321383
48.701939 11.307487
48.716152 11.305456
48.773739 11.290661
48.787830 11.286118
48.793556 11.284271
48.818745 11.273296
48.836708 11.262763
48.857918 11.256373
48.879604 11.246534
48.906651 11.241198
48.924576 11.237659
48.955318 11.238403
48.983955 11.244659
49.014912 11.254593
49.027493 11.254382
49.031914 11.255538
49.051231 11.263842
49.080574 11.268019
49.109680 11.274952
49.143917 11.278668
49.154163 11.280978
49.173492 11.286056
49.183502 11.290202
49.193752 11.289752
49.216110 11.296207
49.239635 11.298525
49.272934 11.312799
49.281319 11.317632
49.290630 11.325222
49.295982 11.332810
49.299477 11.334191
49.309494 11.333736
49.319981 11.330754
49.320881 11.330654
49.334427 11.329151
49.386150 11.327788
49.422028 11.333541
49.435307 11.339747
49.443691 11.347793
49.445553 11.353999
49.464661 11.359285
49.470249 11.364112
49.474209 11.373306
49.499142 11.376061
49.509396 11.380886
49.528503 11.402719
49.546917 11.439490
49.553211 11.445464
49.554817 11.445871
49.575821 11.451201
49.593769 11.451882
49.602627 11.453716
49.628735 11.453701
49.640156 11.457831
49.655773 11.458969
49.665802 11.465628
49.677925 11.471364
49.692150 11.477329
49.703449 11.472231
49.724308 11.462817
49.742718 11.457972
49.762066 11.456342
49.795399 11.457911
49.805420 11.456289
49.824070 11.457415
49.828487 11.458486
49.844822 11.462443
49.861378 11.468165
49.899635 11.489254
49.911770 11.498888
49.917133 11.498650
49.925514 11.490590
49.931805 11.487361
49.939487 11.480682
49.941124 11.484127
49.939964 11.488727
49.925056 11.496107
49.924126 11.497949
49.927166 11.504609
49.932068 11.507588
49.939529 11.509415
49.954918 11.509157
49.969364 11.503614
49.979851 11.501756
49.996376 11.502125
50.000000 11.502206
50.000000 11.502206
50.008293 11.502390
50.029972 11.500966
50.064014 11.503652
50.078476 11.506838
50.089211 11.510950
50.100651 11.519429
50.111855 11.524690
50.116402 11.530373
50.122139 11.537538
50.137527 11.537041
50.147339 11.545521
50.156677 11.550554
50.167179 11.553976
50.183975 11.556001
50.193546 11.560573
50.209866 11.559839
50.215698 11.561662
50.231102 11.572284
50.234623 11.574712
50.260525 11.580614
50.269859 11.584265
50.276173 11.589533
50.280628 11.598484
50.289280 11.606274
50.301426 11.613593
50.318932 11.618366
50.341183 11.629176
50.356541 11.636636
50.378277 11.651505
50.387623 11.656301
50.417507 11.664245
50.431526 11.670403
50.452156 11.688829
50.471775 11.706347
50.483719 11.719866
50.492863 11.731555
50.513058 11.767108
50.521286 11.784317
50.527607 11.789120
50.531128 11.794852
50.536556 11.811381
50.539310 11.824293
50.541309 11.833660
50.546734 11.848351
50.552856 11.862808
50.561550 11.877715
50.562450 11.883680
50.554768 11.874754
50.541367 11.849751
50.537128 11.839883
50.534168 11.828640
50.525768 11.796712
50.522495 11.796035
50.521809 11.799715
50.539307 11.860103
50.550571 11.880907
50.552471 11.884418
50.558804 11.891977
50.581528 11.912115
50.589947 11.915528
50.603523 11.924438
50.623150 11.927114
50.627369 11.931005
50.630199 11.938807
50.632545 11.940866
50.638382 11.940842
50.653416 11.937519
50.673378 11.933105
50.707054 11.945369
50.726475 11.954016
50.736294 11.956039
50.753136 11.962398
50.765991 11.964866
50.773682 11.970447
50.776066 11.972175
50.787746 11.973268
50.793373 11.977839
50.791981 11.979914
50.779842 11.980661
50.771885 11.977481
50.765549 11.970385
50.762985 11.972006
50.769573 11.982089
50.773785 11.984367
50.791538 11.985203
50.798771 11.983559
50.805759 11.979387
50.819939 11.965297
50.831345 11.957425
50.851376 11.946981
50.858601 11.943727
50.892899 11.938725
50.904114 11.939816
50.920185 11.931227
50.955860 11.921843
50.973373 11.913868
51.000813 11.901368
51.017796 11.890240
51.054352 11.872562
51.064384 11.871585
51.084938 11.872845
51.091164 11.871675
51.100094 11.869998
51.115738 11.870364
51.140270 11.873895
51.145397 11.872254
51.161446 11.862273
51.168877 11.855560
51.182152 11.850652
51.211597 11.844084
51.215023 11.843320
51.232246 11.835395
51.245785 11.835308
51.263096 11.841403
51.273136 11.841798
51.281048 11.838068
51.284756 11.833676
51.286793 11.823778
51.284611 11.811609
51.272926 11.788212
51.266644 11.775638
51.258636 11.764195
51.256721 11.756622
51.258255 11.740981
51.255627 11.731113
51.247387 11.719444
51.244541 11.712336
51.254227 11.694573
51.255348 11.687441
51.252945 11.676652
51.251038 11.672592
51.240650 11.650526
51.228252 11.644629
51.225433 11.641889
51.219269 11.625377
51.215744 11.621262
51.207088 11.617178
51.187080 11.587420
51.174442 11.576655
51.173954 11.576239
51.164787 11.564571
51.157486 11.552433
51.149689 11.535011
51.124779 11.502291
51.119823 11.491746
51.120026 11.486917
51.123009 11.478395
51.123180 11.468050
51.123428 11.466965
51.125454 11.458152
51.120617 11.428528
51.111858 11.405134
51.112762 11.400302
51.106186 11.391376
51.088051 11.348499
51.083977 11.338868
51.079895 11.317515
51.077911 11.296150
51.080864 11.283260
51.078018 11.274312
51.073990 11.262383
51.075844 11.219848
51.077206 11.213634
51.086369 11.186917
51.096283 11.169620
51.100212 11.164080
51.108330 11.158038
51.111107 11.155971
51.135990 11.150993
51.148331 11.151149
51.157852 11.146493
51.169975 11.149407
51.176949 11.147065
51.179256 11.144063
51.180389 11.138769
51.178482 11.131426
51.175484 11.127342
51.160172 11.106484
51.158012 11.095695
51.132305 11.038847
51.125862 11.012234
51.124195 11.005339
51.116600 10.939878
51.119137 10.896651
51.121174 10.886756
51.122746 10.877093
51.125164 10.813643
51.129398 10.760719
51.129929 10.754087
51.127422 10.722845
51.131313 10.672949
51.133617 10.669258
51.142197 10.665989
51.145409 10.659304
51.147545 10.641934
51.150951 10.614224
51.167709 10.579648
51.169300 10.573664
51.165768 10.566331
51.160412 10.563836
51.146450 10.560245
51.123909 10.559691
51.120735 10.558474
51.115063 10.556297
51.105267 10.549921
51.102913 10.544649
51.104061 10.542344
51.109615 10.538864
51.110302 10.536561
51.105640 10.533832
51.104694 10.531539
51.107433 10.523020
51.104851 10.518438
51.110161 10.512432
51.110580 10.505075
51.108196 10.494288
51.101624 10.482147
51.092720 10.468871
51.084549 10.461565
51.082062 10.461163
51.057121 10.457129
51.039932 10.456768
51.032246 10.452676
51.026638 10.446273
51.025917 10.442141
51.029846 10.438441
51.030060 10.435223
51.031151 10.422348
51.029484 10.415233
51.022087 10.421479
51.019302 10.421725
51.017200 10.419669
51.019726 10.414139
51.018993 10.407709
51.021767 10.404936
51.029671 10.406959
51.037781 10.403695
51.042660 10.404357
51.055958 10.415081
51.063641 10.418714
51.087341 10.421332
51.091007 10.422314
51.120132 10.430100
51.136848 10.429310
51.183319 10.433391
51.217396 10.431437
51.228352 10.430808
51.233704 10.432153
51.235584 10.436048
51.233528 10.441576
51.228443 10.445056
51.227322 10.451957
51.223850 10.453358
51.221954 10.447855
51.212063 10.462626
51.196571 10.473984
51.193813 10.478827
51.192230 10.485731
51.194607 10.494679
51.199528 10.502003
51.200500 10.509121
51.200100 10.511611
51.198711 10.520163
51.197124 10.526608
51.182812 10.541635
51.175472 10.557078
51.177582 10.560513
51.181522 10.558879
51.192085 10.538130
51.199242 10.531190
51.218475 10.523485
51.226910 10.515663
51.236694 10.506586
51.250397 10.501448
51.259644 10.494723
51.272865 10.491650
51.291367 10.479347
51.299934 10.475614
51.309685 10.474629
51.318485 10.470663
51.329403 10.470820
51.340939 10.475706
51.351295 10.480094
51.364773 10.480920
51.374519 10.479704
51.387959 10.474785
51.390491 10.472010
51.392040 10.460508
51.398018 10.451734
51.412361 10.443359
51.413033 10.439678
51.404800 10.424568
51.401714 10.414938
51.398170 10.412056
51.396111 10.410381
51.392750 10.394548
51.389702 10.389744
51.383400 10.384962
51.375259 10.383410
51.372929 10.381587
51.371040 10.377464
51.375134 10.364797
51.373955 10.362047
51.360302 10.368805
51.351002 10.366342
51.348221 10.367280
51.340607 10.374226
51.336205 10.375634
51.331562 10.375896
51.320858 10.372291
51.316944 10.372521
51.303219 10.373328
51.289257 10.368365
51.284855 10.369543
51.276993 10.375111
51.268414 10.376315
51.265415 10.379553
51.263821 10.384618
51.268349 10.402743
51.266766 10.409418
51.262379 10.413123
51.244785 10.421741
51.229607 10.422584
51.212051 10.423558
51.177422 10.418490
51.161625 10.417668
51.109772 10.405343
51.103863 10.404675
51.084679 10.402505
51.066303 10.396867
51.047024 10.395829
51.015839 10.382218
50.985607 10.363365
50.972744 10.355342
50.949684 10.341220
50.936420 10.335316
50.899151 10.310005
50.897041 10.305421
50.894855 10.270151
50.894012 10.256492
50.895706 10.224313
50.902267 10.190960
50.901997 10.182919
50.895576 10.145041
50.893867 10.134938
50.890553 10.121859
50.883743 10.104660
50.882072 10.095708
50.886150 10.075698
50.887657 10.052713
50.895866 10.024869
50.896008 10.022301
50.896290 10.017056
50.894634 10.010171
50.896660 10.000000
50.898254 9.992002
50.892178 9.982153
50.886292 9.964723
50.879383 9.926849
50.872593 9.900637
50.869934 9.890368
50.868240 9.876133
50.865437 9.871323
50.853092 9.858520
50.851448 9.854623
50.842129 9.795857
50.832169 9.747664
50.834888 9.734787
50.834000 9.721695
50.833889 9.720090
50.829414 9.704262
50.830051 9.692313
50.828373 9.680146
50.820671 9.667320
50.823868 9.657427
50.817513 9.636096
50.807007 9.617082
50.805546 9.602388
50.800587 9.581510
50.798641 9.560616
50.802067 9.550723
50.801315 9.538782
50.804729 9.526133
50.803974 9.513274
50.806004 9.501550
50.811058 9.493486
50.816128 9.489098
50.822567 9.485387
50.828590 9.481915
50.838062 9.478653
50.843361 9.473803
50.846561 9.465748
50.843277 9.455888
50.829960 9.429312
50.827129 9.417613
50.810081 9.384624
50.807625 9.380925
50.790749 9.355552
50.772152 9.335201
50.763519 9.318247
50.745602 9.294448
50.738174 9.287593
50.729137 9.284163
50.719643 9.280560
50.705250 9.267994
50.687798 9.241664
50.671551 9.227268
50.661560 9.214683
50.655041 9.203459
50.651978 9.189693
50.645664 9.172499
50.644222 9.158498
50.645100 9.146553
50.650360 9.133212
50.651226 9.118973
50.649582 9.108877
50.647194 9.094192
50.640888 9.076998
50.621376 9.051365
50.603783 9.043173
50.586395 9.027632
50.574764 9.007244
50.561321 8.995131
50.546036 8.985318
50.502483 8.949442
50.494701 8.942396
50.471436 8.921320
50.464016 8.911934
50.450809 8.899355
50.445721 8.896849
50.443398 8.893184
50.443378 8.886756
50.439892 8.880340
50.428070 8.866149
50.422726 8.856297
50.417408 8.853101
50.414383 8.846454
50.412266 8.834294
50.407852 8.826046
50.404709 8.780834
50.403660 8.778667
50.397507 8.765938
50.387756 8.748297
50.382549 8.706308
50.379517 8.696218
50.374187 8.689580
50.367714 8.684552
50.354290 8.671514
50.338539 8.650218
50.330402 8.629587
50.325703 8.599766
50.327969 8.586217
50.332790 8.578629
50.333923 8.570822
50.332951 8.554989
50.331799 8.554304
50.332020 8.550860
50.324772 8.534183
50.306061 8.506420
50.291718 8.489482
50.281555 8.483316
50.275997 8.473695
50.272915 8.471006
50.244568 8.446249
50.234852 8.433886
50.228600 8.423118
50.223946 8.405003
50.219090 8.399051
50.211010 8.393566
50.203384 8.386015
50.196209 8.374331
50.191349 8.365625
50.185551 8.350038
50.184826 8.336502
50.183201 8.331917
50.169361 8.326447
50.162205 8.319812
50.156879 8.309959
50.155010 8.298263
50.153614 8.292759
50.147144 8.283598
50.145500 8.269148
50.146160 8.256527
50.143604 8.245750
50.137592 8.236130
50.129215 8.198525
50.114361 8.183389
50.112598 8.181589
50.075455 8.150476
50.062069 8.136513
50.055153 8.131940
50.045471 8.126914
50.018051 8.116650
50.000000 8.105489
49.984398 8.095842
49.951481 8.062712
49.933899 8.045012
49.905998 8.012488
49.892075 8.000000
