> united_arab_emirates 0
52.854206 24.939646
52.857861 24.940893
52.864826 24.926567
52.863029 24.921497
52.859005 24.923071
52.857315 24.930159
52.851456 24.936020
52.854206 24.939646
> united_arab_emirates 1
53.073864 24.862219
53.067963 24.864487
53.053387 24.883371
53.051834 24.898462
53.053902 24.902229
53.069859 24.900171
53.078430 24.885387
53.073864 24.862219
> united_arab_emirates 2
54.724869 24.832369
54.721348 24.832487
54.723431 24.837143
54.731300 24.841751
54.740265 24.843868
54.742378 24.841181
54.740211 24.838587
54.733479 24.837229
54.724869 24.832369
> united_arab_emirates 3
54.748474 24.799133
54.739159 24.799761
54.736572 24.801746
54.733189 24.811510
54.736801 24.822412
54.737286 24.829544
54.740108 24.834682
54.746754 24.831675
54.754749 24.832844
54.755581 24.830803
54.752758 24.825665
54.751724 24.819664
54.746872 24.815151
54.748184 24.806929
54.756149 24.802128
54.748474 24.799133
> united_arab_emirates 4
52.558331 24.797140
52.563808 24.801529
52.569366 24.802008
52.575249 24.798567
52.580761 24.786867
52.573750 24.776335
52.569492 24.776726
52.558208 24.794388
52.558331 24.797140
> united_arab_emirates 5
54.656261 24.730274
54.649372 24.722326
54.645958 24.721844
54.653175 24.730850
54.656261 24.730274
> united_arab_emirates 6
54.585144 24.665165
54.564991 24.647984
54.560051 24.645987
54.557964 24.647984
54.573418 24.663406
54.581856 24.664783
54.598694 24.677999
54.601498 24.676943
54.603428 24.672415
54.602013 24.670073
54.585144 24.665165
> united_arab_emirates 7
54.595406 24.588150
54.585732 24.591967
54.579487 24.591307
54.576153 24.593264
54.574310 24.595497
54.572090 24.604156
54.570168 24.611658
54.563137 24.624741
54.564747 24.628466
54.576496 24.629538
54.579197 24.631002
54.581650 24.638885
54.583858 24.640106
54.586929 24.638599
54.588207 24.631525
54.593609 24.628027
54.603931 24.626986
54.596523 24.623991
54.591198 24.618998
54.588711 24.612032
54.590408 24.607038
54.596169 24.600798
54.599430 24.594248
54.598553 24.591007
54.595406 24.588150
> united_arab_emirates 8
54.548862 24.604996
54.535938 24.608473
54.528793 24.605255
54.527752 24.605152
54.518303 24.604221
54.507488 24.605011
54.499367 24.607496
54.494675 24.611931
54.497116 24.613619
54.512142 24.614117
54.519985 24.618736
54.530796 24.630796
54.539207 24.633827
54.543491 24.633280
54.545639 24.629679
54.544762 24.626436
54.535061 24.618084
54.535641 24.616037
54.547890 24.610701
54.550007 24.607786
54.548862 24.604996
> united_arab_emirates 9
51.725758 24.579142
51.722477 24.584538
51.719402 24.596348
51.728935 24.602938
51.734138 24.601164
51.735455 24.596069
51.741455 24.595419
51.745892 24.593210
51.745838 24.578281
51.740025 24.570427
51.738510 24.563356
51.735874 24.559994
51.731434 24.568863
51.734005 24.577280
51.737434 24.581764
51.729675 24.589132
51.726894 24.588531
51.725571 24.586735
51.725758 24.579142
> united_arab_emirates 10
54.451481 24.506981
54.431438 24.513193
54.427296 24.516497
54.405674 24.524488
54.401283 24.527782
54.401680 24.530319
54.407280 24.534410
54.416641 24.538399
54.437614 24.552877
54.446323 24.563452
54.460564 24.580729
54.466408 24.585054
54.468277 24.582134
54.466671 24.578407
54.461170 24.571798
54.459591 24.567385
54.451427 24.558390
54.447750 24.537611
54.443920 24.533121
54.437931 24.532461
54.436512 24.530348
54.438412 24.526739
54.452099 24.516642
54.453781 24.512108
54.453186 24.508186
54.451481 24.506981
> united_arab_emirates 11
54.563213 24.558643
54.559696 24.558758
54.549248 24.563236
54.528770 24.561188
54.522682 24.563051
54.519840 24.565254
54.519981 24.568012
54.510975 24.573912
54.511364 24.576679
54.521183 24.575626
54.536415 24.570848
54.546391 24.572094
54.551285 24.568811
54.558071 24.568344
54.561890 24.566862
54.564617 24.561214
54.563213 24.558643
> united_arab_emirates 12
54.473091 24.568295
54.465981 24.568497
54.465874 24.570763
54.477962 24.571899
54.482319 24.569519
54.480629 24.567856
54.473091 24.568295
> united_arab_emirates 13
52.301964 24.534126
52.307835 24.536442
52.312675 24.544079
52.317455 24.544365
52.330750 24.532396
52.333946 24.524929
52.340023 24.520344
52.341053 24.503307
52.336281 24.491306
52.328018 24.479891
52.320599 24.464539
52.318115 24.471060
52.312996 24.476898
52.308544 24.481974
52.303181 24.485613
52.296188 24.486324
52.290649 24.491808
52.289436 24.498741
52.282894 24.510233
52.293697 24.522480
52.299664 24.533062
52.301964 24.534126
> united_arab_emirates 14
54.517986 24.529619
54.511730 24.529411
54.509026 24.534372
54.510822 24.539709
54.514809 24.540300
54.520920 24.544174
54.526741 24.542759
54.528358 24.539829
54.525063 24.534443
54.517986 24.529619
> united_arab_emirates 15
54.476925 24.528717
54.471264 24.532429
54.467030 24.538025
54.467903 24.541267
54.471092 24.542980
54.475857 24.542910
54.482224 24.540367
54.492046 24.532890
54.491394 24.530344
54.476925 24.528717
> united_arab_emirates 16
54.435337 24.441910
54.443768 24.440908
54.464417 24.433975
54.463020 24.432177
54.457298 24.433239
54.457039 24.431282
54.472229 24.426434
54.477161 24.422009
54.479202 24.414734
54.477467 24.408020
54.475121 24.406786
54.472809 24.405571
54.468273 24.406336
54.456730 24.413294
54.440704 24.419641
54.430012 24.419416
54.413776 24.416897
54.409203 24.418579
54.398121 24.426464
54.373569 24.432972
54.358227 24.442482
54.348038 24.451147
54.338066 24.456083
54.315601 24.460360
54.317692 24.464333
54.335201 24.477100
54.343773 24.487951
54.354771 24.494755
54.370598 24.512051
54.373577 24.520620
54.374638 24.523663
54.377556 24.525827
54.384441 24.522850
54.388634 24.518402
54.382423 24.510847
54.380520 24.496092
54.383617 24.481510
54.392059 24.464813
54.392262 24.459772
54.394432 24.455715
54.409092 24.446114
54.420761 24.442377
54.433487 24.441969
54.435337 24.441910
> united_arab_emirates 17
54.508308 24.489136
54.495926 24.504560
54.495438 24.510511
54.489525 24.520643
54.491638 24.524157
54.502586 24.513504
54.506084 24.507423
54.508804 24.495579
54.508308 24.489136
> united_arab_emirates 18
51.741642 24.472073
51.739170 24.473070
51.733608 24.485420
51.734211 24.488157
51.736526 24.489691
51.745090 24.483906
51.746338 24.476976
51.744972 24.474033
51.741642 24.472073
> united_arab_emirates 19
53.360203 24.465937
53.357929 24.466301
53.356579 24.468311
53.354156 24.476704
53.355213 24.480652
53.363636 24.477558
53.365772 24.474894
53.360203 24.465937
> united_arab_emirates 20
54.530720 24.454306
54.508831 24.463221
54.496998 24.471090
54.497845 24.475019
54.506485 24.471863
54.520279 24.471401
54.528160 24.468449
54.535675 24.462040
54.537838 24.457981
54.536213 24.454716
54.530720 24.454306
> united_arab_emirates 21
54.462879 24.453661
54.458057 24.461531
54.457661 24.465189
54.463120 24.466520
54.463657 24.471817
54.465874 24.472809
54.470005 24.469732
54.471680 24.465429
54.470268 24.463087
54.465832 24.461332
54.462879 24.453661
> united_arab_emirates 22
54.496559 24.431604
54.494442 24.434517
54.495834 24.437317
54.502163 24.441887
54.508377 24.443010
54.509216 24.440744
54.507584 24.437706
54.501282 24.432449
54.496559 24.431604
> united_arab_emirates 23
54.347538 24.414412
54.342289 24.414230
54.335426 24.416748
54.329929 24.422527
54.330566 24.425303
54.332760 24.426756
54.338520 24.426723
54.346458 24.422407
54.349934 24.417019
54.347538 24.414412
> united_arab_emirates 24
53.427013 24.396393
53.421665 24.403290
53.417114 24.414351
53.416809 24.420536
53.418232 24.422201
53.428535 24.421478
53.437462 24.418173
53.437897 24.404188
53.427013 24.396393
> united_arab_emirates 25
51.552505 24.414129
51.554546 24.417002
51.564671 24.413143
51.566193 24.411036
51.562469 24.406160
51.566067 24.399574
51.571117 24.397352
51.571678 24.395275
51.570015 24.393860
51.565277 24.395781
51.557831 24.402491
51.552357 24.402082
51.546379 24.396988
51.543869 24.398539
51.542736 24.402397
51.544537 24.407335
51.552505 24.414129
> united_arab_emirates 26
51.576260 24.397476
51.574383 24.398714
51.575676 24.407196
51.573593 24.411379
51.574669 24.414284
51.579128 24.413256
51.580959 24.410843
51.576260 24.397476
> united_arab_emirates 27
54.370865 24.407177
54.367104 24.407278
54.362179 24.411470
54.361816 24.414211
54.370388 24.412668
54.373047 24.408859
54.370865 24.407177
> united_arab_emirates 28
54.238235 24.411993
54.249271 24.411463
54.252186 24.407663
54.238880 24.396639
54.235897 24.390108
54.237560 24.386265
54.236889 24.384405
54.260105 24.361813
54.260086 24.356304
54.258442 24.353722
54.255241 24.352463
54.247379 24.354940
54.223049 24.368313
54.221077 24.367556
54.217476 24.368454
54.191235 24.374990
54.177746 24.380249
54.176918 24.382055
54.179588 24.383986
54.194817 24.384985
54.212349 24.390656
54.217941 24.394526
54.233757 24.411377
54.238235 24.411993
> united_arab_emirates 29
54.294121 24.378527
54.288063 24.381605
54.285172 24.384947
54.287453 24.396271
54.289906 24.397505
54.304066 24.394094
54.309921 24.385576
54.318386 24.380590
54.318386 24.380590
54.330631 24.368851
54.342983 24.360556
54.343643 24.356676
54.338795 24.352839
54.334347 24.351538
54.324680 24.343172
54.319160 24.325314
54.317017 24.322714
54.305298 24.321850
54.300369 24.326038
54.295025 24.334345
54.299992 24.335205
54.308231 24.329525
54.313347 24.332914
54.313957 24.334072
54.317059 24.339926
54.312195 24.360870
54.304741 24.371628
54.299057 24.376020
54.294121 24.378527
> united_arab_emirates 30
51.512539 24.395584
51.513767 24.387739
51.512081 24.382507
51.507645 24.391827
51.508720 24.393862
51.512539 24.395584
> united_arab_emirates 31
54.280346 24.362518
54.276272 24.364212
54.267681 24.372175
54.269115 24.373831
54.280495 24.371016
54.282444 24.366264
54.280346 24.362518
> united_arab_emirates 32
53.112946 24.359194
53.109543 24.362028
53.107296 24.366753
53.108543 24.371628
53.111717 24.373144
53.115097 24.370766
53.117867 24.365606
53.112946 24.359194
> united_arab_emirates 33
54.231140 24.258907
54.225140 24.258926
54.218285 24.261438
54.210526 24.267588
54.202648 24.282454
54.192638 24.294491
54.184376 24.300623
54.168228 24.303947
54.164074 24.307472
54.163345 24.309484
54.160389 24.317667
54.160885 24.323650
54.163536 24.326040
54.192448 24.340380
54.199711 24.346146
54.207962 24.358143
54.212025 24.356680
54.247791 24.317696
54.259296 24.309233
54.265106 24.301863
54.287773 24.279936
54.290504 24.274296
54.288670 24.270330
54.282303 24.267126
54.272297 24.267235
54.263760 24.268084
54.252499 24.274345
54.246727 24.274830
54.243778 24.273579
54.231140 24.258907
> united_arab_emirates 34
52.585506 24.348553
52.589684 24.352297
52.592957 24.352631
52.599377 24.350548
52.603951 24.351980
52.608429 24.356861
52.613808 24.353899
52.616642 24.355627
52.621914 24.355883
52.625565 24.353445
52.639416 24.349466
52.648380 24.342688
52.652039 24.331871
52.651772 24.312464
52.647682 24.294016
52.639591 24.288448
52.636311 24.286188
52.630993 24.268248
52.628681 24.266958
52.625954 24.267523
52.627785 24.274803
52.626167 24.277851
52.616432 24.272943
52.614677 24.267269
52.610584 24.265358
52.609901 24.261251
52.604595 24.254564
52.601082 24.259981
52.593258 24.264187
52.576942 24.285713
52.572445 24.299324
52.570103 24.306416
52.572063 24.327932
52.577377 24.340364
52.585506 24.348553
> united_arab_emirates 35
53.800335 24.330242
53.796818 24.330566
53.794216 24.332762
53.794319 24.335978
53.804173 24.344849
53.810936 24.344650
53.810989 24.337996
53.806934 24.333710
53.800335 24.330242
> united_arab_emirates 36
53.090454 24.315279
53.070988 24.323837
53.068512 24.328091
53.068497 24.333141
53.071419 24.339468
53.076035 24.342196
53.082241 24.343157
53.086414 24.339897
53.087749 24.328707
53.093258 24.319075
53.092915 24.316076
53.090454 24.315279
> united_arab_emirates 37
53.594086 24.295067
53.591026 24.296322
53.589916 24.303852
53.591106 24.310326
53.596600 24.315825
53.606827 24.321743
53.615482 24.318644
53.622353 24.310884
53.625153 24.304569
53.624523 24.302019
53.594086 24.295067
> united_arab_emirates 38
53.326744 24.263670
53.316677 24.269903
53.311081 24.276783
53.308662 24.295046
53.304756 24.298094
53.299992 24.298353
53.298904 24.295094
53.300415 24.289877
53.297626 24.285627
53.292637 24.285416
53.279968 24.288553
53.267273 24.287325
53.266872 24.286427
53.262554 24.276794
53.258270 24.272482
53.247700 24.268818
53.241390 24.269926
53.222794 24.281527
53.221676 24.283773
53.226147 24.284424
53.227562 24.286093
53.218048 24.291193
53.218201 24.293037
53.220627 24.294518
53.227631 24.294588
53.246189 24.298595
53.272629 24.307215
53.276955 24.308626
53.292141 24.310186
53.311581 24.306646
53.321896 24.315573
53.330906 24.315493
53.340965 24.304438
53.339344 24.301846
53.333656 24.305508
53.324459 24.289284
53.322128 24.280922
53.326744 24.263670
> united_arab_emirates 39
51.660229 24.309065
51.662464 24.315426
51.666325 24.311401
51.669285 24.303270
51.669998 24.295441
51.679951 24.286861
51.677616 24.284639
51.680107 24.277443
51.675762 24.275053
51.666180 24.286835
51.666988 24.295305
51.660145 24.299883
51.659073 24.304739
51.660229 24.309065
> united_arab_emirates 40
53.774921 24.295296
53.758846 24.296738
53.751728 24.299215
53.746231 24.304510
53.747112 24.307070
53.752895 24.311884
53.759510 24.314896
53.763321 24.313665
53.789074 24.313972
53.801704 24.311245
53.804859 24.307924
53.801357 24.302511
53.795406 24.301363
53.789837 24.302755
53.784103 24.302305
53.774921 24.295296
> united_arab_emirates 41
53.202339 24.285240
53.195282 24.286314
53.187820 24.290354
53.180977 24.296946
53.178116 24.303940
53.178642 24.308323
53.181484 24.311430
53.186169 24.312780
53.206745 24.296907
53.208183 24.293297
53.207348 24.290047
53.202339 24.285240
> united_arab_emirates 42
53.355556 24.262583
53.352200 24.264738
53.351540 24.267925
53.362476 24.279400
53.366867 24.281649
53.378460 24.279837
53.379822 24.277597
53.378143 24.276152
53.359016 24.263416
53.355556 24.262583
> united_arab_emirates 43
53.872967 24.140245
53.850826 24.149271
53.846909 24.153023
53.853115 24.159454
53.847462 24.173925
53.843513 24.178364
53.838390 24.181152
53.831829 24.182507
53.829670 24.180588
53.824516 24.162033
53.825047 24.155857
53.821270 24.134602
53.818394 24.131968
53.810268 24.129360
53.798584 24.128222
53.783321 24.128780
53.776260 24.124836
53.771069 24.123718
53.760647 24.127674
53.750900 24.127754
53.744919 24.127522
53.737053 24.130198
53.723732 24.131973
53.715836 24.135334
53.695213 24.148983
53.672195 24.160469
53.668972 24.159882
53.662445 24.155264
53.635448 24.150293
53.630074 24.153063
53.627144 24.155527
53.619144 24.162266
53.615707 24.166260
53.616585 24.168819
53.644703 24.187149
53.680382 24.204395
53.714928 24.228327
53.726387 24.236263
53.733616 24.236774
53.759354 24.231579
53.767597 24.231668
53.797298 24.249109
53.801987 24.250439
53.806992 24.250401
53.816444 24.245945
53.820583 24.248398
53.825626 24.247444
53.828857 24.258812
53.830700 24.260483
53.842068 24.270792
53.847248 24.272367
53.864731 24.267294
53.869328 24.265175
53.871243 24.261576
53.870346 24.259247
53.864594 24.259256
53.856720 24.261942
53.852009 24.261074
53.849846 24.259155
53.849075 24.254076
53.853256 24.244598
53.864567 24.226669
53.868977 24.223164
53.882874 24.219790
53.886307 24.217934
53.899525 24.210781
53.925732 24.211538
53.932823 24.209509
53.938732 24.205830
53.950718 24.194805
53.962387 24.179636
53.962757 24.176897
53.960487 24.171762
53.954067 24.164410
53.954678 24.150665
53.951721 24.144131
53.945896 24.140242
53.931370 24.135567
53.919827 24.131231
53.907867 24.130552
53.897541 24.132458
53.872967 24.140245
> united_arab_emirates 44
54.131161 24.229189
54.115009 24.232737
54.111420 24.234901
54.099785 24.249626
54.101215 24.251284
54.105247 24.250511
54.112251 24.244570
54.120346 24.242338
54.132839 24.230856
54.131161 24.229189
> united_arab_emirates 45
52.018078 24.202543
52.015606 24.203316
52.012810 24.208464
52.010124 24.210163
52.008785 24.207911
52.005009 24.207350
52.004108 24.209908
52.008659 24.223761
52.007637 24.235966
52.013248 24.244961
52.022213 24.250168
52.026455 24.249794
52.030128 24.247831
52.030743 24.244366
52.034309 24.239651
52.032101 24.234444
52.033730 24.224974
52.028805 24.214350
52.022366 24.209745
52.018078 24.202543
> united_arab_emirates 46
54.105846 24.230799
54.097782 24.232342
54.091812 24.237404
54.091854 24.242224
54.096657 24.241022
54.105648 24.235382
54.107773 24.232475
54.105846 24.230799
> united_arab_emirates 47
54.112751 24.192268
54.106205 24.193369
54.069885 24.218479
54.065834 24.225445
54.067654 24.229641
54.089943 24.228617
54.097546 24.220402
54.109299 24.214403
54.119659 24.200090
54.117672 24.194054
54.112751 24.192268
> united_arab_emirates 48
53.421150 24.195076
53.412498 24.198162
53.393803 24.197157
53.388748 24.198322
53.379269 24.208027
53.379040 24.212608
53.381050 24.217512
53.408989 24.218672
53.414314 24.206959
53.421513 24.197845
53.421150 24.195076
> united_arab_emirates 49
54.078510 24.180931
54.076405 24.183378
54.074230 24.193167
54.071815 24.196980
54.058605 24.207741
54.060734 24.210571
54.074852 24.207645
54.094601 24.195972
54.097034 24.191700
54.094975 24.187265
54.084217 24.181828
54.078510 24.180931
> united_arab_emirates 50
53.531281 24.186502
53.526592 24.190445
53.523224 24.198111
53.524704 24.203678
53.530811 24.201403
53.535320 24.190798
53.534740 24.187332
53.531281 24.186502
> united_arab_emirates 51
54.061005 24.164001
54.054253 24.164213
54.044811 24.174423
54.038967 24.176733
54.031528 24.175940
54.022552 24.174982
54.017902 24.178482
54.012844 24.185638
54.012371 24.190668
54.017509 24.193153
54.023499 24.199110
54.038586 24.196911
54.039822 24.202923
54.052807 24.197432
54.065060 24.197191
54.066158 24.189201
54.074009 24.175261
54.072418 24.171532
54.068089 24.167702
54.061005 24.164001
> united_arab_emirates 52
52.004333 24.158464
52.000980 24.162251
51.994740 24.162462
52.000935 24.199223
52.005405 24.198381
52.007980 24.193932
52.007328 24.190050
52.008907 24.185633
52.005878 24.178617
52.007080 24.177429
52.012844 24.177692
52.009655 24.172979
52.009521 24.169538
52.013191 24.161148
52.010834 24.158472
52.004333 24.158464
> united_arab_emirates 53
53.029850 24.154676
53.026005 24.156570
53.027390 24.158699
53.050171 24.162689
53.051750 24.161154
53.049900 24.158318
53.029850 24.154676
> united_arab_emirates 54
53.018288 24.141768
53.015533 24.141874
53.007706 24.148184
53.004684 24.153328
53.004704 24.157690
53.008656 24.158554
53.014931 24.153324
53.019638 24.144583
53.018288 24.141768
> united_arab_emirates 55
54.049473 24.147747
54.031338 24.151211
54.026379 24.156076
54.028282 24.158213
54.049721 24.153492
54.052593 24.150614
54.049473 24.147747
> united_arab_emirates 56
53.282452 24.115364
53.275795 24.118525
53.259335 24.118053
53.254734 24.120153
53.252541 24.123960
53.254616 24.132313
53.261730 24.134911
53.270943 24.135532
53.276409 24.131174
53.280445 24.125378
53.284138 24.116583
53.282452 24.115364
> united_arab_emirates 57
52.438297 24.108128
52.448578 24.114634
52.455547 24.113914
52.457443 24.111546
52.453979 24.100883
52.455441 24.094170
52.450897 24.093189
52.443607 24.098055
52.442829 24.103136
52.438297 24.108128
> united_arab_emirates 58
54.237377 25.209286
54.222485 25.215654
54.205818 25.216219
54.202709 25.218176
54.199314 25.226784
54.199780 25.233690
54.202293 25.239750
54.206409 25.243799
54.209869 25.245527
54.220409 25.246815
54.226551 25.244734
54.234386 25.238348
54.237213 25.231098
54.235615 25.221167
54.237377 25.209286
> united_arab_emirates 59
52.875893 25.152966
52.881607 25.154125
52.888596 25.150085
52.888954 25.136972
52.886219 25.133814
52.877644 25.136986
52.874161 25.149296
52.875893 25.152966
> united_arab_emirates 60
55.962013 25.820667
55.959469 25.821072
55.963577 25.828510
55.971245 25.835566
55.973804 25.834703
55.967457 25.825609
55.962013 25.820667
> united_arab_emirates 61
55.815525 25.720057
55.830330 25.724379
55.864384 25.738310
55.869747 25.737825
55.868130 25.733261
55.862919 25.729557
55.832035 25.716688
55.805073 25.713610
55.804291 25.715521
55.806725 25.717207
55.809223 25.718018
55.815525 25.720057
> united_arab_emirates 62
55.795620 25.708988
55.788116 25.705830
55.775265 25.694736
55.773178 25.696985
55.775082 25.701162
55.791080 25.717379
55.795109 25.718163
55.795620 25.708988
> united_arab_emirates 63
55.621353 25.618198
55.658787 25.626984
55.671753 25.633497
55.683372 25.642733
55.685394 25.642780
55.684723 25.639780
55.678638 25.631596
55.669773 25.623346
55.667030 25.621902
55.653149 25.620876
55.647346 25.611780
55.640129 25.616198
55.637691 25.613443
55.633278 25.608454
55.637943 25.604664
55.634586 25.598381
55.628761 25.598700
55.630814 25.594311
55.629440 25.592976
55.620968 25.597130
55.623520 25.604771
55.619957 25.605602
55.613461 25.602917
55.602577 25.603107
55.601231 25.597334
55.597809 25.593346
55.591846 25.589754
55.588322 25.589209
55.586514 25.590542
55.599110 25.608992
55.603546 25.613005
55.606915 25.610332
55.611874 25.611372
55.625515 25.614233
55.626442 25.615459
55.621353 25.618198
> united_arab_emirates 64
55.626625 25.582888
55.616150 25.588976
55.616310 25.592194
55.622662 25.591202
55.626324 25.587158
55.626625 25.582888
> united_arab_emirates 65
55.602711 25.573259
55.602139 25.575542
55.606186 25.583908
55.610153 25.586533
55.612499 25.584293
55.610592 25.580343
55.606476 25.574272
55.602711 25.573259
> united_arab_emirates 66
55.573277 25.559902
55.570286 25.566717
55.571671 25.571114
55.577217 25.571711
55.578579 25.568529
55.573277 25.559902
> united_arab_emirates 67
55.606129 25.551991
55.600769 25.553696
55.600651 25.557596
55.603077 25.561100
55.607639 25.560753
55.609768 25.557131
55.606129 25.551991
> united_arab_emirates 68
55.579594 25.534801
55.576466 25.537939
55.575550 25.543198
55.579308 25.552704
55.582825 25.553480
55.584751 25.548248
55.579594 25.534801
> united_arab_emirates 69
55.446724 25.426733
55.443661 25.427801
55.484131 25.474764
55.485218 25.472267
55.480949 25.463202
55.466679 25.442860
55.456421 25.431576
55.446724 25.426733
> united_arab_emirates 70
56.088776 26.076410
56.112301 26.071932
56.132267 26.078848
56.158245 26.075054
56.168850 26.062571
56.174263 26.039923
56.170013 26.018299
56.170021 26.017733
56.170322 25.997421
56.174648 25.979580
56.163544 25.906702
56.157452 25.893785
56.156902 25.892620
56.158840 25.881861
56.144753 25.840380
56.142456 25.824289
56.142731 25.806168
56.157257 25.772367
56.158222 25.770117
56.150635 25.752125
56.147495 25.725010
56.149040 25.672493
56.151443 25.664265
56.158157 25.655405
56.162369 25.651535
56.200233 25.616711
56.222641 25.606897
56.228733 25.605597
56.240799 25.611250
56.263599 25.630049
56.263599 25.630049
56.267094 25.621742
56.272541 25.616108
56.278702 25.612326
56.303234 25.612576
56.336884 25.601286
56.343323 25.596359
56.347527 25.589552
56.348465 25.581764
56.346226 25.569323
56.347980 25.559025
56.360222 25.521608
56.361061 25.518179
56.354950 25.487301
56.355991 25.475153
56.352646 25.445015
56.355988 25.431536
56.358746 25.421486
56.358921 25.413914
56.358101 25.394846
56.356068 25.384476
56.352703 25.377066
56.345753 25.372112
56.345097 25.367739
56.349152 25.356108
56.354065 25.350924
56.359879 25.350574
56.364281 25.356627
56.366661 25.351852
56.367058 25.345661
56.373951 25.342119
56.373096 25.335445
56.375027 25.328136
56.373325 25.316626
56.367168 25.274963
56.357533 25.233692
56.358429 25.227512
56.353619 25.162922
56.355568 25.133121
56.360691 25.074694
56.364723 25.030706
56.359676 25.020283
56.356434 25.019072
56.353855 25.021776
56.351330 25.022188
56.352020 25.014168
56.354572 25.012611
56.356838 25.006815
56.359505 25.000000
56.362988 24.996706
56.364376 25.000000
56.365135 25.001797
56.363247 25.007269
56.363903 25.011642
56.365887 25.012827
56.367535 25.000000
56.375072 24.977919
56.375072 24.977919
56.371822 24.977785
56.361534 24.976906
56.353775 24.975897
56.343124 24.972248
56.338196 24.964930
56.336079 24.956812
56.337479 24.943789
56.339867 24.925989
56.341450 24.914351
56.342098 24.906345
56.341476 24.898518
56.335766 24.891859
56.327896 24.888088
56.319458 24.885675
56.313232 24.884270
56.306030 24.882364
56.297054 24.880615
56.294758 24.876158
56.292637 24.868269
56.289131 24.862846
56.286312 24.858828
56.280125 24.851686
56.276268 24.848310
56.269066 24.846403
56.258656 24.843216
56.245602 24.837618
56.236893 24.835648
56.228916 24.834166
56.224113 24.834648
56.219570 24.834917
56.211487 24.835495
56.205280 24.833855
56.199921 24.830416
56.193661 24.824873
56.188816 24.816175
56.185883 24.804579
56.185688 24.793556
56.183826 24.785675
56.182312 24.780792
56.179737 24.777012
56.169533 24.774971
56.163101 24.772861
56.157661 24.771025
56.155807 24.767962
56.154079 24.762381
56.151741 24.754021
56.149914 24.745453
56.144333 24.741543
56.136421 24.738907
56.129742 24.736786
56.119564 24.734283
56.107178 24.735586
56.097565 24.736778
56.088795 24.736170
56.082668 24.737970
56.076054 24.739519
56.067406 24.741440
56.060596 24.746653
56.054279 24.752115
56.053089 24.760551
56.050747 24.762056
56.053509 24.766996
56.052097 24.769917
56.045837 24.774235
56.039398 24.781986
56.035206 24.790064
56.031120 24.796082
56.027977 24.803286
56.026173 24.808947
56.027187 24.813580
56.026794 24.821135
56.027199 24.827808
56.025024 24.830927
56.017971 24.835896
56.010628 24.841541
56.004051 24.846991
55.998024 24.851543
55.992367 24.858639
55.986637 24.867109
55.983799 24.873180
55.982471 24.879320
55.984001 24.883745
55.988064 24.887827
55.999428 24.891998
56.006458 24.892303
56.015385 24.890169
56.027008 24.884483
56.031841 24.878727
56.039948 24.872885
56.046467 24.868576
56.053196 24.864969
56.055077 24.867575
56.052589 24.871826
56.048180 24.879208
56.043430 24.893000
56.042873 24.908581
56.042168 24.922091
56.039803 24.933693
56.037815 24.942785
56.032982 24.953363
56.027142 24.963894
56.017017 24.969650
55.995384 24.978571
55.976433 24.979576
55.957855 24.983120
55.947643 24.980831
55.935112 24.979588
55.925491 24.975721
55.915154 24.971130
55.904076 24.966276
55.894516 24.961262
55.884495 24.955532
55.873756 24.949085
55.866234 24.943701
55.861256 24.937967
55.854362 24.930315
55.850849 24.925337
55.843269 24.916504
55.835712 24.907213
55.829323 24.899580
55.823177 24.892189
55.815838 24.883595
55.810684 24.876476
55.807652 24.867388
55.807083 24.859327
55.805992 24.846888
55.807617 24.835485
55.810307 24.822983
55.813087 24.813473
55.814384 24.803432
55.816425 24.793655
55.818188 24.784327
55.821907 24.776005
55.824120 24.767612
55.824253 24.760504
55.823669 24.752676
55.820461 24.742203
55.818851 24.734789
55.816662 24.724133
55.819664 24.715090
55.822975 24.700323
55.828018 24.690683
55.831821 24.680758
55.835724 24.673594
55.838539 24.667980
55.841415 24.661226
55.843166 24.656717
55.841972 24.650927
55.839485 24.645767
55.833778 24.639772
55.825840 24.633217
55.819775 24.629274
55.813320 24.623243
55.812599 24.617933
55.812748 24.610598
55.814327 24.599884
55.815929 24.593533
55.815636 24.589619
55.814358 24.585432
55.807568 24.580992
55.798737 24.577148
55.793598 24.574621
55.787548 24.570444
55.786381 24.564198
55.785339 24.555660
55.789925 24.540497
55.790295 24.529039
55.796623 24.514183
55.797474 24.493805
55.797390 24.476822
55.797657 24.462608
55.796288 24.455435
55.794960 24.447575
55.795391 24.439564
55.797325 24.431620
55.803764 24.428474
55.811638 24.421949
55.822376 24.413490
55.828472 24.407341
55.832844 24.400654
55.835220 24.389063
55.836048 24.378319
55.836277 24.369381
55.836517 24.360218
55.836651 24.353111
55.835430 24.343193
55.835159 24.334234
55.829254 24.327541
55.825600 24.320953
55.817585 24.311646
55.813847 24.306658
55.808281 24.298376
55.800907 24.286570
55.791096 24.273508
55.786907 24.262991
55.784004 24.251850
55.779903 24.239735
55.779701 24.234221
55.783184 24.230022
55.788849 24.227068
55.797211 24.225157
55.811966 24.225368
55.827621 24.227457
55.835072 24.223894
55.842747 24.220802
55.849445 24.217207
55.857704 24.212532
55.864731 24.212162
55.871910 24.213631
55.882076 24.220053
55.894318 24.225189
55.904087 24.229757
55.912857 24.234278
55.923843 24.234768
55.939327 24.235458
55.950050 24.236164
55.956108 24.230471
55.959354 24.225798
55.958115 24.216110
55.959675 24.210215
55.961399 24.205933
55.964649 24.201262
55.971699 24.195612
55.973309 24.188801
55.973976 24.180803
55.975597 24.168951
55.976814 24.160059
55.978104 24.149796
55.987183 24.138731
55.997536 24.127262
56.003811 24.117216
56.007099 24.111629
56.012077 24.102446
56.016129 24.096661
56.020775 24.089069
56.022556 24.083643
56.023933 24.076366
56.018387 24.072453
56.008331 24.068802
55.968868 24.058800
55.900715 24.043375
55.867596 24.027208
55.844681 24.016542
55.836639 24.012737
55.826584 24.009300
55.816780 24.010460
55.808197 24.016718
55.793449 24.026136
55.788033 24.033915
55.777729 24.035049
55.767933 24.031387
55.756718 24.026285
55.747383 24.023336
55.735497 24.021410
55.725464 24.022093
55.710499 24.026218
55.678188 24.027699
55.659409 24.028429
55.642162 24.028540
55.629593 24.025427
55.617413 24.019810
55.609203 24.014608
55.600788 24.008707
55.594093 24.003344
55.588474 24.000000
55.588474 24.000000
55.599998 24.000000
55.601917 24.000000
55.601917 24.000000
55.582939 23.992468
55.564293 23.984116
55.552101 23.980612
55.543663 23.974836
55.529976 23.971321
55.518265 23.970337
55.503815 23.968876
55.492599 23.968349
55.480656 23.965298
55.482536 23.946301
55.485867 23.933498
55.493885 23.926907
55.503143 23.921694
55.515160 23.913979
55.527664 23.906956
55.542648 23.902462
55.551411 23.895872
55.561161 23.891119
55.565948 23.882671
55.569256 23.872385
55.568367 23.855431
55.565502 23.836403
55.565102 23.821514
55.567406 23.811449
55.567963 23.802519
55.569004 23.795424
55.570801 23.787416
55.572350 23.778950
55.571911 23.769327
55.568493 23.758999
55.562576 23.750259
55.554928 23.739908
55.541836 23.724712
55.529472 23.712498
55.519600 23.700525
55.512463 23.688801
55.505356 23.672951
55.500454 23.662153
55.495346 23.645168
55.494503 23.623398
55.492596 23.611242
55.491673 23.600927
55.489994 23.591982
55.487816 23.583719
55.481716 23.567184
55.477367 23.549057
55.472210 23.540089
55.464317 23.531101
55.449226 23.520924
55.435638 23.509838
55.425766 23.500380
55.417141 23.490469
55.409504 23.481710
55.403858 23.472281
55.401730 23.458057
55.399326 23.447271
55.395962 23.432123
55.391918 23.408491
55.383701 23.378645
55.377903 23.357748
55.373360 23.334801
55.364830 23.314344
55.360214 23.301476
55.355106 23.287920
55.350983 23.275742
55.347076 23.267923
55.341934 23.258949
55.335049 23.251106
55.328175 23.242117
55.321548 23.232672
55.317921 23.221186
55.313534 23.211300
55.303211 23.199764
55.292171 23.184784
55.279953 23.162916
55.269920 23.146568
55.261314 23.137793
55.255943 23.128124
55.249821 23.118908
55.247406 23.111326
55.244743 23.103741
55.244343 23.092962
55.241173 23.086519
55.240784 23.074135
55.242592 23.065439
55.235008 23.054148
55.227703 23.038961
55.220909 23.022402
55.218769 23.012066
55.218887 22.998312
55.218719 22.989140
55.219070 22.977448
55.219398 22.968279
55.219707 22.960947
55.218067 22.950157
55.215916 22.941196
55.215031 22.929268
55.215843 22.921019
55.217663 22.911173
55.218998 22.900179
55.219372 22.885504
55.220520 22.867170
55.221352 22.856855
55.222240 22.840126
55.222664 22.819717
55.224220 22.811476
55.220188 22.791265
55.218102 22.775423
55.210972 22.741657
55.207607 22.730392
55.206921 22.724195
55.209221 22.715500
55.210522 22.709295
55.211521 22.698040
55.211521 22.698040
55.159611 22.647434
55.137478 22.625340
55.137478 22.625340
55.006912 22.497065
55.000000 22.498224
52.000595 23.001110
51.752010 23.863241
51.536686 24.000000
51.455067 24.054905
51.342117 24.126518
51.229027 24.198038
51.116367 24.269106
51.116356 24.269749
51.114441 24.395752
51.113113 24.482944
51.113113 24.482944
51.190548 24.548397
51.262020 24.608698
51.262020 24.608698
51.265209 24.608118
51.274403 24.612911
51.278133 24.611887
51.281693 24.605585
51.291336 24.612347
51.293072 24.610651
51.289776 24.606644
51.290928 24.601267
51.295792 24.599064
51.300312 24.599747
51.302898 24.596790
51.306175 24.586973
51.313553 24.589977
51.314823 24.597980
51.317081 24.597916
51.319504 24.595320
51.322777 24.588106
51.314812 24.582592
51.307743 24.566259
51.310772 24.544125
51.309021 24.536825
51.310146 24.525311
51.303104 24.517244
51.302990 24.513803
51.305958 24.504992
51.310101 24.501429
51.311214 24.501734
51.313137 24.502260
51.319183 24.503006
51.328449 24.510088
51.334774 24.511744
51.340813 24.519836
51.348698 24.523054
51.352837 24.526838
51.356956 24.529934
51.357792 24.532436
51.355091 24.534122
51.359848 24.541334
51.357445 24.544390
51.354778 24.547222
51.364502 24.560261
51.372505 24.566919
51.384117 24.568876
51.389999 24.572151
51.407997 24.592064
51.410480 24.598652
51.411282 24.607357
51.406445 24.612782
51.405857 24.617622
51.407166 24.619190
51.417221 24.619585
51.416767 24.613626
51.420856 24.608454
51.426929 24.609882
51.433685 24.609224
51.437565 24.605204
51.441578 24.612436
51.439964 24.616617
51.442013 24.617706
51.450775 24.616987
51.461777 24.601271
51.460411 24.598097
51.462154 24.590466
51.458134 24.583006
51.459713 24.577906
51.462643 24.575521
51.467453 24.576757
51.470055 24.579435
51.468987 24.584749
51.479565 24.585857
51.484352 24.586359
51.488045 24.591530
51.492195 24.588190
51.494141 24.579174
51.498936 24.572830
51.501663 24.571829
51.505512 24.574240
51.511578 24.568316
51.511974 24.565317
51.504284 24.560726
51.496246 24.560507
51.492901 24.558083
51.493473 24.550106
51.490364 24.551027
51.490494 24.553789
51.483757 24.554911
51.479649 24.552277
51.475945 24.553995
51.472664 24.553404
51.463749 24.555298
51.453712 24.542255
51.452751 24.528963
51.444885 24.526440
51.443314 24.531769
51.438828 24.532591
51.433220 24.530001
51.430149 24.528254
51.424839 24.519684
51.421791 24.511276
51.424965 24.501537
51.418797 24.489777
51.408627 24.485712
51.402714 24.474876
51.400894 24.472160
51.395344 24.471174
51.389622 24.465141
51.386070 24.456518
51.380898 24.459194
51.377140 24.459305
51.370262 24.456060
51.364246 24.448656
51.348366 24.438553
51.334633 24.425171
51.330677 24.419315
51.327549 24.408154
51.319748 24.380520
51.318741 24.376947
51.319550 24.371183
51.317402 24.366882
51.314236 24.346996
51.311573 24.342251
51.308094 24.343039
51.305805 24.349533
51.302265 24.348488
51.299656 24.345346
51.298069 24.335289
51.298248 24.310486
51.300022 24.295971
51.305908 24.284781
51.312824 24.282057
51.324474 24.286085
51.329422 24.284334
51.336704 24.285044
51.357334 24.280773
51.366596 24.280733
51.373775 24.285805
51.383846 24.294926
51.383690 24.297686
51.391056 24.308262
51.403820 24.315464
51.414356 24.316072
51.417210 24.318974
51.433521 24.312752
51.449093 24.314127
51.452438 24.316784
51.458214 24.309952
51.462868 24.307058
51.479416 24.307713
51.483578 24.301989
51.484196 24.301140
51.494148 24.299463
51.496731 24.301682
51.503357 24.290691
51.508770 24.288002
51.514706 24.278868
51.520321 24.274794
51.540817 24.245701
51.547874 24.239975
51.553799 24.237728
51.576591 24.238764
51.582642 24.239601
51.604748 24.249023
51.606621 24.252409
51.605873 24.259550
51.607372 24.266392
51.610931 24.267889
51.613060 24.271498
51.612949 24.275404
51.608551 24.278296
51.605949 24.296516
51.600033 24.306114
51.602188 24.317299
51.600266 24.326544
51.604557 24.334448
51.602840 24.338720
51.601566 24.341888
51.598946 24.345644
51.593758 24.347641
51.592186 24.352741
51.593311 24.356152
51.600483 24.360523
51.599792 24.369270
51.602169 24.372641
51.605213 24.373695
51.607197 24.373175
51.605297 24.369101
51.610130 24.364128
51.615086 24.362598
51.613808 24.361948
51.616707 24.351984
51.620586 24.348419
51.627316 24.347521
51.639954 24.323017
51.637794 24.318722
51.641895 24.311640
51.644157 24.307730
51.644558 24.304962
51.640549 24.297970
51.640961 24.281652
51.637238 24.275570
51.636196 24.267565
51.637615 24.258335
51.636631 24.251938
51.642097 24.243959
51.641552 24.221935
51.645760 24.206879
51.643894 24.203722
51.638847 24.202501
51.638416 24.197464
51.640587 24.194796
51.641289 24.193932
51.645763 24.193102
51.652893 24.196554
51.656620 24.202866
51.663536 24.207241
51.671055 24.214582
51.673332 24.222088
51.677521 24.227238
51.680698 24.245737
51.673103 24.256996
51.675953 24.266552
51.680779 24.268467
51.683678 24.265619
51.691349 24.249535
51.694817 24.244394
51.697044 24.241087
51.695129 24.236555
51.698406 24.230482
51.697113 24.222486
51.699772 24.206329
51.709148 24.202818
51.712261 24.199047
51.720341 24.201086
51.723667 24.203047
51.727093 24.207760
51.728035 24.213011
51.723057 24.227175
51.722511 24.239592
51.723965 24.245056
51.729092 24.248339
51.735180 24.257328
51.735245 24.257824
51.735531 24.260073
51.739891 24.262918
51.742664 24.270178
51.750938 24.277262
51.750908 24.283234
51.763474 24.277781
51.765369 24.274963
51.768093 24.274187
51.770161 24.275957
51.776905 24.268852
51.784733 24.264008
51.790112 24.253960
51.781677 24.235861
51.784618 24.227501
51.790512 24.217896
51.787613 24.213911
51.780228 24.203762
51.781590 24.193386
51.787052 24.185633
51.775349 24.173611
51.773926 24.169064
51.777424 24.162292
51.772709 24.149817
51.775127 24.147673
51.773476 24.143593
51.775356 24.133659
51.780830 24.133024
51.777767 24.124628
51.781498 24.117390
51.787491 24.110538
51.787186 24.106209
51.786949 24.102749
51.794712 24.076555
51.792656 24.061699
51.787815 24.045784
51.796745 24.017488
51.805534 24.005495
51.805912 24.002268
51.816212 24.000000
51.836330 23.985708
51.849915 23.982059
51.853123 23.981197
51.869549 23.982409
51.877075 23.980022
51.881844 23.978502
51.905277 23.978230
51.916306 23.975216
51.924168 23.968706
51.925213 23.951927
51.926044 23.951504
51.930023 23.949474
51.935925 23.950317
51.947697 23.955107
51.949306 23.961336
51.948273 23.971880
51.945713 23.975273
51.939018 23.973553
51.930237 23.988527
51.934837 23.995026
51.949516 23.996201
51.954750 23.996292
51.957539 23.994047
51.960152 23.988132
51.965191 23.985470
51.985607 23.986511
51.994656 23.982769
52.019596 23.982050
52.022182 23.983637
52.022114 23.989353
52.024513 23.988939
52.034473 23.973364
52.061413 23.959606
52.078941 23.955315
52.087292 23.948807
52.091534 23.948648
52.095524 23.953531
52.099319 23.958178
52.104485 23.961702
52.099335 23.970098
52.112076 23.968475
52.129150 23.961880
52.141159 23.959326
52.155624 23.958876
52.210983 23.964630
52.249508 23.975512
52.270615 23.979511
52.291134 23.988543
52.316685 23.993174
52.319878 23.994974
52.323898 24.000000
52.337399 24.004150
52.343128 24.009682
52.357384 24.016048
52.360867 24.020828
52.387119 24.032743
52.402710 24.038221
52.414780 24.039268
52.425320 24.043041
52.432640 24.048841
52.444443 24.052942
52.462933 24.067053
52.466476 24.080614
52.459831 24.089252
52.466061 24.089386
52.470055 24.086182
52.475437 24.085968
52.483589 24.091967
52.496853 24.092386
52.511768 24.096188
52.519955 24.100470
52.529823 24.108824
52.571487 24.123774
52.573101 24.124979
52.580540 24.130547
52.577702 24.139841
52.574089 24.142963
52.577087 24.154102
52.578739 24.168737
52.576736 24.174326
52.577347 24.176830
52.584194 24.178864
52.595322 24.187164
52.600689 24.189714
52.617401 24.188614
52.640091 24.175795
52.638733 24.172796
52.638145 24.171505
52.632000 24.172335
52.632000 24.172335
52.646549 24.155279
52.646549 24.155279
52.645805 24.158348
52.650730 24.159576
52.662464 24.153383
52.674278 24.131960
52.674038 24.127020
52.675621 24.125433
52.677334 24.126503
52.689224 24.132103
52.686378 24.137476
52.689674 24.138496
52.699692 24.138794
52.706047 24.141071
52.719513 24.138062
52.721031 24.135201
52.738941 24.133116
52.742115 24.131384
52.752327 24.130520
52.754707 24.127899
52.761955 24.127842
52.763657 24.121344
52.774281 24.118626
52.780045 24.118856
52.800838 24.125147
52.808868 24.125744
52.817287 24.129313
52.824783 24.134523
52.832844 24.135809
52.835861 24.136147
52.843391 24.136763
52.854565 24.129953
52.863571 24.124464
52.873455 24.121998
52.886585 24.124681
52.911839 24.135138
52.916798 24.134247
52.921444 24.137272
52.926834 24.129702
52.932869 24.125092
52.944359 24.124851
52.959122 24.130217
52.976032 24.138706
52.981686 24.146973
52.984463 24.147547
52.997284 24.138517
53.000000 24.137289
53.018211 24.133730
53.026604 24.129639
53.035904 24.125103
53.028168 24.124990
53.028061 24.122232
53.034187 24.119749
53.046162 24.120049
53.094639 24.134119
53.120625 24.134108
53.123699 24.137455
53.125824 24.144663
53.126297 24.149961
53.125805 24.151628
53.123272 24.160160
53.124340 24.163649
53.128910 24.167061
53.135880 24.167595
53.151611 24.162998
53.190006 24.145149
53.196724 24.140848
53.204670 24.132010
53.209957 24.121450
53.209957 24.121450
53.221233 24.101048
53.229206 24.096571
53.240852 24.093397
53.257473 24.090664
53.262184 24.091322
53.271046 24.088945
53.281212 24.080427
53.281212 24.080427
53.287857 24.082315
53.302464 24.089819
53.308678 24.095360
53.310329 24.102314
53.309776 24.113308
53.326946 24.104622
53.340191 24.099442
53.349224 24.104013
53.356998 24.107948
53.365143 24.109896
53.398598 24.110142
53.407265 24.111650
53.415070 24.115416
53.428070 24.125362
53.432308 24.125538
53.445698 24.122419
53.451847 24.119228
53.454754 24.110857
53.458729 24.106201
53.469170 24.103359
53.520458 24.089678
53.544403 24.074585
53.558170 24.063437
53.567017 24.050714
53.571445 24.046762
53.577782 24.044724
53.584908 24.044449
53.595287 24.044048
53.648605 24.045946
53.670856 24.050499
53.700695 24.063606
53.717430 24.058430
53.727032 24.055460
53.764145 24.057135
53.792873 24.051134
53.808819 24.051748
53.826164 24.059986
53.832165 24.059757
53.839027 24.057037
53.850574 24.057600
53.882359 24.059145
53.891716 24.062023
53.904034 24.071209
53.917717 24.072184
53.926796 24.075737
53.935799 24.075386
53.944912 24.083759
53.977608 24.093122
53.979916 24.093784
53.998291 24.096071
53.998291 24.096071
54.010544 24.101343
54.011711 24.103222
54.021133 24.104715
54.033905 24.109547
54.053909 24.114639
54.073418 24.125448
54.089882 24.125816
54.108685 24.135677
54.108685 24.135677
54.128723 24.146038
54.128723 24.146038
54.137512 24.150713
54.163158 24.158516
54.168201 24.163286
54.159561 24.172613
54.168171 24.181641
54.177456 24.186562
54.181053 24.190130
54.188828 24.193209
54.198257 24.196938
54.199772 24.202499
54.183575 24.213167
54.176594 24.224621
54.170288 24.226002
54.157036 24.231953
54.146046 24.243492
54.139587 24.254274
54.132381 24.259064
54.115585 24.260065
54.108681 24.263716
54.107819 24.264980
54.106544 24.266851
54.094284 24.272833
54.092907 24.275766
54.093399 24.281750
54.090778 24.284542
54.090778 24.284542
54.084225 24.291515
54.084637 24.293594
54.087482 24.297140
54.106068 24.306993
54.128635 24.323183
54.135231 24.326862
54.142513 24.326206
54.143852 24.324188
54.141457 24.315842
54.142162 24.311047
54.145741 24.304907
54.157887 24.294170
54.164158 24.282003
54.191135 24.253132
54.214985 24.232868
54.240231 24.214943
54.247429 24.210148
54.251133 24.217161
54.253723 24.208992
54.255760 24.208145
54.257912 24.216480
54.262508 24.220083
54.273567 24.221262
54.273567 24.221262
54.291370 24.223156
54.294292 24.225092
54.295704 24.227207
54.292500 24.232143
54.293205 24.239281
54.299534 24.237099
54.301064 24.236572
54.304382 24.228886
54.306870 24.229200
54.312000 24.225937
54.322269 24.225374
54.328934 24.227440
54.341228 24.226257
54.356415 24.227697
54.359318 24.230091
54.357891 24.234402
54.346619 24.241127
54.346279 24.245564
54.350540 24.247372
54.354736 24.244389
54.365589 24.241779
54.383266 24.257711
54.384640 24.258949
54.411381 24.271561
54.428825 24.285458
54.445160 24.314692
54.447575 24.316837
54.453842 24.347795
54.458313 24.354830
54.458313 24.354830
54.456131 24.359346
54.459812 24.373697
54.466770 24.381273
54.476315 24.386641
54.482536 24.387537
54.489616 24.385706
54.499378 24.379375
54.500076 24.379299
54.504154 24.378845
54.506542 24.381680
54.504726 24.389650
54.496975 24.395819
54.489124 24.398083
54.484169 24.403194
54.485699 24.421375
54.498821 24.425024
54.508823 24.425356
54.522785 24.420538
54.525879 24.430967
54.528816 24.432671
54.531334 24.432295
54.535862 24.425329
54.540768 24.421589
54.542980 24.422581
54.543407 24.423119
54.547276 24.427999
54.550652 24.437748
54.573540 24.454330
54.590214 24.476444
54.590614 24.478983
54.586819 24.486433
54.562515 24.499411
54.542850 24.507448
54.525089 24.514706
54.521431 24.518486
54.522842 24.520828
54.530617 24.520626
54.546581 24.516100
54.550941 24.513489
54.578808 24.512104
54.587208 24.515131
54.598812 24.526064
54.606937 24.549278
54.606937 24.549278
54.620270 24.560953
54.626884 24.583078
54.628933 24.589920
54.628998 24.594744
54.627533 24.600204
54.622410 24.603024
54.605434 24.601099
54.601830 24.603506
54.600197 24.606895
54.603687 24.613894
54.607647 24.615372
54.607647 24.615372
54.611103 24.616659
54.641243 24.621988
54.648571 24.627043
54.653847 24.633410
54.651237 24.636080
54.641819 24.639681
54.636890 24.643883
54.637211 24.644999
54.637554 24.646200
54.639496 24.647869
54.658207 24.650532
54.672600 24.654663
54.678707 24.658989
54.680099 24.662016
54.677166 24.666513
54.659630 24.672382
54.656502 24.675497
54.657650 24.678288
54.674454 24.691675
54.675861 24.694244
54.675236 24.697439
54.671936 24.698481
54.665958 24.690718
54.662708 24.690384
54.660545 24.694447
54.660599 24.699263
54.660660 24.704550
54.658009 24.721451
54.659760 24.728163
54.669483 24.736506
54.669895 24.738813
54.665104 24.739351
54.655239 24.735815
54.644833 24.729473
54.644371 24.731199
54.666889 24.748135
54.695477 24.759365
54.692616 24.762051
54.689346 24.762156
54.653400 24.742371
54.645718 24.735090
54.643379 24.736361
54.638443 24.734137
54.635872 24.735662
54.637524 24.738470
54.664261 24.754932
54.685814 24.775816
54.689159 24.781061
54.695530 24.791044
54.698021 24.804895
54.700649 24.808422
54.703419 24.808279
54.712208 24.801670
54.729225 24.796696
54.729225 24.796696
54.737106 24.794188
54.743698 24.785900
54.744991 24.778137
54.741226 24.771362
54.745018 24.770792
54.746704 24.772682
54.753651 24.774963
54.755753 24.779161
54.749035 24.790888
54.749157 24.794334
54.759747 24.793287
54.764057 24.798931
54.771790 24.800318
54.773426 24.803583
54.768162 24.810076
54.771004 24.814754
54.776680 24.817455
54.782597 24.818331
54.783501 24.820295
54.780182 24.823717
54.777248 24.823797
54.767570 24.819239
54.765518 24.820324
54.763935 24.822340
54.766293 24.826546
54.771000 24.828299
54.774551 24.834146
54.773453 24.836637
54.763527 24.833345
54.759468 24.834368
54.759338 24.837807
54.765926 24.843061
54.774609 24.846085
54.774609 24.846085
54.776558 24.847752
54.801186 24.854481
54.807953 24.857569
54.813049 24.859896
54.827549 24.868834
54.849964 24.888111
54.879105 24.902538
54.899273 24.914852
54.917793 24.932627
54.930386 24.944708
54.958179 24.962292
54.966602 24.965984
54.978622 24.967485
54.994560 24.972086
55.000000 24.974398
55.025295 24.985151
55.037384 24.991928
55.048321 25.000000
55.053150 25.003563
55.053150 25.003563
55.045979 25.018858
55.064587 25.019533
55.065800 25.015757
55.065800 25.015757
55.124447 25.072706
55.131081 25.079868
55.172062 25.124092
55.215878 25.179546
55.217503 25.181601
55.236183 25.211042
55.269390 25.251438
55.279022 25.265247
55.283535 25.266058
55.300282 25.255260
55.332767 25.225368
55.335495 25.219013
55.331963 25.211342
55.323910 25.203091
55.316772 25.197849
55.310284 25.195839
55.308144 25.191877
55.309486 25.189388
55.315105 25.187014
55.322128 25.188122
55.338066 25.201862
55.342484 25.202620
55.343666 25.207981
55.341339 25.225367
55.339230 25.228296
55.327923 25.234880
55.315723 25.253380
55.310024 25.258049
55.294674 25.264751
55.288746 25.268724
55.288410 25.271240
55.300327 25.277073
55.312904 25.285906
55.323437 25.295603
55.343201 25.324141
55.345787 25.322144
55.340885 25.302038
55.342316 25.296795
55.345638 25.295506
55.347038 25.298986
55.345749 25.307678
55.346550 25.314127
55.350216 25.317898
55.353760 25.317533
55.354828 25.315725
55.353691 25.311792
55.355843 25.307716
55.358627 25.307331
55.361816 25.310171
55.363888 25.316423
55.362675 25.322821
55.347984 25.332304
55.368500 25.361547
55.374264 25.362848
55.381786 25.372231
55.384296 25.372755
55.384621 25.370468
55.373844 25.351549
55.368103 25.326637
55.370468 25.324448
55.374142 25.324203
55.376083 25.326487
55.377834 25.353533
55.388916 25.370352
55.392689 25.378716
55.403282 25.387030
55.425037 25.409639
55.437611 25.419380
55.444416 25.419785
55.447350 25.414810
55.444660 25.411985
55.446548 25.408131
55.445995 25.401688
55.448154 25.397152
55.453300 25.394070
55.460407 25.392876
55.463047 25.397306
55.458897 25.400871
55.455235 25.404911
55.458252 25.413485
55.462456 25.416348
55.473541 25.417091
55.486877 25.426846
55.486519 25.430281
55.476086 25.432770
55.471443 25.435865
55.473354 25.439358
55.493717 25.450670
55.496639 25.454189
55.495792 25.457151
55.493469 25.458700
55.487476 25.456480
55.484886 25.458481
55.498787 25.465513
55.501987 25.468266
55.506199 25.471882
55.508297 25.477676
55.507889 25.482716
55.505775 25.485647
55.501457 25.486456
55.491562 25.479546
55.489223 25.481552
55.511585 25.510365
55.527889 25.539248
55.536850 25.557873
55.543102 25.570860
55.552597 25.583038
55.561787 25.588549
55.567303 25.590063
55.571377 25.589247
55.572704 25.587214
55.564346 25.579199
55.562870 25.569517
55.556656 25.557652
55.534435 25.531836
55.536274 25.529587
55.542999 25.530966
55.552853 25.532988
55.556950 25.531252
55.558830 25.527626
55.557911 25.524618
55.554226 25.521082
55.546719 25.518597
55.543266 25.515755
55.547363 25.514021
55.555187 25.514446
55.561375 25.518734
55.565384 25.528248
55.568626 25.529707
55.604958 25.531984
55.620441 25.538336
55.622757 25.537014
55.617886 25.531876
55.615406 25.529257
55.619480 25.528208
55.624470 25.530397
55.649975 25.548470
55.647354 25.551620
55.642021 25.552410
55.638306 25.549793
55.634789 25.557514
55.635338 25.564646
55.642246 25.570326
55.647339 25.586292
55.657944 25.595505
55.668934 25.608860
55.669670 25.609364
55.690510 25.623615
55.693871 25.629896
55.728588 25.645418
55.741230 25.654673
55.756973 25.670427
55.767628 25.687441
55.770409 25.687506
55.770695 25.686363
55.770172 25.685213
55.766171 25.676384
55.768486 25.675060
55.778095 25.684240
55.785572 25.688318
55.798019 25.702105
55.798111 25.710424
55.813389 25.710316
55.846638 25.716808
55.867622 25.729502
55.869648 25.730726
55.933224 25.788803
55.943058 25.799814
55.946049 25.792301
55.945198 25.786312
55.942554 25.780973
55.937794 25.779030
55.935581 25.776455
55.937695 25.773287
55.944374 25.769760
55.951679 25.771299
55.955597 25.776438
55.958344 25.787291
55.966553 25.792982
55.965462 25.795942
55.958477 25.791885
55.954666 25.792261
55.952801 25.795666
55.957527 25.798985
55.955402 25.802610
55.972637 25.821360
55.987221 25.844870
55.988640 25.848036
56.003979 25.882204
56.006889 25.877676
56.004215 25.863609
56.006733 25.864353
56.008926 25.867615
56.012688 25.878948
56.016220 25.879484
56.022648 25.876177
56.026424 25.877176
56.028484 25.885717
56.038719 25.891907
56.040371 25.896536
56.039497 25.900879
56.045292 25.908348
56.047104 25.910686
56.049980 25.917177
56.048424 25.918522
56.046158 25.917786
56.035583 25.905159
56.033791 25.896164
56.027969 25.895580
56.019123 25.884829
56.016308 25.885916
56.015427 25.890490
56.028645 25.918329
56.032871 25.931280
56.042145 25.946465
56.047226 25.954781
56.049103 25.950916
56.049461 25.937145
56.050014 25.935320
56.052521 25.936522
56.054634 25.952871
56.051300 25.964052
56.054104 25.973299
56.066635 25.999054
56.072769 26.026989
56.079357 26.056965
56.085068 26.072012
56.088776 26.076410
> united_arab_emirates 71
55.027260 25.856644
55.023251 25.862499
55.019909 25.863781
55.018860 25.863611
55.009571 25.862104
55.007725 25.871239
55.000935 25.876783
55.001076 25.880003
55.003960 25.884451
55.009819 25.883703
55.014317 25.885670
55.031158 25.897182
55.035000 25.896145
55.037369 25.893686
55.042854 25.881899
55.046806 25.870529
55.047649 25.860907
55.045975 25.858101
55.036751 25.860823
55.027260 25.856644
