> brunei 0
        114.071457          4.588868
        114.117691          4.588087
        114.168800          4.590734
        114.177284          4.589142
        114.234108          4.595708
        114.296654          4.611482
        114.300804          4.612831
        114.340858          4.625834
        114.381859          4.643857
        114.405228          4.649193
        114.418938          4.655882
        114.419426          4.656120
        114.442566          4.663985
        114.512177          4.703906
        114.528351          4.717227
        114.581314          4.760839
        114.589096          4.769362
        114.595741          4.768914
        114.600327          4.768692
        114.605141          4.772150
        114.608574          4.776066
        114.613144          4.785504
        114.625290          4.786444
        114.629868          4.791742
        114.617485          4.790801
        114.615883          4.792868
        114.632370          4.805316
        114.635345          4.806931
        114.635574          4.809231
        114.675865          4.846097
        114.714119          4.871917
        114.733879          4.884026
        114.750999          4.894513
        114.786499          4.919866
        114.805283          4.934382
        114.821320          4.949125
        114.824982          4.949590
        114.835320          4.958016
        114.850410          4.970325
        114.854538          4.969181
        114.863022          4.970573
        114.894188          4.986255
        114.895790          4.988787
        114.900146          4.988563
        114.925713          5.000000
        114.931084          5.002403
        114.948090          5.007298
        114.950340          5.007947
        115.000000          5.027512
        115.025299          5.037478
        115.054871          5.047173
        115.057632          5.041196
        115.061760          5.038211
        115.069557          5.036151
        115.077126          5.036160
        115.107849          5.045393
        115.114502          5.044711
        115.116791          5.042643
        115.113586          5.040110
        115.095016          5.037790
        115.071175          5.027414
        115.064072          5.021656
        115.066597          5.018899
        115.072098          5.020055
        115.073402          5.021366
        115.074387          5.022357
        115.077827          5.021672
        115.094124          5.011341
        115.104439          5.011353
        115.111778          5.012971
        115.117973          5.010677
        115.123711          5.005855
        115.126053          5.000000
        115.126472          4.998958
        115.126015          4.996198
        115.123718          4.994586
        115.104225          4.996864
        115.099640          4.995249
        115.087486          4.996845
        115.085655          4.997993
        115.085098          5.000000
        115.083809          5.004660
        115.074631          5.009709
        115.074043          5.009315
        115.062943          5.001876
        115.057442          5.001410
        115.046661          5.005307
        115.041847          5.004382
        115.035194          5.005294
        115.032677          5.003221
        115.032036          5.000000
        115.035667          4.990576
        115.034988          4.980916
        115.043259          4.973336
        115.043945          4.970807
        115.040970          4.965284
        115.032494          4.959984
        115.029289          4.955151
        115.024017          4.951695
        115.020584          4.942951
        115.016991          4.937731
        115.014030          4.933439
        115.014030          4.933439
        115.012352          4.918844
        115.012352          4.918844
        115.014191          4.922015
        115.018776          4.919490
        115.021538          4.911445
        115.019714          4.903853
        115.003387          4.891301
        115.006454          4.891522
        115.006454          4.891522
        115.000000          4.885665
        114.986412          4.873335
        114.984772          4.868513
        114.989265          4.855824
        114.982574          4.850348
        114.983414          4.839525
        114.968315          4.811783
        114.945496          4.814692
        114.939674          4.815434
        114.928200          4.814592
        114.916252          4.811452
        114.909172          4.815413
        114.887840          4.815099
        114.849403          4.795108
        114.844086          4.788930
        114.837761          4.774746
        114.825455          4.747171
        114.813507          4.743339
        114.808693          4.744292
        114.794441          4.739095
        114.784767          4.732945
        114.771896          4.728659
        114.780739          4.713871
        114.781403          4.710414
        114.775574          4.696184
        114.776581          4.694123
        114.777611          4.692028
        114.787155          4.679076
        114.794281          4.682020
        114.797691          4.678084
        114.798317          4.669105
        114.795921          4.653471
        114.796547          4.644951
        114.804138          4.614521
        114.802910          4.602561
        114.805397          4.597711
        114.811554          4.593297
        114.812050          4.588082
        114.816261          4.544013
        114.814842          4.537348
        114.816261          4.510410
        114.814735          4.488555
        114.818039          4.462294
        114.818214          4.460914
        114.816833          4.460923
        114.825394          4.438310
        114.831955          4.425837
        114.835602          4.423050
        114.857597          4.421751
        114.875740          4.426921
        114.881004          4.425734
        114.882507          4.410533
        114.880348          4.397199
        114.877327          4.392563
        114.876152          4.386410
        114.876991          4.376047
        114.875504          4.359025
        114.867790          4.337903
        114.846703          4.304213
        114.840927          4.298038
        114.842072          4.298030
        114.830017          4.281079
        114.824486          4.273292
        114.811554          4.259569
        114.813568          4.251730
        114.817467          4.252164
        114.828529          4.261296
        114.835884          4.264699
        114.849045          4.278189
        114.852455          4.275403
        114.854034          4.271710
        114.837494          4.239574
        114.825699          4.216664
        114.819450          4.207729
        114.809067          4.197212
        114.793060          4.168779
        114.793930          4.162098
        114.802399          4.160430
        114.805588          4.158338
        114.795479          4.137609
        114.790482          4.127367
        114.784042          4.123268
        114.774628          4.120108
        114.768814          4.107718
        114.755455          4.097450
        114.748985          4.090358
        114.721916          4.051410
        114.714600          4.044967
        114.713615          4.044099
        114.688515          4.024701
        114.676598          4.023859
        114.675659          4.020637
        114.663719          4.017269
        114.655663          4.011798
        114.643715          4.006352
        114.633636          4.006648
        114.613678          4.003095
        114.607521          4.007048
        114.610588          4.010734
        114.619530          4.021471
        114.622566          4.029967
        114.621460          4.035498
        114.613487          4.043606
        114.602074          4.049204
        114.587173          4.048150
        114.578270          4.053041
        114.576500          4.062949
        114.566040          4.075445
        114.559662          4.080550
        114.551201          4.082676
        114.550072          4.085906
        114.550385          4.087564
        114.551498          4.093492
        114.550163          4.099484
        114.543335          4.106894
        114.541077          4.111511
        114.542953          4.118635
        114.542076          4.123934
        114.539574          4.127632
        114.525879          4.135315
        114.513115          4.145985
        114.500732          4.144453
        114.494102          4.147487
        114.480713          4.167366
        114.478821          4.172583
        114.469231          4.198971
        114.457893          4.217455
        114.456833          4.230812
        114.454582          4.237270
        114.452240          4.264904
        114.443825          4.275545
        114.440170          4.276719
        114.434891          4.275831
        114.433037          4.272390
        114.431198          4.271788
        114.428902          4.271035
        114.423767          4.256107
        114.423492          4.249664
        114.415009          4.249027
        114.407928          4.252294
        114.401566          4.261079
        114.389900          4.263914
        114.373863          4.264934
        114.361427          4.256035
        114.349754          4.257719
        114.330627          4.256807
        114.324074          4.256495
        114.318169          4.264818
        114.315926          4.272427
        114.320686          4.300938
        114.320290          4.309916
        114.328209          4.330351
        114.327560          4.337260
        114.329887          4.342770
        114.328766          4.346920
        114.323982          4.351322
        114.308296          4.360363
        114.306625          4.361325
        114.306458          4.370993
        114.310936          4.390069
        114.302620          4.417048
        114.297646          4.428356
        114.289238          4.439455
        114.280167          4.454930
        114.277023          4.465537
        114.271606          4.475862
        114.257538          4.502710
        114.253433          4.506647
        114.243835          4.511078
        114.213478          4.532665
        114.207985          4.534309
        114.196495          4.529775
        114.190147          4.542241
        114.183205          4.549852
        114.178535          4.554969
        114.159607          4.571653
        114.138756          4.573387
        114.129837          4.576432
        114.113571          4.578369
        114.095688          4.578244
        114.073006          4.581829
        114.071457          4.588868
> brunei 1
        115.152954          4.908361
        115.154045          4.902070
        115.157181          4.892152
        115.151367          4.880917
        115.151779          4.874930
        115.155434          4.872143
        115.165764          4.873680
        115.183388          4.868490
        115.184502          4.864800
        115.181488          4.860219
        115.181229          4.855388
        115.185303          4.847995
        115.203300          4.829862
        115.206474          4.826669
        115.213104          4.824090
        115.226997          4.811792
        115.228119          4.807871
        115.233353          4.802770
        115.234901          4.794244
        115.231003          4.764124
        115.231651          4.758135
        115.242775          4.743326
        115.245972          4.741231
        115.248001          4.736614
        115.256668          4.730107
        115.256706          4.728653
        115.256851          4.723661
        115.253342          4.714941
        115.250549          4.708978
        115.244781          4.704417
        115.243599          4.699362
        115.249298          4.694488
        115.258904          4.690966
        115.263451          4.686560
        115.265717          4.682170
        115.266579          4.674799
        115.263992          4.666763
        115.257500          4.656914
        115.258842          4.652531
        115.283699          4.634398
        115.283806          4.633657
        115.287842          4.605139
        115.284081          4.593199
        115.285408          4.586514
        115.283020          4.573413
        115.275627          4.565642
        115.267258          4.550513
        115.267441          4.544298
        115.270378          4.538292
        115.268013          4.529104
        115.267303          4.514570
        115.267204          4.512538
        115.274269          4.506272
        115.275146          4.501893
        115.271843          4.488568
        115.279251          4.468030
        115.273613          4.448739
        115.274239          4.441139
        115.284882          4.423108
        115.294899          4.413829
        115.301903          4.403457
        115.306458          4.396712
        115.329750          4.384572
        115.335434          4.378316
        115.346497          4.355679
        115.354691          4.348253
        115.359444          4.340162
        115.359398          4.333948
        115.353798          4.321561
        115.341217          4.308755
        115.337631          4.305109
        115.329338          4.299186
        115.320152          4.296721
        115.307648          4.310163
        115.297165          4.318756
        115.292458          4.332600
        115.288361          4.335853
        115.282402          4.336817
        115.272369          4.343104
        115.268242          4.342904
        115.261543          4.336049
        115.249863          4.337054
        115.245758          4.340076
        115.245438          4.341198
        115.242630          4.351146
        115.243805          4.355051
        115.241333          4.361974
        115.237923          4.365221
        115.230347          4.364124
        115.217705          4.358692
        115.201897          4.359957
        115.184311          4.368140
        115.173302          4.367989
        115.162788          4.372207
        115.152756          4.379644
        115.144623          4.379221
        115.141068          4.379037
        115.137604          4.375379
        115.126335          4.370626
        115.110970          4.369124
        115.089767          4.385616
        115.088196          4.389540
        115.098373          4.402357
        115.099358          4.412016
        115.097366          4.421697
        115.089890          4.434409
        115.091019          4.442512
        115.094482          4.467519
        115.091415          4.486413
        115.089851          4.492869
        115.078957          4.507215
        115.077888          4.518270
        115.081627          4.527911
        115.079620          4.536210
        115.073265          4.545231
        115.071724          4.561481
        115.070709          4.572177
        115.056885          4.594599
        115.044846          4.610104
        115.041504          4.623706
        115.040680          4.637060
        115.045128          4.649457
        115.042877          4.655226
        115.038780          4.660318
        115.042747          4.669727
        115.041351          4.675716
        115.041191          4.676412
        115.030571          4.697890
        115.029686          4.703190
        115.034790          4.711669
        115.035561          4.722250
        115.039276          4.728899
        115.037476          4.734204
        115.031990          4.736314
        115.026695          4.734050
        115.023750          4.739133
        115.022453          4.750189
        115.024582          4.758920
        115.031563          4.773140
        115.038795          4.778676
        115.043785          4.782490
        115.050911          4.784971
        115.050720          4.790726
        115.048225          4.794656
        115.037682          4.794730
        115.033569          4.797955
        115.033569          4.797955
        115.035873          4.804287
        115.033798          4.813944
        115.035858          4.816476
        115.045715          4.815568
        115.048470          4.813042
        115.049629          4.801083
        115.052780          4.795118
        115.058472          4.791283
        115.054672          4.803619
        115.054886          4.817189
        115.057625          4.828001
        115.063812          4.833989
        115.080307          4.843207
        115.089935          4.844598
        115.092812          4.838683
        115.097275          4.840926
        115.099564          4.848749
        115.103226          4.852202
        115.108276          4.848528
        115.111938          4.849912
        115.116058          4.861186
        115.112839          4.868312
        115.102058          4.873820
        115.097923          4.881405
        115.096077          4.891293
        115.097450          4.893824
        115.106613          4.901884
        115.116241          4.906494
        115.126556          4.905585
        115.144440          4.909514
        115.152954          4.908361
