> heard island and mcdonald islands 0
73.364997863769588 -53.079444885253906
73.363891601562784 -53.080001831054688
73.363334655762003 -53.080001831054688
73.362777709960881 -53.080276489257812
73.362220764160327 -53.080276489257812
73.36179351806669 -53.080104827880859
73.360977172851619 -53.079879760742188
73.360717773437671 -53.079902648925781
73.360115051269531 -53.079421997070312
73.360244750976847 -53.079219818115234
73.36063385009794 -53.079135894775391
73.360679626464787 -53.078834533691406
73.361366271972713 -53.078708648681584
73.363563537597827 -53.078483581542969
73.364883422851562 -53.078762054443359
73.36539459228544 -53.078887939453068
73.365554809570369 -53.079444885253906
73.364997863769588 -53.079444885253906
> heard island and mcdonald islands 1
73.638885498046932 -53.042778015136605
73.638336181640909 -53.043056488037053
73.637779235840128 -53.043056488037053
73.637222290039347 -53.042778015136605
73.636665344238224 -53.042778015136605
73.6361083984375 -53.042499542236328
73.6361083984375 -53.042221069335938
73.633331298828182 -53.040832519531193
73.635002136230639 -53.040000915527287
73.635559082031421 -53.040000915527287
73.6361083984375 -53.039722442626839
73.637222290039347 -53.039722442626839
73.638336181640909 -53.040279388427678
73.638336181640909 -53.041389465332031
73.638885498046932 -53.041667938232422
73.638885498046932 -53.042778015136605
> heard island and mcdonald islands 2
72.594482421875284 -53.035007476806641
72.595001220703182 -53.035266876220703
72.595558166503963 -53.035266876220703
72.596931457519815 -53.035167694091797
72.598213195800838 -53.035694122314396
72.599227905273722 -53.035995483398381
72.600250244140796 -53.036220550537109
72.60111236572277 -53.036262512206974
72.602645874023722 -53.036487579345703
72.603919982910213 -53.036861419677621
72.604560852051065 -53.036861419677621
72.606369018554858 -53.037673950195312
72.607261657715128 -53.038246154785156
72.608413696289006 -53.038917541503906
72.608886718750057 -53.039154052734261
72.608886718750057 -53.039432525634709
72.609443664550838 -53.039710998535099
72.609443664550838 -53.040542602539062
72.608886718750057 -53.040821075439453
72.608886718750057 -53.041378021240234
72.608329772949276 -53.041656494140625
72.608329772949276 -53.043045043945256
72.607780456543026 -53.043323516845646
72.607780456543026 -53.043876647949219
72.608886718750057 -53.04443359375
72.608886718750057 -53.044712066650391
72.608329772949276 -53.044986724853516
72.607398986816463 -53.045215606689453
72.607017517089901 -53.045814514160099
72.607017517089901 -53.047168731689453
72.607398986816463 -53.047843933105469
72.608169555664176 -53.048145294189453
72.608474731445483 -53.048435211181641
72.607986450195597 -53.048965454101506
72.607223510742472 -53.049640655517464
72.607223510742472 -53.050823211669922
72.605552673339787 -53.051654815673828
72.603782653808707 -53.051654815673828
72.601615905761719 -53.051368713378906
72.599922180175838 -53.050750732421818
72.598266601562784 -53.050151824951172
72.59787750244169 -53.050075531005859
72.596862792968807 -53.049850463867188
72.595199584961051 -53.049850463867188
72.594444274902628 -53.049709320068303
72.593330383301065 -53.049709320068303
72.592781066894474 -53.049434661865178
72.592224121093921 -53.049434661865178
72.591667175293139 -53.049156188964787
72.591110229492358 -53.049156188964787
72.590553283691406 -53.048877716064339
72.590553283691406 -53.048320770263672
72.588462829589901 -53.047439575195256
72.588203430175724 -53.046688079833871
72.587059020996037 -53.046390533447209
72.585968017578296 -53.045883178710938
72.584762573242131 -53.045475006103516
72.583740234375057 -53.043373107910156
72.583740234375057 -53.042709350585938
72.582977294921932 -53.042110443115121
72.582649230957315 -53.041755676269531
72.582649230957315 -53.039955139160156
72.582778930664119 -53.039432525634709
72.582778930664119 -53.038875579833984
72.583335876464901 -53.038600921630859
72.583335876464901 -53.037765502929688
72.583885192871151 -53.037487030029297
72.583885192871151 -53.036933898925724
72.583923339843807 -53.036125183105469
72.584442138672046 -53.035545349121094
72.585510253906534 -53.035255432128906
72.586914062500171 -53.035030364990178
72.588470458984432 -53.034835815429631
72.590888977050952 -53.034835815429631
72.591392517090128 -53.034622192382812
72.592292785644588 -53.034576416015511
72.593566894531421 -53.034652709960881
72.594482421875284 -53.035007476806641
> heard island and mcdonald islands 3
73.308334350585994 -52.974445343017578
73.308891296386776 -52.974723815917969
73.308891296386776 -52.974998474121094
73.311111450195483 -52.976112365722543
73.312225341796818 -52.976112365722543
73.31333160400419 -52.975555419921875
73.314445495605526 -52.975555419921875
73.316108703613281 -52.974723815917969
73.316665649414233 -52.974723815917969
73.317222595215014 -52.974998474121094
73.319999694824503 -52.974998474121094
73.320556640625057 -52.974723815917969
73.321662902832088 -52.975276947021484
73.321662902832088 -52.975833892822266
73.322219848632869 -52.976112365722543
73.322219848632869 -52.976665496826115
73.323890686035327 -52.977500915527344
73.323333740234546 -52.977779388427734
73.323333740234546 -52.978054046630859
73.322776794433764 -52.97833251953125
73.322776794433764 -52.97944259643549
73.323730468750171 -52.979621887206974
73.324996948242472 -52.979621887206974
73.325553894043253 -52.979721069335881
73.327774047851619 -52.979721069335881
73.328330993652401 -52.979999542236271
73.329444885254077 -52.979999542236271
73.332221984863565 -52.981388092041016
73.332221984863565 -52.981666564941406
73.332778930664347 -52.981945037841797
73.332778930664347 -52.982223510742188
73.333335876464901 -52.982498168945256
73.333335876464901 -52.983055114746037
73.334999084472713 -52.983890533447266
73.334999084472713 -52.985279083251953
73.334899902344034 -52.985836029052678
73.335151672363452 -52.987201690673828
73.33603668212919 -52.987884521484375
73.337776184082315 -52.989166259765568
73.339447021484489 -52.99000167846674
73.339447021484489 -52.990276336669922
73.339996337890682 -52.990554809570312
73.339996337890682 -52.990833282470703
73.340553283691463 -52.991111755371094
73.340553283691463 -52.991664886474609
73.341110229492244 -52.991943359374886
73.341110229492244 -52.993331909179688
73.341667175292969 -52.993610382080078
73.341110229492244 -52.993888854980469
73.341667175292969 -52.994167327880859
73.341667175292969 -52.99444580078125
73.342224121093921 -52.994720458984375
73.342224121093921 -52.994998931884652
73.343330383300781 -52.99555587768549
73.343330383300781 -52.995834350585881
73.343887329101506 -52.996112823486271
73.343887329101506 -52.996387481689453
73.344444274902628 -52.996665954589844
73.344444274902628 -52.997222900390625
73.345001220703409 -52.997501373291016
73.345001220703409 -52.997776031494141
73.34555816650419 -52.998054504394531
73.34555816650419 -52.998889923095646
73.346664428710994 -53.0
73.346107482910213 -53.000278472900391
73.349441528320483 -53.001667022705021
73.350555419922159 -53.001667022705021
73.35111236572294 -53.001945495605412
73.351669311523722 -53.001945495605412
73.352218627929744 -53.002223968505803
73.352218627929744 -53.002498626708928
73.352775573730526 -53.002498626708928
73.353332519531307 -53.002777099609375
73.353332519531307 -53.003055572509766
73.354446411132812 -53.003612518310547
73.354446411132812 -53.003887176513672
73.355552673340014 -53.004444122314453
73.355552673340014 -53.00472259521473
73.356109619140625 -53.005001068115178
73.356109619140625 -53.005279541015568
73.358329772949332 -53.006389617919922
73.358329772949332 -53.006668090820312
73.358886718750057 -53.006942749023438
73.358886718750057 -53.008056640624943
73.359443664550838 -53.008335113525334
73.359443664550838 -53.008609771728459
73.360557556152401 -53.009166717529297
73.360557556152401 -53.009445190429688
73.362220764160327 -53.010276794433594
73.362220764160327 -53.010833740234375
73.362777709960881 -53.011112213134652
73.362777709960881 -53.011390686035099
73.363334655762003 -53.011665344238224
73.363334655762003 -53.011943817138615
73.362777709960881 -53.012222290039006
73.364440917969034 -53.013053894042969
73.364440917969034 -53.013889312744141
73.364997863769588 -53.014167785644418
73.364997863769588 -53.014446258544865
73.365554809570369 -53.01472091674799
73.365554809570369 -53.015277862548771
73.366111755371151 -53.015556335449219
73.366111755371151 -53.015834808349609
73.366668701171932 -53.016109466552734
73.366668701171932 -53.017501831054574
73.366111755371151 -53.017776489257756
73.366668701171932 -53.018054962158146
73.366668701171932 -53.018611907958928
73.367774963379077 -53.0191650390625
73.367774963379077 -53.019721984863281
73.368331909179858 -53.020000457763672
73.368888854980469 -53.020000457763672
73.370002746582315 -53.020557403564339
73.37237548828125 -53.02105712890625
73.3739013671875 -53.021358489990234
73.376708984375 -53.023010253906193
73.378616333007812 -53.023609161376839
73.380020141601619 -53.024211883544922
73.381111145019702 -53.024444580078068
73.381668090820312 -53.024723052978459
73.381668090820312 -53.025833129882812
73.381111145019702 -53.026111602783203
73.381111145019702 -53.026668548583984
73.380554199218921 -53.026943206786996
73.381668090820312 -53.027500152587834
73.382225036621037 -53.027500152587834
73.382774353027628 -53.027778625488224
73.384445190429744 -53.027778625488224
73.3861083984375 -53.028610229492188
73.387222290039233 -53.028610229492188
73.387779235840014 -53.028331756591797
73.387779235840014 -53.027500152587834
73.388885498047159 -53.026943206786996
73.38944244384794 -53.026943206786996
73.390556335449276 -53.026390075683594
73.392776489257983 -53.026390075683594
73.393333435058764 -53.025554656982422
73.393333435058764 -53.025001525878849
73.393890380859546 -53.024723052978459
73.393890380859546 -53.024444580078068
73.394447326660156 -53.024166107177678
73.394447326660156 -53.023887634277287
73.393890380859546 -53.023612976074219
73.393890380859546 -53.022777557373047
73.393333435058764 -53.022499084472656
73.393333435058764 -53.021110534667912
73.392776489257983 -53.020832061767521
73.392219543457088 -53.020832061767521
73.392219543457088 -53.020557403564339
73.391113281250057 -53.020000457763672
73.389999389648722 -53.020000457763672
73.388885498047159 -53.020557403564339
73.388336181640568 -53.020557403564339
73.387222290039233 -53.020000457763672
73.387222290039233 -53.018890380859375
73.386665344238452 -53.018611907958928
73.387222290039233 -53.018333435058537
73.386665344238452 -53.018054962158146
73.386665344238452 -53.016944885253906
73.387222290039233 -53.016666412353516
73.387222290039233 -53.015556335449219
73.387779235840014 -53.015277862548771
73.387779235840014 -53.014999389648381
73.388336181640568 -53.01472091674799
73.388336181640568 -53.014167785644418
73.388885498047159 -53.013889312744141
73.388885498047159 -53.01361083984375
73.38944244384794 -53.013332366943359
73.38944244384794 -53.012779235839844
73.389999389648722 -53.012500762939453
73.389999389648722 -53.011943817138615
73.390556335449276 -53.011665344238224
73.390556335449276 -53.011390686035099
73.391113281250057 -53.011112213134652
73.391113281250057 -53.010555267333984
73.391670227050838 -53.010276794433594
73.391670227050838 -53.009998321533203
73.392219543457088 -53.009723663330078
73.392219543457088 -53.009445190429688
73.392776489257983 -53.009166717529297
73.392776489257983 -53.008888244628849
73.393333435058764 -53.008609771728459
73.393333435058764 -53.007778167724496
73.393890380859546 -53.007499694824219
73.393890380859546 -53.006942749023438
73.39499664306669 -53.006389617919922
73.39499664306669 -53.006111145019531
73.396110534668253 -53.005554199218693
73.396110534668253 -53.005001068115178
73.396667480468864 -53.00472259521473
73.396667480468864 -53.004444122314453
73.402221679687784 -53.001667022705021
73.405555725097827 -53.001667022705021
73.406112670898608 -53.001388549804574
73.406112670898608 -53.001110076904297
73.406669616699389 -53.001110076904297
73.407218933105412 -53.000831604003906
73.407218933105412 -53.0
73.408348083496378 -52.999317169189453
73.409698486328068 -52.999198913574219
73.410583496093807 -52.999401092529297
73.410552978515682 -53.0
73.411163330078239 -53.001277923583928
73.410781860351676 -53.001804351806641
73.41062164306669 -53.002429962158146
73.411132812500057 -53.003181457519474
73.411514282226619 -53.003704071044922
73.411895751953182 -53.004608154296818
73.412406921386889 -53.004905700683537
73.413742065429858 -53.005622863769531
73.41501617431669 -53.005924224853516
73.415527343750057 -53.006973266601562
73.415557861328409 -53.007499694824219
73.417778015136776 -53.008609771728459
73.417221069335994 -53.008888244628849
73.417221069335994 -53.009166717529297
73.415557861328409 -53.009998321533203
73.415557861328409 -53.010833740234375
73.416114807128963 -53.011112213134652
73.416114807128963 -53.012779235839844
73.415557861328409 -53.013053894042969
73.415557861328409 -53.013332366943359
73.416664123535213 -53.013889312744141
73.416664123535213 -53.015556335449219
73.415000915527628 -53.016387939453125
73.415000915527628 -53.016666412353516
73.412223815918139 -53.018054962158146
73.411666870117188 -53.018054962158146
73.411109924316463 -53.018333435058537
73.411109924316463 -53.018611907958928
73.410453796386662 -53.018939971923828
73.409408569335994 -53.019832611083984
73.406982421875284 -53.01998138427723
73.405967712402401 -53.0205078125
73.404945373535327 -53.021408081054631
73.404815673828182 -53.022686004638672
73.405456542969034 -53.022834777831974
73.407112121582088 -53.022834777831974
73.407112121582088 -53.023136138916016
73.408256530761776 -53.023284912109318
73.408256530761776 -53.023811340332031
73.40927886962919 -53.023811340332031
73.409660339355753 -53.024562835693246
73.411064147949389 -53.024639129638615
73.411697387695369 -53.025089263916016
73.411956787109659 -53.025764465331974
73.412849426269588 -53.026214599609375
73.413993835449276 -53.026588439941406
73.415527343750057 -53.026889801025391
73.415779113769815 -53.02741622924799
73.416030883789233 -53.027790069580021
73.417778015136776 -53.027778625488224
73.418960571289119 -53.027873992919865
73.421005249023608 -53.027797698974553
73.421897888183537 -53.028099060058594
73.423805236816349 -53.028175354003849
73.424362182617472 -53.028305053710938
73.427162170410213 -53.02845382690424
73.427673339843921 -53.028831481933537
73.429199218750171 -53.028831481933537
73.429840087890682 -53.029129028320256
73.431495666504077 -53.029430389404297
73.432258605957202 -53.029731750488281
73.433921813964787 -53.029731750488281
73.434555053710938 -53.030277252197209
73.437225341796875 -53.030277252197209
73.437774658203296 -53.030555725097599
73.438331604004077 -53.030555725097599
73.438888549804688 -53.030277252197209
73.441108703613395 -53.030277252197209
73.441665649414119 -53.029998779296761
73.442222595214901 -53.030277252197209
73.452102661132812 -53.030277252197209
73.452743530273551 -53.030052185058594
73.454017639160213 -53.030052185058594
73.455551147460994 -53.029453277587891
73.456108093261719 -53.02972412109375
73.456665039062671 -53.02972412109375
73.458992004394588 -53.029426574706918
73.459762573242244 -53.028751373290959
73.461669921875057 -53.028751373290959
73.463203430175838 -53.028377532958871
73.464447021484375 -53.028331756591797
73.466667175293082 -53.027221679687443
73.468887329101562 -53.027221679687443
73.469444274902514 -53.026943206786996
73.470001220703296 -53.026943206786996
73.470558166504077 -53.027221679687443
73.471107482910099 -53.026943206786996
73.472244262695597 -53.026943206786996
73.473266601562671 -53.026569366455078
73.475303649902287 -53.026119232177734
73.478111267089957 -53.025966644287053
73.479515075683594 -53.025367736816406
73.481552124023722 -53.024765014648438
73.483337402343921 -53.024616241455078
73.484481811523608 -53.023941040039062
73.486267089843807 -53.023715972900391
73.488052368164347 -53.023338317871094
73.489326477050838 -53.022514343261719
73.490470886230526 -53.021987915038949
73.491363525390796 -53.021839141845703
73.492385864257869 -53.020412445068359
73.493331909179744 -53.020000457763672
73.49444580078125 -53.020000457763672
73.495002746582202 -53.019721984863281
73.495002746582202 -53.019443511962891
73.49444580078125 -53.0191650390625
73.49444580078125 -53.018890380859375
73.493278503418139 -53.017433166503906
73.492004394531307 -53.016983032226562
73.491111755371378 -53.016666412353516
73.491111755371378 -53.014999389648381
73.491668701172159 -53.01472091674799
73.491668701172159 -53.014167785644418
73.49222564697277 -53.013889312744141
73.49222564697277 -53.01361083984375
73.493431091308537 -53.013008117675724
73.494964599609375 -53.012256622314339
73.496528625488452 -53.011726379394531
73.497680664062671 -53.011573791503849
73.499076843261776 -53.011875152587777
73.500862121581974 -53.011798858642578
73.501754760742244 -53.012477874755859
73.504211425781307 -53.012584686279297
73.505554199218807 -53.012500762939453
73.506111145019588 -53.012779235839844
73.506668090820369 -53.012779235839844
73.507774353027514 -53.013332366943359
73.507774353027514 -53.014999389648381
73.507225036621094 -53.015277862548771
73.507225036621094 -53.015556335449219
73.506668090820369 -53.015834808349609
73.506668090820369 -53.016666412353516
73.507225036621094 -53.016944885253906
73.507225036621094 -53.017501831054574
73.508331298828296 -53.018054962158146
73.508888244628906 -53.018054962158146
73.509445190429631 -53.018333435058537
73.510002136230753 -53.018333435058537
73.510559082031534 -53.018611907958928
73.511108398437614 -53.018611907958928
73.512443542480582 -53.018489837646484
73.516014099121151 -53.018413543701172
73.520469665527628 -53.018337249755803
73.52085113525419 -53.018039703369084
73.522895812988338 -53.017963409423771
73.523529052734659 -53.017662048339787
73.525573730468807 -53.017662048339787
73.526336669921932 -53.017360687255859
73.527610778808764 -53.017211914062443
73.528892517090128 -53.016387939453125
73.531112670898494 -53.016387939453125
73.531669616699276 -53.016109466552734
73.531669616699276 -53.015834808349609
73.532775878906421 -53.015277862548771
73.532775878906421 -53.014999389648381
73.534561157226619 -53.013797760009766
73.536727905273381 -53.013721466064453
73.537620544433707 -53.014022827148438
73.538513183593807 -53.01454925537098
73.540443420410213 -53.015731811523438
73.541595458984432 -53.016181945800781
73.543251037597827 -53.016555786132812
73.542991638183878 -53.017230987548828
73.544776916504077 -53.017906188964844
73.545417785644588 -53.018360137939339
73.546691894531421 -53.018657684326172
73.547203063965128 -53.019260406494141
73.547706604003963 -53.020011901855469
73.549491882324503 -53.020687103271484
73.551277160644702 -53.020912170410099
73.552810668945312 -53.02015304565424
73.555999755859375 -53.020229339599609
73.556381225585938 -53.020603179931641
73.56339263916044 -53.020828247070256
73.564537048340128 -53.020305633544922
73.566070556640909 -53.020305633544922
73.566963195800838 -53.019927978515625
73.567977905273722 -53.019554138183594
73.569511413574503 -53.019477844238224
73.570526123047046 -53.019104003906193
73.572311401367244 -53.019104003906193
73.573394775390796 -53.019515991210938
73.574035644531307 -53.019813537597656
73.574928283691577 -53.020565032958984
73.575576782226676 -53.021492004394474
73.575576782226676 -53.021793365478402
73.577613830566463 -53.022090911865234
73.577995300293026 -53.022842407226449
73.580673217773494 -53.023143768310547
73.581054687500057 -53.023593902587834
73.582580566406307 -53.023971557617131
73.582710266113452 -53.024723052978459
73.582832336426065 -53.025112152099553
73.583976745605753 -53.025413513183537
73.584228515625 -53.026313781738281
73.58591461181669 -53.026996612548828
73.587425231933878 -53.02764892578125
73.588577270508097 -53.02764892578125
73.589088439941463 -53.028175354003849
73.591758728027401 -53.028400421142578
73.592147827148494 -53.028850555419808
73.593673706054744 -53.029075622558594
73.594711303710881 -53.030132293701172
73.596664428711108 -53.031112670898381
73.597221374511889 -53.03083419799799
73.598892211914347 -53.03083419799799
73.600555419921932 -53.031665802001953
73.600555419921932 -53.032222747802734
73.603332519531421 -53.033611297607365
73.603355407714844 -53.03455734252924
73.604629516601506 -53.034858703613168
73.605010986328068 -53.035533905029297
73.605651855468807 -53.036434173583984
73.607429504394645 -53.036510467529297
73.608016967773722 -53.036853790283146
73.608520507812557 -53.037220001220646
73.613105773925838 -53.037296295166016
73.615554809570483 -53.037223815917912
73.616111755371264 -53.036945343017521
73.617225646972656 -53.036945343017521
73.61777496337919 -53.036666870117131
73.618331909179972 -53.036666870117131
73.618888854980753 -53.036945343017521
73.621109008789119 -53.036945343017521
73.621665954589844 -53.037223815917912
73.622222900390796 -53.037223815917912
73.622779846191577 -53.037498474121037
73.623886108398381 -53.037498474121037
73.626113891601619 -53.038612365722656
73.626113891601619 -53.038887023925781
73.628890991211108 -53.040279388427678
73.627220153808651 -53.041110992431641
73.626663208007869 -53.040832519531193
73.626113891601619 -53.040832519531193
73.622222900390796 -53.038887023925781
73.619445800781364 -53.038887023925781
73.617225646972656 -53.040000915527287
73.617225646972656 -53.040279388427678
73.616668701172046 -53.040554046630803
73.616111755371264 -53.041110992431641
73.616111755371264 -53.041667938232422
73.614997863769588 -53.042221069335938
73.614997863769588 -53.042778015136605
73.614440917968807 -53.043056488037053
73.614440917968807 -53.043334960937443
73.613891601562557 -53.043609619140568
73.613891601562557 -53.043888092040959
73.613334655761776 -53.044166564941406
73.613334655761776 -53.044723510742188
73.612777709961222 -53.044998168945312
73.612777709961222 -53.045276641845703
73.61222076416044 -53.045555114746094
73.61222076416044 -53.046390533447209
73.611663818359659 -53.046665191650334
73.611663818359659 -53.046943664550724
73.611114501953068 -53.047222137451115
73.611114501953068 -53.047779083251953
73.610557556152514 -53.048053741455078
73.610557556152514 -53.049446105956974
73.610000610351733 -53.049720764160099
73.610000610351733 -53.050556182861328
73.610382080078296 -53.052207946777287
73.61203765869169 -53.052883148193246
73.612297058105639 -53.054309844970646
73.613441467285327 -53.055137634277287
73.614082336425838 -53.056186676025334
73.615859985351847 -53.056789398193303
73.616592407226847 -53.057216644287109
73.617095947265682 -53.057968139648438
73.619140625000171 -53.05811691284174
73.619430541992244 -53.058589935302678
73.620964050293026 -53.059192657470703
73.621726989746151 -53.059566497802734
73.623001098632812 -53.059417724609375
73.623260498046989 -53.058742523193359
73.624137878418139 -53.058208465576115
73.628334045410327 -53.056110382080021
73.629997253417912 -53.056110382080021
73.633888244628963 -53.054164886474609
73.634445190429688 -53.054164886474609
73.635002136230639 -53.053890228271484
73.635559082031421 -53.053890228271484
73.639999389648494 -53.051666259765625
73.642105102539119 -53.051483154296875
73.642745971679972 -53.050956726074162
73.643890380859659 -53.050834655761719
73.64444732666044 -53.050556182861328
73.644996643066463 -53.050556182861328
73.646110534668026 -53.04999923706049
73.646110534668026 -53.049720764160099
73.646667480468807 -53.049446105956974
73.646667480468807 -53.048053741455078
73.645553588867244 -53.047500610351562
73.645553588867244 -53.046943664550724
73.646110534668026 -53.046943664550724
73.646667480468807 -53.046665191650334
73.647224426269531 -53.046665191650334
73.65000152587919 -53.048053741455078
73.65000152587919 -53.048332214355469
73.649444580078068 -53.048610687255859
73.649444580078068 -53.04888916015625
73.65000152587919 -53.049167633056527
73.65000152587919 -53.049446105956974
73.650558471679972 -53.049720764160099
73.650558471679972 -53.04999923706049
73.651107788086051 -53.050277709960881
73.651107788086051 -53.052223205566406
73.651664733886776 -53.052501678466683
73.651664733886776 -53.053054809570256
73.652221679687557 -53.053333282470646
73.652221679687557 -53.054443359375
73.652778625488338 -53.054721832275391
73.652778625488338 -53.055278778076172
73.653335571289119 -53.055557250976449
73.653335571289119 -53.056110382080021
73.653892517090014 -53.056388854980412
73.653892517090014 -53.056667327880803
73.654441833496264 -53.05694580078125
73.654441833496264 -53.057220458984375
73.654998779297046 -53.057498931884766
73.654998779297046 -53.057777404785156
73.655555725097599 -53.058055877685547
73.655555725097599 -53.058334350585938
73.656112670898722 -53.058612823486328
73.656112670898722 -53.058887481689396
73.656669616699503 -53.059165954589787
73.656669616699503 -53.059444427490178
73.657218933105753 -53.059722900390568
73.657218933105753 -53.060001373290959
73.658332824707088 -53.060554504394531
73.658332824707088 -53.061111450195312
73.658889770507869 -53.061389923095703
73.658889770507869 -53.061943054199105
73.659446716308651 -53.062221527099553
73.659446716308651 -53.063056945800724
73.660003662109375 -53.063331604003906
73.660385131835938 -53.064884185790959
73.661277770996037 -53.065486907958984
73.661911010742188 -53.066310882568303
73.662780761719034 -53.066944122314453
73.665000915527401 -53.06805419921875
73.665000915527401 -53.068332672119027
73.666213989258097 -53.068939208984375
73.666976928711222 -53.069766998290902
73.668891906738565 -53.071117401123047
73.671440124511889 -53.073146820068359
73.671569824218693 -53.073745727539006
73.6729736328125 -53.074420928955021
73.673477172851506 -53.075325012207031
73.674446105957031 -53.075775146484261
73.674446105957031 -53.076389312744141
73.673889160156421 -53.076667785644531
73.675003051757756 -53.077220916748047
73.675003051757756 -53.078609466552678
73.675552368164347 -53.078887939453068
73.675552368164347 -53.080833435058594
73.676109313965128 -53.081111907958871
73.676109313965128 -53.083057403564453
73.676666259765739 -53.083332061767578
73.676666259765739 -53.08527755737299
73.677223205566463 -53.085556030273438
73.677223205566463 -53.085834503173828
73.677780151367244 -53.086112976074219
73.677780151367244 -53.086387634277344
73.678886413574219 -53.086944580078125
73.678886413574219 -53.087223052978516
73.684448242187557 -53.090000152587891
73.684448242187557 -53.090557098388558
73.685554504394702 -53.091110229492131
73.685554504394702 -53.091388702392521
73.686668395996264 -53.091945648193359
73.687225341796875 -53.091945648193359
73.687774658203409 -53.09222412109375
73.68833160400419 -53.09222412109375
73.691108703613338 -53.093612670898438
73.692222595215014 -53.093612670898438
73.692779541015796 -53.093887329101506
73.693885803222599 -53.093887329101506
73.694442749023722 -53.094165802001896
73.694999694824503 -53.094165802001896
73.696113586425838 -53.094722747802678
73.696662902832088 -53.094722747802678
73.697219848632869 -53.095001220703068
73.697776794433651 -53.095001220703068
73.698333740234546 -53.09527587890625
73.698890686035327 -53.09527587890625
73.699447631836108 -53.095554351806641
73.699996948242131 -53.095554351806641
73.703887939453182 -53.097499847412053
73.702774047851619 -53.098056793212834
73.702774047851619 -53.098331451416016
73.702224731445426 -53.098331451416016
73.701667785644815 -53.098056793212834
73.699996948242131 -53.098056793212834
73.698890686035327 -53.098609924316406
73.698333740234546 -53.098609924316406
73.697219848632869 -53.099166870117188
73.697219848632869 -53.099445343017578
73.696662902832088 -53.099723815917969
73.696662902832088 -53.100833892822209
73.695556640625284 -53.101387023925781
73.694442749023722 -53.101387023925781
73.693885803222599 -53.101665496826172
73.692779541015796 -53.101665496826172
73.692222595215014 -53.101943969726562
73.691108703613338 -53.101943969726562
73.690551757812557 -53.102222442626953
73.690002441406307 -53.102222442626953
73.689445495605582 -53.102500915527344
73.688888549804972 -53.102500915527344
73.68833160400419 -53.102779388427734
73.687774658203409 -53.102779388427734
73.686111450195483 -53.103610992431584
73.686111450195483 -53.104167938232365
73.687225341796875 -53.104721069335938
73.687225341796875 -53.104999542236328
73.68833160400419 -53.105556488037109
73.68833160400419 -53.1058349609375
73.688888549804972 -53.106109619140625
73.688888549804972 -53.106666564941349
73.690551757812557 -53.107498168945256
73.690551757812557 -53.107776641845703
73.691108703613338 -53.108055114746094
73.691108703613338 -53.108333587646484
73.691665649414062 -53.108612060546875
73.691665649414062 -53.108890533447266
73.694999694824503 -53.110553741455021
73.695556640625284 -53.110553741455021
73.697776794433651 -53.111667633056641
73.698333740234546 -53.111667633056641
73.698890686035327 -53.111946105957031
73.701110839844034 -53.110832214355412
73.701110839844034 -53.110553741455021
73.701667785644815 -53.110279083251896
73.700553894043253 -53.109722137451058
73.700553894043253 -53.109443664550781
73.701217651367244 -53.109111785888672
73.702110290527514 -53.108058929443359
73.704406738281421 -53.107234954833928
73.705680847168253 -53.107086181640625
73.706573486328182 -53.106784820556641
73.707336425781307 -53.106784820556641
73.708229064941577 -53.106407165527344
73.709632873535213 -53.106334686279297
73.711288452148608 -53.105731964111328
73.712646484375 -53.105796813964787
73.714691162109375 -53.105720520019418
73.715194702148551 -53.105194091796875
73.714996337890682 -53.104999542236328
73.714050292968864 -53.104850769042912
73.713798522949276 -53.103759765625
73.714996337890682 -53.103610992431584
73.717781066894702 -53.104999542236328
73.717781066894702 -53.105278015136719
73.721664428710994 -53.107223510742131
73.722221374511776 -53.107223510742131
73.723335266113338 -53.107776641845703
73.725555419921818 -53.107776641845703
73.728889465332088 -53.109443664550781
73.728889465332088 -53.109722137451058
73.730003356933594 -53.110279083251896
73.730003356933594 -53.110553741455021
73.731666564941406 -53.11138916015625
73.731666564941406 -53.111667633056641
73.732223510742131 -53.111946105957031
73.732223510742131 -53.112220764160156
73.732780456543253 -53.112499237060547
73.732780456543253 -53.112777709960824
73.739440917969034 -53.11611175537098
73.739997863769815 -53.11611175537098
73.742225646972713 -53.117221832275334
73.743034362793026 -53.117549896240234
73.744018554687784 -53.11780929565424
73.745681762695369 -53.118034362792969
73.746574401855639 -53.118408203125
73.748229980469034 -53.118556976318303
73.749122619628963 -53.119235992431584
73.752182006835994 -53.119445800781193
73.754997253418026 -53.119445800781193
73.755554199218921 -53.119720458984318
73.756111145019702 -53.119720458984318
73.756668090820483 -53.119998931884709
73.758331298828409 -53.119998931884709
73.75888824462919 -53.120277404785099
73.761108398437557 -53.120277404785099
73.761665344238281 -53.119998931884709
73.762657165527401 -53.120193481445256
73.763435363769588 -53.120262145996094
73.764190673828182 -53.120277404785099
73.764999389648722 -53.120277404785099
73.769996643066349 -53.120277404785099
73.770553588867472 -53.119998931884709
73.771110534668253 -53.119998931884709
73.771667480469034 -53.120277404785099
73.774444580078125 -53.120277404785099
73.775001525879077 -53.119998931884709
73.775558471679858 -53.119998931884709
73.776107788085938 -53.120277404785099
73.777221679687784 -53.120277404785099
73.777778625488565 -53.119998931884709
73.778335571289347 -53.119998931884709
73.778892517089901 -53.119720458984318
73.779441833496151 -53.119720458984318
73.779998779296932 -53.119445800781193
73.783332824707315 -53.119445800781193
73.783889770508097 -53.119167327880746
73.785003662109489 -53.119167327880746
73.785552978515682 -53.118888854980469
73.786666870117244 -53.118888854980469
73.787223815917969 -53.118610382080078
73.79111480712919 -53.118610382080078
73.791664123535213 -53.118888854980469
73.796112060547159 -53.118888854980469
73.79666900634794 -53.118610382080078
73.797775268554744 -53.118610382080078
73.798332214355526 -53.118331909179688
73.798889160156307 -53.118331909179688
73.799446105957088 -53.118057250976562
73.800003051757812 -53.118057250976562
73.800552368164233 -53.117778778076172
73.801109313965014 -53.117778778076172
73.801666259765625 -53.118057250976562
73.803886413574332 -53.118057250976562
73.804443359375057 -53.117778778076172
73.806114196777401 -53.117778778076172
73.806663513183764 -53.117500305175781
73.809997558594034 -53.117500305175781
73.810554504394588 -53.117221832275334
73.811111450195369 -53.117221832275334
73.811668395996151 -53.116943359374943
73.812774658203296 -53.116943359374943
73.813331604004077 -53.116664886474553
73.813888549804858 -53.116664886474553
73.814445495605469 -53.116390228271428
73.815002441406193 -53.116390228271428
73.815551757812784 -53.11611175537098
73.817222595214901 -53.11611175537098
73.818534851074276 -53.115730285644418
73.819168090820597 -53.115505218505803
73.820060729980526 -53.115352630615121
73.82108306884794 -53.115055084228459
73.822097778320483 -53.114826202392578
73.823249816894702 -53.114601135253906
73.824272155761776 -53.114601135253906
73.825553894043139 -53.114444732666016
73.826110839843921 -53.114166259765625
73.827224731445312 -53.114166259765625
73.827774047851847 -53.113887786865178
73.832221984863452 -53.113887786865178
73.832778930664233 -53.113609313964787
73.833335876465014 -53.113609313964787
73.833885192871037 -53.113334655761662
73.834442138672159 -53.113334655761662
73.83499908447294 -53.113056182861271
73.837776184082088 -53.113056182861271
73.838333129882983 -53.112777709960824
73.838890075683764 -53.112777709960824
73.839447021484546 -53.112499237060547
73.841110229492472 -53.112499237060547
73.841667175293253 -53.112220764160156
73.843330383300838 -53.112220764160156
73.843887329101619 -53.111946105957031
73.845001220703296 -53.111946105957031
73.845558166504077 -53.111667633056641
73.846664428710881 -53.111667633056641
73.847221374512003 -53.11138916015625
73.847778320312784 -53.11138916015625
73.848335266113565 -53.111110687255859
73.848892211914119 -53.111110687255859
73.849441528320369 -53.110832214355412
73.849998474121151 -53.110832214355412
73.850555419921932 -53.110553741455021
73.851669311523608 -53.110553741455021
73.852218627929858 -53.110279083251896
73.853332519531534 -53.110279083251896
73.853889465332315 -53.110000610351506
73.854446411133097 -53.110000610351506
73.855003356933707 -53.109722137451058
73.855552673339901 -53.109722137451058
73.856109619140682 -53.109443664550781
73.856666564941463 -53.109443664550781
73.857780456543139 -53.108890533447266
73.858329772949389 -53.108890533447266
73.85888671875 -53.108612060546875
73.861114501953409 -53.108612060546875
73.861663818359432 -53.108333587646484
73.862777709960994 -53.108333587646484
73.863334655761776 -53.108055114746094
73.863891601562671 -53.108055114746094
73.864440917968921 -53.107776641845703
73.865554809570256 -53.107776641845703
73.866111755371378 -53.107498168945256
73.866668701172159 -53.107498168945256
73.86722564697294 -53.107223510742131
73.867774963378963 -53.107223510742131
73.868331909179744 -53.10694503784174
73.869934082031193 -53.10694503784174
73.871467590331974 -53.107387542724609
73.872482299804688 -53.107765197753906
73.872993469238224 -53.107913970947152
73.873252868652401 -53.108440399169922
73.872741699218864 -53.108814239501953
73.869041442871264 -53.110092163085881
73.866363525390796 -53.110843658447209
73.863815307617472 -53.111370086669922
73.861396789550952 -53.111667633056641
73.857315063476847 -53.112571716308537
73.853363037109546 -53.113021850585938
73.850563049316463 -53.113395690917969
73.847885131835994 -53.113620758056584
73.845718383789006 -53.113620758056584
73.843330383300838 -53.113887786865178
73.842781066894588 -53.113887786865178
73.842224121093864 -53.114166259765625
73.841110229492472 -53.114166259765625
73.839996337890568 -53.114723205566406
73.839447021484546 -53.114723205566406
73.838333129882983 -53.115276336669922
73.837776184082088 -53.115276336669922
73.836669921875057 -53.114723205566406
73.834442138672159 -53.114723205566406
73.833335876465014 -53.115276336669922
73.830001831054744 -53.115276336669922
73.82944488525402 -53.115554809570312
73.828887939453409 -53.115554809570312
73.828330993652628 -53.115833282470703
73.827774047851847 -53.115833282470703
73.827224731445312 -53.11611175537098
73.823333740234432 -53.11611175537098
73.822776794433878 -53.116390228271428
73.822219848633097 -53.116390228271428
73.820205688476733 -53.116874694824105
73.818840026855639 -53.117176055908203
73.817520141601733 -53.117305755615234
73.816795349121151 -53.117679595947266
73.815551757812784 -53.117500305175781
73.815002441406193 -53.117778778076172
73.814445495605469 -53.117778778076172
73.812774658203296 -53.118610382080078
73.812225341796932 -53.118610382080078
73.810554504394588 -53.119445800781193
73.808891296387003 -53.119445800781193
73.808334350585881 -53.119720458984318
73.807220458984546 -53.119720458984318
73.806663513183764 -53.119998931884709
73.805000305175838 -53.119998931884709
73.804443359375057 -53.120277404785099
73.800003051757812 -53.120277404785099
73.799446105957088 -53.120555877685547
73.797775268554744 -53.120555877685547
73.797225952148722 -53.120277404785099
73.795555114746037 -53.120277404785099
73.794998168945483 -53.120555877685547
73.791664123535213 -53.120555877685547
73.79111480712919 -53.120277404785099
73.789443969726506 -53.120277404785099
73.788887023925781 -53.120555877685547
73.787223815917969 -53.120555877685547
73.786666870117244 -53.120834350585938
73.783889770508097 -53.120834350585938
73.783332824707315 -53.121112823486328
73.782218933105639 -53.121112823486328
73.781669616699389 -53.121387481689453
73.781112670898608 -53.121387481689453
73.780555725097713 -53.121665954589844
73.778335571289347 -53.121665954589844
73.777778625488565 -53.121944427490234
73.776107788085938 -53.121944427490234
73.775558471679858 -53.122222900390625
73.772781372070369 -53.122222900390625
73.772224426269645 -53.122501373290902
73.772224426269645 -53.123054504394474
73.771110534668253 -53.123611450195256
73.769996643066349 -53.123054504394474
73.769447326660327 -53.123054504394474
73.768333435058764 -53.122501373290902
73.766670227050838 -53.122501373290902
73.766113281250057 -53.122776031494084
73.765556335449503 -53.122776031494084
73.764999389648722 -53.122501373290902
73.761665344238281 -53.122501373290902
73.761108398437557 -53.122776031494084
73.760559082031307 -53.122776031494084
73.760002136230526 -53.123054504394474
73.759445190429801 -53.123054504394474
73.75888824462919 -53.123332977294865
73.757774353027628 -53.123332977294865
73.756576538085994 -53.12359619140625
73.755172729492358 -53.124195098876896
73.752624511719034 -53.124271392822266
73.750961303711108 -53.125022888183594
73.749832153320483 -53.125091552734375
73.748954772949332 -53.124862670898381
73.747039794921932 -53.124862670898381
73.745124816894588 -53.125839233398324
73.744430541992131 -53.126747131347656
73.743980407714901 -53.127326965332031
73.743217468261776 -53.127326965332031
73.741668701171932 -53.127777099609375
73.738891601562784 -53.127777099609375
73.737007141113281 -53.128322601318246
73.735733032226619 -53.129074096679631
73.733947753906193 -53.129673004150391
73.731971740722713 -53.130577087402287
73.730003356933594 -53.131668090820312
73.730003356933594 -53.132221221923771
73.728332519531307 -53.133056640624943
73.728332519531307 -53.133609771728516
73.727775573730526 -53.133888244628906
73.72611236572294 -53.134445190429688
73.725555419921818 -53.134723663330078
73.725555419921818 -53.134998321533089
73.724441528320483 -53.135555267333928
73.723602294922159 -53.136150360107422
73.722953796386776 -53.136970520019474
73.721168518066349 -53.137722015380859
73.720146179199276 -53.138473510742188
73.718109130859318 -53.138923645019531
73.716476440429744 -53.138923645019531
73.714691162109375 -53.139225006103516
73.712905883789176 -53.138923645019531
73.710388183593807 -53.139019012451172
73.707176208496151 -53.139339447021484
73.701667785644815 -53.141387939453011
73.701110839844034 -53.141387939453011
73.700553894043253 -53.141666412353459
73.699996948242131 -53.141666412353459
73.698936462402401 -53.142200469970703
73.697601318359432 -53.142623901367074
73.694290161132983 -53.142776489257812
73.693885803222599 -53.143611907958984
73.692779541015796 -53.143611907958984
73.692222595215014 -53.143890380859375
73.691665649414062 -53.143890380859375
73.689193725585994 -53.144355773925781
73.687408447265568 -53.144432067871037
73.68643951416044 -53.144962310791016
73.685600280761776 -53.145366668701115
73.683815002441577 -53.145816802978516
73.682952880859432 -53.146759033203125
73.681419372558651 -53.148036956787053
73.681419372558651 -53.149841308593693
73.680397033691577 -53.150291442871094
73.678871154785327 -53.149990081787109
73.678337097168026 -53.149723052978516
73.677780151367244 -53.149723052978516
73.677223205566463 -53.149444580078125
73.676666259765739 -53.149444580078125
73.675552368164347 -53.148887634277287
73.674446105957031 -53.148887634277287
73.673889160156421 -53.148612976074162
73.673332214355639 -53.148612976074162
73.671890258789119 -53.148410797119084
73.670814514160099 -53.148086547851562
73.669670104980412 -53.147560119628849
73.667045593261889 -53.147510528564453
73.666534423828182 -53.147434234619141
73.665000915527401 -53.14666748046875
73.665000915527401 -53.146389007568359
73.663887023925895 -53.145832061767521
73.663330078125284 -53.145832061767521
73.660552978515796 -53.144443511962891
73.660552978515796 -53.143890380859375
73.660003662109375 -53.143611907958984
73.660003662109375 -53.143333435058594
73.659446716308651 -53.143054962158203
73.659446716308651 -53.142776489257812
73.656959533691463 -53.141799926757812
73.654670715332088 -53.140823364257812
73.653266906738224 -53.140369415283203
73.651229858398438 -53.140144348144418
73.650970458984318 -53.139846801757756
73.649826049804631 -53.1397705078125
73.648330688476733 -53.138610839843693
73.647224426269531 -53.138610839843693
73.646667480468807 -53.138889312744084
73.646667480468807 -53.139446258544865
73.646110534668026 -53.139720916748047
73.646110534668026 -53.139999389648438
73.645553588867244 -53.140277862548828
73.646110534668026 -53.140556335449219
73.646110534668026 -53.141109466552734
73.646667480468807 -53.141387939453011
73.646667480468807 -53.141666412353459
73.646110534668026 -53.141944885253849
73.646110534668026 -53.14222335815424
73.645553588867244 -53.142501831054631
73.645553588867244 -53.142776489257812
73.646110534668026 -53.143054962158203
73.646202087402287 -53.143531799316406
73.645439147949162 -53.144508361816349
73.645385742187614 -53.145401000976562
73.644996643066463 -53.146224975585881
73.644996643066463 -53.147499084472656
73.643890380859659 -53.148056030273381
73.643890380859659 -53.148334503173771
73.643333435058878 -53.148612976074162
73.643333435058878 -53.149166107177734
73.64444732666044 -53.149723052978516
73.64444732666044 -53.150001525878906
73.646667480468807 -53.151111602783089
73.646667480468807 -53.151390075683537
73.647224426269531 -53.151668548583928
73.647224426269531 -53.152221679687443
73.646667480468807 -53.152500152587891
73.646667480468807 -53.155277252197209
73.646110534668026 -53.155555725097656
73.646110534668026 -53.155834197998047
73.646667480468807 -53.156112670898438
73.646667480468807 -53.156387329101562
73.647224426269531 -53.156665802001953
73.647224426269531 -53.157222747802734
73.647781372070483 -53.157501220703011
73.647781372070483 -53.158134460449162
73.647720336914347 -53.161739349365234
73.646697998046932 -53.161964416503849
73.644660949707315 -53.161811828613281
73.643890380859659 -53.16138839721674
73.643333435058878 -53.161666870117131
73.642776489257756 -53.161666870117131
73.641670227050952 -53.162223815917969
73.641670227050952 -53.162498474121094
73.641113281250171 -53.162776947021484
73.641113281250171 -53.163055419921875
73.640556335449276 -53.163333892822266
73.640556335449276 -53.163612365722656
73.639587402343921 -53.164093017578125
73.638412475586108 -53.164752960204964
73.638542175293253 -53.165805816650391
73.637397766113565 -53.166328430175781
73.637908935546932 -53.167156219482422
73.637397766113565 -53.167755126953125
73.636375427246151 -53.168132781982422
73.635482788086222 -53.16798019409174
73.634849548339901 -53.168281555175668
73.633827209472827 -53.168132781982422
73.633064270019702 -53.168281555175668
73.631050109863338 -53.168319702148438
73.629524230957088 -53.168319702148438
73.628242492676065 -53.169254302978516
73.626838684082088 -53.169628143310547
73.626075744628963 -53.170753479003849
73.625312805175838 -53.171504974365178
73.625312805175838 -53.172206878662109
73.625160217285213 -53.172531127929688
73.624702453613452 -53.173030853271428
73.623786926269588 -53.173080444335938
73.623405456543026 -53.173534393310547
73.622383117675952 -53.174209594726562
73.621238708496264 -53.174659729003849
73.620475769043139 -53.175712585449162
73.618812561035213 -53.176010131835938
73.618309020996378 -53.176387786865121
73.616775512695426 -53.177139282226506
73.616012573242301 -53.177738189697266
73.614860534668026 -53.178188323974553
73.614250183105526 -53.179115295410099
73.612464904785327 -53.180465698242131
73.610961914062671 -53.180961608886605
73.610069274902401 -53.181411743164006
73.609306335449276 -53.181636810302734
73.609024047851562 -53.182193756103459
73.608535766601619 -53.182952880859318
73.60666656494152 -53.183887481689396
73.60666656494152 -53.184165954589844
73.606109619140909 -53.184444427490234
73.606109619140909 -53.184722900390625
73.605003356933537 -53.185276031494141
73.605003356933537 -53.185554504394531
73.601112365722713 -53.1875
73.600555419921932 -53.1875
73.599998474121378 -53.187778472900391
73.598335266113224 -53.187778472900391
73.597778320312671 -53.188056945800781
73.597221374511889 -53.188056945800781
73.596664428711108 -53.188331604003906
73.594444274902401 -53.188331604003906
73.593887329101676 -53.188610076904297
73.592224121093693 -53.188610076904297
73.591667175292969 -53.188888549804688
73.591110229492358 -53.188888549804688
73.590553283691577 -53.189167022704964
73.589996337890796 -53.189167022704964
73.589447021484432 -53.189445495605412
73.588890075683651 -53.189445495605412
73.588333129882869 -53.189723968505803
73.587219238281534 -53.189723968505803
73.586112976074503 -53.190277099609318
73.585556030273381 -53.190277099609318
73.584999084472827 -53.190555572509766
73.583885192871264 -53.190555572509766
73.583335876464901 -53.190834045410156
73.582221984863338 -53.190834045410156
73.581665039062557 -53.191112518310547
73.581108093261832 -53.191112518310547
73.580558776855753 -53.191387176513672
73.579536437988338 -53.191703796386662
73.577621459960994 -53.191852569580078
73.574691772460938 -53.191852569580078
73.57444000244169 -53.192302703857365
73.571762084961051 -53.192302703857365
73.571762084961051 -53.191776275634766
73.570358276367188 -53.191703796386662
73.570106506347599 -53.191402435302734
73.567558288574276 -53.191253662109318
73.567169189453182 -53.190876007080021
73.564750671387003 -53.190799713134766
73.564239501953296 -53.190349578857422
73.561561584472827 -53.190200805664006
73.561561584472827 -53.190502166747933
73.560035705566577 -53.190349578857422
73.559967041015909 -53.189987182617131
73.558502197265796 -53.189975738525391
73.558380126953182 -53.189750671386719
73.557228088378963 -53.189750671386719
73.557228088378963 -53.189598083496094
73.556976318359546 -53.189300537109375
73.554679870605639 -53.189147949218693
73.554168701171932 -53.188774108886662
73.553916931152514 -53.188396453857365
73.551620483398608 -53.188323974609375
73.550727844238338 -53.18817138671875
73.548347473144815 -53.18804931640625
73.548217773437671 -53.187599182128906
73.546432495117472 -53.187526702880803
73.545799255371151 -53.187301635742188
73.542991638183878 -53.187301635742188
73.542358398437557 -53.186775207519474
73.537002563476619 -53.186775207519474
73.535064697265796 -53.186878204345589
73.532669067383097 -53.186698913574219
73.530632019042969 -53.186622619628906
73.53037261962902 -53.186397552490121
73.528335571289006 -53.186397552490121
73.527824401855469 -53.186023712158203
73.523361206054972 -53.186023712158203
73.522468566894702 -53.186248779296875
73.520942687988452 -53.18647384643549
73.519996643066577 -53.186943054199162
73.518890380859432 -53.186943054199162
73.517181396484432 -53.187492370605469
73.516029357910213 -53.188617706298828
73.514633178711108 -53.188617706298828
73.514633178711108 -53.189296722412109
73.513992309570597 -53.189369201660156
73.513992309570597 -53.19019699096674
73.513229370117472 -53.190273284912053
73.513351440429744 -53.191173553466797
73.512718200683764 -53.191623687744084
73.511444091796932 -53.192073822021484
73.51169586181669 -53.192825317382812
73.510299682617244 -53.192901611328125
73.510299682617244 -53.193500518798828
73.509147644043026 -53.193576812744141
73.508895874023608 -53.194026947021371
73.508003234863338 -53.19410324096674
73.507873535156534 -53.194625854492188
73.506729125976847 -53.194625854492188
73.506347656250284 -53.194252014160156
73.499717712402287 -53.194252014160156
73.498886108398494 -53.194442749023438
73.498336791992472 -53.194721221923828
73.496109008789062 -53.194721221923828
73.495552062988452 -53.194999694824219
73.495002746582202 -53.194721221923828
73.49444580078125 -53.194721221923828
73.493888854980526 -53.194442749023438
73.493331909179744 -53.194442749023438
73.492774963378963 -53.194168090820312
73.492774963378963 -53.193889617919922
73.491668701172159 -53.193332672119084
73.491668701172159 -53.193054199218693
73.490272521972713 -53.191993713378849
73.488494873047046 -53.19146728515625
73.486663818359432 -53.190555572509766
73.486663818359432 -53.190277099609318
73.485557556152628 -53.189723968505803
73.485000610351847 -53.189723968505803
73.484443664551065 -53.189445495605412
73.483886718749943 -53.189445495605412
73.483329772949219 -53.189167022704964
73.482780456543139 -53.189167022704964
73.482223510742358 -53.188888549804688
73.481109619140682 -53.188888549804688
73.480552673339901 -53.188610076904297
73.480003356933651 -53.188610076904297
73.478332519531534 -53.187778472900391
73.477775573730753 -53.187778472900391
73.477218627929631 -53.1875
73.476669311523608 -53.1875
73.476112365722827 -53.187221527099553
73.474998474121151 -53.187221527099553
73.474441528320369 -53.186943054199162
73.473892211914119 -53.186943054199162
73.471977233886776 -53.185989379882756
73.469291687011776 -53.184864044189396
73.46823883056669 -53.184520721435547
73.466667175293082 -53.184165954589844
73.46555328369169 -53.183612823486271
73.46555328369169 -53.182220458984375
73.464447021484375 -53.181667327880859
73.464447021484375 -53.181110382080078
73.461669921875057 -53.179721832275277
73.461669921875057 -53.179443359375
73.461112976074276 -53.179164886474609
73.461112976074276 -53.178611755371094
73.460556030273494 -53.178333282470703
73.460556030273494 -53.177776336669922
73.459442138672159 -53.177223205566349
73.458732604980639 -53.176548004150334
73.458786010742244 -53.176052093505859
73.457931518554972 -53.175075531005859
73.457038879394702 -53.1739501953125
73.455802917480753 -53.173770904541016
73.45542144775419 -53.173091888427734
73.453765869140625 -53.172794342041016
73.451812744140909 -53.172721862792969
73.451217651367301 -53.172416687011719
73.449447631835994 -53.171665191650391
73.448333740234432 -53.171112060546818
73.447776794433651 -53.171112060546818
73.447219848633097 -53.170833587646428
73.446662902832315 -53.170833587646428
73.441459655761776 -53.168231964111328
73.440124511718807 -53.168037414550781
73.43961334228544 -53.167510986328068
73.437576293945483 -53.166984558105469
73.437446594238338 -53.166683197021484
73.435409545898722 -53.165935516357422
73.435409545898722 -53.165557861328125
73.435272216797046 -53.164859771728516
73.433746337890796 -53.164558410644418
73.433525085449503 -53.164100646972656
73.432998657226733 -53.163810729980469
73.431991577148722 -53.163276672363281
73.431991577148722 -53.162750244140511
73.431846618652514 -53.162265777587834
73.430297851562443 -53.161426544189453
73.429702758789347 -53.161396026611271
73.429702758789347 -53.160720825195256
73.428680419921932 -53.160648345947152
73.428337097168253 -53.1602783203125
73.42722320556669 -53.159721374511719
73.42722320556669 -53.159442901611328
73.427780151367472 -53.159168243408203
73.427780151367472 -53.158889770507812
73.42722320556669 -53.158611297607365
73.42722320556669 -53.158332824706974
73.426666259765568 -53.158054351806584
73.426666259765568 -53.157775878906193
73.425552368164233 -53.157222747802734
73.425552368164233 -53.156944274902344
73.424736022949503 -53.156448364257756
73.424736022949503 -53.155097961425724
73.423332214355526 -53.154724121093693
73.422775268554744 -53.154445648193303
73.422775268554744 -53.153747558593693
73.422386169433651 -53.152545928954964
73.421875000000284 -53.151943206787053
73.421112060547159 -53.150554656982422
73.420555114746378 -53.150276184082031
73.420555114746378 -53.150001525878906
73.419998168945256 -53.149723052978516
73.419998168945256 -53.148887634277287
73.419441223144702 -53.148612976074162
73.419441223144702 -53.148334503173771
73.418891906738452 -53.148056030273381
73.418891906738452 -53.147499084472656
73.418334960937671 -53.147220611572266
73.418334960937671 -53.146945953369141
73.415557861328409 -53.145557403564396
73.415557861328409 -53.145000457763615
73.413330078125 -53.143890380859375
73.412528991699503 -53.143081665039006
73.411254882812671 -53.142780303955021
73.411003112793253 -53.142028808593693
73.410110473632983 -53.141880035400391
73.409980773925838 -53.141429901123047
73.409729003906421 -53.140827178955078
73.406921386718807 -53.140079498291016
73.406669616699389 -53.138610839843693
73.406669616699389 -53.137779235839844
73.406112670898608 -53.137500762939453
73.406112670898608 -53.136943817138672
73.405555725097827 -53.136665344238281
73.405555725097827 -53.135555267333928
73.404998779296932 -53.135276794433537
73.404998779296932 -53.134998321533089
73.404441833496151 -53.134723663330078
73.404441833496151 -53.134166717529297
73.403892517089901 -53.133888244628906
73.403892517089901 -53.133056640624943
73.403335571289119 -53.132778167724553
73.403335571289119 -53.132499694824162
73.402221679687784 -53.131942749023324
73.402221679687784 -53.131389617919922
73.401107788085881 -53.130832672119141
73.401107788085881 -53.130001068115178
73.401664733887003 -53.129722595214787
73.401664733887003 -53.125278472900391
73.400558471679858 -53.124721527099609
73.401107788085881 -53.124443054199219
73.401107788085881 -53.123889923095703
73.401664733887003 -53.123611450195256
73.401107788085881 -53.123332977294865
73.401107788085881 -53.123054504394474
73.400558471679858 -53.122776031494084
73.400680541992472 -53.121173858642578
73.400558471679858 -53.119167327880746
73.400558471679858 -53.117500305175781
73.400001525879077 -53.117221832275334
73.400001525879077 -53.116943359374943
73.399955749512003 -53.116775512695256
73.397407531738338 -53.116252899169922
73.397277832031534 -53.115745544433594
73.397277832031534 -53.114692687988281
73.397781372070369 -53.114444732666016
73.397781372070369 -53.113887786865178
73.398330688476619 -53.113609313964787
73.397743225097656 -53.110454559326115
73.397346496582202 -53.106529235839844
73.397331237793139 -53.106178283691349
73.396965026855639 -53.105197906494141
73.396667480468864 -53.103889465331974
73.396110534668253 -53.103610992431584
73.396110534668253 -53.103332519531136
73.395553588867472 -53.103054046630859
73.395553588867472 -53.102500915527344
73.396110534668253 -53.102222442626953
73.396003723144702 -53.101615905761605
73.39554595947294 -53.099441528320312
73.394142150878963 -53.098781585693359
73.394401550293253 -53.097652435302734
73.393379211425838 -53.096603393554688
73.39402008056669 -53.095401763915959
73.393630981445597 -53.094650268554631
73.393630981445597 -53.092472076416016
73.39402008056669 -53.091045379638672
73.393890380859546 -53.089168548583984
73.393333435058764 -53.088890075683594
73.393333435058764 -53.088611602783146
73.392776489257983 -53.088333129882756
73.392776489257983 -53.088054656982365
73.391853332519588 -53.087593078613224
73.38999176025402 -53.086219787597656
73.388969421386719 -53.085842132568359
73.388839721679744 -53.085243225097656
73.388336181640568 -53.084415435790959
73.388336181640568 -53.083591461181527
73.388336181640568 -53.082763671875
73.387825012207031 -53.082489013671875
73.387100219726619 -53.082004547119141
73.386459350586108 -53.080879211425781
73.385665893554631 -53.080661773681641
73.384643554687557 -53.080135345458928
73.382217407226847 -53.078330993652287
73.380554199218921 -53.077499389648438
73.377777099609432 -53.077499389648438
73.377220153808878 -53.077777862548714
73.375556945800724 -53.077777862548714
73.375000000000171 -53.078056335449162
73.373336791992244 -53.078056335449162
73.372779846191463 -53.078334808349553
73.371665954589901 -53.078334808349553
73.371109008789176 -53.078609466552678
73.367225646972656 -53.078609466552678
73.366111755371151 -53.078056335449162
73.366111755371151 -53.077777862548714
73.365554809570369 -53.077499389648438
73.365554809570369 -53.077220916748047
73.363334655762003 -53.07611083984375
73.363334655762003 -53.075279235839787
73.364440917969034 -53.074722290038949
73.364440917969034 -53.074443817138672
73.365333557128963 -53.073921203613281
73.366806030273608 -53.073806762695312
73.367576599121264 -53.073204040527344
73.368850708008097 -53.073131561279297
73.369613647461222 -53.072380065917969
73.371665954589901 -53.071945190429631
73.372222900390682 -53.07166671752924
73.373336791992244 -53.07166671752924
73.373886108398608 -53.071388244628793
73.374443054199389 -53.071388244628793
73.375000000000171 -53.071109771728516
73.375000000000171 -53.070835113525391
73.376113891601847 -53.070278167724609
73.376113891601847 -53.069999694824219
73.376663208008097 -53.069721221923828
73.376663208008097 -53.069442749023381
73.377777099609432 -53.068889617919865
73.377777099609432 -53.068611145019474
73.378334045410213 -53.068332672119027
73.378334045410213 -53.06805419921875
73.378890991210994 -53.067779541015625
73.378890991210994 -53.067501068115234
73.379447937011776 -53.067222595214844
73.379447937011776 -53.066944122314453
73.379997253418139 -53.066665649414062
73.379997253418139 -53.066387176513672
73.380554199218921 -53.06611251831049
73.380554199218921 -53.065834045410099
73.381111145019702 -53.065555572509709
73.381111145019702 -53.064998626708871
73.381668090820312 -53.064723968505859
73.381980895996207 -53.063369750976506
73.382080078125171 -53.06085205078125
73.382331848144588 -53.060531616210938
73.38297271728544 -53.060379028320312
73.382843017578296 -53.058879852294865
73.383224487304858 -53.058429718017578
73.38315582275419 -53.057826995849553
73.383102416992244 -53.056697845458871
73.382080078125171 -53.056247711181641
73.382209777832315 -53.055198669433594
73.381950378418026 -53.05279541015625
73.382331848144588 -53.052268981933594
73.383483886718807 -53.051895141601506
73.383483886718807 -53.050617218017578
73.382591247558878 -53.050090789794865
73.382461547851733 -53.049564361572266
73.381568908691463 -53.049266815185547
73.38144683837919 -53.048439025878906
73.382080078125171 -53.048213958740121
73.382080078125171 -53.047386169433594
73.38144683837919 -53.047161102294808
73.380676269531534 -53.045436859130803
73.378890991210994 -53.044685363769418
73.379020690918139 -53.043781280517578
73.377494812011889 -53.043556213378906
73.376091003418253 -53.042655944824162
73.375274658203182 -53.042293548583928
73.373886108398608 -53.042221069335938
73.372779846191463 -53.042778015136605
73.372779846191463 -53.043334960937443
73.368888854980469 -53.045276641845703
73.368331909179858 -53.045276641845703
73.367225646972656 -53.044723510742188
73.366668701171932 -53.044723510742188
73.365554809570369 -53.044166564941406
73.365554809570369 -53.043609619140568
73.364997863769588 -53.043334960937443
73.364997863769588 -53.041667938232422
73.365554809570369 -53.041389465332031
73.365554809570369 -53.041110992431641
73.366157531738565 -53.040809631347656
73.366798400879077 -53.040058135986328
73.368324279785327 -53.039833068847656
73.370208740234318 -53.039737701416016
73.371086120605526 -53.038978576660156
73.371337890625284 -53.038299560546875
73.371086120605526 -53.036949157714787
73.370590209960881 -53.036884307861328
73.369445800781193 -53.036109924316406
73.369445800781193 -53.035831451416016
73.368331909179858 -53.0352783203125
73.367774963379077 -53.0352783203125
73.367225646972656 -53.034999847412109
73.366264343261889 -53.035083770751953
73.364860534668253 -53.03515625
73.36447906494169 -53.035831451416016
73.362777709960881 -53.035831451416016
73.361114501953296 -53.034999847412109
73.361114501953296 -53.034721374511719
73.360557556152401 -53.034442901611271
73.360557556152401 -53.034168243408146
73.359443664550838 -53.033611297607365
73.359443664550838 -53.033332824706918
73.360336303711108 -53.032886505126953
73.360763549804744 -53.031925201416016
73.361015319824503 -53.031475067138672
73.362037658691577 -53.031398773193303
73.362419128418139 -53.030876159667969
73.364074707031534 -53.03065109252924
73.36484527587919 -53.030574798583984
73.365608215332315 -53.029972076415959
73.366874694824276 -53.030197143554688
73.367256164550838 -53.030429840087891
73.368148803711108 -53.030506134033203
73.368278503418253 -53.030654907226506
73.370063781738452 -53.030807495117188
73.371467590332088 -53.030654907226506
73.371978759765796 -53.030055999755803
73.371109008789176 -53.028610229492188
73.371559143066406 -53.028388977050781
73.372215270996151 -53.028102874755859
73.372467041015909 -53.027278900146484
73.371704101562784 -53.026527404785099
73.371192932129077 -53.025474548339844
73.370552062988565 -53.025001525878849
73.370002746582315 -53.024723052978459
73.370002746582315 -53.024166107177678
73.369445800781193 -53.023887634277287
73.369445800781193 -53.023612976074219
73.368888854980469 -53.023334503173828
73.368331909179858 -53.023334503173828
73.367774963379077 -53.023056030273438
73.366111755371151 -53.023056030273438
73.365730285644588 -53.022865295410156
73.364318847656421 -53.022327423095703
73.363426208496151 -53.021728515625
73.362167358398722 -53.02154541015625
73.358345031738565 -53.021469116210938
73.355667114258097 -53.021617889404297
73.355140686035099 -53.021427154541016
73.351318359375284 -53.021427154541016
73.350303649902401 -53.021652221679688
73.349746704101676 -53.021472930908146
73.345710754394588 -53.021343231201172
73.344436645508097 -53.021141052246094
73.343032836914119 -53.021518707275391
73.341888427734432 -53.021518707275391
73.339721679687671 -53.021667480468693
73.338447570800838 -53.020767211914062
73.33551025390625 -53.020767211914062
73.334495544433878 -53.020240783691349
73.332328796386776 -53.020015716552734
73.331306457519474 -53.019264221191406
73.328330993652401 -53.018890380859375
73.327774047851619 -53.018611907958928
73.326667785644645 -53.018611907958928
73.326110839844034 -53.018333435058537
73.324447631835938 -53.018333435058537
73.323890686035327 -53.018054962158146
73.319999694824503 -53.018054962158146
73.319442749023722 -53.018333435058537
73.318336486816349 -53.018333435058537
73.317779541015796 -53.018611907958928
73.316665649414233 -53.018611907958928
73.316108703613281 -53.018890380859375
73.315551757812557 -53.018890380859375
73.315002441406307 -53.0191650390625
73.313888549804801 -53.0191650390625
73.31333160400419 -53.019443511962891
73.312187194824503 -53.019676208496037
73.310653686523722 -53.020503997802734
73.308998107910156 -53.020801544189453
73.30759429931652 -53.020801544189453
73.306449890136832 -53.02117919921875
73.304283142089844 -53.02117919921875
73.303138732910156 -53.021778106689396
73.301666259765682 -53.022499084472656
73.29888916015625 -53.023887634277287
73.297691345215128 -53.024776458740234
73.295394897461222 -53.024925231933537
73.294372558593807 -53.024326324462891
73.293869018554972 -53.023574829101506
73.294975280761776 -53.022640228271428
73.294227600097713 -53.021938323974609
73.292823791504077 -53.021411895751839
73.290000915527401 -53.020000457763672
73.289443969726619 -53.020000457763672
73.288330078125114 -53.019443511962891
73.287780761719034 -53.019443511962891
73.285003662109546 -53.018054962158146
73.284446716308594 -53.018054962158146
73.283889770507869 -53.017776489257756
73.283332824707088 -53.017776489257756
73.279998779296818 -53.016109466552734
73.279441833496264 -53.016109466552734
73.278892517090014 -53.015834808349609
73.277793884277401 -53.01575851440424
73.276260375976619 -53.01575851440424
73.27500152587919 -53.016387939453125
73.274444580078409 -53.016387939453125
73.273887634277287 -53.016109466552734
73.272224426269702 -53.016109466552734
73.27166748046875 -53.015834808349609
73.270553588867244 -53.015834808349609
73.269996643066463 -53.015556335449219
73.26944732666027 -53.015556335449219
73.268890380859659 -53.015277862548771
73.267776489258097 -53.015277862548771
73.267219543456974 -53.014999389648381
73.266670227050952 -53.014999389648381
73.266113281250171 -53.01472091674799
73.264778137207202 -53.014499664306641
73.264419555664062 -53.014568328857422
73.262634277343693 -53.01441574096674
73.261871337890568 -53.013515472412109
73.260856628418026 -53.012763977050781
73.259933471679972 -53.011569976806584
73.259933471679972 -53.010520935058537
73.259552001953409 -53.009693145751953
73.259353637695597 -53.008346557617074
73.258789062500284 -53.00714111328125
73.258659362793139 -53.006389617919922
73.2576904296875 -53.005107879638558
73.254760742187614 -53.004356384277344
73.254890441894588 -53.003528594970703
73.253486633300724 -53.003456115722599
73.253227233886776 -53.0029296875
73.25335693359375 -53.001876831054688
73.253730773925952 -53.001346588134766
73.254730224609432 -53.001106262207031
73.254600524902628 -53.000503540039006
73.253890991211108 -53.0
73.254516601562557 -52.997901916503906
73.255149841308878 -52.994937896728516
73.255020141601562 -52.993953704833984
73.254394531250284 -52.993495941162109
73.254394531250284 -52.9930419921875
73.254142761230526 -52.99273681640625
73.253761291503963 -52.992511749267521
73.253509521484546 -52.992282867431641
73.252754211425952 -52.991828918456974
73.252502441406534 -52.991600036621094
73.251754760742472 -52.990993499755746
73.251121520996151 -52.990459442138672
73.250747680664119 -52.990234375
73.250495910644531 -52.989624023437443
73.250617980956974 -52.989246368408146
73.251121520996151 -52.988788604736271
73.251251220703296 -52.988258361816406
73.251251220703296 -52.98681640625
73.251625061035327 -52.986511230468636
73.252502441406534 -52.986511230468636
73.252754211425952 -52.986362457275391
73.253387451171932 -52.985904693603459
73.253761291503963 -52.985603332519531
73.254516601562557 -52.985069274902287
73.255020141601562 -52.984539031982422
73.255271911621151 -52.98438644409174
73.255401611328125 -52.984161376953125
73.255401611328125 -52.983627319335881
73.256530761718693 -52.982746124267578
73.257537841797046 -52.982135772705078
73.258796691894815 -52.981681823730469
73.259803771972827 -52.98115158081049
73.260810852050838 -52.980770111083928
73.261940002441406 -52.98016357421875
73.262779235840128 -52.979999542236271
73.263336181640682 -52.979721069335881
73.263961791992472 -52.979595184326172
73.264266967773494 -52.979545593261605
73.264877319336222 -52.979698181152344
73.265304565429631 -52.979671478271484
73.265861511230753 -52.979824066162053
73.266235351562784 -52.979797363281193
73.266670227050952 -52.979999542236271
73.266792297363565 -52.980125427246094
73.267601013183537 -52.980251312255859
73.268333435058878 -52.979999542236271
73.268333435058878 -52.979721069335881
73.268890380859659 -52.97944259643549
73.268890380859659 -52.978889465332031
73.268333435058878 -52.978610992431641
73.268890380859659 -52.97833251953125
73.268890380859659 -52.978054046630859
73.270378112793026 -52.977272033691406
73.27166748046875 -52.977725982665959
73.272224426269702 -52.97833251953125
73.273330688476562 -52.978889465332031
73.274444580078409 -52.978889465332031
73.27500152587919 -52.978610992431641
73.275558471679972 -52.978610992431641
73.277221679687557 -52.977779388427734
73.277221679687557 -52.977222442626896
73.276664733886776 -52.976943969726506
73.276664733886776 -52.97608566284174
73.278808593750284 -52.975860595703125
73.280189514160099 -52.975631713867131
73.280319213867301 -52.975555419921875
73.280441284179688 -52.975326538085881
73.280189514160099 -52.975025177001953
73.280067443847713 -52.974948883056584
73.280067443847713 -52.974720001220703
73.280570983886662 -52.974445343017578
73.281112670898722 -52.974445343017578
73.281669616699503 -52.974166870117188
73.282218933105526 -52.974166870117188
73.282775878906307 -52.97388839721674
73.283332824707088 -52.97388839721674
73.283889770507869 -52.974166870117188
73.284446716308594 -52.974166870117188
73.285003662109546 -52.974445343017578
73.286109924316406 -52.974445343017578
73.286666870117131 -52.974166870117188
73.287223815918253 -52.974166870117188
73.288330078125114 -52.973609924316349
73.288887023925838 -52.973609924316349
73.289443969726619 -52.973331451415959
73.290000915527401 -52.973331451415959
73.290557861328182 -52.973056793212834
73.291114807129077 -52.973056793212834
73.291664123535327 -52.972778320312386
73.292221069336108 -52.972778320312386
73.292778015136662 -52.972499847412109
73.293334960937784 -52.972499847412109
73.294441223144815 -52.971942901611328
73.294998168945369 -52.971942901611328
73.295555114746151 -52.971668243408203
73.296112060546932 -52.971668243408203
73.300003051758097 -52.969722747802621
73.300003051758097 -52.969444274902344
73.301666259765682 -52.968612670898438
73.301666259765682 -52.968055725097656
73.302223205566463 -52.967777252197266
73.302062988281364 -52.967456817626953
73.302566528320312 -52.967079162597656
73.302429199218807 -52.966346740722656
73.302055358886776 -52.965969085693303
73.301673889160213 -52.965286254882812
73.301437377929744 -52.964496612548828
73.301055908203182 -52.963813781738168
73.301185607910327 -52.963203430175724
73.302818298339901 -52.962673187255859
73.303451538085881 -52.962215423583984
73.304328918457088 -52.961608886718693
73.305717468262003 -52.961383819580078
73.307350158691463 -52.961456298828125
73.308357238769645 -52.962368011474553
73.308738708496207 -52.962673187255859
73.309448242187557 -52.963611602783146
73.309448242187557 -52.9647216796875
73.309997558593921 -52.965000152587891
73.309997558593921 -52.965831756591797
73.309448242187557 -52.966110229492188
73.309448242187557 -52.967498779296818
73.308334350585994 -52.968055725097656
73.308334350585994 -52.968334197998047
73.307777404785213 -52.968612670898438
73.307777404785213 -52.969165802001953
73.307220458984659 -52.969444274902344
73.307220458984659 -52.970001220703068
73.307777404785213 -52.970275878906193
73.307777404785213 -52.970832824706974
73.307220458984659 -52.971111297607422
73.307220458984659 -52.971389770507812
73.307777404785213 -52.971668243408203
73.307777404785213 -52.972221374511719
73.308334350585994 -52.972499847412109
73.308334350585994 -52.972778320312386
73.307777404785213 -52.973056793212834
73.307777404785213 -52.97388839721674
73.308334350585994 -52.974166870117188
73.308334350585994 -52.974445343017578
> heard island and mcdonald islands 4
73.590530395507983 -52.929779052734375
73.589897155762003 -52.929855346679631
73.588890075683651 -52.929550170898381
73.588638305664233 -52.929397583007812
73.587509155273608 -52.929248809814453
73.586631774902401 -52.929096221923714
73.58599853515625 -52.928867340087891
73.584991455078125 -52.928260803222656
73.584365844726847 -52.927806854248047
73.583984375000284 -52.927349090576115
73.583984375000284 -52.926971435546818
73.584114074707088 -52.92681884765625
73.584114074707088 -52.926437377929688
73.584991455078125 -52.926136016845646
73.58512115478544 -52.926136016845646
73.586883544921818 -52.926212310790959
73.587760925293026 -52.926288604736328
73.588134765625057 -52.926361083984375
73.588516235351619 -52.926513671874943
73.589019775390796 -52.926589965820256
73.590148925781421 -52.926742553710938
73.590400695800838 -52.927120208740234
73.590400695800838 -52.927349090576115
73.590148925781421 -52.927501678466797
73.589645385742244 -52.927654266357365
73.589645385742244 -52.928108215331974
73.590530395507983 -52.928489685058537
73.590904235839844 -52.928867340087891
73.590782165527401 -52.929325103759766
73.590652465820597 -52.929473876953068
73.590530395507983 -52.929779052734375
> heard island and mcdonald islands 5
73.580085754394531 -52.922870635986271
73.578575134277401 -52.922870635986271
73.578071594238565 -52.922718048095703
73.577941894531421 -52.922264099121094
73.577941894531421 -52.921806335449219
73.578071594238565 -52.92097091674799
73.578323364257983 -52.920669555664006
73.578948974609432 -52.920364379882812
73.579452514648381 -52.919910430908146
73.579956054687557 -52.919380187988281
73.580337524414119 -52.919151306152287
73.580711364746151 -52.919151306152287
73.581092834472713 -52.919075012206974
73.581970214843921 -52.918621063232422
73.582099914551065 -52.918239593505859
73.581970214843921 -52.917861938476562
73.581596374511889 -52.917102813720703
73.581466674804744 -52.916492462158146
73.581466674804744 -52.916267395019531
73.581970214843921 -52.915733337402287
73.582221984863338 -52.915431976318303
73.582221984863338 -52.914138793945312
73.582603454589901 -52.913684844970703
73.58322906494169 -52.913608551025391
73.584114074707088 -52.913761138916016
73.584487915039119 -52.913990020751953
73.584991455078125 -52.914215087890568
73.585372924804688 -52.914672851562443
73.585876464843864 -52.914974212646428
73.586128234863224 -52.91535568237299
73.586128234863224 -52.915733337402287
73.58599853515625 -52.915885925292969
73.584991455078125 -52.916267395019531
73.584991455078125 -52.916645050048828
73.585243225097713 -52.917556762695199
73.585243225097713 -52.918010711669865
73.585372924804688 -52.918239593505859
73.585624694824276 -52.918769836425724
73.58599853515625 -52.919151306152287
73.586250305175838 -52.919380187988281
73.586250305175838 -52.920211791992131
73.586128234863224 -52.920440673828125
73.585372924804688 -52.920822143554688
73.584991455078125 -52.92097091674799
73.584365844726847 -52.921199798583984
73.583862304687671 -52.921276092529183
73.582977294921932 -52.921657562255746
73.582221984863338 -52.921958923339844
73.581718444824503 -52.922264099121094
73.580589294433537 -52.922718048095703
73.580085754394531 -52.922870635986271
> heard island and mcdonald islands 6
73.570266723633097 -52.903892517089787
73.570014953613338 -52.903968811035156
73.568504333496151 -52.903663635253906
73.568504333496151 -52.903511047363224
73.568382263183537 -52.903434753417912
73.567878723144531 -52.903209686279297
73.567504882812557 -52.903057098388615
73.567253112792969 -52.902904510498047
73.566871643066406 -52.902828216552734
73.566619873047159 -52.902751922607365
73.566246032715128 -52.902374267578068
73.566368103027401 -52.9022216796875
73.567001342773722 -52.902145385742188
73.567375183105582 -52.902145385742188
73.567878723144531 -52.9022216796875
73.568382263183537 -52.902374267578068
73.568756103515909 -52.90252685546875
73.569641113281307 -52.902675628662053
73.570266723633097 -52.903133392333928
73.570266723633097 -52.903892517089787
