> iraq 0
47.962360 30.044306
47.962360 30.044027
47.963749 30.044027
47.963749 30.043194
47.964027 30.043194
47.964027 30.042360
47.964306 30.042360
47.964306 30.041805
47.964584 30.041805
47.964584 30.041250
47.964863 30.041250
47.964863 30.039862
47.965694 30.039862
47.965694 30.039307
47.965973 30.039307
47.965973 30.038473
47.966251 30.038473
47.966251 30.037361
47.966526 30.037361
47.966526 30.036528
47.966805 30.036528
47.966805 30.035139
47.967083 30.035139
47.967083 30.032917
47.967361 30.032917
47.967361 30.031528
47.967083 30.031528
47.967083 30.030695
47.966805 30.030695
47.966805 30.029583
47.966526 30.029583
47.966526 30.026251
47.966805 30.026251
47.966805 30.025696
47.967083 30.025696
47.967083 30.025139
47.967361 30.025139
47.967361 30.024586
47.967640 30.024586
47.967640 30.024027
47.967918 30.024027
47.967918 30.023472
47.968193 30.023472
47.968193 30.023193
47.968472 30.023193
47.968472 30.022638
47.968750 30.022638
47.968750 30.022081
47.969028 30.022081
47.969028 30.021528
47.969307 30.021528
47.969307 30.020971
47.969582 30.020971
47.969582 30.020416
47.969860 30.020416
47.969860 30.019583
47.970139 30.019583
47.970135 30.019028
47.970417 30.019028
47.970417 30.018929
47.970417 30.018194
47.970695 30.018194
47.970695 30.017639
47.970974 30.017639
47.970974 30.012636
47.971249 30.012636
47.971249 30.012083
47.971527 30.012083
47.971527 30.011526
47.971806 30.011526
47.971806 30.010696
47.972084 30.010696
47.972084 30.009583
47.972363 30.009583
47.972363 30.008472
47.972637 30.008472
47.972637 30.007639
47.972916 30.007639
47.972916 30.007360
47.973194 30.007360
47.973194 30.006805
47.973473 30.006805
47.973473 30.006527
47.973751 30.006527
47.973751 30.006250
47.974030 30.006250
47.974030 30.005972
47.973751 30.005972
47.973751 30.005695
47.972637 30.005695
47.972637 30.005972
47.971527 30.005972
47.971527 30.006250
47.970974 30.006250
47.970974 30.006527
47.970695 30.006527
47.970695 30.006805
47.970139 30.006805
47.970139 30.007084
47.969860 30.007084
47.969860 30.007360
47.969582 30.007360
47.969582 30.007639
47.969028 30.007639
47.969028 30.007917
47.968193 30.007917
47.968193 30.008192
47.967918 30.008192
47.967918 30.008472
47.967640 30.008472
47.967640 30.009027
47.967361 30.009027
47.967361 30.009304
47.967083 30.009304
47.967083 30.009861
47.966805 30.009861
47.966805 30.010139
47.966526 30.010139
47.966526 30.010696
47.966251 30.010696
47.966251 30.010975
47.965973 30.010975
47.965973 30.011526
47.965694 30.011526
47.965694 30.012083
47.965416 30.012083
47.965416 30.012636
47.965137 30.012636
47.965137 30.013197
47.964863 30.013197
47.964863 30.013750
47.964584 30.013750
47.964584 30.014584
47.964306 30.014584
47.964306 30.015139
47.964027 30.015139
47.964027 30.015694
47.963749 30.015694
47.963749 30.016251
47.963470 30.016251
47.963470 30.016806
47.963196 30.016806
47.963196 30.017361
47.962917 30.017361
47.962917 30.017916
47.962639 30.017916
47.962639 30.018749
47.962360 30.018749
47.962360 30.019306
47.962082 30.019306
47.962082 30.019484
47.962082 30.020140
47.961807 30.020140
47.961807 30.020695
47.961529 30.020695
47.961529 30.021528
47.961250 30.021528
47.961250 30.022081
47.960972 30.022081
47.960972 30.022917
47.960693 30.022917
47.960693 30.023472
47.960415 30.023472
47.960415 30.024586
47.960140 30.024586
47.960140 30.026251
47.959862 30.026251
47.959862 30.027918
47.959583 30.027918
47.959583 30.029030
47.959862 30.029030
47.959862 30.029583
47.960140 30.029583
47.960140 30.030140
47.959862 30.030140
47.959862 30.030695
47.959583 30.030695
47.959583 30.031805
47.959305 30.031805
47.959305 30.033194
47.959583 30.033194
47.959583 30.033751
47.959862 30.033751
47.959862 30.035139
47.960140 30.035139
47.960140 30.037083
47.960415 30.037083
47.960415 30.040419
47.960693 30.040419
47.960693 30.040972
47.960972 30.040972
47.960972 30.041250
47.961250 30.041250
47.961250 30.042084
47.961529 30.042084
47.961529 30.043751
47.961807 30.043751
47.961807 30.044027
47.962082 30.044027
47.962082 30.044306
47.962360 30.044306
> iraq 1
42.842129 37.351326
42.849827 37.346859
42.867661 37.347130
42.873066 37.345940
42.882084 37.339020
42.886471 37.337627
42.887184 37.337494
42.897621 37.335533
42.912125 37.332809
42.921371 37.331074
42.938740 37.325169
42.960255 37.317852
42.966805 37.317204
42.973694 37.316525
42.977474 37.317440
42.987423 37.324131
43.002197 37.328144
43.020039 37.332989
43.027069 37.338619
43.028694 37.341640
43.030136 37.344318
43.034657 37.352718
43.038097 37.355476
43.045177 37.356125
43.067986 37.358212
43.091702 37.363888
43.097645 37.364346
43.105881 37.364979
43.108585 37.365189
43.111107 37.366005
43.128902 37.371769
43.137608 37.370514
43.140709 37.370068
43.141178 37.369999
43.146042 37.370735
43.147747 37.370995
43.148979 37.371181
43.167404 37.373978
43.170486 37.372387
43.178871 37.359158
43.181942 37.357338
43.188038 37.356819
43.208138 37.355110
43.228878 37.344688
43.233994 37.343601
43.251381 37.344521
43.253471 37.343979
43.263481 37.335636
43.279686 37.326729
43.282349 37.323708
43.288643 37.316570
43.300236 37.314293
43.311825 37.312012
43.323303 37.304970
43.325466 37.303642
43.327923 37.303905
43.328732 37.306248
43.331993 37.315697
43.334595 37.318707
43.342705 37.324120
43.346210 37.326458
43.360069 37.330349
43.370041 37.328636
43.376038 37.324799
43.383659 37.319916
43.393810 37.308735
43.500984 37.268360
43.520947 37.260841
43.540245 37.256397
43.555927 37.252781
43.576775 37.258102
43.586876 37.253265
43.588341 37.250957
43.592529 37.244347
43.603355 37.241852
43.627010 37.236404
43.666557 37.230865
43.696968 37.230583
43.705063 37.234863
43.709400 37.235378
43.716663 37.230400
43.720303 37.230366
43.730824 37.234070
43.736561 37.234070
43.747326 37.230114
43.754601 37.230049
43.765450 37.232914
43.800247 37.229908
43.801159 37.229618
43.846436 37.229198
43.871323 37.231880
43.896214 37.234562
43.931561 37.245419
43.942284 37.250847
43.951267 37.255398
43.951244 37.256512
43.967037 37.275288
43.968330 37.279430
43.970608 37.286736
43.978565 37.292393
43.985832 37.294430
43.998997 37.298119
43.999161 37.298164
44.004444 37.299644
44.007881 37.301807
44.012451 37.306572
44.023190 37.317760
44.029846 37.324696
44.033028 37.325027
44.036682 37.321327
44.039951 37.320740
44.061451 37.322071
44.070129 37.318508
44.075047 37.316486
44.082424 37.315170
44.094097 37.313087
44.112026 37.312489
44.130577 37.314457
44.136818 37.315121
44.141838 37.315655
44.156319 37.306007
44.168343 37.300701
44.179913 37.299545
44.194481 37.291382
44.214149 37.284695
44.215576 37.284210
44.237377 37.279072
44.267185 37.252083
44.267780 37.251545
44.278858 37.236282
44.282116 37.226738
44.279057 37.203915
44.280216 37.201897
44.290276 37.184402
44.290096 37.174999
44.281658 37.162151
44.268585 37.155235
44.258400 37.154129
44.256310 37.153904
44.248867 37.155369
44.247814 37.155575
44.242283 37.156662
44.237560 37.147648
44.233456 37.139812
44.227676 37.134583
44.217316 37.125214
44.208492 37.115017
44.202679 37.104809
44.202251 37.098057
44.202675 37.096653
44.205559 37.087021
44.214863 37.073330
44.224106 37.065491
44.239952 37.056366
44.241627 37.055397
44.242344 37.054985
44.246902 37.050095
44.248215 37.046024
44.247364 37.044174
44.242722 37.034084
44.243538 37.026707
44.260361 37.003288
44.268787 36.982971
44.274391 36.978802
44.277119 36.976772
44.281921 36.975262
44.282169 36.975185
44.303333 36.974880
44.312702 36.970474
44.319981 36.967056
44.321381 36.973248
44.323475 36.982506
44.323818 36.982914
44.331036 36.991440
44.331905 36.991432
44.331944 36.992508
44.336746 36.998177
44.342777 37.005302
44.361263 37.020321
44.365116 37.026352
44.364849 37.030727
44.364799 37.030766
44.348560 37.043407
44.348164 37.045952
44.350681 37.049286
44.357815 37.053101
44.370937 37.056641
44.380791 37.056393
44.405792 37.055752
44.426075 37.063328
44.429707 37.064117
44.456596 37.069969
44.474098 37.078587
44.476799 37.079670
44.511383 37.093548
44.519711 37.099911
44.520592 37.103531
44.521942 37.109070
44.522144 37.109909
44.527740 37.116081
44.538128 37.121113
44.541580 37.121548
44.541698 37.121563
44.554028 37.123127
44.563904 37.137508
44.577068 37.152607
44.586235 37.160450
44.603539 37.165840
44.618824 37.176300
44.626465 37.181530
44.631634 37.183918
44.637741 37.186741
44.644970 37.187546
44.652279 37.185593
44.668922 37.178959
44.669811 37.178604
44.678463 37.175156
44.687374 37.174133
44.688698 37.173981
44.709435 37.175285
44.718544 37.174389
44.733765 37.170898
44.747520 37.165859
44.754696 37.163227
44.755810 37.163765
44.763321 37.167404
44.771065 37.167492
44.778717 37.163292
44.782658 37.161129
44.784946 37.159874
44.804966 37.148144
44.786755 37.135017
44.777180 37.121452
44.775627 37.115784
44.777283 37.110889
44.794449 37.090366
44.796421 37.077881
44.799217 37.072933
44.808186 37.066097
44.821754 37.047569
44.827782 37.044224
44.836628 37.039310
44.854645 37.046745
44.869122 37.048832
44.877892 37.043377
44.886749 37.035160
44.914627 37.028584
44.920624 37.020500
44.921917 37.014698
44.916901 37.004833
44.906796 36.995892
44.903893 36.987865
44.893166 36.958187
44.913349 36.936718
44.915737 36.934177
44.924728 36.916309
44.924072 36.907387
44.907997 36.872833
44.907452 36.871658
44.899509 36.868584
44.877979 36.855579
44.859871 36.834381
44.852200 36.815220
44.851742 36.804909
44.853134 36.800758
44.855736 36.793018
44.860802 36.784058
44.866177 36.779446
44.879536 36.775436
44.885181 36.773743
44.911411 36.773209
44.939030 36.776047
44.956356 36.774773
44.973927 36.765217
44.984562 36.754612
44.996254 36.746712
45.000000 36.746189
45.021721 36.743156
45.026199 36.742531
45.032307 36.740170
45.047482 36.729343
45.072269 36.690723
45.079124 36.671795
45.076580 36.660664
45.077763 36.642239
45.076687 36.634579
45.076546 36.633572
45.074299 36.627113
45.073586 36.625233
45.062599 36.618626
45.061672 36.613850
45.055305 36.612549
45.048283 36.606224
45.041115 36.594170
45.042408 36.588596
45.054447 36.574799
45.051800 36.567825
45.036854 36.556026
45.019382 36.546986
45.015972 36.543247
45.015610 36.540928
45.014900 36.536407
45.018921 36.527817
45.019077 36.527485
45.022511 36.523876
45.026737 36.521107
45.036896 36.514462
45.059052 36.503239
45.069363 36.489315
45.069702 36.488770
45.072731 36.468414
45.091801 36.449581
45.092690 36.434841
45.099419 36.426018
45.106049 36.420727
45.108002 36.419170
45.129620 36.408012
45.144173 36.405006
45.162102 36.405273
45.177521 36.413704
45.189007 36.415207
45.199425 36.421352
45.208683 36.423286
45.218285 36.429497
45.219051 36.425449
45.221672 36.425995
45.238132 36.432983
45.245708 36.431690
45.247448 36.430527
45.252739 36.426975
45.258461 36.420033
45.262741 36.413612
45.266151 36.408497
45.270184 36.402451
45.279350 36.392345
45.282467 36.386578
45.285118 36.379333
45.287224 36.369213
45.284908 36.357616
45.288498 36.341587
45.282505 36.326500
45.281807 36.314869
45.281513 36.310013
45.283440 36.305550
45.288887 36.302521
45.298180 36.290569
45.311325 36.280720
45.314648 36.275959
45.296516 36.269062
45.286110 36.262924
45.278496 36.256187
45.279133 36.253399
45.293140 36.247414
45.323677 36.242428
45.324745 36.241474
45.333225 36.233906
45.337593 36.213470
45.343990 36.197300
45.342564 36.193512
45.335766 36.175434
45.340717 36.162552
45.341606 36.144817
45.354668 36.134277
45.357323 36.126297
45.359486 36.119793
45.361263 36.117172
45.369022 36.111988
45.373917 36.108719
45.386810 36.085320
45.387119 36.078411
45.377350 36.070431
45.370182 36.064575
45.363850 36.055939
45.359440 36.032047
45.349247 36.017399
45.341881 36.006805
45.349277 35.997009
45.355370 35.982944
45.355705 35.982174
45.361053 35.978436
45.371120 35.980652
45.380329 35.975784
45.389194 35.977142
45.402431 35.973202
45.405724 35.973022
45.410027 35.972786
45.414505 35.975761
45.417130 35.983665
45.427856 35.983540
45.433388 35.985538
45.442501 35.996769
45.450958 35.996532
45.459751 35.993523
45.466805 35.993362
45.474064 35.995724
45.482582 36.003075
45.484322 36.003483
45.488922 36.004562
45.497826 36.004524
45.498566 36.004791
45.501942 36.006008
45.509235 36.002216
45.518700 35.999008
45.529552 35.997025
45.536533 35.999397
45.548332 36.001961
45.556751 36.001259
45.561623 35.998688
45.573711 35.984444
45.578098 35.982819
45.597500 35.981731
45.601246 35.979221
45.601612 35.966782
45.605202 35.962440
45.631191 35.959137
45.644596 35.949245
45.642536 35.944069
45.646271 35.935532
45.661118 35.924458
45.669273 35.914719
45.672920 35.905266
45.696777 35.893620
45.702671 35.884022
45.714115 35.873154
45.726101 35.849186
45.728405 35.844570
45.757408 35.803982
45.761951 35.801350
45.762775 35.800873
45.773178 35.802982
45.780815 35.811722
45.790951 35.817818
45.798855 35.822571
45.815048 35.814156
45.825012 35.811672
45.833321 35.813351
45.849285 35.816574
45.870602 35.814281
45.877041 35.826164
45.880264 35.832115
45.886433 35.837254
45.896843 35.839352
45.908020 35.837708
45.940746 35.824512
45.951782 35.833023
45.956753 35.839691
45.957325 35.839970
45.964130 35.843292
45.975395 35.842560
45.985100 35.840584
46.000000 35.837547
46.003666 35.833118
46.014767 35.832161
46.019543 35.832443
46.025402 35.833248
46.032768 35.836208
46.036697 35.839657
46.041470 35.843155
46.044338 35.845848
46.046925 35.848530
46.049595 35.850296
46.052483 35.850662
46.052948 35.850723
46.059090 35.851540
46.063828 35.852276
46.069611 35.853992
46.074547 35.855659
46.079746 35.857571
46.083843 35.859188
46.086872 35.860054
46.090225 35.860477
46.093319 35.860657
46.101654 35.855858
46.109283 35.849403
46.114864 35.843754
46.116711 35.842022
46.122875 35.842609
46.128174 35.843376
46.132652 35.843864
46.135986 35.844517
46.139637 35.844727
46.142227 35.844189
46.143574 35.841736
46.142166 35.838440
46.139336 35.835289
46.136948 35.833542
46.135159 35.831371
46.135441 35.828167
46.136784 35.825718
46.142422 35.816162
46.144951 35.813091
46.147739 35.810265
46.150227 35.807652
46.153313 35.804611
46.156384 35.801800
46.160458 35.800426
46.164146 35.800179
46.167580 35.799686
46.174782 35.798035
46.187218 35.797829
46.191093 35.798740
46.195549 35.799454
46.199478 35.799683
46.203152 35.799660
46.207584 35.797386
46.210831 35.795734
46.215748 35.797623
46.225090 35.807121
46.227665 35.810024
46.230133 35.810856
46.234329 35.811325
46.237999 35.811302
46.241653 35.811512
46.245888 35.811523
46.252224 35.810043
46.258968 35.810429
46.261757 35.810814
46.267860 35.812080
46.272984 35.814899
46.277706 35.819073
46.280262 35.822205
46.284443 35.826118
46.287640 35.828365
46.290817 35.830845
46.294453 35.831280
46.298145 35.831028
46.302254 35.829193
46.306084 35.827339
46.312199 35.825157
46.321350 35.823833
46.326466 35.823433
46.331039 35.822769
46.335651 35.821651
46.339664 35.820957
46.342949 35.818844
46.344875 35.816536
46.345150 35.816208
46.346886 35.812401
46.348862 35.809063
46.348904 35.801945
46.349213 35.798283
46.349186 35.795296
46.349117 35.792763
46.348751 35.790447
46.348362 35.788357
46.346050 35.785698
46.344276 35.783302
46.341438 35.780155
46.339649 35.777988
46.337353 35.775101
46.334236 35.771938
46.333889 35.769390
46.332417 35.766781
46.330627 35.764614
46.326908 35.761875
46.324501 35.760361
46.321808 35.758831
46.317917 35.758152
46.314045 35.757244
46.308708 35.756943
46.305843 35.757473
46.303696 35.756203
46.302265 35.753132
46.301334 35.750782
46.301250 35.748482
46.300243 35.747044
46.296692 35.745697
46.291981 35.744740
46.288589 35.744778
46.284641 35.744785
46.282230 35.743267
46.282127 35.741196
46.282402 35.737995
46.282658 35.735020
46.281769 35.732212
46.279457 35.729553
46.276489 35.728008
46.271313 35.725876
46.266338 35.724674
46.261387 35.723244
46.258316 35.722839
46.253403 35.720951
46.249352 35.718884
46.245060 35.716339
46.242710 35.714138
46.239201 35.712330
46.235611 35.711433
46.232204 35.711700
46.226715 35.713226
46.222366 35.714584
46.216820 35.716797
46.212471 35.718155
46.206379 35.720104
46.201649 35.719376
46.198120 35.717793
46.195190 35.715786
46.191822 35.712376
46.188591 35.710583
46.182381 35.710686
46.179893 35.710083
46.175903 35.704105
46.172592 35.696793
46.168442 35.692646
46.164932 35.690834
46.159260 35.687981
46.155094 35.687279
46.148785 35.688522
46.145256 35.690159
46.142273 35.692055
46.137943 35.693184
46.134216 35.693886
46.128708 35.692417
46.123196 35.690948
46.116566 35.689415
46.111115 35.687260
46.107548 35.686134
46.103703 35.684990
46.099815 35.684303
46.096470 35.683880
46.092823 35.683666
46.088558 35.684109
46.084549 35.684795
46.079277 35.687016
46.072826 35.689854
46.066593 35.693398
46.062504 35.694996
46.058353 35.697281
46.054905 35.697998
46.050697 35.697754
46.047173 35.696167
46.044552 35.693947
46.039425 35.691345
46.033695 35.689171
46.029369 35.687077
46.023964 35.684460
46.019398 35.681896
46.015076 35.679802
46.012993 35.677841
46.011578 35.674767
46.009918 35.671223
46.008060 35.666748
46.008450 35.662403
46.009117 35.658073
46.008961 35.653469
46.007607 35.649712
46.005489 35.644989
46.003792 35.641903
46.001755 35.639484
46.000000 35.637829
46.000000 35.635307
46.000000 35.634567
46.003227 35.632446
46.007114 35.629917
46.009819 35.628006
46.012024 35.625381
46.012093 35.621475
46.013237 35.618095
46.013500 35.615124
46.013546 35.611450
46.012875 35.606354
46.012440 35.601730
46.012184 35.598267
46.011688 35.594334
46.010811 35.591522
46.008595 35.587944
46.007698 35.585361
46.011086 35.582115
46.015030 35.578899
46.016594 35.577152
46.018177 35.575180
46.018059 35.573334
46.016022 35.570915
46.013302 35.569836
46.009964 35.569408
46.005463 35.569370
46.000000 35.574123
45.986980 35.577103
45.979767 35.576706
45.978043 35.574619
45.983227 35.566051
45.990829 35.558094
45.995762 35.552929
46.000000 35.547184
46.000000 35.546505
46.008884 35.527744
46.012184 35.525410
46.012749 35.522224
46.011215 35.517307
46.008499 35.516228
46.000000 35.514393
45.997795 35.513969
45.992420 35.508640
45.989262 35.499626
46.000000 35.480427
46.000927 35.477245
46.009918 35.446442
46.013920 35.442539
46.017399 35.438148
46.021240 35.432861
46.026119 35.428551
46.028999 35.424583
46.031185 35.418968
46.033607 35.413826
46.036587 35.408714
46.037907 35.406494
46.040588 35.401596
46.042828 35.398510
46.045086 35.395195
46.045845 35.392941
46.047546 35.389595
46.048668 35.386444
46.050903 35.383358
46.054398 35.381954
46.061089 35.379360
46.063843 35.376762
46.065502 35.373871
46.066921 35.370506
46.069099 35.368107
46.070377 35.366344
46.073711 35.363552
46.080376 35.361187
46.084148 35.359798
46.088280 35.357513
46.090755 35.354897
46.092953 35.352268
46.094528 35.350292
46.097721 35.345882
46.099518 35.344608
46.106857 35.344120
46.114182 35.343857
46.120186 35.342598
46.126907 35.339542
46.129143 35.336456
46.131195 35.332207
46.129742 35.329597
46.129440 35.326591
46.130356 35.322506
46.133648 35.320171
46.135822 35.317768
46.140686 35.313457
46.143459 35.310631
46.145092 35.307968
46.147446 35.303509
46.149437 35.299946
46.150833 35.296810
46.152187 35.294128
46.153938 35.290096
46.155632 35.286747
46.156807 35.282909
46.155968 35.279640
46.152992 35.277431
46.152248 35.276951
46.146698 35.273357
46.144203 35.269764
46.143307 35.267185
46.141911 35.263885
46.138226 35.261143
46.132385 35.257359
46.128159 35.254353
46.123379 35.251316
46.119431 35.248329
46.116066 35.245144
46.113892 35.241112
46.111923 35.238007
46.111046 35.235199
46.110668 35.233109
46.111801 35.229729
46.115387 35.230396
46.118298 35.232407
46.121506 35.234200
46.125290 35.235802
46.127522 35.235931
46.129574 35.234901
46.129234 35.232353
46.127522 35.229496
46.126942 35.226475
46.128994 35.225445
46.134792 35.226471
46.143715 35.226994
46.150967 35.224197
46.153076 35.222481
46.156044 35.220585
46.161423 35.219978
46.167141 35.221916
46.172997 35.222256
46.177319 35.220898
46.183392 35.218723
46.188686 35.215813
46.190857 35.213409
46.194141 35.211071
46.195950 35.209568
46.195850 35.207493
46.194752 35.203983
46.196564 35.202477
46.200085 35.200615
46.202869 35.197556
46.204002 35.194176
46.202862 35.191120
46.198700 35.187435
46.195053 35.184235
46.190830 35.181232
46.186844 35.178707
46.182045 35.175900
46.176109 35.173260
46.170357 35.171776
46.164124 35.169346
46.159683 35.165642
46.157475 35.162064
46.156597 35.159256
46.156872 35.156055
46.157249 35.151711
46.158463 35.147415
46.159275 35.144474
46.159054 35.140556
46.158020 35.136360
46.155888 35.131870
46.154175 35.129009
46.154472 35.125580
46.155766 35.123589
46.159286 35.121723
46.165649 35.119335
46.173965 35.117062
46.182415 35.113186
46.186790 35.111141
46.188995 35.108280
46.174294 35.097118
46.173351 35.096405
46.168297 35.091503
46.160320 35.083759
46.143368 35.082645
46.130264 35.078743
46.123089 35.073997
46.113724 35.072357
46.099197 35.075962
46.094242 35.085812
46.085079 35.085098
46.072399 35.079372
46.066502 35.058376
46.068752 35.054588
46.076889 35.054100
46.074726 35.049618
46.070034 35.048908
46.067451 35.046246
46.064072 35.035954
46.056545 35.035782
46.055317 35.040775
46.052063 35.043129
46.051651 35.048393
46.045586 35.047382
46.039585 35.049133
46.033058 35.046947
46.029018 35.048569
46.026043 35.050941
46.022278 35.059704
46.016815 35.061710
46.011806 35.068569
46.000000 35.063232
45.993443 35.062500
45.985008 35.065079
45.968685 35.072823
45.961136 35.076401
45.956989 35.080101
45.939846 35.081917
45.934429 35.080727
45.929947 35.077305
45.925461 35.068825
45.929977 35.045929
45.929295 35.044743
45.927773 35.043335
45.906990 35.042393
45.892929 35.039284
45.884628 35.035271
45.883011 35.030994
45.884956 35.010658
45.886017 35.006226
45.887505 35.000000
45.888378 34.996334
45.893948 34.986023
45.892780 34.977009
45.902473 34.959225
45.902649 34.954620
45.897503 34.944798
45.881458 34.924786
45.874084 34.901527
45.870132 34.897614
45.865379 34.895809
45.861206 34.895386
45.848629 34.894104
45.809109 34.909065
45.798687 34.909874
45.798565 34.909882
45.790741 34.902962
45.789822 34.896809
45.796261 34.871517
45.797119 34.858139
45.792336 34.847374
45.789150 34.843388
45.787674 34.841541
45.775719 34.831749
45.768204 34.828487
45.761696 34.827354
45.744640 34.830250
45.740196 34.830006
45.737469 34.831196
45.735958 34.829769
45.733158 34.829617
45.701057 34.811962
45.698822 34.808407
45.700333 34.794308
45.710575 34.774441
45.709759 34.772430
45.708664 34.769722
45.688141 34.753613
45.686348 34.750378
45.686226 34.738434
45.675743 34.724072
45.674332 34.716911
45.677078 34.712967
45.690933 34.705204
45.708214 34.689892
45.710350 34.687019
45.713402 34.669514
45.713585 34.668457
45.721233 34.666656
45.727474 34.656090
45.731514 34.643978
45.736713 34.628403
45.736778 34.619495
45.734745 34.612202
45.743240 34.587906
45.749031 34.577885
45.745106 34.559952
45.747620 34.553299
45.750137 34.546638
45.748314 34.541561
45.735500 34.539700
45.721920 34.544655
45.705956 34.556164
45.687305 34.558853
45.659977 34.553993
45.652283 34.554897
45.647022 34.558418
45.643967 34.558365
45.628975 34.551636
45.616802 34.552105
45.607697 34.554428
45.595875 34.557442
45.579884 34.565483
45.551987 34.592617
45.540031 34.593430
45.535988 34.591465
45.527386 34.573891
45.524128 34.562462
45.524677 34.549908
45.536583 34.529858
45.538414 34.514252
45.531502 34.491531
45.527687 34.484631
45.520832 34.472229
45.517029 34.467953
45.511665 34.465023
45.500092 34.462540
45.486660 34.462910
45.476727 34.469067
45.470242 34.469524
45.465733 34.465054
45.453220 34.457561
45.454376 34.436592
45.463543 34.424160
45.466995 34.413570
45.471390 34.400082
45.477379 34.373573
45.491596 34.347778
45.493023 34.339550
45.503372 34.326847
45.514526 34.342167
45.519699 34.346519
45.527496 34.348732
45.548149 34.349056
45.559475 34.344746
45.575089 34.327446
45.587856 34.302738
45.594448 34.280006
45.593441 34.259556
45.591099 34.248188
45.583561 34.226871
45.579399 34.215096
45.571594 34.200832
45.565712 34.179657
45.577805 34.157520
45.581188 34.147804
45.580418 34.143253
45.572395 34.134384
45.558571 34.125450
45.550114 34.124744
45.543751 34.121197
45.537952 34.114399
45.518826 34.109966
45.509678 34.102669
45.502579 34.093414
45.500652 34.086720
45.499126 34.081425
45.484150 34.072243
45.479050 34.065144
45.477394 34.058281
45.482864 34.054291
45.483971 34.037216
45.479630 34.034702
45.477413 34.031147
45.478775 34.013828
45.475811 34.011234
45.463314 34.006653
45.454914 34.001610
45.446941 33.985531
45.440590 33.981911
45.423370 33.976528
45.417976 33.974842
45.412762 33.971558
45.414124 33.969532
45.431309 33.957943
45.444649 33.941269
45.458637 33.934898
45.471687 33.932480
45.481213 33.932659
45.495453 33.937321
45.504639 33.940327
45.506248 33.940853
45.516270 33.938477
45.524715 33.931820
45.541367 33.901291
45.545193 33.895386
45.553547 33.882484
45.587170 33.843796
45.588989 33.840557
45.597565 33.825310
45.610519 33.809673
45.616840 33.797268
45.636909 33.782677
45.644180 33.777393
45.654331 33.764774
45.658978 33.753952
45.661133 33.734257
45.662014 33.726223
45.683079 33.700481
45.710148 33.674400
45.724342 33.664661
45.726158 33.663414
45.747295 33.648914
45.755608 33.643211
45.758495 33.641232
45.766819 33.635517
45.777206 33.622875
45.777222 33.616211
45.774826 33.613705
45.754349 33.602219
45.754364 33.596287
45.755203 33.593468
45.759403 33.590969
45.765911 33.589973
45.782230 33.596519
45.816853 33.617077
45.843365 33.625568
45.862865 33.623772
45.879387 33.624207
45.889599 33.625706
45.900803 33.627346
45.907017 33.626072
45.910202 33.623016
45.905956 33.603176
45.906330 33.600956
45.928543 33.590492
45.938538 33.581760
45.950047 33.564789
45.951622 33.552292
45.950207 33.546745
45.941032 33.535667
45.937862 33.531837
45.878830 33.499619
45.872402 33.494820
45.871258 33.490864
45.874039 33.487949
45.878750 33.486874
45.920330 33.483803
45.930252 33.483971
45.941895 33.484165
45.947666 33.484959
45.956600 33.486187
45.962841 33.488697
45.984329 33.501350
45.990177 33.502388
45.994743 33.501205
45.997871 33.497578
46.000000 33.491043
46.005074 33.482246
46.006432 33.479893
46.018520 33.476490
46.023964 33.473835
46.028568 33.471355
46.033268 33.467735
46.035454 33.464653
46.036922 33.460377
46.037865 33.452621
46.038864 33.447399
46.037750 33.431713
46.036491 33.424057
46.039089 33.416176
46.039505 33.411377
46.041859 33.396820
46.042271 33.392021
46.044167 33.385933
46.045570 33.382343
46.047813 33.378574
46.050678 33.373924
46.056370 33.368294
46.062778 33.363857
46.068249 33.360741
46.073349 33.358753
46.079639 33.355686
46.085171 33.351883
46.090290 33.346447
46.094261 33.341633
46.100296 33.335106
46.104015 33.330044
46.109737 33.323956
46.113842 33.320759
46.116859 33.317493
46.119934 33.313541
46.122772 33.309120
46.124912 33.306492
46.128860 33.301903
46.130459 33.299244
46.132072 33.296352
46.134621 33.292141
46.138798 33.288029
46.141212 33.285416
46.143040 33.283226
46.145409 33.281075
46.149803 33.277660
46.156376 33.274376
46.165085 33.271679
46.172005 33.267498
46.181046 33.264130
46.186974 33.261951
46.191288 33.259453
46.193928 33.257313
46.195717 33.255581
46.197269 33.253376
46.197128 33.248547
46.197380 33.245575
46.196228 33.239765
46.193211 33.233387
46.191631 33.229389
46.189392 33.223518
46.188454 33.218410
46.187363 33.215130
46.186390 33.210480
46.185863 33.207005
46.185333 33.203529
46.184479 33.200722
46.184204 33.197491
46.184433 33.194748
46.185810 33.191387
46.188026 33.191059
46.192978 33.190662
46.197117 33.190220
46.200943 33.190216
46.203175 33.189659
46.205524 33.187729
46.206375 33.184105
46.204800 33.180111
46.202347 33.176750
46.199841 33.174076
46.197254 33.172314
46.193642 33.169804
46.188725 33.166531
46.185169 33.163334
46.182137 33.160397
46.178116 33.156254
46.175995 33.152225
46.172283 33.147644
46.167721 33.143467
46.161037 33.138477
46.156765 33.134090
46.152512 33.129475
46.149307 33.125381
46.145233 33.121922
46.142204 33.118984
46.138844 33.116718
46.134399 33.114388
46.129509 33.110878
46.125744 33.110195
46.121708 33.109493
46.115730 33.109135
46.109406 33.109676
46.103603 33.110477
46.096306 33.112793
46.091064 33.113396
46.084347 33.115288
46.077362 33.117165
46.071480 33.118877
46.065769 33.121746
46.061188 33.124226
46.056725 33.125336
46.051640 33.124107
46.049721 33.121006
46.049202 33.114315
46.047462 33.105946
46.046574 33.100380
46.046928 33.096268
46.049065 33.093639
46.054482 33.090984
46.059856 33.088783
46.067387 33.086941
46.082130 33.083694
46.087330 33.083549
46.092510 33.083633
46.098621 33.082390
46.103687 33.080627
46.107025 33.076694
46.110847 33.073483
46.121513 33.069988
46.127316 33.069187
46.140602 33.066994
46.148865 33.066113
46.157204 33.064312
46.161896 33.063675
46.165813 33.062527
46.168411 33.060844
46.168156 33.057388
46.164742 33.052589
46.159328 33.045609
46.154053 33.040245
46.148079 33.033459
46.144295 33.029789
46.140068 33.024944
46.136250 33.021732
46.132565 33.020134
46.128437 33.017361
46.122890 33.015190
46.115486 33.015667
46.110661 33.014687
46.107193 33.013790
46.104652 33.011570
46.101902 33.008652
46.100040 33.004864
46.098495 32.994209
46.097488 32.986801
46.095707 32.982101
46.095417 32.979099
46.096195 32.976391
46.098675 32.972866
46.101952 32.969620
46.107063 32.967171
46.112934 32.965458
46.121845 32.963238
46.129421 32.960705
46.134438 32.959400
46.140327 32.957455
46.144005 32.955837
46.148365 32.955868
46.152760 32.955444
46.158649 32.953499
46.161438 32.952747
46.164383 32.953381
46.168953 32.954113
46.175152 32.954941
46.181969 32.954887
46.189583 32.955109
46.193165 32.954632
46.214214 32.950600
46.225235 32.949184
46.232613 32.948933
46.237843 32.948322
46.243538 32.948658
46.250645 32.948387
46.256477 32.950336
46.262966 32.950951
46.268391 32.951267
46.273777 32.952042
46.280304 32.952194
46.284264 32.952427
46.288170 32.952656
46.294464 32.952335
46.302097 32.952324
46.311665 32.951962
46.318172 32.952343
46.319866 32.952442
46.322784 32.952610
46.330414 32.952595
46.337250 32.952305
46.342770 32.951477
46.350437 32.951004
46.356152 32.951103
46.363258 32.950829
46.370945 32.950123
46.383919 32.948120
46.391640 32.946957
46.396580 32.946552
46.402405 32.945282
46.403347 32.944950
46.408573 32.943111
46.412251 32.941486
46.425026 32.935104
46.430420 32.932426
46.435486 32.930424
46.440281 32.928402
46.447880 32.925392
46.453541 32.922733
46.460762 32.917637
46.465645 32.914471
46.470261 32.911289
46.475471 32.907455
46.481602 32.905739
46.487076 32.905361
46.492897 32.904083
46.497036 32.903400
46.502605 32.901882
46.508553 32.899006
46.513130 32.896278
46.517448 32.893311
46.520706 32.890053
46.526241 32.882103
46.530689 32.877533
46.533924 32.874504
46.537918 32.872204
46.541351 32.870102
46.545326 32.868031
46.553188 32.865032
46.554497 32.864742
46.559006 32.863750
46.562943 32.862137
46.564438 32.860851
46.568199 32.857613
46.575607 32.853436
46.586048 32.848743
46.597332 32.843636
46.603935 32.841221
46.606579 32.840252
46.617069 32.834869
46.627251 32.829929
46.634003 32.827091
46.637939 32.825474
46.646748 32.820686
46.649796 32.816494
46.653454 32.811420
46.656773 32.807243
46.659462 32.804180
46.665234 32.799908
46.671997 32.796841
46.678402 32.794899
46.685711 32.791859
46.689426 32.789539
46.696655 32.783974
46.700600 32.778683
46.706081 32.774624
46.709759 32.772762
46.715366 32.770546
46.722038 32.768616
46.730423 32.765633
46.736984 32.761635
46.743019 32.757374
46.749020 32.753571
46.753124 32.749664
46.760811 32.741596
46.766304 32.737305
46.772713 32.731689
46.777390 32.727352
46.780701 32.723175
46.781673 32.722153
46.784241 32.719467
46.787514 32.715744
46.792034 32.713463
46.795948 32.711994
46.797909 32.711258
46.803982 32.709984
46.810902 32.708290
46.818733 32.705273
46.823578 32.702324
46.827694 32.698185
46.832165 32.692921
46.841732 32.684948
46.846859 32.681782
46.851208 32.678116
46.858181 32.672066
46.864155 32.668488
46.871143 32.662209
46.876675 32.657227
46.879959 32.653275
46.884171 32.647762
46.886440 32.644806
46.886879 32.644238
46.890720 32.640083
46.897907 32.634731
46.904060 32.631584
46.908062 32.629539
46.920330 32.625145
46.924049 32.622589
46.929035 32.617580
46.935879 32.613125
46.940456 32.609928
46.944664 32.604416
46.949074 32.599831
46.951996 32.597004
46.955982 32.594460
46.959953 32.592148
46.964226 32.589390
46.968479 32.586864
46.974136 32.583721
46.977547 32.581608
46.983471 32.578480
46.989162 32.574879
46.995358 32.571762
46.999695 32.568092
47.008957 32.560093
47.013042 32.556175
47.019337 32.551689
47.023369 32.548458
47.029137 32.543716
47.033150 32.540714
47.037857 32.535683
47.043926 32.530495
47.049591 32.527122
47.055847 32.523090
47.059910 32.519402
47.062592 32.516102
47.067883 32.510410
47.073662 32.505436
47.079155 32.500675
47.082111 32.497974
47.084377 32.495899
47.088436 32.492210
47.094837 32.486122
47.099709 32.482475
47.104034 32.478798
47.108315 32.475811
47.113873 32.473804
47.118340 32.471970
47.124268 32.470097
47.125820 32.469604
47.131382 32.467594
47.136166 32.465088
47.144047 32.460907
47.148003 32.458588
47.154388 32.456394
47.159153 32.454113
47.169010 32.452553
47.173439 32.451176
47.177200 32.451595
47.178974 32.453293
47.180885 32.456829
47.181419 32.460758
47.189404 32.458870
47.198437 32.457497
47.203388 32.456371
47.205711 32.456211
47.209103 32.455975
47.211681 32.455990
47.214245 32.456005
47.221413 32.457973
47.226006 32.459949
47.227455 32.460575
47.233734 32.463646
47.240891 32.465839
47.242661 32.466145
47.246506 32.466812
47.253090 32.469437
47.261322 32.471687
47.268589 32.476181
47.275108 32.479721
47.278526 32.481907
47.281326 32.483700
47.283340 32.485867
47.286896 32.489254
47.290798 32.491516
47.293736 32.492119
47.298306 32.492577
47.303848 32.490791
47.311485 32.486126
47.320663 32.478786
47.323204 32.477310
47.329315 32.475090
47.332428 32.473179
47.336662 32.470638
47.339424 32.469860
47.341698 32.469341
47.343552 32.468918
47.347424 32.467735
47.351521 32.467247
47.356106 32.467476
47.360138 32.467903
47.364723 32.468132
47.370121 32.468399
47.374722 32.468395
47.379879 32.468193
47.382236 32.467686
47.385101 32.467072
47.389084 32.464287
47.393429 32.460144
47.397030 32.455048
47.410187 32.440788
47.413834 32.435005
47.417175 32.429665
47.420918 32.426411
47.426716 32.420731
47.431389 32.415688
47.436478 32.412495
47.440426 32.410164
47.443054 32.407314
47.446301 32.403343
47.447594 32.402260
47.448883 32.401176
47.451286 32.397625
47.453186 32.393589
47.453987 32.390984
47.454227 32.390202
47.454399 32.387688
47.454571 32.385174
47.455181 32.380157
47.456123 32.374245
47.454216 32.370483
47.451344 32.365067
47.450695 32.364048
47.449387 32.361992
47.444263 32.357845
47.438416 32.356411
47.433277 32.356392
47.428127 32.356598
47.425766 32.355564
47.426224 32.352837
47.429089 32.350452
47.433018 32.348354
47.438038 32.346077
47.439472 32.344887
47.440903 32.343693
47.442089 32.342148
47.442337 32.341423
47.443100 32.339214
47.443604 32.335800
47.444061 32.333073
47.443027 32.328434
47.444019 32.325733
47.445255 32.323502
47.447247 32.321991
47.451427 32.320133
47.459080 32.318901
47.461582 32.319824
47.464088 32.320751
47.466274 32.320641
47.468697 32.320515
47.473728 32.319420
47.474731 32.319202
47.478386 32.317932
47.481094 32.316990
47.485020 32.314888
47.488945 32.312786
47.492092 32.310184
47.495842 32.306698
47.499542 32.303898
47.502182 32.300816
47.502396 32.299465
47.502651 32.297859
47.500427 32.294769
47.498474 32.291695
47.497868 32.288685
47.497253 32.286289
47.496799 32.284508
47.496769 32.284393
47.496147 32.282181
47.496300 32.279896
47.497204 32.277309
47.497639 32.276066
47.499756 32.272728
47.504910 32.268391
47.508404 32.266701
47.509651 32.266098
47.513889 32.263325
47.518143 32.260319
47.519989 32.258919
47.521839 32.257515
47.524746 32.254448
47.525642 32.252945
47.526878 32.250881
47.528404 32.248203
47.529701 32.247005
47.530998 32.245808
47.534264 32.241379
47.538246 32.238361
47.543209 32.236767
47.546936 32.235569
47.550659 32.234371
47.557030 32.231926
47.562073 32.229187
47.565498 32.226372
47.567280 32.223934
47.567715 32.221436
47.567696 32.219727
47.567677 32.217995
47.567917 32.214336
47.567360 32.212589
47.566803 32.210846
47.564861 32.207542
47.564075 32.203148
47.563381 32.201397
47.562691 32.199646
47.557724 32.193218
47.554695 32.190094
47.551872 32.187893
47.549038 32.185925
47.545918 32.184170
47.543461 32.182011
47.542606 32.181259
47.539577 32.178135
47.535774 32.174511
47.535439 32.173466
47.535103 32.172417
47.534870 32.167820
47.534286 32.160458
47.534370 32.155190
47.535141 32.147663
47.535454 32.145039
47.535572 32.144024
47.535763 32.142418
47.537857 32.139313
47.539894 32.137115
47.544388 32.135330
47.547092 32.134254
47.552666 32.131542
47.555492 32.129612
47.557869 32.126289
47.560715 32.120007
47.563408 32.116013
47.571632 32.113884
47.581558 32.114586
47.589260 32.116329
47.596008 32.116192
47.600891 32.115738
47.605598 32.113384
47.607063 32.112598
47.611778 32.110065
47.614483 32.108082
47.619991 32.104038
47.628784 32.097347
47.632858 32.092728
47.636787 32.090393
47.643188 32.087257
47.647964 32.084274
47.650009 32.081848
47.651546 32.078941
47.652351 32.074852
47.651848 32.070244
47.652176 32.065220
47.652550 32.059505
47.652805 32.055622
47.652866 32.055260
47.653671 32.050621
47.655788 32.047054
47.659817 32.043118
47.665962 32.039742
47.667625 32.038780
47.671837 32.036350
47.676563 32.034050
47.681290 32.031750
47.708912 31.998859
47.710426 31.988779
47.731400 31.963923
47.733238 31.959641
47.735340 31.954741
47.735794 31.949476
47.737507 31.929556
47.745461 31.919657
47.755585 31.912264
47.775616 31.902739
47.803555 31.880106
47.799091 31.863659
47.799191 31.860958
47.799511 31.852440
47.804756 31.841187
47.818542 31.826435
47.818863 31.826200
47.842251 31.809057
47.864296 31.792894
47.864948 31.779158
47.856270 31.759384
47.844467 31.732456
47.804604 31.641512
47.753056 31.523600
47.742016 31.498283
47.722504 31.453537
47.701626 31.405655
47.699181 31.400042
47.699772 31.304897
47.699928 31.280106
47.700195 31.237129
47.700214 31.234240
47.700714 31.154158
47.701500 31.028196
47.701721 30.992502
47.714111 30.992561
47.806553 30.993004
47.825020 30.993076
47.952839 30.993572
48.000607 30.993721
48.030827 30.993814
48.031315 30.934998
48.031651 30.894819
48.032364 30.809006
48.032509 30.791414
48.033409 30.682997
48.034451 30.556974
48.034660 30.531597
48.036926 30.482716
48.042347 30.476194
48.073887 30.458252
48.086060 30.458138
48.090282 30.452341
48.117363 30.450747
48.142742 30.442755
48.170464 30.422655
48.176907 30.409100
48.181244 30.383045
48.183895 30.367096
48.192760 30.342493
48.198280 30.327171
48.203972 30.322153
48.213779 30.318527
48.223625 30.319164
48.231045 30.323378
48.231808 30.324026
48.242687 30.333273
48.255795 30.338125
48.266014 30.336145
48.267254 30.335905
48.281918 30.326548
48.316048 30.297121
48.333080 30.277113
48.362221 30.242876
48.362984 30.241978
48.398678 30.210382
48.407547 30.198215
48.411530 30.188225
48.413837 30.175402
48.412945 30.169008
48.401344 30.157019
48.397564 30.151665
48.388912 30.139418
48.386368 30.135811
48.382999 30.127302
48.393482 30.113701
48.412182 30.102867
48.415970 30.099829
48.429207 30.089205
48.441246 30.069183
48.442322 30.049149
48.442585 30.044275
48.443928 30.035065
48.447880 30.007952
48.455040 30.000000
48.457565 29.997194
48.484612 29.979868
48.484829 29.980726
48.485367 29.979950
48.504787 29.969316
48.533356 29.942863
48.556633 29.919058
48.566154 29.905302
48.568558 29.901806
48.564583 29.901806
48.564583 29.901527
48.553471 29.901527
48.553471 29.901806
48.552639 29.901806
48.552639 29.902082
48.552082 29.902082
48.552082 29.902361
48.551250 29.902361
48.551250 29.902639
48.549583 29.902639
48.549583 29.902914
48.548473 29.902914
48.548473 29.903193
48.547359 29.903193
48.547359 29.903475
48.546806 29.903475
48.546806 29.903749
48.546249 29.903749
48.546249 29.904028
48.545418 29.904028
48.545418 29.904306
48.544861 29.904306
48.544861 29.904028
48.543194 29.904028
48.543194 29.903749
48.541527 29.903749
48.541527 29.903475
48.540695 29.903475
48.540695 29.903749
48.539307 29.903749
48.539307 29.904028
48.538193 29.904028
48.538193 29.904306
48.536804 29.904306
48.536804 29.904585
48.535416 29.904585
48.535416 29.904861
48.534027 29.904861
48.534027 29.905136
48.532917 29.905136
48.532917 29.905415
48.531807 29.905415
48.531807 29.905697
48.530418 29.905697
48.530418 29.905972
48.529305 29.905972
48.529305 29.906250
48.528473 29.906250
48.528473 29.906528
48.527363 29.906528
48.527363 29.906807
48.526527 29.906807
48.526527 29.907084
48.525417 29.907084
48.525417 29.907362
48.524582 29.907362
48.524582 29.907639
48.523193 29.907639
48.523193 29.907919
48.521805 29.907919
48.521805 29.908194
48.520416 29.908194
48.520416 29.908472
48.519859 29.908472
48.519859 29.908194
48.518749 29.908194
48.518749 29.907919
48.515972 29.907919
48.515972 29.907639
48.514305 29.907639
48.514305 29.907362
48.513474 29.907362
48.513474 29.907639
48.511528 29.907639
48.511528 29.907919
48.509861 29.907919
48.509861 29.908194
48.505138 29.908194
48.505138 29.907919
48.504307 29.907919
48.504307 29.907639
48.501530 29.907639
48.501526 29.907919
48.497639 29.907919
48.497639 29.908194
48.493752 29.908194
48.493752 29.908472
48.489861 29.908472
48.489861 29.908751
48.485973 29.908751
48.485973 29.909027
48.482918 29.909027
48.482918 29.909306
48.480141 29.909306
48.480141 29.909584
48.477085 29.909584
48.477085 29.909861
48.474861 29.909861
48.474861 29.910139
48.472637 29.910139
48.472637 29.910418
48.470417 29.910418
48.470417 29.910694
48.468472 29.910694
48.468472 29.910973
48.466526 29.910973
48.466526 29.911249
48.464863 29.911249
48.464863 29.911528
48.462917 29.911528
48.462917 29.911806
48.458195 29.911806
48.458195 29.912083
48.456249 29.912083
48.456249 29.912359
48.455696 29.912359
48.455696 29.912640
48.455418 29.912640
48.455418 29.912916
48.455139 29.912916
48.455139 29.913195
48.448193 29.913195
48.448193 29.912916
48.446251 29.912916
48.446251 29.912640
48.444305 29.912640
48.444305 29.912359
48.443474 29.912359
48.443474 29.912083
48.442917 29.912083
48.442917 29.911806
48.441250 29.911806
48.441250 29.912083
48.440971 29.912083
48.440971 29.912359
48.440693 29.912359
48.440693 29.912640
48.440418 29.912640
48.440418 29.912916
48.440140 29.912916
48.440140 29.913195
48.439583 29.913195
48.439583 29.913471
48.439030 29.913471
48.439026 29.913750
48.438751 29.913750
48.438751 29.914028
48.438473 29.914028
48.438473 29.914581
48.438194 29.914581
48.438194 29.915703
48.437084 29.915693
48.437077 29.915932
48.436806 29.915985
48.436806 29.916250
48.435513 29.916250
48.434307 29.916250
48.434307 29.916529
48.434147 29.916529
48.433472 29.916529
48.433472 29.916664
48.433472 29.916803
48.432915 29.916782
48.432919 29.917086
48.431793 29.917086
48.431805 29.917360
48.431252 29.917360
48.431252 29.917639
48.429863 29.917639
48.429863 29.917917
48.429028 29.917917
48.429028 29.918196
48.428196 29.918196
48.428196 29.918472
48.427361 29.918472
48.427361 29.918751
48.426529 29.918751
48.426529 29.919025
48.425694 29.919025
48.425694 29.919308
48.424862 29.919308
48.424862 29.919584
48.424026 29.919584
48.424026 29.919861
48.422916 29.919861
48.422916 29.920139
48.422085 29.920139
48.422085 29.920418
48.420971 29.920418
48.420971 29.920694
48.419861 29.920694
48.419861 29.920973
48.418751 29.920973
48.418751 29.921249
48.417915 29.921249
48.417915 29.921530
48.416805 29.921530
48.416805 29.921806
48.415695 29.921806
48.415695 29.922083
48.414860 29.922083
48.414860 29.922361
48.413750 29.922361
48.413750 29.922640
48.412640 29.922640
48.412640 29.922916
48.411530 29.922916
48.411530 29.923195
48.410694 29.923195
48.410694 29.923471
48.409584 29.923471
48.409584 29.923750
48.408474 29.923750
48.408474 29.924028
48.407360 29.924028
48.407360 29.924305
48.406807 29.924305
48.406807 29.924583
48.406528 29.924583
48.406528 29.924862
48.405972 29.924862
48.405972 29.924583
48.405693 29.924583
48.405693 29.924862
48.405418 29.924862
48.405418 29.925138
48.404861 29.925138
48.404861 29.925417
48.404305 29.925417
48.404305 29.925694
48.403751 29.925695
48.403751 29.925970
48.402916 29.925970
48.402916 29.926250
48.401527 29.926250
48.401527 29.926527
48.400139 29.926527
48.400139 29.926805
48.399582 29.926805
48.399582 29.926527
48.398472 29.926527
48.398472 29.926805
48.397640 29.926805
48.397640 29.927082
48.397083 29.927082
48.397083 29.927361
48.396252 29.927361
48.396252 29.927639
48.395695 29.927639
48.395695 29.927917
48.394859 29.927917
48.394859 29.928192
48.394306 29.928192
48.394306 29.928473
48.393471 29.928473
48.393471 29.928749
48.392918 29.928749
48.392918 29.929028
48.392361 29.929028
48.392361 29.929304
48.391529 29.929304
48.391529 29.929583
48.390972 29.929583
48.390972 29.929861
48.390415 29.929861
48.390415 29.930140
48.389584 29.930140
48.389584 29.930414
48.389027 29.930414
48.389027 29.930696
48.388474 29.930696
48.388474 29.930973
48.388195 29.930973
48.388195 29.931250
48.387638 29.931250
48.387638 29.931528
48.386806 29.931528
48.386806 29.931807
48.386250 29.931807
48.386250 29.932083
48.385418 29.932083
48.385418 29.932362
48.384861 29.932362
48.384861 29.932636
48.384304 29.932636
48.384304 29.932917
48.383751 29.932917
48.383751 29.933195
48.384029 29.933195
48.384029 29.933472
48.383751 29.933472
48.383751 29.933750
48.382915 29.933750
48.382915 29.934305
48.382637 29.934305
48.382637 29.934584
48.380138 29.934584
48.380138 29.934860
48.379307 29.934860
48.379307 29.935139
48.378750 29.935139
48.378750 29.935417
48.377918 29.935417
48.377918 29.935694
48.377083 29.935694
48.377083 29.935972
48.376804 29.935972
48.376804 29.936251
48.376530 29.936251
48.376526 29.936527
48.376251 29.936527
48.376251 29.936806
48.375694 29.936806
48.375694 29.936527
48.374863 29.936527
48.374863 29.936806
48.374306 29.936806
48.374306 29.937084
48.374027 29.937084
48.374027 29.937361
48.373749 29.937361
48.373749 29.937639
48.373196 29.937639
48.373196 29.937361
48.372639 29.937361
48.372639 29.937639
48.372082 29.937639
48.372082 29.937916
48.370140 29.937916
48.370140 29.938194
48.369305 29.938194
48.369305 29.938473
48.368473 29.938473
48.368473 29.938749
48.368195 29.938749
48.368195 29.939028
48.367363 29.939028
48.367363 29.939306
48.367085 29.939306
48.367085 29.939583
48.366806 29.939583
48.366806 29.939861
48.366528 29.939861
48.366528 29.940140
48.366249 29.940140
48.366249 29.940416
48.365971 29.940416
48.365971 29.940695
48.365696 29.940695
48.365696 29.940971
48.365417 29.940971
48.365417 29.941250
48.365139 29.941250
48.365139 29.941528
48.364861 29.941528
48.364861 29.941805
48.364582 29.941805
48.364582 29.942083
48.364307 29.942083
48.364307 29.942638
48.364029 29.942638
48.364029 29.942917
48.363750 29.942917
48.363750 29.943193
48.363472 29.943193
48.363472 29.943750
48.363194 29.943750
48.363194 29.944027
48.362640 29.944027
48.362640 29.944304
48.362362 29.944304
48.362362 29.944586
48.361805 29.944586
48.361805 29.944860
48.361526 29.944860
48.361526 29.945139
48.360973 29.945139
48.360973 29.945417
48.360695 29.945417
48.360695 29.945696
48.360138 29.945696
48.360138 29.945972
48.359859 29.945972
48.359859 29.946251
48.359306 29.946251
48.359306 29.946527
48.358749 29.946527
48.358749 29.946808
48.358471 29.946808
48.358471 29.947083
48.357918 29.947083
48.357918 29.947361
48.357639 29.947361
48.357639 29.947639
48.357082 29.947639
48.357082 29.947918
48.356804 29.947918
48.356804 29.948195
48.356251 29.948195
48.356251 29.948473
48.355972 29.948473
48.355972 29.948750
48.355415 29.948750
48.355415 29.949030
48.355141 29.949030
48.355141 29.949306
48.354584 29.949306
48.354584 29.949583
48.354305 29.949583
48.354305 29.949862
48.353748 29.949862
48.353748 29.950138
48.353474 29.950138
48.353474 29.950417
48.352085 29.950417
48.352085 29.950695
48.350971 29.950695
48.350971 29.950972
48.349583 29.950972
48.349583 29.951250
48.348194 29.951250
48.348194 29.951529
48.347084 29.951529
48.347084 29.951805
48.345695 29.951805
48.345695 29.952084
48.344582 29.952084
48.344582 29.952360
48.344307 29.952360
48.344307 29.952917
48.344028 29.952917
48.344028 29.953194
48.343750 29.953194
48.343750 29.953470
48.343472 29.953470
48.343472 29.953751
48.343193 29.953751
48.343193 29.954027
48.342918 29.954027
48.342918 29.954306
48.342640 29.954306
48.342640 29.954861
48.342361 29.954861
48.342361 29.955416
48.342083 29.955418
48.342083 29.955975
48.341805 29.955975
48.341805 29.956249
48.341526 29.956249
48.341526 29.956528
48.341251 29.956528
48.341251 29.956804
48.340694 29.956804
48.340694 29.957083
48.340416 29.957083
48.340416 29.957361
48.339584 29.957361
48.339584 29.957640
48.339306 29.957640
48.339306 29.957914
48.337917 29.957914
48.337917 29.958197
48.336529 29.958197
48.336529 29.958471
48.336250 29.958471
48.336250 29.958750
48.335693 29.958750
48.335693 29.959028
48.335140 29.959028
48.335140 29.959307
48.334583 29.959307
48.334583 29.959583
48.334026 29.959583
48.334026 29.959862
48.333752 29.959862
48.333752 29.960138
48.333195 29.960138
48.333195 29.960419
48.332638 29.960419
48.332638 29.960695
48.332085 29.960695
48.332085 29.960972
48.331806 29.960972
48.331806 29.961250
48.331249 29.961250
48.331249 29.961529
48.330696 29.961529
48.330696 29.961805
48.330139 29.961805
48.330139 29.962084
48.329861 29.962084
48.329861 29.962360
48.329304 29.962360
48.329304 29.962639
48.328751 29.962639
48.328751 29.962917
48.328472 29.962917
48.328472 29.963194
48.327915 29.963194
48.327915 29.963472
48.327362 29.963472
48.327362 29.963751
48.326805 29.963751
48.326805 29.964027
48.326527 29.964027
48.326527 29.964306
48.325974 29.964306
48.325974 29.964582
48.325417 29.964582
48.325417 29.964861
48.324860 29.964861
48.324860 29.965139
48.324306 29.965139
48.324306 29.965416
48.323750 29.965416
48.323750 29.965694
48.323471 29.965694
48.323471 29.965973
48.322918 29.965973
48.322918 29.966249
48.322361 29.966249
48.322361 29.966528
48.321804 29.966528
48.321804 29.966806
48.321251 29.966806
48.321251 29.967081
48.320694 29.967081
48.320694 29.967361
48.320137 29.967361
48.320137 29.967638
48.319584 29.967638
48.319584 29.967916
48.319027 29.967916
48.319027 29.968193
48.318474 29.968193
48.318474 29.968472
48.318195 29.968472
48.318195 29.968750
48.317638 29.968750
48.317638 29.969028
48.317085 29.969028
48.317081 29.969303
48.316528 29.969303
48.316528 29.969585
48.315971 29.969585
48.315971 29.969864
48.315418 29.969864
48.315418 29.970139
48.315140 29.970139
48.315140 29.970415
48.314583 29.970415
48.314583 29.970694
48.314304 29.970694
48.314304 29.970972
48.313751 29.970972
48.313751 29.971251
48.313194 29.971251
48.313194 29.971525
48.312916 29.971525
48.312916 29.971807
48.312363 29.971807
48.312363 29.972086
48.312084 29.972086
48.312084 29.972361
48.311527 29.972361
48.311527 29.972639
48.311249 29.972639
48.311249 29.972918
48.310696 29.972918
48.310696 29.973194
48.310139 29.973194
48.310139 29.973473
48.309860 29.973473
48.309860 29.973749
48.309307 29.973749
48.309307 29.974028
48.309029 29.974028
48.309029 29.974306
48.308472 29.974306
48.308472 29.974583
48.307919 29.974583
48.307919 29.974861
48.307640 29.974861
48.307640 29.975140
48.307083 29.975140
48.307083 29.975416
48.306805 29.975416
48.306805 29.975695
48.306252 29.975695
48.306252 29.975973
48.305973 29.975973
48.305973 29.976250
48.305416 29.976250
48.305416 29.976528
48.304863 29.976528
48.304863 29.976805
48.304585 29.976805
48.304585 29.977083
48.304028 29.977083
48.304028 29.977362
48.303749 29.977362
48.303749 29.977638
48.303196 29.977638
48.303196 29.977917
48.302917 29.977917
48.302917 29.978195
48.302361 29.978195
48.302361 29.978472
48.302082 29.978472
48.302082 29.978750
48.301807 29.978750
48.301807 29.979029
48.301529 29.979029
48.301529 29.979305
48.300972 29.979305
48.300972 29.979584
48.300694 29.979584
48.300694 29.979860
48.300415 29.979860
48.300415 29.980139
48.299862 29.980139
48.299862 29.980417
48.299583 29.980417
48.299583 29.980694
48.299305 29.980694
48.299305 29.980972
48.299026 29.980972
48.299026 29.981251
48.298473 29.981251
48.298473 29.981527
48.298195 29.981527
48.298195 29.981806
48.297916 29.981806
48.297916 29.982082
48.297359 29.982082
48.297359 29.982361
48.297085 29.982361
48.297085 29.982639
48.296806 29.982639
48.296806 29.982916
48.296528 29.982916
48.296528 29.983192
48.295971 29.983192
48.295971 29.983475
48.295696 29.983475
48.295696 29.983749
48.295139 29.983749
48.295139 29.984028
48.294861 29.984028
48.294861 29.984304
48.294304 29.984304
48.294304 29.984585
48.294029 29.984585
48.294029 29.984861
48.293472 29.984861
48.293472 29.985138
48.293194 29.985140
48.293194 29.985415
48.292641 29.985415
48.292641 29.985697
48.292362 29.985697
48.292362 29.985971
48.291805 29.985971
48.291805 29.986250
48.291527 29.986250
48.291527 29.986528
48.290974 29.986528
48.290974 29.986807
48.290695 29.986807
48.290695 29.987083
48.290138 29.987083
48.290138 29.987362
48.289860 29.987362
48.289860 29.987638
48.289307 29.987638
48.289307 29.987919
48.288750 29.987919
48.288750 29.988194
48.288471 29.988195
48.288471 29.988472
48.287918 29.988472
48.287918 29.988750
48.287640 29.988750
48.287640 29.989029
48.287083 29.989029
48.287083 29.989305
48.286804 29.989305
48.286804 29.989584
48.286251 29.989584
48.286251 29.989861
48.285973 29.989861
48.285973 29.990141
48.285416 29.990141
48.285416 29.990417
48.285137 29.990417
48.285137 29.990694
48.284584 29.990694
48.284584 29.990973
48.284306 29.990973
48.284306 29.991249
48.283749 29.991249
48.283749 29.991528
48.283474 29.991528
48.283474 29.991806
48.282917 29.991806
48.282917 29.992083
48.282639 29.992083
48.282639 29.992359
48.282082 29.992359
48.282082 29.992640
48.281528 29.992640
48.281528 29.992916
48.281250 29.992916
48.281250 29.993195
48.280693 29.993195
48.280693 29.993471
48.280418 29.993471
48.280418 29.993750
48.279861 29.993750
48.279861 29.994028
48.279305 29.994028
48.279305 29.994305
48.279026 29.994305
48.279026 29.994581
48.278473 29.994581
48.278473 29.994862
48.278194 29.994862
48.278194 29.995138
48.277637 29.995138
48.277637 29.995417
48.277084 29.995417
48.277084 29.995693
48.276806 29.995693
48.276806 29.995972
48.276249 29.995972
48.276249 29.996250
48.275970 29.996250
48.275970 29.996529
48.275417 29.996529
48.275417 29.996803
48.275139 29.996803
48.275139 29.997086
48.274582 29.997086
48.274582 29.997360
48.274029 29.997360
48.274029 29.997639
48.273750 29.997639
48.273750 29.997915
48.273193 29.997915
48.273193 29.998196
48.272915 29.998196
48.272915 29.998472
48.272362 29.998472
48.272362 29.998751
48.271526 29.998751
48.271526 29.999025
48.270973 29.999025
48.270973 29.999308
48.270138 29.999308
48.270138 29.999584
48.269585 29.999584
48.269585 29.999861
48.268749 29.999861
48.268749 30.000139
48.268749 30.000418
48.268471 30.000418
48.268471 30.000694
48.268196 30.000694
48.268196 30.000973
48.267918 30.000973
48.267918 30.001249
48.267639 30.001249
48.267639 30.001806
48.267361 30.001806
48.267361 30.002083
48.267082 30.002083
48.267082 30.002361
48.266529 30.002361
48.266529 30.002640
48.265972 30.002640
48.265972 30.002916
48.265415 30.002916
48.265415 30.003195
48.264862 30.003195
48.264862 30.003471
48.264584 30.003471
48.264584 30.003750
48.264027 30.003750
48.264027 30.004028
48.263474 30.004028
48.263474 30.004305
48.262917 30.004305
48.262917 30.004583
48.262360 30.004583
48.262360 30.004862
48.261806 30.004862
48.261806 30.005138
48.261250 30.005138
48.261250 30.005417
48.260693 30.005417
48.260693 30.005695
48.260139 30.005695
48.260139 30.005972
48.259583 30.005972
48.259583 30.006250
48.259304 30.006250
48.259304 30.006527
48.258751 30.006527
48.258751 30.006805
48.258194 30.006805
48.258194 30.007084
48.257637 30.007084
48.257637 30.007360
48.257084 30.007360
48.257084 30.007639
48.256527 30.007639
48.256527 30.007917
48.255974 30.007917
48.255974 30.008192
48.255417 30.008192
48.255417 30.008472
48.254860 30.008472
48.254860 30.008751
48.254307 30.008751
48.254307 30.009027
48.253750 30.009027
48.253750 30.009304
48.253471 30.009304
48.253471 30.009583
48.252918 30.009583
48.252918 30.009861
48.252361 30.009861
48.252361 30.010139
48.251804 30.010139
48.251804 30.010696
48.250973 30.010696
48.250973 30.010975
48.250416 30.010975
48.250416 30.011250
48.250137 30.011250
48.250137 30.011526
48.249863 30.011526
48.249863 30.011806
48.248749 30.011806
48.248749 30.012083
48.248196 30.012083
48.248196 30.012362
48.247917 30.012362
48.247917 30.012636
48.247082 30.012636
48.247082 30.012915
48.246529 30.012915
48.246529 30.013197
48.245972 30.013197
48.245972 30.013472
48.245419 30.013472
48.245419 30.013750
48.244583 30.013750
48.244583 30.014029
48.243752 30.014029
48.243752 30.014305
48.243195 30.014305
48.243195 30.014584
48.242638 30.014584
48.242638 30.014862
48.242085 30.014862
48.242085 30.015139
48.241528 30.015139
48.241528 30.015417
48.240971 30.015417
48.240971 30.015694
48.240417 30.015694
48.240417 30.015972
48.239861 30.015972
48.239861 30.016251
48.239307 30.016251
48.239307 30.016527
48.239029 30.016527
48.239029 30.016806
48.238194 30.016806
48.238194 30.017084
48.237915 30.017084
48.237915 30.017361
48.237083 30.017361
48.237083 30.017639
48.236252 30.017639
48.236252 30.017916
48.235973 30.017918
48.235973 30.018194
48.234585 30.018194
48.234585 30.018473
48.234028 30.018473
48.234028 30.018749
48.233471 30.018749
48.233471 30.019028
48.232918 30.019028
48.232918 30.019306
48.232082 30.019306
48.232082 30.019583
48.231529 30.019583
48.231529 30.019861
48.230972 30.019861
48.230972 30.020140
48.230141 30.020140
48.230141 30.020416
48.229305 30.020416
48.229305 30.020695
48.228748 30.020695
48.228748 30.020971
48.227917 30.020971
48.227917 30.021250
48.227085 30.021250
48.227085 30.021528
48.226250 30.021528
48.226250 30.021805
48.225693 30.021805
48.225693 30.022081
48.224861 30.022081
48.224861 30.022362
48.224030 30.022362
48.224030 30.022638
48.223194 30.022638
48.223194 30.022917
48.222637 30.022917
48.222637 30.023193
48.221806 30.023193
48.221806 30.023472
48.220974 30.023472
48.220974 30.023750
48.220139 30.023750
48.220139 30.024027
48.219582 30.024027
48.219582 30.024303
48.218750 30.024303
48.218750 30.024586
48.217918 30.024586
48.217918 30.024860
48.217083 30.024860
48.217083 30.025139
48.216251 30.025139
48.216251 30.025417
48.215416 30.025417
48.215416 30.025696
48.214863 30.025696
48.214863 30.025972
48.214584 30.025972
48.214584 30.026251
48.212917 30.026251
48.212917 30.026525
48.212360 30.026525
48.212360 30.026808
48.211529 30.026808
48.211529 30.027082
48.210693 30.027082
48.210693 30.027361
48.209862 30.027361
48.209862 30.027639
48.209026 30.027639
48.209026 30.027918
48.208195 30.027918
48.208195 30.028194
48.207359 30.028194
48.207359 30.028473
48.206528 30.028473
48.206528 30.028749
48.205971 30.028749
48.205971 30.029030
48.205418 30.029030
48.205418 30.029306
48.204304 30.029306
48.204304 30.029583
48.203194 30.029583
48.203194 30.029861
48.201527 30.029861
48.201527 30.030140
48.200974 30.030140
48.200974 30.030416
48.200417 30.030416
48.200417 30.030695
48.199028 30.030695
48.199028 30.030972
48.198471 30.030972
48.198471 30.031252
48.197918 30.031252
48.197918 30.031528
48.196804 30.031528
48.196804 30.031805
48.194862 30.031805
48.194862 30.032084
48.193748 30.032084
48.193748 30.032360
48.192917 30.032360
48.192917 30.032639
48.191528 30.032639
48.191528 30.032917
48.190140 30.032917
48.190140 30.033194
48.188751 30.033194
48.188751 30.033470
48.187084 30.033470
48.187084 30.033751
48.185696 30.033751
48.185696 30.034027
48.184307 30.034027
48.184307 30.034306
48.182919 30.034306
48.182919 30.034582
48.179306 30.034582
48.179306 30.034861
48.175694 30.034861
48.175694 30.035139
48.171528 30.035139
48.171528 30.035418
48.167362 30.035418
48.167362 30.035692
48.141529 30.035692
48.141529 30.035418
48.139862 30.035418
48.139862 30.035139
48.138195 30.035139
48.138195 30.034861
48.137360 30.034861
48.137360 30.034582
48.136528 30.034582
48.136528 30.034306
48.135971 30.034306
48.135971 30.034027
48.135139 30.034027
48.135139 30.033751
48.134304 30.033751
48.134304 30.033470
48.133751 30.033470
48.133751 30.033751
48.129028 30.033751
48.129028 30.034027
48.127640 30.034027
48.127640 30.034306
48.124584 30.034306
48.124584 30.034582
48.121250 30.034582
48.121250 30.034861
48.118195 30.034861
48.118195 30.035139
48.115417 30.035139
48.115417 30.035418
48.112640 30.035418
48.112640 30.035692
48.110138 30.035692
48.110138 30.035973
48.107361 30.035973
48.107361 30.036249
48.103195 30.036249
48.103195 30.036528
48.099583 30.036528
48.099583 30.036804
48.081249 30.036804
48.081249 30.036528
48.079029 30.036528
48.079029 30.036249
48.077084 30.036249
48.077084 30.035973
48.074860 30.035973
48.074860 30.035692
48.073471 30.035692
48.073471 30.035418
48.072361 30.035418
48.072361 30.035139
48.070972 30.035139
48.070972 30.034861
48.069862 30.034861
48.069862 30.034582
48.068474 30.034582
48.068474 30.034306
48.067360 30.034306
48.067360 30.034027
48.066250 30.034027
48.066250 30.033751
48.065140 30.033751
48.065140 30.033470
48.064304 30.033470
48.064304 30.033194
48.063194 30.033194
48.063194 30.032917
48.062084 30.032917
48.062084 30.032639
48.060974 30.032639
48.060970 30.032360
48.060139 30.032360
48.060139 30.032084
48.059307 30.032084
48.059307 30.031805
48.058472 30.031805
48.058472 30.031528
48.057640 30.031528
48.057640 30.031252
48.056805 30.031252
48.056805 30.030972
48.055973 30.030972
48.055973 30.030695
48.055138 30.030695
48.055138 30.030416
48.054306 30.030416
48.054306 30.030140
48.053471 30.030140
48.053471 30.029861
48.052917 30.029861
48.052917 30.029583
48.052082 30.029583
48.052082 30.029306
48.051250 30.029306
48.051250 30.029030
48.050415 30.029030
48.050415 30.028749
48.049862 30.028749
48.049862 30.028473
48.049026 30.028473
48.049026 30.028194
48.048195 30.028194
48.048195 30.027918
48.047638 30.027918
48.047638 30.027639
48.047085 30.027639
48.047085 30.027361
48.046528 30.027361
48.046528 30.027082
48.045971 30.027082
48.045971 30.026808
48.045418 30.026808
48.045418 30.026525
48.044861 30.026525
48.044861 30.026251
48.044582 30.026251
48.044582 30.025972
48.044029 30.025972
48.044029 30.025696
48.043472 30.025696
48.043472 30.025417
48.042915 30.025417
48.042915 30.025139
48.042362 30.025139
48.042362 30.024860
48.042084 30.024860
48.042084 30.024586
48.041527 30.024586
48.041527 30.024303
48.041248 30.024303
48.041248 30.024027
48.040695 30.024027
48.040695 30.023750
48.040417 30.023750
48.040417 30.023472
48.039860 30.023472
48.039860 30.023193
48.039585 30.023193
48.039585 30.022917
48.039028 30.022917
48.039028 30.022724
48.039028 30.022638
48.038742 30.022692
48.038750 30.022362
48.038193 30.022362
48.038193 30.022081
48.037918 30.022081
48.037918 30.021805
48.037361 30.021805
48.037361 30.021528
48.037083 30.021528
48.037083 30.021250
48.036530 30.021250
48.036530 30.020971
48.036251 30.020971
48.036251 30.020695
48.035694 30.020695
48.035694 30.020416
48.035416 30.020416
48.035416 30.020140
48.034863 30.020140
48.034863 30.019861
48.034584 30.019861
48.034584 30.019583
48.034027 30.019583
48.034027 30.019306
48.033749 30.019306
48.033749 30.019028
48.033474 30.019028
48.033474 30.018473
48.033195 30.018473
48.033195 30.018194
48.032360 30.018194
48.032360 30.017918
48.032082 30.017916
48.032082 30.017639
48.031807 30.017639
48.031807 30.017361
48.031250 30.017361
48.031250 30.017084
48.030972 30.017084
48.030972 30.016806
48.030693 30.016806
48.030693 30.016527
48.030418 30.016527
48.030418 30.016251
48.030140 30.016251
48.030140 30.015972
48.029861 30.015972
48.029861 30.015694
48.029583 30.015694
48.029583 30.015417
48.029305 30.015417
48.029305 30.014862
48.029026 30.014862
48.029026 30.014584
48.028751 30.014584
48.028751 30.014305
48.028194 30.014305
48.028194 30.013750
48.027916 30.013750
48.027916 30.013472
48.027637 30.013472
48.027637 30.013197
48.027084 30.013197
48.027084 30.012636
48.026806 30.012636
48.026806 30.012362
48.026527 30.012362
48.026527 30.011806
48.026249 30.011806
48.026249 30.011526
48.025970 30.011526
48.025970 30.011250
48.025696 30.011250
48.025696 30.010975
48.025139 30.010975
48.025139 30.010696
48.024582 30.010696
48.024582 30.010414
48.024307 30.010414
48.024307 30.010139
48.024029 30.010139
48.024029 30.009861
48.023750 30.009861
48.023750 30.009583
48.023472 30.009583
48.023472 30.009027
48.023193 30.009027
48.023193 30.008751
48.022915 30.008751
48.022915 30.008472
48.022640 30.008472
48.022640 30.008192
48.022362 30.008192
48.022362 30.007917
48.022083 30.007917
48.022083 30.007639
48.021805 30.007639
48.021805 30.007360
48.021252 30.007360
48.021252 30.007084
48.020973 30.007084
48.020973 30.006805
48.020695 30.006805
48.020695 30.006527
48.020416 30.006527
48.020416 30.006250
48.019859 30.006250
48.019859 30.005972
48.019585 30.005972
48.019585 30.005695
48.019028 30.005695
48.019028 30.005417
48.018749 30.005417
48.018749 30.005138
48.018196 30.005138
48.018196 30.004862
48.017639 30.004862
48.017639 30.004583
48.017361 30.004583
48.017361 30.004305
48.016804 30.004305
48.016804 30.004028
48.016251 30.004028
48.016251 30.003750
48.015694 30.003750
48.015694 30.003471
48.015141 30.003471
48.015141 30.003195
48.014584 30.003195
48.014584 30.002916
48.014027 30.002916
48.014027 30.002640
48.013195 30.002640
48.013195 30.002361
48.012360 30.002361
48.012360 30.002083
48.011528 30.002083
48.011528 30.001806
48.011250 30.001806
48.011250 30.001530
48.010693 30.001530
48.010693 30.001249
48.008751 30.001249
48.008751 30.000973
48.007915 30.000973
48.007915 30.000694
48.000973 30.000694
48.000973 30.000973
48.000416 30.000973
48.000416 30.001249
48.000137 30.001249
47.999863 30.001249
47.999863 30.001530
47.998749 30.001530
47.998749 30.001249
47.997360 30.001249
47.997360 30.001530
47.995972 30.001530
47.995972 30.001806
47.994305 30.001806
47.994305 30.002083
47.992916 30.002083
47.992916 30.002361
47.987640 30.002361
47.987640 30.002640
47.985695 30.002640
47.985695 30.002916
47.984028 30.002916
47.984028 30.003195
47.983471 30.003195
47.983471 30.003471
47.983196 30.003471
47.983196 30.003750
47.982639 30.003750
47.982639 30.004028
47.982082 30.004028
47.982082 30.004305
47.981529 30.004305
47.981529 30.004583
47.981251 30.004583
47.981251 30.004862
47.980694 30.004862
47.980694 30.005138
47.979027 30.005138
47.979027 30.005417
47.978474 30.005417
47.978474 30.005695
47.978195 30.005695
47.978195 30.005972
47.977917 30.005972
47.977917 30.006250
47.977638 30.006250
47.977638 30.006527
47.977360 30.006527
47.977360 30.006805
47.977085 30.006805
47.977085 30.007084
47.976528 30.007084
47.976528 30.007360
47.976250 30.007360
47.976250 30.007639
47.975971 30.007639
47.975971 30.007917
47.975693 30.007917
47.975693 30.008192
47.975418 30.008192
47.975418 30.008472
47.975140 30.008472
47.975140 30.009027
47.974861 30.009027
47.974861 30.009583
47.974583 30.009583
47.974583 30.010139
47.974304 30.010139
47.974304 30.010696
47.974030 30.010696
47.974030 30.011526
47.973751 30.011526
47.973751 30.012083
47.973473 30.012083
47.973473 30.012915
47.973194 30.012915
47.973194 30.014584
47.972916 30.014584
47.972916 30.017916
47.972637 30.017918
47.972637 30.018473
47.972363 30.018473
47.972363 30.018799
47.972363 30.019028
47.972084 30.019028
47.972084 30.019861
47.971806 30.019861
47.971806 30.020416
47.971527 30.020416
47.971527 30.020971
47.971249 30.020971
47.971249 30.021250
47.970974 30.021250
47.970974 30.021528
47.970695 30.021528
47.970695 30.022081
47.970417 30.022081
47.970417 30.022362
47.970139 30.022362
47.970139 30.023472
47.969860 30.023472
47.969860 30.024860
47.969582 30.024860
47.969582 30.025696
47.969307 30.025696
47.969307 30.026525
47.969028 30.026525
47.969028 30.027639
47.968750 30.027639
47.968750 30.028473
47.968472 30.028473
47.968472 30.033470
47.968193 30.033470
47.968193 30.035973
47.967918 30.035973
47.967918 30.037640
47.967640 30.037640
47.967640 30.039307
47.967361 30.039307
47.967361 30.040136
47.967083 30.040136
47.967083 30.040695
47.966805 30.040695
47.966805 30.041250
47.966526 30.041250
47.966526 30.041805
47.966251 30.041805
47.966251 30.042360
47.965973 30.042360
47.965973 30.042917
47.965694 30.042917
47.965694 30.043472
47.965416 30.043472
47.965416 30.044027
47.965137 30.044027
47.965137 30.044306
47.964863 30.044306
47.964863 30.044584
47.964584 30.044584
47.964584 30.045139
47.964306 30.045139
47.964306 30.045416
47.964027 30.045416
47.964027 30.045973
47.963749 30.045973
47.963749 30.046249
47.963470 30.046249
47.963470 30.046806
47.963196 30.046806
47.963196 30.047083
47.962917 30.047083
47.962917 30.047361
47.962639 30.047361
47.962639 30.047916
47.962360 30.047916
47.962360 30.048195
47.962082 30.048195
47.962082 30.048750
47.961807 30.048750
47.961807 30.049028
47.961529 30.049028
47.961529 30.049303
47.960972 30.049303
47.960972 30.049583
47.960693 30.049583
47.960693 30.049864
47.960415 30.049864
47.960415 30.050138
47.959862 30.050138
47.959862 30.050972
47.954029 30.050972
47.954029 30.047083
47.953751 30.047083
47.953751 30.046806
47.954029 30.046806
47.954029 30.045416
47.953751 30.045416
47.953751 30.044306
47.953472 30.044306
47.953472 30.043194
47.953194 30.043194
47.953194 30.041250
47.952915 30.041250
47.952915 30.040136
47.952362 30.040136
47.952362 30.040419
47.951527 30.040419
47.951527 30.040695
47.950417 30.040695
47.950417 30.040972
47.950138 30.040972
47.950138 30.041250
47.949860 30.041250
47.949860 30.041529
47.949585 30.041529
47.949585 30.041805
47.949306 30.041805
47.949306 30.042084
47.949028 30.042084
47.949028 30.042639
47.948750 30.042639
47.948750 30.042917
47.948471 30.042917
47.948471 30.043194
47.948193 30.043194
47.948193 30.043751
47.947918 30.043751
47.947918 30.044027
47.947639 30.044027
47.947639 30.044306
47.947361 30.044306
47.947361 30.044861
47.947083 30.044861
47.947083 30.045139
47.946804 30.045139
47.946804 30.045416
47.946529 30.045416
47.946529 30.045973
47.946251 30.045973
47.946251 30.046249
47.945972 30.046249
47.945972 30.046528
47.945694 30.046528
47.945694 30.046806
47.945415 30.046806
47.945415 30.047083
47.945137 30.047083
47.945137 30.047361
47.944862 30.047361
47.944862 30.047638
47.944584 30.047640
47.944584 30.047916
47.944305 30.047916
47.944305 30.048195
47.944027 30.048195
47.944027 30.048471
47.943748 30.048471
47.943748 30.048750
47.943474 30.048750
47.943474 30.049028
47.943195 30.049028
47.943195 30.049303
47.942917 30.049303
47.942917 30.049583
47.942638 30.049583
47.942638 30.049864
47.942360 30.049864
47.942360 30.050138
47.942085 30.050138
47.942081 30.050417
47.941807 30.050417
47.941807 30.050694
47.941528 30.050694
47.941528 30.050972
47.941250 30.050972
47.941250 30.051250
47.940971 30.051250
47.940971 30.051525
47.940693 30.051525
47.940693 30.051804
47.940418 30.051804
47.940418 30.052361
47.940140 30.052361
47.940140 30.052639
47.939861 30.052639
47.939861 30.052917
47.939583 30.052917
47.939583 30.053196
47.939304 30.053196
47.939304 30.053747
47.939030 30.053747
47.939026 30.054028
47.938751 30.054028
47.938751 30.054308
47.938473 30.054308
47.938473 30.054583
47.938194 30.054583
47.938194 30.055140
47.937916 30.055140
47.937916 30.055416
47.937637 30.055416
47.937637 30.055695
47.937363 30.055695
47.937363 30.055973
47.937084 30.055973
47.937084 30.056250
47.936806 30.056250
47.936806 30.056805
47.936527 30.056805
47.936527 30.057083
47.936249 30.057083
47.936249 30.057362
47.935974 30.057362
47.935974 30.057917
47.935696 30.057917
47.935696 30.058195
47.935417 30.058195
47.935417 30.058472
47.935139 30.058472
47.935139 30.059029
47.934860 30.059029
47.934860 30.059860
47.935139 30.059860
47.935139 30.060694
47.934860 30.060694
47.934860 30.060972
47.934307 30.060972
47.934307 30.061251
47.934029 30.061251
47.934029 30.061527
47.933750 30.061527
47.933750 30.061806
47.933472 30.061806
47.933472 30.062082
47.933193 30.062082
47.933193 30.062361
47.932919 30.062361
47.932919 30.062639
47.932640 30.062639
47.932640 30.062916
47.932362 30.062916
47.932362 30.063192
47.932083 30.063192
47.932083 30.063749
47.930695 30.063749
47.930695 30.063475
47.930416 30.063475
47.930416 30.063192
47.930138 30.063192
47.930138 30.062916
47.929863 30.062916
47.929863 30.062639
47.929585 30.062639
47.929585 30.062361
47.929306 30.062361
47.929306 30.062082
47.929028 30.062082
47.929028 30.061527
47.928749 30.061527
47.928749 30.060972
47.928471 30.060972
47.928471 30.060417
47.928196 30.060417
47.928196 30.059584
47.928471 30.059584
47.928471 30.059305
47.928749 30.059305
47.928749 30.059029
47.929028 30.059029
47.929028 30.058750
47.929306 30.058750
47.929306 30.058472
47.929585 30.058472
47.929585 30.058195
47.929863 30.058195
47.929863 30.057917
47.930138 30.057917
47.930138 30.057638
47.930695 30.057638
47.930695 30.057362
47.931526 30.057362
47.931526 30.057083
47.932083 30.057083
47.932083 30.056805
47.932640 30.056805
47.932640 30.056528
47.932915 30.056528
47.932919 30.056250
47.933472 30.056250
47.933472 30.055973
47.933750 30.055973
47.933750 30.055416
47.934029 30.055416
47.934029 30.055140
47.934307 30.055140
47.934307 30.054583
47.934582 30.054583
47.934582 30.054308
47.935417 30.054308
47.935417 30.054028
47.935696 30.054028
47.935696 30.053473
47.935970 30.053473
47.935974 30.053196
47.936249 30.053196
47.936249 30.052917
47.936527 30.052917
47.936527 30.052361
47.936806 30.052361
47.936806 30.052086
47.937084 30.052086
47.937084 30.051804
47.937363 30.051804
47.937363 30.051250
47.937637 30.051250
47.937637 30.050972
47.937916 30.050972
47.937916 30.050694
47.938194 30.050694
47.938194 30.050417
47.938473 30.050417
47.938473 30.050138
47.938751 30.050138
47.938751 30.049864
47.939026 30.049864
47.939026 30.049583
47.939304 30.049583
47.939304 30.049028
47.939583 30.049028
47.939583 30.048750
47.939861 30.048750
47.939861 30.048195
47.940140 30.048195
47.940140 30.047916
47.940418 30.047916
47.940418 30.047361
47.940693 30.047361
47.940693 30.047083
47.940971 30.047083
47.940971 30.046806
47.941250 30.046806
47.941250 30.046249
47.941528 30.046249
47.941528 30.045973
47.941807 30.045973
47.941807 30.045694
47.942638 30.045694
47.942638 30.045416
47.943748 30.045416
47.943748 30.044306
47.944027 30.044306
47.944027 30.044027
47.944305 30.044027
47.944305 30.043751
47.944584 30.043751
47.944584 30.043472
47.945137 30.043472
47.945137 30.043194
47.945415 30.043194
47.945415 30.042917
47.945694 30.042917
47.945694 30.042639
47.946529 30.042639
47.946529 30.042084
47.946251 30.042084
47.946251 30.040419
47.946529 30.040419
47.946529 30.039028
47.946804 30.039028
47.946804 30.038750
47.947083 30.038750
47.947083 30.038473
47.947639 30.038473
47.947639 30.038197
47.947918 30.038197
47.947918 30.037914
47.948193 30.037914
47.948193 30.037640
47.948471 30.037640
47.948471 30.037361
47.948750 30.037361
47.948750 30.037083
47.949028 30.037083
47.949028 30.036804
47.949306 30.036804
47.949306 30.036528
47.949585 30.036528
47.949585 30.035973
47.949860 30.035973
47.949860 30.035692
47.950138 30.035692
47.950138 30.035139
47.950417 30.035139
47.950417 30.034582
47.950695 30.034582
47.950695 30.034306
47.952362 30.034306
47.952362 30.034027
47.952641 30.034027
47.952641 30.026525
47.952362 30.026525
47.952362 30.023750
47.952641 30.023750
47.952641 30.021805
47.952915 30.021805
47.952911 30.020096
47.942204 30.020805
47.920174 30.028740
47.887753 30.034836
47.838860 30.048903
47.791985 30.064157
47.765472 30.072784
47.731377 30.083881
47.723320 30.084166
47.715546 30.084438
47.575409 30.083742
47.436661 30.083054
47.396660 30.082771
47.351105 30.081661
47.341782 30.078629
47.209435 30.035551
47.202087 30.032375
47.199158 30.031111
47.169991 30.015270
47.153603 30.001942
47.150452 29.999016
47.141930 29.991110
47.128876 29.974716
47.122860 29.963558
47.113602 29.946384
47.096657 29.912216
47.092209 29.901939
47.047768 29.794163
47.029587 29.753622
46.981373 29.646111
46.957535 29.602236
46.952793 29.593510
46.948318 29.585274
46.943611 29.577312
46.940269 29.571663
46.929993 29.559441
46.918053 29.549995
46.907581 29.536869
46.858887 29.475826
46.827766 29.433605
46.775551 29.356384
46.724525 29.280596
46.720394 29.274458
46.714912 29.266315
46.690384 29.230343
46.657410 29.190857
46.650269 29.186108
46.646526 29.184235
46.644043 29.181164
46.625050 29.166355
46.615604 29.168577
46.550739 29.105839
46.550617 29.105335
46.550102 29.105221
46.541496 29.096899
46.538948 29.095087
46.510403 29.074797
46.494854 29.063744
46.431896 29.024874
46.388432 29.003513
46.355347 28.992584
46.320328 28.987371
46.290089 28.986952
46.207279 28.995892
46.177532 28.999104
44.898163 29.176407
44.761272 29.197903
44.727116 29.206240
44.725517 29.206806
44.717438 29.209665
44.694920 29.217638
44.625355 29.253477
43.810074 29.748734
43.760059 29.782591
43.607319 29.871935
43.520447 29.922750
42.778141 30.373144
42.730587 30.406284
42.670975 30.441048
42.576599 30.496075
40.204418 31.936779
40.105179 31.993860
40.007801 32.038071
39.928780 32.064144
39.650433 32.130901
39.462315 32.176018
39.390209 32.198105
39.378544 32.203163
39.350368 32.215382
39.322609 32.232841
39.305023 32.249603
39.289062 32.270782
39.263729 32.304401
39.263504 32.304562
39.241352 32.320312
39.223972 32.325718
39.223274 32.325935
39.198856 32.328117
39.108532 32.320648
39.103981 32.320271
39.081455 32.320839
39.056591 32.327511
39.039509 32.340393
39.029194 32.356068
39.025532 32.361633
39.015266 32.387653
39.010162 32.411583
39.009815 32.413212
39.009430 32.434235
39.016254 32.459827
39.020054 32.465420
39.035305 32.487881
39.052174 32.512726
39.054676 32.526676
39.056309 32.535786
39.057724 32.543674
39.053547 32.581970
39.037930 32.640862
38.993813 32.775257
38.911312 33.016712
38.828812 33.258167
38.818634 33.300110
38.818039 33.305679
38.813488 33.319096
38.796837 33.368172
38.797821 33.368679
38.804081 33.371910
38.857922 33.398617
38.987423 33.462677
39.117126 33.526596
39.247032 33.590374
39.377144 33.654007
39.472027 33.700260
39.507542 33.717373
39.638378 33.780258
39.769413 33.842999
39.900654 33.905590
39.960918 33.934223
39.975548 33.941174
40.000000 33.952789
40.032097 33.968040
40.163738 34.030342
40.191204 34.043289
40.295586 34.092499
40.427631 34.154507
40.450043 34.164989
40.559883 34.216370
40.603714 34.236816
40.693356 34.276527
40.792305 34.320240
40.827305 34.336128
40.960796 34.396576
41.012367 34.419865
41.017239 34.439507
41.019249 34.442688
41.027092 34.446697
41.033028 34.452110
41.050995 34.487988
41.109436 34.604443
41.139465 34.664146
41.156246 34.684135
41.181858 34.714642
41.234497 34.777237
41.237751 34.784977
41.233265 34.826534
41.230087 34.855930
41.229637 34.860096
41.229652 34.937832
41.228889 34.950718
41.228786 34.952484
41.225964 35.000000
41.223110 35.048107
41.222931 35.051102
41.222858 35.052296
41.222805 35.053192
41.221306 35.078438
41.220448 35.092869
41.218105 35.132248
41.224506 35.196758
41.225250 35.204243
41.233334 35.248028
41.239853 35.274956
41.242401 35.285484
41.244041 35.290504
41.248730 35.304848
41.256176 35.327633
41.268616 35.365650
41.274921 35.384918
41.276947 35.411633
41.279980 35.451591
41.282604 35.486145
41.321407 35.536274
41.328003 35.544796
41.333065 35.551334
41.342453 35.563461
41.394287 35.630272
41.392776 35.653748
41.391266 35.677227
41.390045 35.696201
41.383152 35.803162
41.383137 35.803406
41.381081 35.835293
41.369461 35.856037
41.333199 35.920769
41.268749 36.035492
41.258011 36.054573
41.266899 36.092030
41.276535 36.158550
41.287357 36.233089
41.289692 36.249153
41.291786 36.263584
41.291840 36.265396
41.291889 36.267002
41.292389 36.283916
41.294529 36.356174
41.327267 36.403030
41.403912 36.512470
41.412640 36.519588
41.412701 36.519642
41.413719 36.520470
41.423008 36.524685
41.550686 36.544029
41.704399 36.567116
41.706814 36.567478
41.754192 36.577496
41.756649 36.578014
41.828255 36.593155
41.849686 36.608177
41.864887 36.618816
41.881683 36.623447
41.903973 36.646172
41.938484 36.670326
41.962749 36.694809
41.990765 36.723045
42.034412 36.763783
42.064930 36.790337
42.092445 36.814259
42.129852 36.852989
42.134850 36.857658
42.147522 36.868366
42.168877 36.884396
42.176945 36.890446
42.209538 36.920765
42.249249 36.957703
42.274197 36.977818
42.276730 36.979866
42.372658 37.057419
42.373653 37.058224
42.384735 37.067181
42.385040 37.074116
42.381096 37.082031
42.374508 37.086246
42.373585 37.086838
42.373413 37.086891
42.365963 37.089123
42.364624 37.091228
42.363781 37.092537
42.362213 37.094967
42.363041 37.102863
42.363708 37.109261
42.375229 37.117775
42.384377 37.117512
42.394844 37.112614
42.395870 37.112137
42.403595 37.112137
42.411789 37.116261
42.426826 37.119724
42.434757 37.124313
42.442570 37.126114
42.445263 37.126736
42.447613 37.127277
42.450665 37.127979
42.453720 37.129700
42.458496 37.132385
42.460354 37.133430
42.468533 37.135746
42.472008 37.136532
42.483948 37.136177
42.493858 37.133820
42.500706 37.133389
42.507557 37.132954
42.512184 37.133961
42.517082 37.137680
42.526718 37.145004
42.536339 37.148846
42.550354 37.148537
42.564369 37.148232
42.580555 37.145443
42.591648 37.147251
42.593109 37.154907
42.596031 37.170219
42.602180 37.179214
42.615883 37.190498
42.621643 37.197208
42.623405 37.206055
42.623787 37.207962
42.627022 37.214027
42.632362 37.217049
42.642036 37.222515
42.652500 37.231602
42.658108 37.241070
42.661861 37.253250
42.662251 37.254513
42.663757 37.259399
42.664555 37.261986
42.674408 37.270172
42.675053 37.270191
42.675682 37.270210
42.678219 37.270287
42.685608 37.270508
42.689434 37.275551
42.693260 37.280598
42.700665 37.285416
42.703220 37.290844
42.702984 37.291477
42.700024 37.299442
42.698902 37.302456
42.699333 37.305428
42.701969 37.306492
42.704601 37.307556
42.708191 37.307888
42.726791 37.309612
42.734596 37.312519
42.735001 37.312668
42.735806 37.312969
42.737019 37.313419
42.738159 37.314262
42.739300 37.315105
42.743267 37.318043
42.745872 37.324387
42.745502 37.325405
42.744610 37.327869
42.743343 37.331352
42.740555 37.334400
42.739338 37.335732
42.730808 37.345062
42.734257 37.347897
42.750484 37.350414
42.774235 37.356407
42.784740 37.362984
42.785564 37.364048
42.786507 37.365265
42.793602 37.374424
42.799061 37.377476
42.803257 37.378040
42.817268 37.374821
42.827019 37.372581
42.831280 37.371601
42.834572 37.368176
42.836700 37.363434
42.840233 37.355556
42.842129 37.351326
