> lebanon 0
36.207355 34.643990
36.213612 34.642666
36.225536 34.634441
36.232563 34.631615
36.238644 34.632210
36.250374 34.637981
36.276863 34.633522
36.284542 34.635986
36.294548 34.635288
36.300270 34.638397
36.308048 34.646370
36.316727 34.652298
36.320442 34.665920
36.321861 34.682018
36.323975 34.685276
36.331543 34.691406
36.340435 34.690910
36.345764 34.689190
36.354042 34.682022
36.364170 34.668926
36.362137 34.663147
36.363533 34.660202
36.367279 34.657238
36.367279 34.657238
36.383263 34.644318
36.394543 34.638359
36.399277 34.637768
36.418259 34.626671
36.420383 34.624611
36.438934 34.622074
36.445553 34.623375
36.460670 34.631878
36.471279 34.630177
36.473061 34.626778
36.463642 34.593872
36.453197 34.590988
36.446758 34.592556
36.431515 34.607903
36.426296 34.610302
36.425159 34.609516
36.423721 34.608521
36.414581 34.592014
36.410137 34.576313
36.410461 34.567028
36.415615 34.558552
36.411999 34.550896
36.398159 34.542191
36.350391 34.524399
36.346710 34.519749
36.345486 34.518200
36.345566 34.512009
36.353863 34.500973
36.362904 34.496262
36.373383 34.493881
36.380104 34.499779
36.388054 34.502266
36.400269 34.497856
36.407352 34.497456
36.416637 34.493549
36.428307 34.500710
36.448730 34.503376
36.459995 34.502266
36.461872 34.500134
36.462463 34.494759
36.463284 34.487320
36.479774 34.462936
36.487003 34.458176
36.517719 34.446964
36.520729 34.443939
36.522640 34.436527
36.526398 34.431797
36.539448 34.426708
36.555637 34.422951
36.562397 34.419552
36.566101 34.414803
36.568901 34.411213
36.568729 34.408112
36.563705 34.400887
36.545349 34.382580
36.543610 34.372448
36.546055 34.365509
36.555542 34.350704
36.558777 34.340687
36.566517 34.332493
36.573441 34.315449
36.577286 34.312096
36.599934 34.308708
36.606628 34.307022
36.608482 34.305229
36.612228 34.296257
36.610634 34.290028
36.605724 34.283726
36.596146 34.276516
36.591484 34.266891
36.597805 34.246738
36.600220 34.231998
36.604652 34.223156
36.607769 34.220703
36.608746 34.220345
36.628880 34.212921
36.637444 34.208523
36.639191 34.205696
36.629364 34.193550
36.603241 34.181614
36.597385 34.166348
36.584457 34.156422
36.579990 34.136944
36.577747 34.133797
36.574684 34.132870
36.557667 34.127720
36.545914 34.120110
36.536274 34.107162
36.521038 34.092590
36.519409 34.083607
36.520489 34.071938
36.517559 34.064644
36.502659 34.052715
36.486275 34.044075
36.480553 34.042107
36.475163 34.042439
36.449215 34.051567
36.444241 34.051907
36.431767 34.045876
36.420418 34.043308
36.414181 34.040295
36.414829 34.033543
36.411591 34.027618
36.389057 34.009983
36.377182 34.002930
36.374725 33.993275
36.374157 33.991043
36.355640 33.984856
36.336029 33.967056
36.321918 33.945835
36.303097 33.925640
36.295910 33.911243
36.297501 33.901535
36.305206 33.897110
36.316048 33.890881
36.328007 33.879597
36.348923 33.871632
36.368019 33.868320
36.390026 33.852577
36.396519 33.843796
36.397217 33.839569
36.393623 33.832256
36.383949 33.821934
36.379124 33.819271
36.377209 33.818211
36.367058 33.817619
36.361656 33.818748
36.329178 33.827572
36.317833 33.833366
36.312572 33.834381
36.297062 33.833759
36.285877 33.842651
36.272514 33.847126
36.257477 33.848465
36.246178 33.834187
36.238220 33.829967
36.207104 33.827560
36.191631 33.829563
36.185616 33.832386
36.181755 33.836300
36.176514 33.847744
36.174255 33.849289
36.164814 33.848007
36.150326 33.837742
36.147675 33.835861
36.124596 33.824581
36.102459 33.817451
36.088184 33.816952
36.080025 33.814671
36.046062 33.769367
36.038338 33.766632
36.036541 33.766724
36.026501 33.767227
36.021156 33.763409
36.017502 33.751614
36.006477 33.738579
35.999325 33.725079
35.988041 33.715363
35.979939 33.705048
35.978497 33.675880
35.972458 33.669060
35.967682 33.665527
35.947010 33.650227
35.945080 33.643639
35.947163 33.636242
35.949852 33.634140
35.975410 33.633026
35.987896 33.629478
36.004906 33.618946
36.042351 33.604729
36.043312 33.604149
36.059620 33.594311
36.065487 33.587936
36.069206 33.573360
36.067799 33.567245
36.063278 33.560131
36.056141 33.553398
36.045166 33.546791
36.025616 33.538689
36.010162 33.534592
35.968765 33.528389
35.955940 33.523670
35.952633 33.520824
35.952442 33.515316
35.960880 33.502941
35.964104 33.494320
35.961575 33.482212
35.948952 33.465916
35.948029 33.465206
35.907566 33.434055
35.852505 33.408455
35.837296 33.399185
35.828747 33.387699
35.824066 33.362221
35.820976 33.354336
35.815105 33.347630
35.813660 33.346668
35.803829 33.340141
35.796505 33.334923
35.776440 33.327908
35.761227 33.325733
35.736141 33.327499
35.729942 33.325478
35.721607 33.319149
35.706753 33.299206
35.696457 33.290867
35.681015 33.283108
35.665848 33.275482
35.636848 33.264038
35.632164 33.258846
35.628414 33.250935
35.628414 33.250935
35.624722 33.247952
35.620853 33.248978
35.597202 33.277359
35.590160 33.282181
35.587795 33.280045
35.578209 33.262314
35.568840 33.251926
35.563015 33.247845
35.554466 33.231522
35.553997 33.223713
35.556221 33.215321
35.557613 33.210068
35.558430 33.197941
35.553474 33.186779
35.547073 33.177402
35.540802 33.153126
35.538784 33.131283
35.533783 33.121262
35.514736 33.114460
35.512470 33.110260
35.511829 33.104164
35.511139 33.097607
35.508793 33.095238
35.491867 33.089874
35.474258 33.093430
35.469917 33.093060
35.461700 33.087978
35.456783 33.082314
35.439709 33.068455
35.432503 33.065239
35.405067 33.063412
35.379631 33.053856
35.373844 33.055267
35.358776 33.062786
35.349358 33.071869
35.332542 33.098820
35.320721 33.101154
35.312729 33.102734
35.274235 33.098209
35.237213 33.097164
35.225647 33.094013
35.219906 33.088768
35.216423 33.087502
35.181007 33.092682
35.175755 33.092308
35.149498 33.090427
35.115459 33.090179
35.115459 33.090179
35.114269 33.098171
35.114822 33.101418
35.116192 33.109474
35.118904 33.115528
35.124462 33.118923
35.135010 33.120411
35.144257 33.126446
35.150166 33.128242
35.159924 33.140945
35.174850 33.165745
35.180653 33.169834
35.190361 33.171978
35.197247 33.176327
35.202572 33.184986
35.204601 33.191559
35.207081 33.199585
35.211372 33.207062
35.217793 33.233654
35.219261 33.249302
35.218246 33.259594
35.215523 33.265476
35.201664 33.270313
35.198826 33.272747
35.201916 33.276745
35.211155 33.277496
35.220116 33.284435
35.224686 33.294907
35.229256 33.305374
35.248772 33.332375
35.271492 33.413464
35.273941 33.422195
35.286308 33.451035
35.292908 33.456284
35.299839 33.466366
35.308979 33.469860
35.326843 33.480045
35.332870 33.485966
35.346523 33.504971
35.355415 33.512630
35.358120 33.514961
35.370987 33.539677
35.378117 33.570641
35.384781 33.574741
35.389359 33.582684
35.393509 33.594280
35.396576 33.611813
35.400864 33.614006
35.402660 33.616814
35.404980 33.627991
35.406734 33.636444
35.406586 33.652504
35.419777 33.657944
35.423721 33.661736
35.422787 33.689705
35.425247 33.696205
35.429703 33.700924
35.441845 33.705418
35.447369 33.710857
35.452656 33.728226
35.451958 33.735329
35.451687 33.738064
35.453201 33.747520
35.473179 33.774269
35.485165 33.795731
35.490089 33.808956
35.492405 33.825550
35.490791 33.837666
35.493206 33.853359
35.494019 33.858643
35.491207 33.866596
35.491150 33.874397
35.487938 33.878895
35.476620 33.886597
35.473324 33.892929
35.473904 33.898682
35.477303 33.902683
35.482735 33.904221
35.517067 33.904755
35.525684 33.902477
35.540070 33.906792
35.555740 33.900124
35.557308 33.900230
35.561497 33.900517
35.579868 33.908154
35.587517 33.915943
35.592297 33.926632
35.599171 33.953220
35.605396 33.962345
35.606213 33.969254
35.614483 33.975452
35.619518 33.986839
35.637379 33.987335
35.640057 33.989437
35.644047 33.992569
35.646606 33.997231
35.648506 34.004627
35.646606 34.010773
35.633614 34.018906
35.631317 34.028023
35.633526 34.034512
35.633541 34.040936
35.638760 34.047966
35.642380 34.060463
35.648594 34.063389
35.649632 34.071678
35.657974 34.090042
35.659187 34.101429
35.659370 34.103161
35.656723 34.114105
35.650379 34.121048
35.646938 34.131050
35.646336 34.139069
35.638596 34.146427
35.636650 34.153488
35.640259 34.166443
35.639084 34.174904
35.641666 34.185993
35.640263 34.193298
35.644440 34.205807
35.654816 34.215275
35.655777 34.217865
35.665760 34.244724
35.666096 34.250015
35.659439 34.257637
35.665359 34.268127
35.661396 34.277431
35.664379 34.285545
35.675068 34.294331
35.677731 34.303585
35.679806 34.306854
35.685261 34.308609
35.685848 34.314594
35.689259 34.319050
35.695045 34.319435
35.699001 34.317249
35.702305 34.317226
35.705906 34.317204
35.714413 34.311695
35.720181 34.312542
35.722866 34.314449
35.728027 34.323540
35.729099 34.331371
35.735062 34.341171
35.733124 34.348236
35.735050 34.355404
35.732834 34.362461
35.733803 34.365929
35.741085 34.370487
35.746471 34.380959
35.752155 34.384094
35.770878 34.385967
35.783905 34.390667
35.789417 34.392654
35.801899 34.398720
35.815613 34.408722
35.823269 34.410984
35.827278 34.414532
35.829250 34.420780
35.816284 34.455563
35.818916 34.459076
35.829250 34.456589
35.834332 34.461082
35.842197 34.458073
35.857262 34.462269
35.879433 34.468441
35.906078 34.473709
35.923748 34.482185
35.931282 34.487885
35.938122 34.497467
35.945133 34.502460
35.957874 34.517239
35.963669 34.517841
35.970951 34.523071
35.981159 34.524014
35.981564 34.524315
35.986549 34.528049
35.994171 34.539253
35.997398 34.549431
35.998196 34.565517
35.997341 34.581333
35.990009 34.614895
35.980309 34.644958
35.980309 34.644958
35.992416 34.655125
35.997589 34.650200
36.013660 34.650593
36.020107 34.648685
36.036652 34.636002
36.054668 34.636204
36.065132 34.638290
36.076786 34.638111
36.084641 34.635544
36.091209 34.637993
36.095413 34.636715
36.100937 34.637306
36.106918 34.640659
36.130554 34.646721
36.136662 34.646637
36.148190 34.642082
36.168865 34.637512
36.177750 34.637257
36.197208 34.643898
36.207355 34.643990
