> oman 0
         56.139935         17.620201
         56.142609         17.619137
         56.142582         17.617075
         56.141472         17.614510
         56.139305         17.613506
         56.137184         17.615595
         56.137749         17.617651
         56.139935         17.620201
> oman 1
         56.050327         17.554520
         56.052723         17.552687
         56.055351         17.548273
         56.056519         17.534855
         56.058826         17.526577
         56.061695         17.520100
         56.067577         17.517965
         56.076679         17.515278
         56.081490         17.513159
         56.085808         17.514652
         56.088493         17.514620
         56.092518         17.514055
         56.093838         17.512236
         56.094345         17.510166
         56.091610         17.506592
         56.089958         17.503517
         56.084827         17.501776
         56.080235         17.500027
         56.075108         17.498283
         56.068886         17.495007
         56.064796         17.490675
         56.059143         17.489969
         56.056427         17.487680
         56.050198         17.483889
         56.045364         17.484203
         56.043201         17.483198
         56.038101         17.483517
         56.034054         17.482018
         56.030846         17.483345
         56.027092         17.483904
         56.022766         17.481894
         56.017643         17.480406
         56.014145         17.479933
         56.012550         17.481239
         56.009895         17.483849
         56.006130         17.483377
         56.000214         17.482929
         55.994343         17.486092
         55.987377         17.487719
         55.983624         17.488277
         55.979347         17.489874
         55.975578         17.489401
         55.971317         17.492285
         55.967056         17.495428
         55.963600         17.498302
         55.963661         17.502943
         55.963154         17.505526
         55.962116         17.508373
         55.963249         17.512743
         55.965973         17.515804
         55.970303         17.518076
         55.977329         17.521088
         55.984612         17.523325
         55.990021         17.525841
         55.993294         17.529669
         56.000828         17.530355
         56.005116         17.529531
         56.009434         17.530771
         56.014568         17.533030
         56.018620         17.534529
         56.023743         17.535759
         56.028339         17.538025
         56.035908         17.541286
         56.043262         17.548676
         56.045197         17.552776
         56.050327         17.554520
> oman 2
         56.332439         17.510977
         56.339931         17.508812
         56.345840         17.508732
         56.349525         17.503527
         56.351620         17.499889
         56.348877         17.496317
         56.346699         17.494284
         56.343475         17.494328
         56.341347         17.495905
         56.338139         17.496979
         56.334946         17.499084
         56.332268         17.499636
         56.327995         17.501240
         56.329155         17.506897
         56.332439         17.510977
> oman 3
         55.880299         17.497686
         55.882656         17.492506
         55.883148         17.488892
         55.879345         17.485323
         55.878220         17.481211
         55.877659         17.479414
         55.876850         17.479164
         55.869595         17.478985
         55.867142         17.476177
         55.864727         17.476202
         55.861275         17.479591
         55.857002         17.481699
         55.855164         17.485329
         55.853584         17.488180
         55.847675         17.488245
         55.843075         17.485458
         55.836113         17.487337
         55.832111         17.489700
         55.828938         17.493858
         55.832466         17.496914
         55.837898         17.501753
         55.841713         17.506353
         55.846050         17.509399
         55.851425         17.509600
         55.858910         17.506168
         55.866631         17.500414
         55.873848         17.497499
         55.876259         17.496700
         55.880299         17.497686
> oman 4
         55.597534         17.483959
         55.600700         17.484146
         55.605118         17.485189
         55.608959         17.485153
         55.610371         17.479937
         55.606480         17.475313
         55.603069         17.473177
         55.603046         17.471008
         55.603691         17.467859
         55.600056         17.465942
         55.596428         17.464458
         55.594635         17.465776
         55.595341         17.468805
         55.597210         17.474640
         55.595680         17.479424
         55.597534         17.483959
> oman 5
         58.737984         23.522362
         58.731689         23.519262
         58.728203         23.520985
         58.728382         23.526693
         58.731060         23.527439
         58.740742         23.525553
         58.737984         23.522362
> oman 6
         58.741570         20.840063
         58.741131         20.820993
         58.735886         20.816042
         58.723320         20.811239
         58.721447         20.814726
         58.733459         20.837929
         58.741570         20.840063
> oman 7
         58.725494         20.758337
         58.730659         20.769255
         58.728767         20.782396
         58.725941         20.787050
         58.727295         20.792770
         58.731812         20.797483
         58.732933         20.806278
         58.737122         20.803759
         58.736820         20.792807
         58.734512         20.788027
         58.738068         20.783358
         58.739227         20.748852
         58.734001         20.744591
         58.726669         20.743059
         58.711926         20.739979
         58.705250         20.736206
         58.688278         20.719765
         58.682396         20.718733
         58.680138         20.726824
         58.681477         20.732084
         58.695919         20.755243
         58.699635         20.757696
         58.704208         20.754847
         58.709110         20.755667
         58.711353         20.757690
         58.715515         20.768871
         58.713619         20.771439
         58.716194         20.774178
         58.722996         20.775616
         58.725494         20.758337
> oman 8
         58.696087         20.698231
         58.696045         20.707195
         58.698845         20.712198
         58.703800         20.715546
         58.705627         20.709991
         58.703773         20.703592
         58.701488         20.699732
         58.696087         20.698231
> oman 9
         58.628704         20.206718
         58.633224         20.210730
         58.633224         20.210730
         58.625237         20.223534
         58.624046         20.229197
         58.625530         20.247667
         58.622223         20.252100
         58.623344         20.258745
         58.621078         20.266376
         58.627388         20.276598
         58.627224         20.280050
         58.624172         20.285168
         58.628166         20.289686
         58.634251         20.311407
         58.630901         20.314003
         58.629547         20.318857
         58.630905         20.325268
         58.628391         20.332674
         58.631306         20.343191
         58.635998         20.346088
         58.648262         20.361017
         58.647091         20.363110
         58.648884         20.366983
         58.660278         20.375723
         58.672195         20.385601
         58.679882         20.391655
         58.681633         20.404493
         58.684902         20.409025
         58.697277         20.417744
         58.701160         20.427780
         58.703892         20.430025
         58.707561         20.430641
         58.719055         20.421902
         58.722923         20.420675
         58.728809         20.422394
         58.740681         20.419395
         58.750240         20.421959
         58.753246         20.425575
         58.755508         20.428518
         58.763115         20.430891
         58.770622         20.439474
         58.773907         20.455040
         58.781712         20.465914
         58.777828         20.477030
         58.777130         20.488998
         58.780849         20.491680
         58.783653         20.507484
         58.782829         20.513939
         58.785446         20.521702
         58.802948         20.550768
         58.811428         20.558868
         58.816753         20.578068
         58.820457         20.580059
         58.829853         20.590822
         58.840759         20.603315
         58.860519         20.613707
         58.863621         20.620998
         58.861404         20.630470
         58.862236         20.634590
         58.869198         20.650307
         58.869377         20.657888
         58.873287         20.668381
         58.872051         20.688177
         58.882191         20.694735
         58.884445         20.696192
         58.893948         20.695532
         58.908466         20.690395
         58.912472         20.684565
         58.914127         20.672115
         58.911621         20.669409
         58.905045         20.649549
         58.899437         20.619324
         58.903461         20.593950
         58.910095         20.585762
         58.932964         20.573320
         58.930424         20.559120
         58.934849         20.550520
         58.932484         20.543444
         58.934883         20.541782
         58.943878         20.523258
         58.945606         20.521551
         58.955772         20.518574
         58.958618         20.515295
         58.958782         20.512074
         58.947800         20.501503
         58.943974         20.494459
         58.934090         20.488924
         58.919086         20.483267
         58.904072         20.477150
         58.900017         20.470568
         58.871475         20.459217
         58.855648         20.449434
         58.840755         20.437792
         58.839211         20.434376
         58.840088         20.430220
         58.822998         20.418390
         58.815075         20.402462
         58.818050         20.394354
         58.811840         20.378851
         58.794292         20.357372
         58.797421         20.355698
         58.796005         20.347221
         58.796829         20.340767
         58.793461         20.332100
         58.793243         20.322680
         58.783154         20.307713
         58.775433         20.300055
         58.772366         20.293911
         58.777565         20.287136
         58.776459         20.281412
         58.780731         20.276726
         58.778965         20.274004
         58.767643         20.268488
         58.763809         20.260521
         58.756500         20.260210
         58.749779         20.253679
         58.736748         20.247969
         58.733372         20.238611
         58.727428         20.234133
         58.718925         20.213385
         58.711784         20.209620
         58.703102         20.202209
         58.701378         20.201574
         58.667534         20.189127
         58.664558         20.186659
         58.662136         20.176361
         58.653622         20.165495
         58.650696         20.165092
         58.642990         20.168465
         58.636326         20.164228
         58.633213         20.166359
         58.626095         20.185352
         58.629951         20.194702
         58.628704         20.206718
> oman 10
         58.173382         20.561287
         58.168785         20.563206
         58.163044         20.568821
         58.159519         20.575777
         58.171318         20.580633
         58.171909         20.573267
         58.175892         20.564922
         58.173382         20.561287
> oman 11
         58.261276         20.543873
         58.256252         20.541988
         58.252777         20.544746
         58.256058         20.560715
         58.259773         20.566643
         58.263321         20.566557
         58.266083         20.563816
         58.261276         20.543873
> oman 12
         58.751179         20.483231
         58.749496         20.463816
         58.753300         20.459599
         58.753723         20.456833
         58.750954         20.452980
         58.740589         20.447214
         58.737659         20.447044
         58.738934         20.460121
         58.751179         20.483231
> oman 13
         57.785774         23.774601
         57.789772         23.775459
         57.795792         23.763906
         57.784584         23.751966
         57.789375         23.750597
         57.794910         23.745369
         57.797535         23.745983
         57.795326         23.751303
         57.797909         23.756767
         57.803799         23.752094
         57.805969         23.748165
         57.805969         23.748165
         57.811146         23.745337
         57.821667         23.735094
         57.828842         23.732695
         57.848759         23.719326
         57.859898         23.716179
         57.867020         23.711027
         57.869270         23.711681
         57.887329         23.705904
         57.897266         23.705065
         57.953480         23.704430
         57.971691         23.707355
         58.013775         23.709446
         58.031483         23.711685
         58.076500         23.710960
         58.082989         23.712002
         58.092613         23.707947
         58.114216         23.705759
         58.127838         23.702784
         58.161179         23.690306
         58.169548         23.685810
         58.183880         23.680983
         58.201580         23.670593
         58.203030         23.668505
         58.207722         23.666821
         58.226822         23.651819
         58.236359         23.643858
         58.242516         23.640772
         58.243675         23.636623
         58.251808         23.633043
         58.261112         23.626003
         58.295376         23.611420
         58.296791         23.607725
         58.343937         23.603228
         58.346123         23.605579
         58.385670         23.603220
         58.401676         23.603531
         58.447906         23.611217
         58.475914         23.624008
         58.481060         23.631941
         58.485882         23.636438
         58.488750         23.642578
         58.492252         23.643431
         58.502708         23.643925
         58.508121         23.641300
         58.515133         23.632225
         58.521019         23.628447
         58.526970         23.627647
         58.532990         23.630056
         58.538967         23.630404
         58.543633         23.627794
         58.550846         23.627888
         58.564133         23.632683
         58.566086         23.631041
         58.566982         23.626665
         58.563633         23.621454
         58.564808         23.618448
         58.567520         23.617252
         58.570053         23.619497
         58.573643         23.618765
         58.576244         23.618233
         58.579266         23.620010
         58.583942         23.617857
         58.588924         23.618221
         58.594559         23.614445
         58.598274         23.613914
         58.605965         23.602070
         58.599129         23.596697
         58.607635         23.588047
         58.608051         23.584370
         58.606472         23.580502
         58.607883         23.577034
         58.611813         23.574894
         58.616840         23.566311
         58.632103         23.559824
         58.640343         23.561501
         58.643761         23.558681
         58.646854         23.552658
         58.646530         23.549454
         58.650047         23.546520
         58.653404         23.545650
         58.659798         23.553555
         58.668701         23.540764
         58.669758         23.535038
         58.681194         23.532951
         58.687347         23.530308
         58.692310         23.529982
         58.699566         23.532131
         58.703262         23.530682
         58.706062         23.518639
         58.711205         23.530296
         58.721870         23.529398
         58.725739         23.524734
         58.725372         23.515347
         58.723503         23.512131
         58.733887         23.504515
         58.730629         23.513577
         58.731613         23.516815
         58.742115         23.513168
         58.744984         23.519730
         58.753418         23.518219
         58.755230         23.510843
         58.762352         23.507259
         58.756538         23.503017
         58.774033         23.486380
         58.779751         23.475943
         58.779083         23.468843
         58.783295         23.447426
         58.783176         23.445248
         58.782425         23.431614
         58.786560         23.417536
         58.795795         23.409092
         58.800938         23.395681
         58.812122         23.386362
         58.813354         23.385334
         58.825378         23.379354
         58.836353         23.371099
         58.845440         23.367014
         58.849972         23.359350
         58.858250         23.352757
         58.880287         23.340141
         58.885075         23.332930
         58.892612         23.326578
         58.900505         23.324579
         58.913513         23.317221
         58.911877         23.310114
         58.917572         23.301966
         58.916634         23.283859
         58.916634         23.283859
         58.917007         23.279034
         58.917007         23.279034
         58.918373         23.273956
         58.921055         23.272064
         58.921982         23.269293
         58.923199         23.258253
         58.934525         23.244707
         58.957706         23.229303
         58.963848         23.226877
         58.974487         23.215868
         58.984993         23.209448
         58.988167         23.207544
         58.990913         23.198307
         58.993832         23.195950
         58.994061         23.185389
         58.992683         23.179911
         58.990894         23.167788
         58.993809         23.155561
         59.014214         23.119095
         59.022076         23.106533
         59.052258         23.084766
         59.053658         23.081293
         59.063972         23.048479
         59.092232         23.020090
         59.113899         23.005383
         59.125488         22.993881
         59.140175         22.987129
         59.144840         22.985647
         59.155270         22.977154
         59.166058         22.973009
         59.179115         22.970423
         59.187119         22.964045
         59.194370         22.957226
         59.196671         22.950518
         59.208553         22.931656
         59.216358         22.908525
         59.223469         22.896656
         59.222603         22.882673
         59.223961         22.877821
         59.232437         22.870743
         59.235462         22.863556
         59.237564         22.849504
         59.247643         22.837202
         59.259605         22.820730
         59.264099         22.814693
         59.270470         22.793884
         59.280743         22.780333
         59.283401         22.768793
         59.290752         22.757145
         59.309536         22.747526
         59.318012         22.750084
         59.322868         22.746758
         59.333927         22.745682
         59.339054         22.741789
         59.346077         22.718206
         59.353718         22.708155
         59.361275         22.702747
         59.375916         22.697300
         59.378284         22.693571
         59.380627         22.679739
         59.384197         22.674833
         59.392628         22.666826
         59.398987         22.664381
         59.408176         22.657045
         59.425270         22.649521
         59.443928         22.627260
         59.467548         22.606028
         59.478771         22.600935
         59.482590         22.596251
         59.486744         22.594542
         59.492374         22.592798
         59.524910         22.572720
         59.531479         22.563314
         59.526913         22.557592
         59.520031         22.557451
         59.518669         22.564083
         59.520378         22.567013
         59.518856         22.569296
         59.512527         22.562916
         59.505962         22.549067
         59.513699         22.543139
         59.518745         22.546919
         59.527145         22.546944
         59.529182         22.549191
         59.536686         22.552452
         59.537830         22.557936
         59.540287         22.566143
         59.543545         22.567900
         59.570053         22.561968
         59.596699         22.560848
         59.615856         22.557158
         59.646214         22.556398
         59.668766         22.550550
         59.688274         22.542021
         59.723095         22.533558
         59.727806         22.529451
         59.724201         22.521858
         59.724796         22.515739
         59.723484         22.513338
         59.713097         22.504416
         59.712494         22.500757
         59.714134         22.497728
         59.719753         22.495749
         59.727470         22.489580
         59.732590         22.487383
         59.737843         22.481277
         59.743740         22.480438
         59.752174         22.481829
         59.761688         22.486177
         59.763264         22.489353
         59.759434         22.493355
         59.748104         22.494335
         59.743309         22.499052
         59.739082         22.509836
         59.730515         22.518881
         59.730747         22.525095
         59.734497         22.526606
         59.736107         22.530928
         59.752571         22.528210
         59.754395         22.523111
         59.757786         22.520958
         59.762455         22.514669
         59.773678         22.514309
         59.779373         22.516361
         59.781116         22.520033
         59.779625         22.523064
         59.771637         22.524067
         59.765141         22.522038
         59.759083         22.523653
         59.760948         22.527536
         59.763725         22.529531
         59.781853         22.532969
         59.790512         22.533434
         59.794651         22.531488
         59.795780         22.526339
         59.802032         22.497766
         59.813068         22.487144
         59.824505         22.465258
         59.835987         22.428671
         59.836578         22.423832
         59.828487         22.410885
         59.817650         22.393547
         59.818195         22.370794
         59.823677         22.364450
         59.824306         22.360758
         59.817806         22.349672
         59.815571         22.341003
         59.816593         22.334085
         59.822170         22.322683
         59.821384         22.313057
         59.825386         22.298483
         59.823799         22.292883
         59.807449         22.235090
         59.807766         22.229340
         59.805862         22.223415
         59.783848         22.204231
         59.772011         22.195808
         59.769588         22.188978
         59.770191         22.184370
         59.769932         22.183640
         59.766697         22.174582
         59.763943         22.173044
         59.756001         22.162910
         59.741428         22.153408
         59.733616         22.139135
         59.713905         22.113909
         59.709618         22.102072
         59.693249         22.089853
         59.690014         22.085421
         59.673496         22.062786
         59.672691         22.038961
         59.673996         22.037731
         59.672020         22.020550
         59.660347         22.000168
         59.657078         21.989222
         59.649570         21.976545
         59.647022         21.969854
         59.645844         21.966759
         59.644169         21.959909
         59.649132         21.952890
         59.650200         21.947350
         59.643875         21.932804
         59.632992         21.922279
         59.620724         21.914774
         59.604847         21.901615
         59.594707         21.891069
         59.580723         21.870991
         59.571114         21.857189
         59.568954         21.850349
         59.574013         21.838047
         59.572437         21.834639
         59.533062         21.798388
         59.509254         21.772419
         59.496807         21.758833
         59.485966         21.740253
         59.482265         21.730923
         59.480583         21.723381
         59.484825         21.708113
         59.484146         21.701464
         59.475025         21.682613
         59.464596         21.669767
         59.457100         21.656160
         59.456448         21.650433
         59.457874         21.639826
         59.454956         21.632084
         59.441891         21.612406
         59.422848         21.589424
         59.414146         21.567572
         59.408482         21.557825
         59.396519         21.540331
         59.395954         21.539509
         59.383331         21.526482
         59.378410         21.516945
         59.379448         21.510027
         59.375603         21.503914
         59.356876         21.482754
         59.346928         21.468510
         59.340866         21.453026
         59.342461         21.448391
         59.349682         21.443396
         59.350315         21.439703
         59.347610         21.435284
         59.345188         21.431320
         59.335903         21.423494
         59.320473         21.414894
         59.299122         21.405052
         59.274151         21.397129
         59.263187         21.390488
         59.249805         21.385052
         59.245876         21.384682
         59.245876         21.384682
         59.227070         21.377991
         59.221909         21.377419
         59.221909         21.377419
         59.197128         21.367184
         59.180687         21.356985
         59.119926         21.312382
         59.102016         21.299225
         59.045940         21.261162
         59.015366         21.233072
         59.007092         21.225466
         58.988693         21.204260
         58.976723         21.185442
         58.965874         21.172346
         58.953621         21.161806
         58.928974         21.144634
         58.924923         21.140999
         58.913212         21.130489
         58.890232         21.100864
         58.850868         21.061008
         58.838852         21.044291
         58.834431         21.038136
         58.817867         21.009977
         58.799732         20.987366
         58.797611         20.969940
         58.801682         20.955835
         58.807003         20.953426
         58.803730         20.949356
         58.798531         20.936132
         58.797428         20.934978
         58.759956         20.895777
         58.748230         20.874638
         58.739376         20.850912
         58.729191         20.843533
         58.721611         20.843225
         58.717373         20.839478
         58.708649         20.831764
         58.684315         20.814322
         58.682304         20.811834
         58.685238         20.801201
         58.675652         20.798403
         58.672905         20.795700
         58.664719         20.780651
         58.666328         20.776539
         58.671566         20.778028
         58.678341         20.776972
         58.678261         20.773296
         58.672302         20.769047
         58.670914         20.761488
         58.672726         20.755245
         58.671852         20.754227
         58.665955         20.747335
         58.660904         20.729046
         58.661736         20.722593
         58.670296         20.723343
         58.673000         20.713404
         58.683216         20.711821
         58.661636         20.696390
         58.643604         20.686861
         58.628006         20.674677
         58.612316         20.662420
         58.584995         20.629391
         58.581375         20.620037
         58.582104         20.608759
         58.580807         20.594301
         58.574402         20.589956
         58.570938         20.581711
         58.570580         20.569593
         58.569859         20.568686
         58.560551         20.556971
         58.560394         20.551670
         58.557804         20.545675
         58.550323         20.537531
         58.541904         20.524866
         58.538380         20.514347
         58.533806         20.495520
         58.536736         20.478477
         58.529915         20.462639
         58.529015         20.453131
         58.527073         20.432577
         58.522728         20.423235
         58.516666         20.413235
         58.509525         20.409693
         58.501759         20.399725
         58.490257         20.397184
         58.480377         20.390705
         58.475483         20.389648
         58.472996         20.387167
         58.471870         20.380060
         58.463741         20.375845
         58.457165         20.364244
         58.453388         20.361776
         58.448277         20.358433
         58.442497         20.350035
         58.433460         20.348595
         58.402569         20.350317
         58.398548         20.355909
         58.387745         20.363464
         58.383636         20.362125
         58.375919         20.363945
         58.356304         20.372570
         58.353207         20.377428
         58.336731         20.378057
         58.318897         20.378738
         58.302380         20.373276
         58.291771         20.367775
         58.280682         20.364990
         58.272968         20.367010
         58.269798         20.369530
         58.271126         20.370718
         58.287811         20.371706
         58.299110         20.375534
         58.300453         20.377333
         58.295956         20.378664
         58.277699         20.374222
         58.271328         20.375330
         58.265453         20.376350
         58.255894         20.382078
         58.252659         20.382156
         58.252560         20.380383
         58.260788         20.371578
         58.260719         20.369139
         58.252953         20.369326
         58.244007         20.383375
         58.236382         20.386675
         58.210976         20.391294
         58.204666         20.394119
         58.197781         20.401638
         58.193726         20.409090
         58.194412         20.419197
         58.194904         20.426447
         58.204308         20.440399
         58.217724         20.460297
         58.226177         20.456470
         58.225445         20.468897
         58.231827         20.483498
         58.231922         20.488323
         58.234467         20.493797
         58.238918         20.497168
         58.239296         20.503826
         58.242954         20.516176
         58.245152         20.516367
         58.245056         20.520542
         58.244938         20.525839
         58.247711         20.532490
         58.250954         20.532412
         58.251568         20.531176
         58.250683         20.522648
         58.248367         20.516621
         58.254673         20.517120
         58.264015         20.540455
         58.274361         20.554924
         58.276932         20.570908
         58.273029         20.569668
         58.265583         20.575315
         58.263927         20.577873
         58.266003         20.584044
         58.265343         20.587734
         58.261471         20.589180
         58.237099         20.602251
         58.226143         20.603132
         58.219391         20.607159
         58.210869         20.607765
         58.200340         20.605650
         58.194839         20.611261
         58.191200         20.612244
         58.180134         20.607607
         58.174030         20.607250
         58.164673         20.602583
         58.156178         20.592155
         58.152477         20.589918
         58.143993         20.587730
         58.138264         20.586252
         58.134277         20.581953
         58.128933         20.582962
         58.126148         20.577492
         58.113903         20.574711
         58.109173         20.569733
         58.096931         20.566948
         58.087097         20.562746
         58.077221         20.556013
         58.073952         20.550779
         58.070999         20.536346
         58.075218         20.527311
         58.071384         20.517950
         58.071270         20.511747
         58.068546         20.507532
         58.065247         20.502420
         58.064655         20.496914
         58.065434         20.486326
         58.063301         20.476707
         58.063324         20.464754
         58.064728         20.461742
         58.061504         20.458576
         58.056347         20.456593
         58.045692         20.446884
         57.994743         20.432081
         57.984146         20.425356
         57.979504         20.424511
         57.950573         20.400606
         57.944309         20.390821
         57.938457         20.376890
         57.940693         20.365822
         57.946304         20.352629
         57.953712         20.344925
         57.961716         20.343189
         57.962727         20.345242
         57.965412         20.345659
         57.969513         20.343523
         57.971149         20.339819
         57.962894         20.327538
         57.957520         20.312912
         57.953796         20.308832
         57.911518         20.287468
         57.904953         20.286156
         57.882641         20.270658
         57.865433         20.258701
         57.856609         20.249205
         57.849705         20.244024
         57.848415         20.239676
         57.849491         20.231613
         57.847191         20.225212
         57.845177         20.221334
         57.828419         20.208717
         57.821232         20.194202
         57.819763         20.186319
         57.816216         20.161018
         57.818203         20.139574
         57.827118         20.132875
         57.831684         20.129818
         57.832478         20.119459
         57.829102         20.092615
         57.823181         20.073395
         57.820282         20.060104
         57.821354         20.051813
         57.819336         20.047476
         57.820755         20.045155
         57.816181         20.033499
         57.809875         20.005548
         57.810284         20.000000
         57.810905         19.991508
         57.811058         19.989439
         57.809483         19.982565
         57.802055         19.974173
         57.794025         19.959120
         57.789234         19.948618
         57.785732         19.928209
         57.769478         19.900177
         57.767345         19.888714
         57.770889         19.882914
         57.768353         19.876284
         57.753990         19.844772
         57.753647         19.838800
         57.740261         19.821756
         57.738201         19.814661
         57.739559         19.808664
         57.733311         19.797722
         57.702190         19.764153
         57.693779         19.754160
         57.690357         19.752600
         57.689804         19.748240
         57.684612         19.742338
         57.684826         19.740496
         57.681873         19.737780
         57.681015         19.729746
         57.675892         19.712807
         57.676136         19.698092
         57.679684         19.677349
         57.684433         19.671305
         57.687641         19.674706
         57.691986         19.673492
         57.699886         19.667400
         57.704739         19.667561
         57.706398         19.665237
         57.712132         19.660095
         57.716240         19.659346
         57.721840         19.660873
         57.722511         19.657415
         57.721050         19.642263
         57.712479         19.622158
         57.714264         19.608253
         57.714844         19.603733
         57.713776         19.601093
         57.712067         19.596876
         57.712227         19.591816
         57.707211         19.581545
         57.699265         19.554762
         57.696575         19.538250
         57.696663         19.528824
         57.700085         19.515669
         57.703861         19.509638
         57.710327         19.505175
         57.713367         19.498693
         57.718861         19.494015
         57.718346         19.492184
         57.721176         19.487543
         57.727158         19.468374
         57.732182         19.464622
         57.741364         19.448854
         57.745922         19.446259
         57.747974         19.438641
         57.747158         19.433136
         57.755669         19.421055
         57.760773         19.393568
         57.761814         19.383032
         57.758522         19.359631
         57.744915         19.326960
         57.740200         19.304960
         57.741299         19.298277
         57.739700         19.289564
         57.740868         19.272306
         57.740726         19.270611
         57.739964         19.261515
         57.741917         19.247921
         57.745247         19.229940
         57.751667         19.223410
         57.754452         19.201757
         57.761391         19.183033
         57.765858         19.175381
         57.772758         19.169071
         57.778053         19.167612
         57.788956         19.169287
         57.792809         19.168539
         57.801586         19.158751
         57.802139         19.151443
         57.802177         19.150925
         57.796165         19.123890
         57.794430         19.092422
         57.797447         19.070766
         57.800529         19.067272
         57.811085         19.063204
         57.813103         19.053978
         57.813957         19.033953
         57.820946         19.017996
         57.829952         19.008204
         57.837643         19.006016
         57.844944         19.008219
         57.843369         19.003416
         57.829685         18.992575
         57.824596         18.991274
         57.816475         18.982203
         57.810459         18.983213
         57.807384         18.972687
         57.794300         18.969896
         57.780895         18.970098
         57.776203         18.970171
         57.759754         18.968119
         57.740883         18.965410
         57.735531         18.962961
         57.724979         18.952312
         57.713802         18.947651
         57.706963         18.942694
         57.694649         18.942184
         57.690060         18.942020
         57.683739         18.939125
         57.630188         18.940584
         57.625580         18.939270
         57.562759         18.940063
         57.545895         18.940271
         57.538094         18.940201
         57.534634         18.940250
         57.480091         18.941046
         57.471130         18.938866
         57.434441         18.938431
         57.404720         18.935829
         57.402569         18.937008
         57.398438         18.935221
         57.349731         18.930576
         57.338676         18.929092
         57.295963         18.923641
         57.264751         18.917356
         57.231804         18.907410
         57.222622         18.906370
         57.219452         18.903650
         57.202538         18.901781
         57.158306         18.889236
         57.118542         18.879536
         57.081291         18.871218
         57.050549         18.862362
         57.046452         18.862637
         57.046452         18.862637
         57.041142         18.862465
         57.036800         18.862282
         57.032665         18.859339
         57.032665         18.859339
         56.990734         18.841860
         56.936691         18.818977
         56.936691         18.818977
         56.932396         18.817211
         56.932396         18.817211
         56.901112         18.806929
         56.877426         18.797316
         56.872299         18.796185
         56.839321         18.778580
         56.819595         18.762911
         56.819595         18.762911
         56.816711         18.760639
         56.816711         18.760639
         56.809658         18.754730
         56.798748         18.748629
         56.777332         18.729065
         56.756607         18.705355
         56.753456         18.703545
         56.741772         18.692160
         56.739780         18.685972
         56.705204         18.648159
         56.693295         18.638355
         56.690548         18.629812
         56.664032         18.601151
         56.643627         18.582481
         56.646706         18.577168
         56.637821         18.554260
         56.628036         18.538027
         56.627163         18.521715
         56.633213         18.449268
         56.630226         18.438951
         56.619129         18.415579
         56.613281         18.405191
         56.613186         18.399620
         56.610619         18.392008
         56.606617         18.357336
         56.608597         18.337786
         56.604649         18.327017
         56.598576         18.293976
         56.589817         18.282330
         56.588055         18.273840
         56.579754         18.259432
         56.565620         18.237717
         56.563686         18.236584
         56.558308         18.226055
         56.549381         18.194876
         56.547844         18.184317
         56.544670         18.178598
         56.543846         18.166655
         56.548523         18.152599
         56.551224         18.132586
         56.550446         18.125927
         56.548016         18.122730
         56.527302         18.115314
         56.521500         18.110535
         56.510807         18.095453
         56.505478         18.090210
         56.501144         18.088636
         56.492744         18.088701
         56.467857         18.072052
         56.441818         18.054623
         56.435291         18.048927
         56.428722         18.038176
         56.429802         18.023462
         56.428310         18.017040
         56.421291         18.009508
         56.412853         18.004286
         56.404144         17.995388
         56.393059         17.989035
         56.386341         17.982105
         56.382660         17.978310
         56.372566         17.975626
         56.360752         17.967897
         56.354939         17.960585
         56.351707         17.945673
         56.352859         17.939690
         56.355701         17.935074
         56.354649         17.922905
         56.350067         17.919491
         56.336639         17.919353
         56.331833         17.917778
         56.314819         17.919273
         56.305096         17.922115
         56.279408         17.929619
         56.277027         17.931932
         56.276077         17.933088
         56.253792         17.935072
         56.253792         17.935072
         56.249481         17.935787
         56.249481         17.935787
         56.212811         17.938776
         56.207310         17.940649
         56.201542         17.938616
         56.186684         17.940315
         56.163895         17.939074
         56.156418         17.932842
         56.153770         17.930632
         56.145351         17.926544
         56.139828         17.925657
         56.129772         17.928013
         56.126408         17.926424
         56.111771         17.925129
         56.106712         17.921021
         56.090172         17.921572
         56.060471         17.927017
         56.049675         17.926155
         56.035069         17.929678
         56.029774         17.929789
         56.020443         17.929983
         56.006287         17.928217
         55.999100         17.929401
         55.977276         17.928591
         55.972706         17.925396
         55.966469         17.924967
         55.963337         17.922684
         55.950851         17.919065
         55.946518         17.915411
         55.943638         17.915194
         55.934719         17.906044
         55.923191         17.901503
         55.914879         17.896431
         55.909073         17.898727
         55.903980         17.895386
         55.887432         17.893848
         55.877365         17.894352
         55.847908         17.900221
         55.842388         17.899324
         55.813145         17.900360
         55.809319         17.902443
         55.792873         17.902781
         55.790855         17.901825
         55.731880         17.901579
         55.693741         17.896624
         55.693741         17.896624
         55.688183         17.895844
         55.688183         17.895844
         55.630669         17.888573
         55.603413         17.882811
         55.603413         17.882811
         55.599964         17.881994
         55.599964         17.881994
         55.566864         17.875189
         55.539936         17.867691
         55.529209         17.865858
         55.517754         17.860470
         55.499214         17.851681
         55.478825         17.844370
         55.467308         17.837730
         55.454678         17.832825
         55.441639         17.824911
         55.430611         17.821255
         55.427013         17.818735
         55.420517         17.806108
         55.420742         17.797838
         55.415443         17.782223
         55.418541         17.775097
         55.419014         17.769812
         55.416126         17.762924
         55.408688         17.756044
         55.396942         17.750319
         55.390461         17.744125
         55.383495         17.730581
         55.382038         17.718866
         55.382980         17.710136
         55.387283         17.704386
         55.383862         17.698065
         55.381271         17.689003
         55.376709         17.680279
         55.359222         17.673182
         55.347237         17.664238
         55.330471         17.657366
         55.319931         17.651175
         55.313221         17.642683
         55.305073         17.635571
         55.302193         17.628910
         55.293812         17.624325
         55.285667         17.617441
         55.279949         17.614182
         55.266750         17.606659
         55.261242         17.600231
         55.260273         17.588516
         55.242550         17.566706
         55.233929         17.551090
         55.227455         17.532717
         55.225056         17.517559
         55.225765         17.508600
         55.229588         17.498949
         55.231972         17.493206
         55.231243         17.476896
         55.234104         17.467018
         55.241749         17.455759
         55.253456         17.448170
         55.256088         17.450006
         55.263977         17.448851
         55.272343         17.449993
         55.274731         17.448612
         55.279507         17.440109
         55.290955         17.415293
         55.295727         17.408167
         55.298584         17.399666
         55.304794         17.395985
         55.298096         17.389330
         55.299995         17.381290
         55.294487         17.369581
         55.294483         17.363609
         55.294716         17.359245
         55.288975         17.352591
         55.282997         17.349609
         55.280598         17.338816
         55.280590         17.329859
         55.267677         17.316319
         55.263119         17.297260
         55.261448         17.295424
         55.254997         17.294050
         55.249741         17.289461
         55.246391         17.283262
         55.241840         17.268106
         55.248573         17.259806
         55.253769         17.253399
         55.255196         17.248346
         55.261879         17.243288
         55.263306         17.238464
         55.250637         17.218952
         55.240128         17.212299
         55.235825         17.205643
         55.227943         17.199217
         55.217678         17.195776
         55.215530         17.195089
         55.206211         17.180626
         55.204300         17.172817
         55.196896         17.165472
         55.193550         17.152613
         55.194977         17.142967
         55.192589         17.139753
         55.170876         17.137463
         55.150356         17.131496
         55.143913         17.126446
         55.134129         17.108763
         55.128643         17.103481
         55.124348         17.094296
         55.121723         17.092688
         55.119816         17.088554
         55.101688         17.068115
         55.100498         17.064671
         55.096920         17.061226
         55.091434         17.060535
         55.087620         17.058008
         55.086189         17.049053
         55.083092         17.046297
         55.076412         17.044916
         55.072601         17.038946
         55.061871         17.035038
         55.045902         17.022402
         55.043037         17.022860
         55.036842         17.017345
         55.030884         17.015276
         55.027786         17.008844
         55.023499         17.005627
         55.019440         17.014809
         55.015144         17.018021
         55.003223         17.021687
         55.000000         17.021685
         54.995354         17.021681
         54.991779         17.019154
         54.985355         17.004452
         54.985832         17.001467
         54.978928         16.994114
         54.971775         16.993189
         54.967968         16.988592
         54.962246         16.987669
         54.959625         16.985830
         54.945557         16.990177
         54.945564         16.983061
         54.944138         16.980074
         54.940327         16.977314
         54.930317         16.975466
         54.926498         16.980743
         54.922203         16.982803
         54.915043         16.989914
         54.913776         16.987333
         54.914104         16.978203
         54.912918         16.975445
         54.907440         16.971075
         54.906017         16.965334
         54.897678         16.963257
         54.894337         16.966007
         54.886715         16.962782
         54.883373         16.965763
         54.877174         16.966671
         54.876232         16.961161
         54.871944         16.959316
         54.862190         16.963434
         54.835957         16.958570
         54.829041         16.959707
         54.826664         16.956718
         54.820469         16.956247
         54.818565         16.953949
         54.819530         16.948898
         54.815483         16.945448
         54.807861         16.944515
         54.800480         16.939909
         54.797611         16.944036
         54.792130         16.945404
         54.786156         16.952280
         54.781864         16.953880
         54.780907         16.955944
         54.769005         16.948112
         54.764702         16.954533
         54.756351         16.959568
         54.751587         16.958408
         54.742306         16.951500
         54.740158         16.953333
         54.734200         16.954008
         54.730846         16.960199
         54.724888         16.960186
         54.722252         16.965231
         54.706516         16.968180
         54.700562         16.966557
         54.698158         16.974129
         54.693390         16.973886
         54.688377         16.976629
         54.687180         16.979382
         54.692158         16.990417
         54.692619         16.995239
         54.689014         17.005793
         54.680649         17.014038
         54.657261         17.022015
         54.626728         17.026751
         54.587383         17.028240
         54.556133         17.032043
         54.551529         17.031719
         54.545883         17.031321
         54.523994         17.032768
         54.515831         17.033514
         54.455517         17.030077
         54.449562         17.028906
         54.444805         17.025442
         54.441914         17.026787
         54.434433         17.026342
         54.426670         17.029503
         54.412357         17.030365
         54.407104         17.032179
         54.395584         17.032343
         54.382065         17.032534
         54.330574         17.030239
         54.282192         17.025877
         54.254555         17.021835
         54.178806         17.009270
         54.097115         16.995716
         54.080441         16.993780
         54.076378         16.995132
         54.068768         16.992331
         54.051624         16.989241
         54.039970         16.985495
         54.036861         16.986622
         54.012390         16.974527
         53.995579         16.958805
         53.999184         16.954235
         53.999931         16.949648
         53.998013         16.944796
         53.996651         16.941360
         54.001804         16.937090
         54.009319         16.936161
         54.011005         16.933647
         54.007698         16.929262
         53.998634         16.930582
         53.991489         16.929846
         53.981289         16.923349
         53.978703         16.918282
         53.969463         16.910643
         53.960155         16.913107
         53.952778         16.911678
         53.949940         16.908905
         53.947136         16.901079
         53.913326         16.898090
         53.909046         16.896973
         53.904289         16.895731
         53.899765         16.895699
         53.893539         16.899788
         53.865707         16.894308
         53.860973         16.890141
         53.848125         16.887980
         53.836452         16.887894
         53.829052         16.889904
         53.821430         16.889389
         53.782833         16.882401
         53.781704         16.882196
         53.756519         16.874193
         53.753979         16.864990
         53.739300         16.854311
         53.731289         16.844145
         53.724648         16.841106
         53.715416         16.834602
         53.713070         16.830221
         53.709030         16.829500
         53.695778         16.819748
         53.686745         16.817837
         53.676933         16.805178
         53.673836         16.797066
         53.676308         16.786526
         53.673244         16.783285
         53.664200         16.782749
         53.645954         16.773413
         53.628368         16.770046
         53.621510         16.764936
         53.611755         16.764393
         53.591827         16.757330
         53.586418         16.750166
         53.577339         16.753757
         53.559002         16.754511
         53.550392         16.758795
         53.536346         16.758667
         53.529896         16.761133
         53.511539         16.763720
         53.472542         16.759449
         53.448780         16.755318
         53.442181         16.749056
         53.435982         16.749683
         53.424587         16.746817
         53.404381         16.744322
         53.385868         16.739317
         53.343300         16.735899
         53.317017         16.723690
         53.293476         16.721836
         53.287083         16.718784
         53.278641         16.716780
         53.271893         16.715178
         53.256264         16.708353
         53.211906         16.696161
         53.201920         16.695591
         53.192432         16.692961
         53.155937         16.675228
         53.150105         16.670904
         53.135876         16.667068
         53.095650         16.649384
         53.085911         16.648352
         53.078300         16.645761
         53.078300         16.645761
         52.712574         17.080315
         52.748299         17.335423
         51.882011         18.578789
         52.000702         19.002331
         52.000702         19.002331
         52.040390         19.015461
         52.043980         19.018026
         52.053505         19.020658
         52.062996         19.023279
         52.067070         19.025848
         52.083683         19.030386
         52.088959         19.033426
         52.106537         19.038200
         52.111332         19.041237
         52.129631         19.046015
         52.133224         19.048809
         52.137573         19.048622
         52.152489         19.053823
         52.156082         19.056618
         52.166927         19.058790
         52.176727         19.063673
         52.178219         19.064415
         52.182327         19.064224
         52.197247         19.069424
         52.200359         19.071981
         52.204468         19.071791
         52.221306         19.078384
         52.227009         19.077097
         52.245609         19.087345
         52.249718         19.087152
         52.264881         19.092577
         52.267998         19.094904
         52.286308         19.099895
         52.290146         19.102690
         52.331573         19.115696
         52.335171         19.118256
         52.348671         19.121592
         52.349831         19.121998
         52.469101         19.163731
         52.474667         19.165588
         52.600197         19.207445
         52.725788         19.249212
         52.755535         19.259089
         52.761318         19.262112
         52.851078         19.291637
         52.976910         19.332933
         53.001972         19.341146
         53.053654         19.359550
         53.102253         19.375620
         53.228065         19.417145
         53.325066         19.449083
         53.343441         19.456493
         53.353630         19.459272
         53.363037         19.461838
         53.366177         19.464146
         53.374649         19.464630
         53.401737         19.474815
         53.479191         19.500034
         53.507713         19.509312
         53.510857         19.511616
         53.581291         19.534039
         53.599930         19.541653
         53.604286         19.543037
         53.691467         19.570717
         53.710114         19.576952
         53.713261         19.579254
         53.713261         19.578335
         53.726582         19.582024
         53.758072         19.593767
         53.776970         19.598835
         53.781090         19.601824
         53.781090         19.600676
         53.791992         19.603899
         53.803139         19.609419
         53.806530         19.608730
         53.813534         19.611078
         53.823009         19.614252
         53.825432         19.616550
         53.828823         19.616093
         53.845062         19.621382
         53.847725         19.623909
         53.851845         19.623680
         53.871235         19.631496
         53.879234         19.632645
         53.892567         19.638849
         53.896442         19.638390
         53.912441         19.643673
         53.915592         19.646429
         53.919716         19.646198
         53.936443         19.652870
         53.938141         19.653547
         53.979599         19.665937
         53.982754         19.668694
         53.986633         19.668001
         54.005306         19.675802
         54.025433         19.681303
         54.028587         19.683826
         54.031738         19.683136
         54.050415         19.690702
         54.053326         19.690239
         54.060596         19.693172
         54.074917         19.698950
         54.186535         19.734936
         54.235313         19.750633
         54.253765         19.757950
         54.256187         19.757254
         54.294788         19.770037
         54.298920         19.772556
         54.312057         19.776052
         54.316887         19.777338
         54.321987         19.780083
         54.341896         19.785547
         54.438114         19.817408
         54.564228         19.859070
         54.588272         19.867001
         54.610889         19.875641
         54.690151         19.901264
         54.816647         19.942068
         54.943207         19.982780
         54.997131         20.000000
         54.997921         20.000000
         55.000000         20.000916
         55.000000         20.001837
         55.021809         20.067719
         55.061783         20.188328
         55.101818         20.308924
         55.134869         20.408339
         55.165230         20.499008
         55.205639         20.619509
         55.246109         20.739996
         55.272053         20.817137
         55.286301         20.860569
         55.325951         20.981304
         55.365662         21.102026
         55.387310         21.167759
         55.406258         21.222485
         55.421581         21.266720
         55.421375         21.270397
         55.423611         21.273594
         55.446850         21.342556
         55.487492         21.463009
         55.528194         21.583445
         55.542000         21.624245
         55.568611         21.703968
         55.608906         21.824524
         55.649265         21.945061
         55.666588         21.996733
         55.651630         22.022373
         55.627991         22.059217
         55.558414         22.167540
         55.523094         22.222462
         55.489822         22.276415
         55.456322         22.327320
         55.385410         22.434933
         55.314400         22.542507
         55.243294         22.650043
         55.211521         22.698040
         55.211521         22.698040
         55.210522         22.709295
         55.209221         22.715500
         55.206921         22.724195
         55.207607         22.730392
         55.210972         22.741657
         55.218102         22.775423
         55.220188         22.791265
         55.224220         22.811476
         55.222664         22.819717
         55.222240         22.840126
         55.221352         22.856855
         55.220520         22.867170
         55.219372         22.885504
         55.218998         22.900179
         55.217663         22.911173
         55.215843         22.921019
         55.215031         22.929268
         55.215916         22.941196
         55.218067         22.950157
         55.219707         22.960947
         55.219398         22.968279
         55.219070         22.977448
         55.218719         22.989140
         55.218887         22.998312
         55.218769         23.012066
         55.220909         23.022402
         55.227703         23.038961
         55.235008         23.054148
         55.242592         23.065439
         55.240784         23.074135
         55.241173         23.086519
         55.244343         23.092962
         55.244743         23.103741
         55.247406         23.111326
         55.249821         23.118908
         55.255943         23.128124
         55.261314         23.137793
         55.269920         23.146568
         55.279953         23.162916
         55.292171         23.184784
         55.303211         23.199764
         55.313534         23.211300
         55.317921         23.221186
         55.321548         23.232672
         55.328175         23.242117
         55.335049         23.251106
         55.341934         23.258949
         55.347076         23.267923
         55.350983         23.275742
         55.355106         23.287920
         55.360214         23.301476
         55.364830         23.314344
         55.373360         23.334801
         55.377903         23.357748
         55.383701         23.378645
         55.391918         23.408491
         55.395962         23.432123
         55.399326         23.447271
         55.401730         23.458057
         55.403858         23.472281
         55.409504         23.481710
         55.417141         23.490469
         55.425766         23.500380
         55.435638         23.509838
         55.449226         23.520924
         55.464317         23.531101
         55.472210         23.540089
         55.477367         23.549057
         55.481716         23.567184
         55.487816         23.583719
         55.489994         23.591982
         55.491673         23.600927
         55.492596         23.611242
         55.494503         23.623398
         55.495346         23.645168
         55.500454         23.662153
         55.505356         23.672951
         55.512463         23.688801
         55.519600         23.700525
         55.529472         23.712498
         55.541836         23.724712
         55.554928         23.739908
         55.562576         23.750259
         55.568493         23.758999
         55.571911         23.769327
         55.572350         23.778950
         55.570801         23.787416
         55.569004         23.795424
         55.567963         23.802519
         55.567406         23.811449
         55.565102         23.821514
         55.565502         23.836403
         55.568367         23.855431
         55.569256         23.872385
         55.565948         23.882671
         55.561161         23.891119
         55.551411         23.895872
         55.542648         23.902462
         55.527664         23.906956
         55.515160         23.913979
         55.503143         23.921694
         55.493885         23.926907
         55.485867         23.933498
         55.482536         23.946301
         55.480656         23.965298
         55.492599         23.968349
         55.503815         23.968876
         55.518265         23.970337
         55.529976         23.971321
         55.543663         23.974836
         55.552101         23.980612
         55.564293         23.984116
         55.582939         23.992468
         55.601917         24.000000
         55.601917         24.000000
         55.599998         24.000000
         55.588474         24.000000
         55.588474         24.000000
         55.594093         24.003344
         55.600788         24.008707
         55.609203         24.014608
         55.617413         24.019810
         55.629593         24.025427
         55.642162         24.028540
         55.659409         24.028429
         55.678188         24.027699
         55.710499         24.026218
         55.725464         24.022093
         55.735497         24.021410
         55.747383         24.023336
         55.756718         24.026285
         55.767933         24.031387
         55.777729         24.035049
         55.788033         24.033915
         55.793449         24.026136
         55.808197         24.016718
         55.816780         24.010460
         55.826584         24.009300
         55.836639         24.012737
         55.844681         24.016542
         55.867596         24.027208
         55.900715         24.043375
         55.968868         24.058800
         56.008331         24.068802
         56.018387         24.072453
         56.023933         24.076366
         56.022556         24.083643
         56.020775         24.089069
         56.016129         24.096661
         56.012077         24.102446
         56.007099         24.111629
         56.003811         24.117216
         55.997536         24.127262
         55.987183         24.138731
         55.978104         24.149796
         55.976814         24.160059
         55.975597         24.168951
         55.973976         24.180803
         55.973309         24.188801
         55.971699         24.195612
         55.964649         24.201262
         55.961399         24.205933
         55.959675         24.210215
         55.958115         24.216110
         55.959354         24.225798
         55.956108         24.230471
         55.950050         24.236164
         55.939327         24.235458
         55.923843         24.234768
         55.912857         24.234278
         55.904087         24.229757
         55.894318         24.225189
         55.882076         24.220053
         55.871910         24.213631
         55.864731         24.212162
         55.857704         24.212532
         55.849445         24.217207
         55.842747         24.220802
         55.835072         24.223894
         55.827621         24.227457
         55.811966         24.225368
         55.797211         24.225157
         55.788849         24.227068
         55.783184         24.230022
         55.779701         24.234221
         55.779903         24.239735
         55.784004         24.251850
         55.786907         24.262991
         55.791096         24.273508
         55.800907         24.286570
         55.808281         24.298376
         55.813847         24.306658
         55.817585         24.311646
         55.825600         24.320953
         55.829254         24.327541
         55.835159         24.334234
         55.835430         24.343193
         55.836651         24.353111
         55.836517         24.360218
         55.836277         24.369381
         55.836048         24.378319
         55.835220         24.389063
         55.832844         24.400654
         55.828472         24.407341
         55.822376         24.413490
         55.811638         24.421949
         55.803764         24.428474
         55.797325         24.431620
         55.795391         24.439564
         55.794960         24.447575
         55.796288         24.455435
         55.797657         24.462608
         55.797390         24.476822
         55.797474         24.493805
         55.796623         24.514183
         55.790295         24.529039
         55.789925         24.540497
         55.785339         24.555660
         55.786381         24.564198
         55.787548         24.570444
         55.793598         24.574621
         55.798737         24.577148
         55.807568         24.580992
         55.814358         24.585432
         55.815636         24.589619
         55.815929         24.593533
         55.814327         24.599884
         55.812748         24.610598
         55.812599         24.617933
         55.813320         24.623243
         55.819775         24.629274
         55.825840         24.633217
         55.833778         24.639772
         55.839485         24.645767
         55.841972         24.650927
         55.843166         24.656717
         55.841415         24.661226
         55.838539         24.667980
         55.835724         24.673594
         55.831821         24.680758
         55.828018         24.690683
         55.822975         24.700323
         55.819664         24.715090
         55.816662         24.724133
         55.818851         24.734789
         55.820461         24.742203
         55.823669         24.752676
         55.824253         24.760504
         55.824120         24.767612
         55.821907         24.776005
         55.818188         24.784327
         55.816425         24.793655
         55.814384         24.803432
         55.813087         24.813473
         55.810307         24.822983
         55.807617         24.835485
         55.805992         24.846888
         55.807083         24.859327
         55.807652         24.867388
         55.810684         24.876476
         55.815838         24.883595
         55.823177         24.892189
         55.829323         24.899580
         55.835712         24.907213
         55.843269         24.916504
         55.850849         24.925337
         55.854362         24.930315
         55.861256         24.937967
         55.866234         24.943701
         55.873756         24.949085
         55.884495         24.955532
         55.894516         24.961262
         55.904076         24.966276
         55.915154         24.971130
         55.925491         24.975721
         55.935112         24.979588
         55.947643         24.980831
         55.957855         24.983120
         55.976433         24.979576
         55.995384         24.978571
         56.017017         24.969650
         56.027142         24.963894
         56.032982         24.953363
         56.037815         24.942785
         56.039803         24.933693
         56.042168         24.922091
         56.042873         24.908581
         56.043430         24.893000
         56.048180         24.879208
         56.052589         24.871826
         56.055077         24.867575
         56.053196         24.864969
         56.046467         24.868576
         56.039948         24.872885
         56.031841         24.878727
         56.027008         24.884483
         56.015385         24.890169
         56.006458         24.892303
         55.999428         24.891998
         55.988064         24.887827
         55.984001         24.883745
         55.982471         24.879320
         55.983799         24.873180
         55.986637         24.867109
         55.992367         24.858639
         55.998024         24.851543
         56.004051         24.846991
         56.010628         24.841541
         56.017971         24.835896
         56.025024         24.830927
         56.027199         24.827808
         56.026794         24.821135
         56.027187         24.813580
         56.026173         24.808947
         56.027977         24.803286
         56.031120         24.796082
         56.035206         24.790064
         56.039398         24.781986
         56.045837         24.774235
         56.052097         24.769917
         56.053509         24.766996
         56.050747         24.762056
         56.053089         24.760551
         56.054279         24.752115
         56.060596         24.746653
         56.067406         24.741440
         56.076054         24.739519
         56.082668         24.737970
         56.088795         24.736170
         56.097565         24.736778
         56.107178         24.735586
         56.119564         24.734283
         56.129742         24.736786
         56.136421         24.738907
         56.144333         24.741543
         56.149914         24.745453
         56.151741         24.754021
         56.154079         24.762381
         56.155807         24.767962
         56.157661         24.771025
         56.163101         24.772861
         56.169533         24.774971
         56.179737         24.777012
         56.182312         24.780792
         56.183826         24.785675
         56.185688         24.793556
         56.185883         24.804579
         56.188816         24.816175
         56.193661         24.824873
         56.199921         24.830416
         56.205280         24.833855
         56.211487         24.835495
         56.219570         24.834917
         56.224113         24.834648
         56.228916         24.834166
         56.236893         24.835648
         56.245602         24.837618
         56.258656         24.843216
         56.269066         24.846403
         56.276268         24.848310
         56.280125         24.851686
         56.286312         24.858828
         56.289131         24.862846
         56.292637         24.868269
         56.294758         24.876158
         56.297054         24.880615
         56.306030         24.882364
         56.313232         24.884270
         56.319458         24.885675
         56.327896         24.888088
         56.335766         24.891859
         56.341476         24.898518
         56.342098         24.906345
         56.341450         24.914351
         56.339867         24.925989
         56.337479         24.943789
         56.336079         24.956812
         56.338196         24.964930
         56.343124         24.972248
         56.353775         24.975897
         56.361534         24.976906
         56.371822         24.977785
         56.375072         24.977919
         56.375072         24.977919
         56.375252         24.977390
         56.380379         24.941410
         56.389172         24.919201
         56.399544         24.892984
         56.412766         24.863859
         56.415272         24.856575
         56.420292         24.841972
         56.443256         24.803566
         56.447159         24.797037
         56.483673         24.700193
         56.491539         24.685663
         56.527557         24.619081
         56.532093         24.606316
         56.546001         24.588669
         56.554337         24.573904
         56.574394         24.549482
         56.599705         24.510406
         56.615456         24.489868
         56.658123         24.450373
         56.673115         24.436487
         56.684795         24.427967
         56.702511         24.417942
         56.714725         24.407593
         56.751236         24.359533
         56.762218         24.345066
         56.827007         24.263536
         56.831596         24.257267
         56.858021         24.221136
         56.874557         24.204651
         56.892391         24.171444
         56.908997         24.154087
         56.918339         24.144320
         56.938034         24.117558
         56.971970         24.088940
         57.004776         24.065077
         57.056313         24.027554
         57.094765         24.000000
         57.100697         23.993759
         57.117981         23.981422
         57.124340         23.972185
         57.135418         23.961748
         57.151459         23.950109
         57.167809         23.943050
         57.176926         23.935385
         57.192032         23.928795
         57.194492         23.926476
         57.209637         23.922636
         57.245064         23.908243
         57.250999         23.905424
         57.268623         23.900862
         57.292145         23.890955
         57.359367         23.872263
         57.375717         23.866331
         57.407475         23.858372
         57.420376         23.855228
         57.430004         23.849606
         57.440697         23.848782
         57.446392         23.846645
         57.461746         23.841177
         57.482838         23.836550
         57.493958         23.830902
         57.513260         23.823315
         57.522205         23.822279
         57.535770         23.814077
         57.548904         23.810463
         57.561764         23.805019
         57.587971         23.793890
         57.622429         23.785168
         57.627579         23.780512
         57.631367         23.783669
         57.646427         23.776354
         57.655117         23.775085
         57.667000         23.771252
         57.703491         23.765696
         57.712460         23.766027
         57.717907         23.764574
         57.720425         23.766142
         57.762455         23.764622
         57.785774         23.774601
