> uzebkistan 0
60.006504 41.951847
60.002815 41.951199
60.000000 41.953362
59.995564 41.956772
59.986042 41.955727
59.976498 41.953541
59.958042 41.966778
59.949272 41.973507
59.945213 41.986595
59.949299 41.992043
59.961391 41.999245
59.976746 42.000221
59.981396 42.000458
59.998856 42.001316
60.000000 42.001373
60.015736 42.002151
60.022491 42.002483
60.027184 42.007233
60.029995 42.009724
60.025639 42.022587
60.014511 42.034378
60.005596 42.050041
60.005066 42.051846
60.001270 42.064735
60.000809 42.065224
60.000000 42.082470
59.998989 42.090393
59.997360 42.101856
59.992565 42.108315
59.979530 42.117836
59.972904 42.125233
59.970192 42.128231
59.969467 42.138996
59.973301 42.146740
59.986637 42.153008
59.996841 42.156101
60.000000 42.155045
60.006012 42.153030
60.024429 42.151455
60.034302 42.153183
60.043972 42.160172
60.049328 42.166519
60.049835 42.176811
60.045723 42.186703
60.039135 42.195930
60.028847 42.204964
60.013912 42.212681
60.007484 42.214584
60.000000 42.215343
59.969696 42.218414
59.957142 42.222210
59.939491 42.233601
59.921642 42.251637
59.906929 42.273529
59.893219 42.282585
59.869583 42.288078
59.850555 42.292835
59.827965 42.306316
59.821350 42.297451
59.811432 42.274426
59.803642 42.268772
59.792858 42.268642
59.753864 42.277443
59.747742 42.280239
59.739155 42.283058
59.734238 42.284016
59.729290 42.282684
59.717625 42.285984
59.675110 42.286549
59.659031 42.282555
59.650707 42.282158
59.641132 42.280628
59.608475 42.280640
59.588730 42.278713
59.581650 42.279453
59.579479 42.278091
59.566097 42.278290
59.542515 42.279026
59.530827 42.278397
59.497196 42.276569
59.489803 42.276615
59.484875 42.276871
59.481792 42.276814
59.465469 42.277218
59.442345 42.275524
59.419247 42.276562
59.406990 42.283726
59.399399 42.296349
59.391167 42.306236
59.377029 42.311119
59.367249 42.320778
59.358059 42.328144
59.356922 42.329006
59.329552 42.349567
59.321262 42.354641
59.301025 42.370983
59.270630 42.392853
59.269749 42.399265
59.279766 42.419136
59.279655 42.425331
59.279545 42.431271
59.277435 42.438831
59.265167 42.451702
59.256878 42.459515
59.222458 42.490089
59.203716 42.510067
59.193554 42.517426
59.183990 42.522495
59.169483 42.528034
59.160824 42.528980
59.154015 42.528309
59.137291 42.524239
59.116508 42.511936
59.104122 42.508080
59.093296 42.507648
59.076294 42.509521
59.075367 42.509525
59.047844 42.510731
59.032700 42.514191
59.001492 42.525234
58.998405 42.527985
58.986961 42.530067
58.968102 42.535587
58.949234 42.538586
58.934696 42.543640
58.909649 42.558769
58.897278 42.567707
58.872829 42.588318
58.806530 42.641205
58.797531 42.650360
58.791019 42.654255
58.761845 42.679192
58.702499 42.726528
58.657055 42.769047
58.635868 42.788704
58.625587 42.795551
58.625015 42.782043
58.618252 42.763264
58.620457 42.754570
58.623886 42.751141
58.632595 42.746578
58.639759 42.740410
58.640705 42.735832
58.637009 42.727589
58.629570 42.724140
58.620571 42.724354
58.608757 42.729370
58.595100 42.729343
58.589523 42.726357
58.583969 42.719254
58.583981 42.716499
58.598911 42.707378
58.604523 42.700752
58.595360 42.665943
58.588570 42.658146
58.578049 42.653316
58.573399 42.653538
58.553223 42.659214
58.534317 42.657566
58.495911 42.651279
58.472668 42.650295
58.458694 42.654144
58.444080 42.660503
58.418011 42.664307
58.392208 42.673367
58.359905 42.679878
58.323574 42.685219
58.297173 42.689449
58.277634 42.688896
58.247017 42.679817
58.224472 42.670315
58.195805 42.654366
58.173958 42.639366
58.160641 42.638374
58.151714 42.632828
58.147812 42.621815
58.154766 42.609730
58.171280 42.601357
58.181862 42.596382
58.194958 42.588211
58.227623 42.573738
58.246265 42.566971
58.267681 42.560902
58.292778 42.558273
58.296814 42.556919
58.306484 42.548264
58.324684 42.519279
58.326893 42.514023
58.333828 42.498489
58.346645 42.481144
58.364212 42.448948
58.392262 42.416100
58.404694 42.405159
58.408813 42.390068
58.408028 42.370613
58.417637 42.364239
58.429039 42.366341
58.452557 42.355431
58.482265 42.339958
58.497101 42.334511
58.517830 42.321751
58.520664 42.310318
58.513950 42.297482
58.509659 42.293579
58.501671 42.289436
58.492424 42.289181
58.459408 42.296406
58.446766 42.297279
58.415672 42.292362
58.406384 42.291183
58.402351 42.301929
58.404892 42.334438
58.402611 42.351368
58.396915 42.371025
58.391888 42.382908
58.384991 42.397305
58.377174 42.410320
58.369698 42.418758
58.350422 42.434700
58.339558 42.441063
58.323433 42.448090
58.243561 42.464413
58.218491 42.468170
58.201191 42.467396
58.154106 42.449268
58.134720 42.442520
58.126087 42.441090
58.122051 42.442669
58.117897 42.454315
58.111973 42.458626
58.097996 42.464718
58.091740 42.470627
58.085938 42.489819
58.067543 42.501823
58.053284 42.504478
58.046787 42.504658
58.046799 42.503742
58.025791 42.501995
58.015930 42.499634
58.003963 42.492683
57.998726 42.491501
57.994434 42.488720
57.982994 42.488865
57.977184 42.484241
57.968639 42.454884
57.962322 42.442928
57.955498 42.444935
57.939537 42.458778
57.929928 42.460533
57.915146 42.457211
57.910297 42.450989
57.904190 42.426220
57.911484 42.413692
57.930828 42.400570
57.940262 42.388969
57.947304 42.371632
57.946815 42.362926
57.938732 42.346153
57.939377 42.323505
57.934093 42.305607
57.934933 42.290737
57.936623 42.280682
57.932384 42.254784
57.928524 42.245140
57.921227 42.238903
57.911106 42.236301
57.892624 42.236835
57.856728 42.247978
57.849644 42.247917
57.847206 42.246292
57.841183 42.237995
57.833801 42.218708
57.836971 42.213245
57.848892 42.199387
57.858410 42.181614
57.854210 42.174942
57.844093 42.172794
57.835480 42.172947
57.769199 42.181271
57.755096 42.178619
57.730301 42.171967
57.713165 42.166992
57.692387 42.159691
57.675621 42.151966
57.659687 42.149052
57.646767 42.149376
57.611702 42.165249
57.571285 42.171211
57.521702 42.174080
57.486641 42.173664
57.473427 42.173046
57.468193 42.173210
57.454060 42.172581
57.419361 42.169861
57.409832 42.169514
57.367359 42.157749
57.312805 42.137798
57.282471 42.121815
57.280396 42.118813
57.277946 42.118317
57.270390 42.113403
57.265511 42.111965
57.238308 42.094418
57.214115 42.068428
57.206749 42.056648
57.205276 42.054340
57.190613 42.028721
57.186932 42.017223
57.185707 42.017200
57.179905 42.004761
57.178364 42.000126
57.174232 41.987740
57.171421 41.983116
57.167526 41.975044
57.154408 41.961346
57.129974 41.943588
57.114513 41.936684
57.084938 41.928455
57.038258 41.918110
57.022537 41.910988
57.008118 41.901371
57.003864 41.898281
57.001541 41.896000
56.988037 41.876549
56.984032 41.867325
56.977745 41.836079
56.977379 41.834255
56.972729 41.823139
56.970535 41.817894
56.967575 41.804565
56.968719 41.776890
56.968624 41.759956
56.971416 41.748558
56.975136 41.716579
56.973988 41.693901
56.972198 41.672356
56.976414 41.654121
56.984341 41.633884
56.993057 41.617779
57.001228 41.609676
57.000732 41.605778
57.008434 41.603157
57.019901 41.586411
57.025021 41.567730
57.026924 41.554714
57.022633 41.534966
57.022697 41.522381
57.022568 41.502159
57.022533 41.496975
57.031635 41.445866
57.038185 41.429726
57.046429 41.417961
57.068024 41.396111
57.081600 41.378021
57.086548 41.374897
57.106300 41.374519
57.123783 41.379139
57.148548 41.384323
57.157837 41.377827
57.158672 41.369377
57.151699 41.357830
57.143074 41.351292
57.131687 41.345852
57.088902 41.334663
57.070755 41.321789
57.065182 41.315063
57.060848 41.307446
57.060814 41.298065
57.060036 41.282948
57.053070 41.272083
57.042416 41.263214
57.030426 41.258446
57.001934 41.258434
56.962917 41.265556
56.946201 41.266876
56.918873 41.268234
56.877247 41.271168
56.812447 41.277775
56.787483 41.280746
56.729172 41.283310
56.670551 41.285839
56.641373 41.287552
56.607704 41.287560
56.601021 41.287884
56.559734 41.288868
56.508015 41.293053
56.462990 41.296444
56.432518 41.299904
56.357105 41.304180
56.316460 41.303947
56.271141 41.306564
56.204472 41.311630
56.155281 41.312275
56.135830 41.312943
56.134617 41.312912
56.123047 41.313774
56.047325 41.317146
56.009621 41.318703
56.000599 41.318047
55.998005 44.860428
55.997097 44.872540
55.997154 44.885910
55.998489 44.896847
55.998493 44.897770
55.998257 44.901646
55.998535 44.909214
55.996635 44.915123
55.996803 44.918327
55.998043 44.932552
55.997921 44.935074
55.998096 44.951336
55.998196 44.962555
55.998253 44.968052
55.998539 44.982025
55.998352 44.985912
55.998081 44.998039
55.998100 45.000000
56.002796 45.000671
56.015274 45.003006
56.030933 45.005928
56.032520 45.006432
56.048294 45.011372
56.061771 45.015591
56.063675 45.015919
56.078735 45.018513
56.081604 45.019268
56.111919 45.026615
56.156311 45.036797
56.174202 45.040871
56.219223 45.051956
56.299129 45.070652
56.316063 45.074905
56.317333 45.075394
56.345818 45.081493
56.369801 45.087269
56.465172 45.109379
56.474754 45.112087
56.509983 45.120121
56.575966 45.135593
56.617954 45.145096
56.763268 45.177727
56.808479 45.189274
56.830021 45.193302
56.921227 45.214272
56.959808 45.222443
56.988728 45.229313
56.998722 45.231541
57.086819 45.251175
57.117729 45.257343
57.280010 45.293690
57.283230 45.294418
57.356384 45.310917
57.391865 45.318218
57.495090 45.341171
57.536419 45.349636
57.560940 45.355621
57.589046 45.361179
57.669479 45.379158
57.688244 45.382088
57.710209 45.387558
57.745438 45.395668
57.813354 45.410450
57.856716 45.419277
57.884548 45.425453
57.906879 45.430435
57.990738 45.449127
57.997665 45.450909
58.032829 45.459938
58.056160 45.465126
58.134895 45.485287
58.159863 45.491142
58.176716 45.495815
58.205914 45.502377
58.250351 45.514038
58.253269 45.514961
58.318504 45.531273
58.372089 45.544525
58.441292 45.561924
58.472172 45.569111
58.487133 45.571899
58.518665 45.581131
58.533932 45.584209
58.603580 45.602131
58.617180 45.605190
58.617180 45.605190
58.613892 45.601334
58.598000 45.592739
58.587330 45.574654
58.560162 45.539326
58.553650 45.527611
58.549458 45.505325
58.546101 45.487480
58.539864 45.471027
58.536495 45.443851
58.533234 45.435627
58.524998 45.426178
58.523766 45.414032
58.519352 45.408276
58.508503 45.400894
58.498161 45.388332
58.484997 45.372334
58.445740 45.341331
58.435192 45.330235
58.403271 45.282925
58.401474 45.280258
58.386524 45.253922
58.382988 45.240749
58.369511 45.212139
58.356316 45.174267
58.357170 45.166233
58.356667 45.162384
58.355095 45.150372
58.345116 45.111050
58.341034 45.106113
58.336670 45.104469
58.325626 45.104691
58.322426 45.103256
58.309902 45.088028
58.294025 45.053349
58.269650 45.000000
58.265938 44.991875
58.264481 44.986107
58.267662 44.974365
58.265049 44.969833
58.252575 44.965103
58.245609 44.958721
58.234505 44.939922
58.214005 44.905178
58.201271 44.860069
58.203880 44.839268
58.202724 44.836380
58.207355 44.825050
58.206776 44.818596
58.205044 44.799305
58.209095 44.777054
58.213142 44.769432
58.212852 44.766132
58.216324 44.760162
58.220657 44.757072
58.232208 44.737907
58.233940 44.730286
58.237694 44.726158
58.244331 44.711739
58.251919 44.699783
58.255577 44.694012
58.278355 44.666183
58.291008 44.634659
58.292728 44.626205
58.290684 44.606018
58.287506 44.601284
58.285198 44.599640
58.272228 44.598000
58.267616 44.595531
58.264095 44.591663
58.245701 44.571442
58.222652 44.537457
58.217472 44.524071
58.210854 44.495640
58.214180 44.474525
58.219769 44.438984
58.224365 44.431358
58.226662 44.422703
58.231819 44.364189
58.234112 44.359863
58.235935 44.350231
58.238983 44.334106
58.253883 44.306282
58.259327 44.296803
58.272503 44.283195
58.278225 44.272472
58.298264 44.255558
58.313568 44.239746
58.315426 44.237823
58.342880 44.218834
58.368885 44.197571
58.395134 44.169918
58.400814 44.156101
58.402775 44.142914
58.400669 44.136421
58.394691 44.117996
58.396080 44.104393
58.386890 44.089371
58.384872 44.082367
58.387951 44.060932
58.387314 44.037239
58.383583 44.031063
58.381847 44.022823
58.382420 44.013412
58.385120 43.968834
58.387367 43.957703
58.365307 43.914471
58.363567 43.901905
58.364399 43.890629
58.365498 43.875732
58.376213 43.837387
58.394348 43.812836
58.411366 43.799202
58.440022 43.784172
58.450806 43.778511
58.484577 43.766678
58.502441 43.757977
58.521484 43.759567
58.528278 43.754604
58.537933 43.753750
58.543278 43.743431
58.548664 43.741970
58.553497 43.742371
58.579399 43.751141
58.587387 43.753010
58.614971 43.759457
58.643456 43.769238
58.648575 43.769627
58.661694 43.775753
58.712971 43.789745
58.745472 43.803589
58.751534 43.810368
58.753292 43.816132
58.751137 43.829536
58.755749 43.836105
58.782108 43.855545
58.798019 43.882042
58.799210 43.887188
58.796982 43.892349
58.791607 43.895885
58.784763 43.895302
58.770119 43.886070
58.767578 43.884468
58.763832 43.879749
58.754089 43.872791
58.736675 43.867313
58.717628 43.870499
58.697464 43.876564
58.684723 43.885483
58.679092 43.893959
58.676907 43.905712
58.680161 43.921150
58.685387 43.933697
58.686642 43.935040
58.698036 43.947243
58.715782 43.956017
58.732033 43.955940
58.734867 43.954277
58.799686 43.965076
58.818771 43.963112
58.840759 43.952168
58.853939 43.945606
58.920746 43.906246
58.972130 43.869823
58.972691 43.869423
58.991287 43.854660
58.996304 43.846386
59.009567 43.838047
59.016026 43.831818
59.028191 43.826782
59.048771 43.813232
59.052673 43.807640
59.059479 43.806141
59.063801 43.810230
59.085293 43.821396
59.087101 43.828182
59.086170 43.830994
59.084373 43.836445
59.085316 43.842415
59.097820 43.860447
59.119461 43.879848
59.136154 43.891457
59.140141 43.891422
59.143246 43.889744
59.144058 43.887062
59.142464 43.875950
59.149200 43.869915
59.156563 43.867378
59.161064 43.863834
59.167301 43.862343
59.219326 43.858376
59.254475 43.866291
59.276714 43.874676
59.277405 43.874935
59.303108 43.879223
59.322468 43.879234
59.330395 43.876678
59.346607 43.875896
59.356308 43.876827
59.375542 43.884872
59.395451 43.883629
59.417770 43.888954
59.433048 43.884048
59.437035 43.884003
59.441292 43.887493
59.442245 43.888275
59.445282 43.897308
59.445553 43.910496
59.450466 43.913738
59.469292 43.914761
59.473286 43.928524
59.477879 43.930122
59.494965 43.929508
59.507854 43.932453
59.510078 43.929955
59.509457 43.927490
59.488689 43.915981
59.484028 43.911091
59.480362 43.899384
59.478760 43.898151
59.468781 43.890446
59.469467 43.882614
59.463581 43.859802
59.456203 43.847317
59.444366 43.838997
59.439228 43.838234
59.429707 43.831745
59.381042 43.816605
59.372719 43.812775
59.380402 43.812897
59.414951 43.819740
59.417942 43.820969
59.435036 43.827972
59.459507 43.841919
59.473438 43.854748
59.476719 43.875317
59.484768 43.892330
59.494781 43.907673
59.500271 43.911316
59.504265 43.911476
59.507603 43.902943
59.510742 43.894913
59.498684 43.877331
59.496731 43.865814
59.496998 43.838612
59.502201 43.815880
59.518997 43.803524
59.526119 43.791077
59.527584 43.785942
59.531136 43.773502
59.529282 43.753944
59.532024 43.749378
59.537609 43.744984
59.544170 43.733364
59.577911 43.718117
59.588371 43.716133
59.590595 43.714046
59.628677 43.703262
59.630207 43.703194
59.656189 43.702087
59.676163 43.706150
59.709713 43.707970
59.736767 43.699978
59.764439 43.694031
59.777653 43.689110
59.786430 43.688366
59.797062 43.685452
59.803905 43.683582
59.813541 43.683029
59.839664 43.672970
59.839306 43.670292
59.828182 43.668186
59.824993 43.665558
59.834839 43.652016
59.842899 43.635406
59.839558 43.627213
59.839668 43.620827
59.845543 43.607548
59.842476 43.598938
59.843719 43.592133
59.846176 43.578686
59.842815 43.569664
59.839344 43.567036
59.835934 43.566677
59.825111 43.575077
59.818336 43.576000
59.808575 43.571194
59.781376 43.571171
59.756214 43.584095
59.736702 43.596931
59.724560 43.602516
59.718212 43.605427
59.715561 43.612881
59.717026 43.614719
59.721550 43.614243
59.725727 43.611301
59.746700 43.622147
59.753258 43.623497
59.767628 43.619999
59.770275 43.623672
59.768108 43.627617
59.758842 43.631248
59.739067 43.634201
59.737309 43.631962
59.711639 43.626129
59.699841 43.630611
59.694450 43.630482
59.692390 43.629162
59.687824 43.626240
59.683411 43.619705
59.677933 43.604321
59.680180 43.591923
59.687256 43.580082
59.692097 43.557968
59.697479 43.546558
59.696411 43.537712
59.702038 43.524857
59.700535 43.521378
59.701797 43.515175
59.704994 43.509502
59.706947 43.506039
59.708359 43.483143
59.711143 43.481251
59.723034 43.481709
59.727760 43.478344
59.733997 43.467747
59.742344 43.462276
59.749420 43.462589
59.755707 43.465183
59.766205 43.477402
59.769318 43.477566
59.774857 43.472954
59.777237 43.466530
59.774254 43.460598
59.763058 43.454159
59.754074 43.452923
59.742817 43.447636
59.740040 43.438400
59.736622 43.437416
59.733253 43.438290
59.721851 43.434528
59.711384 43.434261
59.702892 43.433754
59.696838 43.428890
59.693592 43.423370
59.688992 43.420135
59.673923 43.416420
59.673592 43.414360
59.679504 43.413456
59.685650 43.410492
59.686157 43.408215
59.677460 43.399055
59.653397 43.385155
59.652729 43.380833
59.657158 43.377068
59.667919 43.378368
59.674774 43.381577
59.680649 43.379230
59.690247 43.379105
59.696129 43.377171
59.697212 43.375301
59.708794 43.370609
59.723186 43.363823
59.731129 43.342899
59.735775 43.336853
59.747677 43.327827
59.753895 43.328156
59.758007 43.334488
59.758083 43.348499
59.753567 43.359489
59.755051 43.362350
59.771126 43.361713
59.777714 43.365326
59.781002 43.372292
59.782730 43.373707
59.814220 43.368519
59.819145 43.373188
59.821411 43.384079
59.834019 43.401207
59.831341 43.406807
59.821281 43.410873
59.818092 43.418545
59.820763 43.423248
59.830605 43.431965
59.841515 43.438194
59.842773 43.442917
59.839176 43.453049
59.837257 43.458450
59.841038 43.462311
59.845318 43.463692
59.857929 43.459595
59.871674 43.465778
59.879288 43.475143
59.881321 43.487274
59.887699 43.492744
59.892281 43.494736
59.899055 43.494221
59.903500 43.491268
59.905071 43.483154
59.911198 43.476475
59.906540 43.468548
59.907681 43.463474
59.922493 43.462738
59.925556 43.461044
59.927494 43.458149
59.930439 43.453754
59.936317 43.451599
59.941994 43.452339
59.952087 43.459187
59.971134 43.481976
59.977680 43.492996
59.979050 43.501015
60.000000 43.513275
60.000648 43.513653
60.000973 43.524570
60.000000 43.525471
59.990776 43.534008
59.990612 43.537926
59.997738 43.544235
60.000000 43.546238
60.000000 43.546238
60.007771 43.553112
60.021515 43.586277
60.018612 43.593334
60.011436 43.599842
60.008472 43.605042
60.009701 43.608112
60.015442 43.610489
60.020733 43.616798
60.030647 43.635185
60.030994 43.655998
60.033066 43.657959
60.042099 43.666531
60.036777 43.668884
60.029598 43.666115
60.027977 43.668823
60.034954 43.674274
60.041191 43.683243
60.038971 43.684925
60.025887 43.684113
60.021973 43.686028
60.023212 43.689514
60.037354 43.697113
60.041603 43.706112
60.039627 43.715828
60.046852 43.719833
60.051762 43.731709
60.059132 43.740452
60.059803 43.744427
60.060173 43.746616
60.063354 43.748421
60.082462 43.750576
60.103798 43.751247
60.110302 43.750313
60.116745 43.747314
60.123863 43.747810
60.135193 43.755447
60.142677 43.758411
60.146778 43.762260
60.146286 43.764534
60.139488 43.765270
60.128593 43.762363
60.124325 43.762230
60.123253 43.764313
60.128418 43.774734
60.127380 43.777843
60.134659 43.791943
60.134758 43.795063
60.134911 43.799770
60.140972 43.811413
60.149498 43.819923
60.152645 43.820488
60.156231 43.816925
60.156013 43.810329
60.163090 43.809174
60.165573 43.806866
60.161251 43.796429
60.161922 43.790852
60.157703 43.783504
60.159306 43.780384
60.163868 43.780720
60.177055 43.792652
60.186401 43.808769
60.188034 43.815128
60.181034 43.818546
60.191185 43.824348
60.195404 43.831486
60.203152 43.833412
60.206688 43.837059
60.206806 43.840561
60.198013 43.841541
60.190815 43.838989
60.184830 43.838684
60.181755 43.840385
60.180717 43.843494
60.184696 43.851875
60.186119 43.860504
60.197060 43.881336
60.196953 43.886700
60.187389 43.890369
60.191208 43.893806
60.201275 43.896721
60.197502 43.903175
60.198994 43.905209
60.205280 43.905720
60.214935 43.921829
60.222801 43.926842
60.229122 43.928379
60.238209 43.927391
60.240086 43.923855
60.225883 43.899990
60.223053 43.892002
60.228161 43.883049
60.228237 43.876869
60.225639 43.867432
60.217545 43.855209
60.218597 43.852715
60.222588 43.853413
60.227856 43.857086
60.232761 43.867508
60.238586 43.871319
60.242828 43.870419
60.252224 43.862007
60.254246 43.854546
60.257866 43.852215
60.267597 43.853683
60.272591 43.849884
60.274517 43.839748
60.277275 43.837223
60.280396 43.836956
60.282253 43.841255
60.282276 43.850113
60.284367 43.852962
60.294182 43.856907
60.299515 43.862785
60.298485 43.865894
60.283916 43.872761
60.283527 43.875809
60.292023 43.884769
60.292686 43.887440
60.287689 43.891239
60.285690 43.891071
60.281620 43.896919
60.288368 43.902565
60.309395 43.900936
60.323105 43.901917
60.327633 43.901005
60.341721 43.888580
60.349068 43.886997
60.360748 43.879147
60.364777 43.849594
60.364006 43.843014
60.365902 43.840298
60.371834 43.839157
60.371834 43.839157
60.372025 43.841797
60.372986 43.855209
60.370865 43.867413
60.373596 43.879932
60.368389 43.885597
60.361614 43.887379
60.359135 43.889690
60.358101 43.892601
60.362713 43.901993
60.358547 43.912994
60.360676 43.916668
60.368649 43.916512
60.372997 43.918491
60.367500 43.924160
60.370163 43.926788
60.374748 43.927525
60.378338 43.932198
60.376465 43.935532
60.371929 43.936237
60.366192 43.935318
60.361164 43.932529
60.352524 43.927746
60.349720 43.929035
60.346191 43.949917
60.348156 43.957096
60.353699 43.960499
60.358227 43.959587
60.361496 43.947357
60.364285 43.945660
60.373936 43.952274
60.378689 43.965374
60.382774 43.967976
60.391415 43.962448
60.397953 43.938416
60.399761 43.935062
60.405159 43.925083
60.399773 43.910343
60.401421 43.908665
60.405399 43.908379
60.410332 43.910759
60.415661 43.923847
60.418545 43.924816
60.427486 43.935364
60.419132 43.940678
60.416187 43.945892
60.417156 43.948959
60.421825 43.951759
60.430740 43.953850
60.444950 43.952538
60.451637 43.955910
60.456665 43.953125
60.461548 43.954063
60.456608 43.963341
60.456223 43.964066
60.449558 43.968937
60.433842 43.975845
60.428082 43.997395
60.430302 44.003326
60.435001 44.006943
60.451149 44.003738
60.455334 44.001183
60.457508 43.990627
60.461105 43.987671
60.464073 43.990704
60.467705 44.011242
60.475174 44.027580
60.478733 44.031017
60.483250 44.029690
60.485542 44.022427
60.484669 44.006985
60.488979 44.000301
60.487087 43.995598
60.490719 43.986042
60.490345 43.983784
60.487480 43.983433
60.476971 43.984673
60.474579 43.981834
60.477028 43.978695
60.487774 43.976208
60.491093 43.973461
60.487946 43.965694
60.494587 43.960403
60.502243 43.959221
60.505264 43.956268
60.511780 43.955109
60.519188 43.947536
60.520161 43.944447
60.521473 43.940273
60.530087 43.927109
60.526245 43.923683
60.515186 43.925152
60.513397 43.923126
60.524620 43.911144
60.520958 43.904831
60.524284 43.895073
60.520897 43.888550
60.524578 43.880638
60.544083 43.869514
60.545612 43.864948
60.538849 43.852100
60.540779 43.843197
60.548073 43.847790
60.552574 43.853672
60.555202 43.869904
60.550129 43.878460
60.543182 43.882931
60.540321 43.882580
60.536694 43.884510
60.531216 43.890190
60.532558 43.902737
60.540985 43.906891
60.543488 43.912609
60.541317 43.922756
60.542374 43.927891
60.540863 43.933075
60.529587 43.943615
60.525726 43.950539
60.525055 43.951744
60.524723 43.957935
60.528843 43.968571
60.518532 43.982182
60.502216 43.988285
60.500591 43.998005
60.507740 44.020535
60.517662 44.026100
60.524590 44.028023
60.539787 44.036983
60.544041 44.043491
60.553711 44.049683
60.554413 44.049892
60.561512 44.051994
60.572548 44.049294
60.579422 44.049763
60.592316 44.057945
60.609661 44.062939
60.625408 44.070847
60.642170 44.075436
60.655304 44.075153
60.656666 44.073475
60.662910 44.072514
60.677055 44.062099
60.689816 44.040199
60.690922 44.038303
60.695225 44.038822
60.703068 44.048752
60.704712 44.055557
60.707050 44.057827
60.709652 44.056561
60.710732 44.054356
60.703968 44.036160
60.704922 44.031601
60.713360 44.021725
60.713696 44.016155
60.706470 44.000443
60.710152 43.992935
60.707909 43.987011
60.713142 43.975761
60.717091 43.981445
60.718300 43.986759
60.719189 43.990673
60.716877 44.003506
60.720402 44.005901
60.722900 44.017799
60.728970 44.024391
60.719799 44.025501
60.715633 44.035072
60.717190 44.038132
60.721745 44.037827
60.726727 44.034004
60.729034 44.034569
60.727551 44.039963
60.729572 44.047337
60.724758 44.048271
60.722588 44.044197
60.719696 44.043438
60.717243 44.046173
60.721569 44.053909
60.720245 44.063213
60.724979 44.067024
60.726776 44.072830
60.727959 44.076649
60.728706 44.094360
60.731476 44.099041
60.733425 44.097759
60.736774 44.082432
60.740322 44.078434
60.742790 44.082706
60.738312 44.091671
60.750381 44.099854
60.748451 44.101547
60.748386 44.106701
60.738312 44.111874
60.720760 44.102577
60.715656 44.103516
60.710651 44.100117
60.698238 44.104103
60.700825 44.111263
60.713985 44.111385
60.724380 44.113831
60.727905 44.116020
60.728367 44.120132
60.722462 44.122536
60.723778 44.126625
60.716358 44.133801
60.719727 44.139084
60.722256 44.137997
60.730236 44.144009
60.745403 44.144077
60.750412 44.134071
60.757271 44.133915
60.752754 44.128654
60.754883 44.124901
60.764362 44.132523
60.771473 44.131531
60.775608 44.127937
60.779385 44.126900
60.790306 44.123894
60.796120 44.126030
60.796471 44.127460
60.792255 44.129208
60.790424 44.133167
60.785645 44.135132
60.784893 44.137619
60.792030 44.137249
60.800488 44.140972
60.802025 44.143417
60.801006 44.146320
60.804298 44.149544
60.807442 44.149471
60.813602 44.146446
60.819374 44.140953
60.824001 44.129097
60.820137 44.119293
60.812035 44.110615
60.811588 44.106915
60.816624 44.104324
60.828026 44.110035
60.832443 44.106434
60.835041 44.106991
60.835072 44.114204
60.838593 44.116184
60.835121 44.124184
60.834438 44.125759
60.833374 44.134033
60.836922 44.136631
60.838871 44.141945
60.838123 44.157421
60.845142 44.160763
60.848812 44.159649
60.857483 44.161510
60.862370 44.168400
60.858818 44.172195
60.860161 44.189484
60.853382 44.204487
60.859676 44.210728
60.858833 44.223938
60.868088 44.230724
60.872459 44.233929
60.872162 44.240120
60.869484 44.244305
60.863056 44.247959
60.861725 44.256649
60.863850 44.259277
60.873966 44.254715
60.883636 44.253044
60.885956 44.247215
60.896935 44.242832
60.899372 44.246071
60.907780 44.248142
60.916534 44.245255
60.926308 44.245842
60.933350 44.243202
60.937115 44.237751
60.940315 44.251282
60.944515 44.255302
60.954651 44.253521
60.956741 44.253151
60.960300 44.255749
60.968880 44.236778
60.968746 44.227711
60.965614 44.215828
60.971794 44.194649
60.969448 44.187290
60.971008 44.171581
60.968586 44.156384
60.970268 44.149536
60.975967 44.142803
60.982029 44.143890
60.985355 44.153915
60.985237 44.169788
60.978561 44.186241
60.980480 44.190521
60.975666 44.204041
60.978786 44.209530
60.979229 44.218998
60.983120 44.222618
60.987415 44.222511
60.990738 44.226139
60.995701 44.228081
60.994614 44.229347
60.984089 44.231045
60.982140 44.244495
60.973022 44.245747
60.969990 44.248077
60.969151 44.248730
60.976192 44.252266
60.981140 44.259983
60.981716 44.266151
60.976334 44.286072
60.987270 44.286839
60.988831 44.289478
60.980572 44.296898
60.976654 44.292866
60.973194 44.292542
60.972443 44.301010
60.966518 44.309402
60.961578 44.314259
60.949520 44.320328
60.964714 44.326145
60.964504 44.327797
60.968384 44.331001
60.972733 44.331928
60.975964 44.327312
60.979126 44.327438
60.983322 44.325069
60.987217 44.316319
60.994781 44.312424
61.000549 44.306919
61.008900 44.307541
61.017307 44.297230
61.019169 44.275948
61.027184 44.269566
61.033997 44.268162
61.035351 44.266476
61.032211 44.260780
61.037834 44.252396
61.038349 44.245171
61.041008 44.240772
61.039589 44.235039
61.036777 44.231846
61.034435 44.229187
61.030628 44.227425
61.028732 44.223759
61.030354 44.221661
61.038269 44.225380
61.054642 44.220226
61.059536 44.220722
61.067154 44.224243
61.068378 44.225864
61.065269 44.226765
61.054001 44.224781
61.044327 44.232239
61.047829 44.245548
61.044834 44.254902
61.040813 44.260777
61.039715 44.267811
61.041386 44.272720
61.052525 44.277802
61.060013 44.278435
61.061249 44.280258
61.060513 44.282093
61.056633 44.291714
61.057278 44.299118
61.051594 44.306274
61.053490 44.321892
61.048042 44.333988
61.046230 44.344135
61.047794 44.346775
61.045616 44.361259
61.048492 44.373352
61.052883 44.381077
61.059505 44.381325
61.059948 44.378632
61.056278 44.368008
61.056332 44.362896
61.056477 44.348209
61.061382 44.342728
61.070904 44.337742
61.077526 44.338196
61.070065 44.350136
61.071144 44.354641
61.081299 44.350883
61.083359 44.351860
61.082386 44.367348
61.083923 44.372639
61.083923 44.372639
61.093925 44.367188
61.093925 44.367188
61.102715 44.342503
61.099823 44.338356
61.097778 44.335415
61.101521 44.329754
61.103893 44.319592
61.100937 44.306057
61.102985 44.283333
61.101589 44.278210
61.103363 44.273426
61.111050 44.266422
61.123020 44.259109
61.124538 44.254944
61.120632 44.251335
61.121063 44.248436
61.131470 44.232708
61.132679 44.222797
61.133511 44.215958
61.138737 44.211491
61.142300 44.214081
61.137833 44.222233
61.138447 44.246342
61.133713 44.249142
61.131329 44.259926
61.131329 44.259926
61.137737 44.254265
61.178524 44.218727
61.207798 44.194530
61.275433 44.136765
61.323238 44.094051
61.413593 44.016460
61.419861 44.007381
61.419823 44.006470
61.425488 44.002689
61.433693 43.997219
61.474018 43.962395
61.478527 43.956791
61.488373 43.950146
61.489231 43.948067
61.526695 43.914433
61.588150 43.859589
61.611629 43.840462
61.620388 43.831543
61.676228 43.781826
61.705280 43.754978
61.790028 43.679726
61.832291 43.641502
61.975632 43.512291
61.989239 43.501831
61.999527 43.493984
62.010834 43.487713
62.028698 43.486515
62.134605 43.502018
62.183765 43.509045
62.224392 43.515156
62.288471 43.523975
62.321793 43.528679
62.338951 43.531357
62.410404 43.541710
62.414215 43.542278
62.430382 43.544056
62.477383 43.550564
62.489491 43.552917
62.585129 43.566277
62.604553 43.569527
62.644615 43.575283
62.736176 43.587734
62.801743 43.597366
62.900368 43.610580
62.938946 43.616749
62.983162 43.622238
62.998730 43.624336
63.091438 43.636772
63.113144 43.640308
63.208065 43.652493
63.247856 43.657131
63.368275 43.671619
63.372066 43.671696
63.381351 43.673389
63.388889 43.672855
63.456635 43.662766
63.521862 43.657101
63.583061 43.652477
63.605957 43.650597
63.731739 43.640629
63.860027 43.634537
63.911880 43.628086
63.993629 43.624382
63.998344 43.624069
64.040085 43.621330
64.053871 43.620239
64.148117 43.615154
64.159157 43.615093
64.172241 43.613098
64.203117 43.612549
64.218750 43.610889
64.308464 43.608181
64.312508 43.607525
64.316566 43.607098
64.324135 43.606960
64.344978 43.607090
64.361900 43.605808
64.372963 43.605953
64.466988 43.602215
64.481194 43.602196
64.513847 43.600330
64.518166 43.602634
64.519424 43.602573
64.525078 43.602287
64.527321 43.602634
64.536537 43.603313
64.581619 43.619160
64.622467 43.633366
64.633949 43.637825
64.645752 43.642265
64.664314 43.647968
64.672577 43.651669
64.763985 43.684547
64.779243 43.688564
64.905441 43.729374
64.915565 43.732502
64.947090 43.743660
64.950203 43.746243
64.956390 43.747974
64.965240 43.750938
65.000000 43.763226
65.010262 43.766853
65.054802 43.774979
65.078102 43.776680
65.114418 43.775593
65.132240 43.770466
65.148720 43.761513
65.170242 43.743549
65.183319 43.723534
65.184570 43.723461
65.188828 43.712891
65.199539 43.694607
65.207977 43.681736
65.246231 43.622627
65.251015 43.617077
65.255035 43.610420
65.255394 43.607872
65.267227 43.588600
65.274933 43.578060
65.275795 43.574337
65.294136 43.545273
65.310196 43.533329
65.337891 43.515205
65.415649 43.456264
65.446114 43.438171
65.490158 43.409164
65.560333 43.363651
65.651077 43.303516
65.683548 43.207592
65.695526 43.180447
65.709724 43.148106
65.722221 43.117474
65.740501 43.074535
65.763412 43.020287
65.769218 43.002697
65.770187 43.000458
65.791946 42.950050
65.806732 42.915592
65.814423 42.895580
65.827187 42.868134
65.859070 42.879227
65.916039 42.899055
65.999962 42.928074
66.017029 42.933960
66.099205 42.962193
66.100571 42.934528
66.101219 42.880024
66.101906 42.781628
66.103523 42.688454
66.103455 42.669617
66.103836 42.610809
66.104210 42.590061
66.105141 42.548409
66.106720 42.462830
66.106392 42.421028
66.107254 42.365829
66.105667 42.347321
66.093010 42.350220
66.079498 42.356392
66.016434 42.378422
66.015419 42.368610
66.014091 42.355831
66.014427 42.352188
66.015327 42.342659
66.014488 42.335522
66.014038 42.331715
66.013985 42.318409
66.013908 42.301624
66.013939 42.284653
66.013954 42.275665
66.013939 42.267624
66.012985 42.251507
66.013824 42.240288
66.013596 42.233883
66.013557 42.232727
66.012939 42.217617
66.012413 42.204544
66.012436 42.201103
66.012505 42.192131
66.012085 42.184124
66.011765 42.177937
66.011635 42.167076
66.011444 42.151329
66.011414 42.148552
66.010803 42.133209
66.010513 42.117142
66.010902 42.100533
66.011078 42.092983
66.010513 42.083717
66.010071 42.076508
66.009758 42.067242
66.009186 42.050613
66.009399 42.033600
66.009018 42.016155
66.008636 41.999012
66.008400 41.988403
66.007736 41.983837
66.006905 41.978165
66.007568 41.966644
66.008545 41.943497
66.050400 41.939713
66.065857 41.937775
66.095688 41.935120
66.113693 41.933929
66.217773 41.924683
66.243347 41.922501
66.306053 41.917103
66.414627 41.907131
66.478210 41.901569
66.530762 41.896294
66.531357 41.893723
66.547722 41.761799
66.557213 41.685749
66.561935 41.642666
66.569145 41.575512
66.570587 41.565067
66.580116 41.477528
66.593147 41.354809
66.599640 41.309307
66.601532 41.278152
66.606102 41.251404
66.622604 41.249531
66.655029 41.248348
66.813431 41.239819
66.931404 41.234077
67.000000 41.227798
67.113113 41.222404
67.151764 41.220528
67.252213 41.211937
67.278992 41.211876
67.311172 41.211792
67.329460 41.202656
67.348343 41.200588
67.375351 41.207329
67.402832 41.210590
67.439934 41.209702
67.606422 41.205555
67.743477 41.201950
67.772903 41.202152
67.779091 41.202194
67.803452 41.193424
67.846359 41.160240
67.873695 41.164539
67.895943 41.184849
67.904099 41.187881
67.924042 41.195293
67.948540 41.197945
67.986115 41.194752
68.029266 41.196613
68.041718 41.190144
68.052742 41.179005
68.054276 41.175411
68.055428 41.172710
68.071068 41.162228
68.107109 41.154362
68.181213 41.156864
68.209679 41.149517
68.216713 41.147697
68.268433 41.131634
68.297119 41.119160
68.322357 41.115017
68.356529 41.113808
68.366280 41.112644
68.387901 41.110065
68.436615 41.109901
68.443146 41.106110
68.450363 41.091999
68.462532 41.078979
68.470314 41.079300
68.495392 41.076279
68.500252 41.067024
68.500252 41.067024
68.519112 41.031078
68.521553 41.022961
68.525986 41.018204
68.534904 41.013107
68.544632 41.008270
68.559944 41.008011
68.571526 41.011292
68.583221 41.020893
68.595345 41.026733
68.606705 41.027050
68.607666 41.025043
68.609253 41.021744
68.608017 41.010509
68.609673 40.995888
68.612465 40.990810
68.626816 40.986691
68.644203 40.992653
68.664581 40.989338
68.672501 40.983116
68.669495 40.977661
68.638283 40.968704
68.634209 40.962971
68.634041 40.960415
68.633591 40.953671
68.645256 40.936329
68.647888 40.937988
68.647888 40.937988
68.676353 40.955898
68.687912 40.958191
68.710312 40.966854
68.715973 40.967648
68.744804 40.987457
68.748451 40.993176
68.748528 40.993748
68.751671 41.017899
68.767357 41.045185
68.798965 41.076839
68.803253 41.079380
68.813545 41.097404
68.818916 41.104641
68.819946 41.106030
68.827782 41.112446
68.829521 41.116215
68.862572 41.149303
68.871490 41.157154
68.893089 41.171692
68.897064 41.177422
68.907150 41.185795
68.921883 41.193283
68.930481 41.192165
68.940331 41.190891
68.944954 41.193218
68.947350 41.196564
68.948700 41.216587
68.951431 41.222702
68.957878 41.228111
68.981422 41.241821
68.986298 41.247829
68.988197 41.253208
68.987709 41.276569
68.990433 41.292084
68.992393 41.293945
69.000717 41.301834
69.003716 41.308422
69.033241 41.342171
69.036690 41.344200
69.044228 41.344849
69.050507 41.342903
69.063286 41.333527
69.074333 41.332535
69.088509 41.339966
69.089043 41.343895
69.098213 41.357647
69.103645 41.365795
69.104820 41.372505
69.113228 41.386269
69.149025 41.400154
69.161476 41.406792
69.171051 41.414883
69.175819 41.428665
69.184830 41.445892
69.194748 41.451538
69.195518 41.451977
69.209656 41.457096
69.231461 41.461712
69.242073 41.462284
69.249863 41.460407
69.273735 41.462605
69.285835 41.460270
69.307442 41.450874
69.317528 41.450493
69.322212 41.452576
69.341263 41.454044
69.345947 41.456123
69.353432 41.456425
69.363853 41.456841
69.369385 41.459652
69.375381 41.460655
69.391624 41.459675
69.423141 41.454903
69.431969 41.458340
69.438759 41.470612
69.439293 41.474766
69.432159 41.479439
69.414001 41.487202
69.406853 41.496002
69.405113 41.501640
69.406380 41.504456
69.409851 41.508755
69.420883 41.522408
69.457184 41.545609
69.464325 41.547581
69.472649 41.546635
69.498978 41.552345
69.514908 41.558434
69.519981 41.563049
69.528946 41.583992
69.530807 41.588356
69.539490 41.597050
69.558395 41.610847
69.567688 41.619572
69.588333 41.631157
69.594612 41.639496
69.621071 41.658016
69.632347 41.661793
69.650841 41.664291
69.659225 41.665424
69.691628 41.672302
69.706451 41.677620
69.717926 41.686207
69.722191 41.693295
69.728935 41.696606
69.747108 41.698639
69.752480 41.696613
69.796661 41.701973
69.801025 41.704414
69.815041 41.712257
69.832802 41.719074
69.843506 41.719128
69.859566 41.713711
69.869492 41.708458
69.881409 41.697796
69.885460 41.696846
69.896423 41.697365
69.925995 41.705643
69.945213 41.713425
69.947159 41.714939
69.952103 41.718792
69.984550 41.780811
69.990250 41.785889
70.000000 41.788010
70.004990 41.789097
70.013351 41.787884
70.021599 41.777035
70.020508 41.768047
70.023956 41.763397
70.027168 41.762600
70.031761 41.761467
70.038948 41.763405
70.045891 41.768307
70.053421 41.788361
70.061714 41.802948
70.071602 41.809361
70.085831 41.815056
70.090759 41.818489
70.146156 41.837921
70.147049 41.838234
70.159737 41.844303
70.172508 41.860691
70.181145 41.875286
70.188591 41.893261
70.198029 41.905598
70.206398 41.912159
70.221100 41.920147
70.238632 41.939342
70.240295 41.941162
70.265366 41.950058
70.277061 41.949657
70.287712 41.958603
70.308495 41.963634
70.321854 41.969486
70.330894 41.975609
70.332695 41.980042
70.332596 41.993095
70.330467 42.004688
70.325317 42.015465
70.325211 42.019863
70.325020 42.027138
70.322617 42.034363
70.329361 42.042446
70.363503 42.057899
70.370026 42.068951
70.381615 42.078156
70.391090 42.082912
70.395859 42.088844
70.399643 42.115585
70.401390 42.120220
70.402451 42.123039
70.410500 42.130482
70.417107 42.132599
70.425407 42.132721
70.433304 42.130077
70.491577 42.091980
70.509766 42.083347
70.520065 42.081257
70.522469 42.077919
70.534409 42.073742
70.546463 42.069523
70.553070 42.063381
70.558319 42.054893
70.555946 42.028908
70.556404 42.022739
70.559158 42.018730
70.575394 42.015274
70.601913 41.997066
70.610931 41.996681
70.623352 41.999165
70.626961 42.000824
70.628639 42.003548
70.631783 42.008648
70.630623 42.011810
70.654457 42.059967
70.674179 42.088940
70.674065 42.099014
70.677322 42.109222
70.686874 42.119568
70.693581 42.126827
70.704010 42.131599
70.714836 42.139359
70.726723 42.153805
70.744438 42.164360
70.762558 42.186607
70.777122 42.198406
70.785156 42.202385
70.789734 42.207375
70.795715 42.209900
70.799156 42.209881
70.800957 42.209873
70.807953 42.206711
70.815292 42.198750
70.823975 42.193588
70.839043 42.193943
70.864540 42.208214
70.875282 42.213207
70.885307 42.215195
70.899376 42.221230
70.907341 42.226341
70.930260 42.249249
70.940224 42.259197
70.945557 42.262375
70.954765 42.262951
70.975182 42.257534
70.989937 42.258083
71.003204 42.267208
71.017052 42.276726
71.034653 42.281044
71.041801 42.284740
71.060387 42.288174
71.070282 42.287846
71.096619 42.276669
71.114075 42.273865
71.134460 42.273224
71.154762 42.264561
71.156471 42.263420
71.226898 42.216278
71.243912 42.210232
71.257988 42.202023
71.261139 42.195950
71.253448 42.186062
71.252335 42.179382
71.253052 42.176006
71.253647 42.173244
71.251350 42.160797
71.247025 42.156296
71.237358 42.153439
71.235657 42.151089
71.222221 42.144661
71.217178 42.136925
71.213623 42.134739
71.186226 42.139725
71.168411 42.139317
71.156250 42.137051
71.145149 42.132759
71.127937 42.120502
71.087257 42.091499
71.069756 42.086506
71.031731 42.057396
71.016998 42.052498
71.001297 42.043896
70.998650 42.041927
70.989006 42.034733
70.980522 42.033043
70.966232 42.026321
70.949638 42.026382
70.932220 42.029617
70.918716 42.033916
70.898003 42.044807
70.891747 42.046398
70.874535 42.046425
70.861641 42.041805
70.857979 42.037083
70.856461 42.030113
70.855415 42.025303
70.851738 42.020809
70.841415 42.014683
70.834137 42.000202
70.835648 41.996136
70.849136 41.983147
70.853722 41.974621
70.850250 41.945168
70.843765 41.936901
70.824539 41.922409
70.823280 41.922081
70.815201 41.919983
70.796173 41.920155
70.773689 41.925915
70.759056 41.933353
70.754372 41.930187
70.750710 41.916988
70.746948 41.913860
70.738060 41.913738
70.718987 41.918934
70.704941 41.918140
70.681381 41.909637
70.679237 41.908863
70.656586 41.891453
70.640602 41.866753
70.632515 41.860012
70.616798 41.852955
70.608337 41.847111
70.601196 41.827576
70.578529 41.815678
70.554337 41.802963
70.538704 41.799107
70.527466 41.793827
70.514099 41.784336
70.508881 41.776329
70.507759 41.762764
70.509300 41.754356
70.506973 41.740513
70.493301 41.720226
70.492378 41.718857
70.475807 41.709126
70.456444 41.700481
70.444717 41.697891
70.400017 41.679615
70.393578 41.675903
70.380943 41.661385
70.360901 41.646896
70.348259 41.637749
70.329834 41.631218
70.315781 41.631290
70.307709 41.632999
70.301682 41.632046
70.265778 41.607094
70.259720 41.606598
70.251625 41.608528
70.238007 41.608959
70.222992 41.606998
70.214928 41.604446
70.195557 41.598312
70.186630 41.588913
70.180649 41.576817
70.180748 41.552208
70.178894 41.544792
70.182648 41.524574
70.186180 41.518547
70.199760 41.512512
70.219086 41.513546
70.226768 41.513954
70.247192 41.510052
70.253197 41.511238
70.256607 41.510471
70.265038 41.511761
70.267021 41.513683
70.276253 41.516384
70.297211 41.517307
70.320290 41.514427
70.348724 41.505363
70.357292 41.500923
70.362335 41.494732
70.366394 41.486439
70.371010 41.477013
70.381706 41.468540
70.394493 41.468636
70.407127 41.466663
70.413223 41.462570
70.422249 41.451965
70.433273 41.443047
70.441078 41.440403
70.451607 41.433983
70.458244 41.426708
70.462036 41.424809
70.465637 41.417404
70.476738 41.403217
70.477356 41.402882
70.483398 41.399605
70.519363 41.398605
70.528404 41.399673
70.547707 41.410103
70.564758 41.422264
70.573608 41.434311
70.583656 41.442516
70.594818 41.448017
70.614708 41.452713
70.627739 41.455788
70.636650 41.454548
70.639015 41.455563
70.644302 41.453945
70.654289 41.454811
70.678864 41.468636
70.685524 41.469135
70.711800 41.463558
70.715942 41.460976
70.724907 41.441872
70.740814 41.423595
70.768608 41.391636
70.780083 41.375378
70.790627 41.341908
70.785271 41.322918
70.776917 41.308929
70.776299 41.307907
70.777740 41.278656
70.783142 41.266506
70.796616 41.251701
70.798828 41.246063
70.794960 41.236294
70.779060 41.220779
70.778488 41.202900
70.781891 41.192184
70.783157 41.188202
70.793877 41.178169
70.812431 41.172421
70.819527 41.174992
70.826004 41.182114
70.832817 41.197495
70.843987 41.215790
70.854134 41.226948
70.861176 41.230431
70.869545 41.232132
70.875359 41.231441
70.886726 41.223328
70.886726 41.223328
70.899185 41.209438
70.917816 41.200569
70.937683 41.186584
70.944122 41.175571
70.949463 41.166435
70.961678 41.163090
71.019287 41.192665
71.032074 41.193211
71.046371 41.184780
71.058678 41.180134
71.076004 41.176991
71.079346 41.171410
71.079346 41.171410
71.089195 41.160351
71.098068 41.154270
71.124260 41.147221
71.133003 41.147770
71.134926 41.148609
71.143906 41.152519
71.161758 41.166904
71.167358 41.169395
71.177673 41.169083
71.187836 41.180893
71.195404 41.185745
71.202385 41.185539
71.211647 41.168247
71.217766 41.167320
71.224503 41.170998
71.223640 41.179893
71.226562 41.186405
71.231834 41.189339
71.239899 41.191231
71.242363 41.190964
71.246300 41.190540
71.257469 41.186359
71.266937 41.180286
71.272514 41.173389
71.278198 41.150013
71.273346 41.110935
71.276375 41.106007
71.284653 41.104237
71.295723 41.106228
71.307625 41.114628
71.313126 41.118511
71.321747 41.130943
71.326683 41.154041
71.334190 41.160736
71.345299 41.165691
71.356865 41.165806
71.365234 41.162663
71.382401 41.149063
71.387428 41.140995
71.391006 41.120579
71.392494 41.112103
71.395798 41.107410
71.401413 41.104630
71.412872 41.105247
71.427368 41.115810
71.435074 41.123623
71.435631 41.129593
71.451019 41.155972
71.457886 41.188473
71.460815 41.193436
71.477180 41.221161
71.476303 41.225708
71.470734 41.232845
71.464493 41.235844
71.452187 41.238861
71.448189 41.244907
71.448280 41.253609
71.453827 41.267525
71.448532 41.280167
71.449654 41.286842
71.457039 41.295330
71.463997 41.300053
71.471924 41.305439
71.480774 41.314892
71.487694 41.316036
71.505478 41.307701
71.519913 41.310009
71.528984 41.315800
71.535919 41.316715
71.548126 41.315514
71.556831 41.311905
71.569923 41.300659
71.576424 41.298355
71.582809 41.298103
71.587845 41.300327
71.591003 41.303402
71.594215 41.312469
71.596497 41.318916
71.600105 41.319489
71.600174 41.323612
71.603821 41.328991
71.616730 41.336960
71.623657 41.348625
71.629204 41.352692
71.637024 41.348595
71.641876 41.348747
71.647659 41.364723
71.655525 41.376186
71.669762 41.387852
71.676155 41.398582
71.671043 41.404530
71.658920 41.418636
71.659767 41.425301
71.669373 41.438423
71.676781 41.458340
71.674034 41.469467
71.669991 41.476433
71.663284 41.482174
71.650902 41.485901
71.626152 41.487633
71.619232 41.491531
71.618530 41.496349
71.618233 41.498367
71.619904 41.501167
71.623398 41.504025
71.629677 41.506058
71.644753 41.508595
71.650703 41.511074
71.660301 41.519157
71.676735 41.541191
71.693443 41.552933
71.701279 41.554550
71.719246 41.554649
71.726006 41.553715
71.730766 41.550201
71.733551 41.543877
71.730568 41.539131
71.724304 41.529171
71.725578 41.517082
71.722801 41.512188
71.724533 41.497364
71.728020 41.489235
71.726608 41.481636
71.716705 41.468056
71.698532 41.450092
71.696480 41.443165
71.698723 41.435680
71.707573 41.424057
71.716629 41.419762
71.722519 41.423149
71.723839 41.432343
71.715042 41.443058
71.717728 41.449547
71.723267 41.453838
71.731316 41.456837
71.739555 41.456406
71.746178 41.452030
71.748306 41.440884
71.752930 41.434158
71.759560 41.435280
71.763283 41.439510
71.765747 41.467052
71.767052 41.467907
71.768684 41.468971
71.776680 41.467384
71.799294 41.431458
71.816589 41.420765
71.829651 41.409489
71.843025 41.392269
71.837471 41.371048
71.838852 41.367886
71.840439 41.367043
71.844162 41.365070
71.861633 41.367882
71.869049 41.377026
71.877960 41.380951
71.886093 41.376389
71.889145 41.370300
71.885590 41.356922
71.886299 41.349163
71.892319 41.338585
71.910797 41.321739
71.926964 41.314201
71.932739 41.314144
71.934044 41.312351
71.934242 41.311626
71.935165 41.308266
71.922951 41.286167
71.912720 41.272827
71.895813 41.259743
71.888000 41.246696
71.875954 41.233524
71.869049 41.220734
71.862007 41.200848
71.863602 41.197460
71.871643 41.194267
71.883812 41.193256
71.885162 41.190552
71.883354 41.178829
71.890358 41.172173
71.925423 41.161537
71.937576 41.160748
71.947441 41.157146
71.953117 41.158684
71.972527 41.170002
71.980988 41.170246
71.990494 41.168945
71.998978 41.167786
72.023743 41.162773
72.061279 41.144386
72.076042 41.139538
72.083542 41.140892
72.102921 41.153099
72.124229 41.163067
72.137566 41.162685
72.140602 41.162601
72.163277 41.156811
72.173080 41.160740
72.182816 41.159630
72.192726 41.154861
72.199066 41.148857
72.203659 41.141201
72.206909 41.117039
72.211716 41.104813
72.212440 41.089275
72.215576 41.077518
72.218674 41.065880
72.228363 41.052414
72.225700 41.044792
72.218269 41.035671
72.212135 41.031162
72.206802 41.028961
72.179543 41.024109
72.176170 41.018757
72.178154 41.015152
72.185982 41.009186
72.200348 41.002556
72.214798 41.002747
72.221886 41.004787
72.223129 41.005150
72.232742 41.010208
72.276459 41.024857
72.292931 41.027805
72.319138 41.042892
72.335098 41.057484
72.343605 41.063194
72.351692 41.064770
72.358665 41.064262
72.361000 41.062122
72.361816 41.061367
72.366646 41.061489
72.390472 41.055687
72.406921 41.045803
72.411507 41.044548
72.421455 41.045021
72.430573 41.043648
72.433334 41.041275
72.447769 41.037209
72.466438 41.038582
72.483170 41.035786
72.497581 41.030647
72.500816 41.025463
72.502205 41.017307
72.503227 41.011341
72.500931 41.000774
72.483185 40.975918
72.483368 40.972183
72.487434 40.968563
72.490585 40.968922
72.500572 40.980698
72.505463 40.981640
72.510796 40.982018
72.520912 40.978142
72.529930 40.971725
72.539902 40.956867
72.550026 40.945957
72.555679 40.939857
72.558609 40.934666
72.571136 40.923298
72.573448 40.918320
72.572868 40.902985
72.575493 40.890469
72.581711 40.885811
72.592125 40.881481
72.617966 40.875675
72.621681 40.873245
72.646706 40.865128
72.651718 40.863731
72.680809 40.855610
72.692734 40.858852
72.707512 40.858265
72.732071 40.854008
72.752296 40.860626
72.772354 40.863804
72.786942 40.860233
72.810349 40.864761
72.834793 40.869484
72.850464 40.869129
72.859604 40.866344
72.868202 40.861721
72.882240 40.848293
72.901100 40.834274
72.909241 40.817062
72.912933 40.814625
72.927170 40.811939
72.938286 40.812622
72.938828 40.814232
72.952278 40.816788
72.956322 40.821671
72.970207 40.827156
72.978851 40.835079
72.991333 40.835384
72.999001 40.838833
72.997955 40.845360
72.995773 40.847603
72.983200 40.854218
72.975693 40.862301
72.984840 40.885578
72.989830 40.889332
72.999176 40.889286
73.000282 40.887272
73.001419 40.885216
73.021072 40.865246
73.028076 40.862865
73.040451 40.861961
73.058884 40.851109
73.064957 40.849396
73.069740 40.850628
73.085457 40.858013
73.109528 40.858463
73.118011 40.856792
73.127251 40.850559
73.131081 40.843540
73.131203 40.842632
73.132271 40.834644
73.127754 40.815815
73.122948 40.806122
73.113640 40.796120
73.103882 40.790909
73.094917 40.789139
73.068489 40.778584
73.059219 40.777035
73.041679 40.770985
73.021736 40.768822
73.005722 40.767086
72.992073 40.752872
72.966980 40.739571
72.936768 40.726849
72.927536 40.724373
72.919136 40.723976
72.918068 40.720295
72.899254 40.716938
72.888344 40.711227
72.883675 40.709538
72.870247 40.704678
72.865616 40.700008
72.848595 40.688908
72.830475 40.683266
72.815262 40.680656
72.799332 40.681000
72.790840 40.683105
72.773788 40.681366
72.767105 40.675503
72.766098 40.670223
72.769073 40.662971
72.777168 40.655373
72.777481 40.653149
72.777977 40.649673
72.761848 40.639721
72.759705 40.632816
72.763504 40.587627
72.762070 40.569992
72.757072 40.567368
72.748116 40.566486
72.736832 40.571495
72.725334 40.582214
72.724251 40.582836
72.716133 40.587498
72.683525 40.593170
72.676567 40.587067
72.675560 40.574471
72.656776 40.564213
72.653633 40.560253
72.649094 40.537048
72.636665 40.519398
72.628983 40.518017
72.622093 40.516773
72.613083 40.517479
72.582977 40.535980
72.570618 40.537746
72.551170 40.537056
72.536232 40.543331
72.516457 40.557716
72.505539 40.560654
72.490746 40.555950
72.486229 40.556526
72.485245 40.557278
72.476318 40.564060
72.456581 40.584152
72.444786 40.600552
72.414551 40.619923
72.406052 40.622971
72.391174 40.619335
72.384720 40.615971
72.369164 40.614887
72.362320 40.615677
72.361023 40.615826
72.355766 40.612488
72.352417 40.606915
72.355621 40.602196
72.379890 40.595955
72.386711 40.590866
72.393311 40.577087
72.396744 40.573971
72.419464 40.568596
72.424103 40.565285
72.428253 40.559441
72.429077 40.554203
72.427444 40.550274
72.419937 40.543686
72.414017 40.541939
72.401016 40.541969
72.397537 40.541981
72.391678 40.538860
72.388145 40.530537
72.391167 40.523067
72.401657 40.522877
72.408752 40.525112
72.414459 40.524799
72.420113 40.518768
72.421997 40.502811
72.425049 40.494427
72.428230 40.490162
72.435600 40.485771
72.440926 40.473331
72.426247 40.450394
72.416176 40.429272
72.422157 40.415478
72.420815 40.404926
72.417038 40.402317
72.410507 40.401237
72.399017 40.404148
72.386421 40.404972
72.378540 40.407516
72.368767 40.412067
72.362198 40.418758
72.337128 40.437084
72.335304 40.438416
72.321198 40.446053
72.314842 40.447716
72.297707 40.442696
72.290672 40.446171
72.279961 40.458008
72.273521 40.461494
72.254074 40.461208
72.248299 40.463112
72.244537 40.466900
72.244408 40.469639
72.251640 40.488354
72.250252 40.492432
72.240463 40.496971
72.233971 40.496563
72.215080 40.495377
72.191963 40.499527
72.183510 40.498257
72.172653 40.475407
72.166092 40.467293
72.152489 40.457317
72.142502 40.453381
72.134476 40.452244
72.121742 40.455551
72.107323 40.462826
72.102417 40.465302
72.092476 40.448101
72.098465 40.435463
72.102211 40.419792
72.099190 40.414219
72.085403 40.402397
72.083763 40.392979
72.077507 40.386398
72.070770 40.383465
72.047935 40.379616
72.043877 40.376984
72.040474 40.371967
72.038025 40.368355
72.025406 40.357475
72.014359 40.351212
71.997063 40.332420
71.971420 40.323898
71.960060 40.317413
71.951218 40.309654
71.948593 40.305328
71.949249 40.301624
71.953285 40.297020
71.974312 40.293167
71.974762 40.292904
71.989914 40.283970
71.995560 40.278416
71.994171 40.270374
71.969963 40.253204
71.960114 40.235313
71.953812 40.230095
71.939476 40.224644
71.926041 40.224930
71.918442 40.227676
71.903252 40.237259
71.898720 40.240120
71.891167 40.241951
71.891167 40.241951
71.872559 40.244133
71.862526 40.247715
71.855057 40.247948
71.849815 40.245499
71.844658 40.241455
71.841782 40.233593
71.842911 40.229057
71.858795 40.210335
71.860519 40.205814
71.859253 40.201431
71.851776 40.196175
71.842987 40.193161
71.831337 40.193722
71.818336 40.185776
71.812149 40.182983
71.777580 40.167366
71.761353 40.164345
71.749054 40.160301
71.729080 40.149384
71.721382 40.148453
71.716194 40.150803
71.706192 40.164890
71.696800 40.173279
71.691666 40.174488
71.683853 40.181099
71.682716 40.183193
71.680542 40.187164
71.684196 40.218609
71.680191 40.231972
71.665344 40.247044
71.654266 40.253090
71.637482 40.254375
71.611038 40.252373
71.608688 40.246349
71.608536 40.239140
71.608521 40.238571
71.613731 40.214729
71.609230 40.199036
71.610947 40.189716
71.608444 40.186432
71.602158 40.186913
71.584572 40.202797
71.562805 40.202766
71.551056 40.199631
71.545013 40.201031
71.531128 40.209259
71.529411 40.209843
71.492798 40.222378
71.488106 40.231365
71.492188 40.253685
71.490723 40.258438
71.486908 40.262424
71.458824 40.262844
71.445534 40.265594
71.438667 40.265587
71.425606 40.269485
71.420654 40.272472
71.411987 40.277706
71.388382 40.298157
71.379448 40.302650
71.368858 40.305027
71.358017 40.301445
71.344635 40.300518
71.341042 40.305653
71.343040 40.312130
71.336220 40.316235
71.328522 40.315048
71.303101 40.305687
71.293716 40.304695
71.286774 40.303963
71.280998 40.305584
71.277740 40.310043
71.277321 40.326725
71.271286 40.327652
71.254433 40.324760
71.243965 40.324844
71.222107 40.330456
71.200493 40.331959
71.182678 40.330166
71.158051 40.323814
71.152679 40.322430
71.131439 40.322788
71.118210 40.319321
71.080452 40.297779
71.063042 40.289806
71.032173 40.286804
71.020699 40.284081
71.008980 40.280155
70.975990 40.269096
70.966148 40.264370
70.963158 40.259911
70.969833 40.244614
70.970276 40.237995
70.967613 40.228512
70.916061 40.227425
70.897652 40.226013
70.873772 40.221642
70.868011 40.223015
70.831238 40.202106
70.815208 40.196655
70.777893 40.183949
70.770447 40.183876
70.743683 40.178440
70.713402 40.176517
70.709663 40.174530
70.678001 40.170937
70.657593 40.167206
70.645622 40.165016
70.636574 40.166470
70.627625 40.170670
70.618111 40.182858
70.609520 40.198738
70.602119 40.206207
70.595108 40.220783
70.579720 40.227226
70.568153 40.242756
70.570999 40.244705
70.571724 40.255215
70.572464 40.265820
70.580544 40.282177
70.576561 40.295967
70.568588 40.311192
70.571716 40.325741
70.566574 40.334904
70.550529 40.345894
70.519707 40.356468
70.487633 40.367462
70.452309 40.372948
70.446312 40.375973
70.430779 40.379646
70.423904 40.379578
70.404381 40.372543
70.395065 40.373051
70.385231 40.376507
70.377892 40.382595
70.374016 40.389874
70.368126 40.400932
70.361748 40.406143
70.355637 40.407703
70.352470 40.419991
70.344826 40.429504
70.338768 40.439209
70.338768 40.439209
70.332680 40.449245
70.331505 40.459267
70.334206 40.462589
70.351799 40.466187
70.373344 40.479542
70.399277 40.483189
70.413780 40.488346
70.422951 40.492676
70.456375 40.500629
70.467331 40.504601
70.484650 40.504520
70.494827 40.511383
70.497322 40.524708
70.506874 40.531994
70.509850 40.546711
70.514091 40.553288
70.522758 40.556889
70.535545 40.558243
70.535545 40.558243
70.552238 40.557098
70.562508 40.563046
70.578018 40.563324
70.587357 40.566036
70.606209 40.584225
70.630325 40.620918
70.630325 40.620918
70.638039 40.627148
70.652153 40.630077
70.666740 40.642139
70.677887 40.644928
70.681099 40.649632
70.689964 40.650948
70.698891 40.659100
70.719803 40.662697
70.728485 40.658089
70.735504 40.657585
70.736435 40.668556
70.733467 40.683990
70.732491 40.684799
70.739243 40.688587
70.745369 40.684444
70.759674 40.685093
70.769112 40.694626
70.775597 40.711239
70.775597 40.711239
70.788231 40.719814
70.789673 40.725136
70.784668 40.732258
70.778931 40.736835
70.762932 40.746262
70.753639 40.750008
70.683037 40.752632
70.663452 40.757820
70.659111 40.758972
70.654709 40.761539
70.651138 40.769402
70.651146 40.773521
70.658096 40.790062
70.662308 40.806946
70.665672 40.810516
70.673592 40.809242
70.687920 40.781445
70.700249 40.777370
70.708260 40.779068
70.712440 40.783817
70.709869 40.791962
70.691551 40.810890
70.684235 40.829132
70.673820 40.848392
70.665489 40.855377
70.645432 40.865997
70.634537 40.887524
70.626266 40.896866
70.591499 40.936104
70.566376 40.961838
70.552650 40.972023
70.551865 40.974506
70.534561 40.992096
70.526703 40.996471
70.516594 41.002098
70.483780 41.032986
70.477173 41.036369
70.464211 41.039936
70.448616 41.042244
70.440529 41.041210
70.420532 41.033707
70.412735 41.028790
70.408577 41.023800
70.404549 41.013092
70.411896 40.991886
70.408661 40.986706
70.395340 40.975136
70.389038 40.966621
70.388466 40.954231
70.379585 40.943996
70.373787 40.940765
70.370461 40.928944
70.376755 40.913647
70.376610 40.907688
70.371162 40.899605
70.365494 40.891174
70.357491 40.885326
70.342705 40.881470
70.331169 40.882336
70.316795 40.881016
70.302292 40.873501
70.296654 40.872334
70.287453 40.866428
70.281250 40.864780
70.271088 40.851959
70.265663 40.848053
70.246559 40.841702
70.237869 40.837475
70.214905 40.826305
70.190254 40.829308
70.175636 40.835052
70.168015 40.836079
70.155190 40.834347
70.148605 40.829922
70.144501 40.824696
70.138405 40.810448
70.131744 40.803272
70.111679 40.788425
70.080276 40.765163
70.049408 40.755936
70.026520 40.741123
70.014694 40.738503
70.008636 40.735241
70.000000 40.734291
69.970474 40.731041
69.964783 40.730412
69.948296 40.722298
69.922737 40.703896
69.918205 40.704136
69.883751 40.720337
69.874443 40.720112
69.864738 40.717354
69.850365 40.709324
69.835281 40.696995
69.830101 40.692760
69.823524 40.692211
69.792564 40.698933
69.784218 40.698063
69.777222 40.695427
69.767563 40.688766
69.748810 40.654854
69.737244 40.638935
69.722649 40.631920
69.717041 40.629223
69.701096 40.629341
69.682022 40.627464
69.673187 40.628853
69.667679 40.629948
69.661079 40.636715
69.659325 40.643040
69.650185 40.658154
69.641464 40.661606
69.640518 40.661716
69.626572 40.663368
69.618904 40.668476
69.610855 40.677914
69.583672 40.692791
69.571693 40.705692
69.566338 40.725346
69.547874 40.753490
69.545456 40.756050
69.543549 40.758080
69.531715 40.765717
69.522514 40.767532
69.505577 40.768257
69.450897 40.779839
69.436539 40.785275
69.408020 40.784000
69.400970 40.782024
69.395027 40.774754
69.386879 40.764782
69.361198 40.739361
69.356728 40.729042
69.356911 40.723782
69.349670 40.717438
69.348351 40.712097
69.344215 40.660229
69.343750 40.654343
69.351181 40.635727
69.363380 40.615524
69.357758 40.594627
69.347397 40.590847
69.338722 40.578472
69.339294 40.575523
69.333694 40.571098
69.327202 40.569836
69.308311 40.572712
69.301712 40.572048
69.269028 40.568756
69.252586 40.561447
69.235214 40.551338
69.231369 40.547462
69.229301 40.540707
69.230713 40.535282
69.259682 40.504787
69.273933 40.495354
69.273079 40.482731
69.265572 40.476036
69.265335 40.462273
69.274353 40.454060
69.280617 40.440681
69.283752 40.425869
69.287628 40.419849
69.297768 40.416698
69.296921 40.414383
69.292641 40.402649
69.301392 40.396915
69.307648 40.383537
69.307396 40.369774
69.316399 40.361557
69.339012 40.347893
69.339378 40.327919
69.332130 40.318745
69.332016 40.305496
69.332001 40.303741
69.307655 40.286060
69.289803 40.285004
69.270081 40.286335
69.259964 40.289482
69.251854 40.288998
69.251205 40.287273
69.247993 40.278770
69.255493 40.269218
69.250389 40.255169
69.259254 40.248199
69.289070 40.243725
69.297928 40.236752
69.308411 40.213631
69.316139 40.201591
69.305687 40.194881
69.293571 40.199005
69.281540 40.205162
69.239090 40.205757
69.210846 40.210938
69.194145 40.206810
69.170647 40.205391
69.148010 40.211521
69.141579 40.211128
69.134232 40.210682
69.108727 40.212879
69.085915 40.212734
69.054962 40.220211
68.999466 40.220531
68.979401 40.218941
68.926682 40.214741
68.884277 40.207073
68.875969 40.200924
68.854897 40.192089
68.826958 40.186565
68.824051 40.186958
68.811241 40.188686
68.775322 40.197723
68.754158 40.190323
68.668686 40.169144
68.660339 40.167072
68.621727 40.158195
68.602798 40.156952
68.600990 40.154606
68.538322 40.140610
68.533203 40.130562
68.540298 40.125408
68.542580 40.123825
68.551788 40.117416
68.608406 40.091778
68.635223 40.092289
68.681633 40.099697
68.691986 40.103115
68.709915 40.109035
68.771980 40.122417
68.798676 40.131630
68.847542 40.141335
68.872856 40.146351
68.909142 40.149891
68.977386 40.151665
68.985130 40.147770
68.995628 40.140926
68.998558 40.133789
69.004387 40.119598
69.013115 40.090767
69.014221 40.080215
69.007240 40.069157
68.991074 40.068153
68.957893 40.074207
68.938354 40.074234
68.932327 40.074085
68.922127 40.073837
68.889381 40.068024
68.874687 40.060844
68.864105 40.053299
68.863289 40.045750
68.859444 40.036129
68.856407 40.034061
68.846184 40.038410
68.839806 40.059879
68.828484 40.073029
68.823990 40.078247
68.809982 40.079849
68.797318 40.076542
68.792130 40.071831
68.791458 40.063038
68.798996 40.053524
68.812126 40.044987
68.819389 40.037952
68.820534 40.027401
68.811569 40.004955
68.812378 40.000000
68.844666 39.976772
68.883141 39.939507
68.901192 39.922810
68.912941 39.904339
68.913712 39.891861
68.909538 39.880455
68.894142 39.868343
68.876671 39.866817
68.863167 39.871910
68.850067 39.887531
68.848679 39.917271
68.838303 39.939541
68.819519 39.970615
68.803856 39.985329
68.795174 39.986477
68.785072 39.982861
68.782341 39.976212
68.784164 39.957966
68.806625 39.924900
68.824120 39.892895
68.824944 39.881378
68.816986 39.868134
68.809349 39.863506
68.789322 39.860107
68.782860 39.853539
68.779747 39.836353
68.777016 39.829704
68.771912 39.825981
68.761902 39.824280
68.749710 39.831249
68.743011 39.852474
68.726120 39.867207
68.716240 39.869331
68.699738 39.860096
68.689522 39.852642
68.684418 39.848915
68.673393 39.853931
68.661026 39.856106
68.647354 39.856384
68.645912 39.850666
68.645447 39.837257
68.648552 39.818985
68.651947 39.809334
68.647758 39.796001
68.644974 39.787430
68.634544 39.773266
68.629051 39.758045
68.622520 39.748592
68.608704 39.744080
68.595016 39.743397
68.589851 39.737751
68.586037 39.734951
68.591881 39.724293
68.632568 39.679375
68.629601 39.665058
68.626625 39.650738
68.607475 39.634830
68.575493 39.605759
68.557762 39.594608
68.543945 39.589127
68.541061 39.576721
68.539375 39.563335
68.532623 39.546211
68.523766 39.540630
68.514877 39.534096
68.491547 39.540298
68.466629 39.535988
68.402458 39.543907
68.377403 39.534786
68.362404 39.530270
68.353790 39.532341
68.348930 39.535305
68.336838 39.545113
68.325813 39.549145
68.294998 39.554493
68.256691 39.558041
68.229362 39.555641
68.209412 39.551189
68.193367 39.553379
68.183624 39.559296
68.171349 39.563335
68.155190 39.561691
68.140358 39.562893
68.106941 39.564400
68.086090 39.572407
68.070061 39.575539
68.045235 39.574017
68.034142 39.576107
68.023163 39.582989
68.009735 39.590866
67.990059 39.596920
67.960342 39.598331
67.940468 39.596714
67.899902 39.610733
67.888916 39.617599
67.879181 39.625408
67.860588 39.625679
67.849457 39.626793
67.827408 39.638607
67.806602 39.650398
67.796768 39.654369
67.781731 39.647865
67.760521 39.642403
67.755562 39.642471
67.735855 39.648483
67.713699 39.656445
67.705017 39.656559
67.697472 39.651863
67.686043 39.639553
67.673561 39.635880
67.662338 39.633148
67.648544 39.625656
67.628166 39.600033
67.615715 39.597313
67.584717 39.596733
67.513672 39.576488
67.498711 39.571865
67.496017 39.560398
67.499382 39.542145
67.500458 39.533508
67.491623 39.524982
67.485435 39.525051
67.458305 39.531109
67.443497 39.534145
67.433556 39.532337
67.425880 39.519005
67.425484 39.496960
67.437599 39.482452
67.480782 39.410072
67.498596 39.371525
67.506989 39.358006
67.518967 39.338692
67.523651 39.325214
67.519798 39.317589
67.508705 39.318676
67.493919 39.320763
67.485313 39.322781
67.464256 39.319183
67.430740 39.309967
67.415840 39.305336
67.392281 39.299835
67.387260 39.295094
67.387131 39.287426
67.395378 39.265285
67.425491 39.224689
67.441299 39.212051
67.462097 39.203190
67.500206 39.197002
67.513634 39.190136
67.532028 39.185127
67.549286 39.184921
67.571548 39.188492
67.594910 39.185329
67.616936 39.177383
67.631149 39.149399
67.643387 39.145409
67.677856 39.144009
67.683914 39.139133
67.683708 39.129547
67.676132 39.121014
67.674431 39.098980
67.671539 39.078876
67.680931 39.057655
67.683884 39.023087
67.688683 39.017273
67.700706 39.004646
67.715363 38.999657
67.725235 39.001442
67.731445 39.004238
67.735161 39.005146
67.748596 39.001129
67.753555 39.002979
67.759789 39.006733
67.771011 39.013290
67.771011 39.013290
67.815369 39.016514
67.844559 39.002670
67.864189 39.000469
67.876480 39.000294
67.886551 39.009735
67.899170 39.022980
67.928688 39.022541
67.943489 39.024239
67.965866 39.033489
67.975708 39.033340
67.987717 39.021645
67.999817 39.013783
68.021851 39.009602
68.036804 39.017040
68.061653 39.026237
68.088654 39.023880
68.115349 39.010017
68.134178 38.979008
68.141083 38.961628
68.145943 38.959629
68.184563 38.934032
68.199089 38.926113
68.201164 38.912647
68.198112 38.891590
68.190643 38.887882
68.194908 38.864784
68.196983 38.851318
68.184608 38.847691
68.169670 38.840271
68.156975 38.825134
68.134743 38.819752
68.112564 38.816280
68.095345 38.814644
68.080574 38.812965
68.072960 38.803493
68.080063 38.793785
68.127701 38.741192
68.120041 38.729805
68.110184 38.728050
68.085632 38.726532
68.068184 38.715302
68.058128 38.705868
68.067268 38.680775
68.085991 38.647846
68.085785 38.640171
68.075745 38.630741
68.075493 38.621147
68.072746 38.609676
68.072136 38.586655
68.068878 38.556000
68.068481 38.540653
68.094643 38.513355
68.120796 38.486050
68.142410 38.472252
68.139763 38.464619
68.134560 38.453190
68.126930 38.441799
68.114365 38.428574
68.109024 38.411385
68.118782 38.411224
68.131081 38.414856
68.150810 38.422203
68.160576 38.422039
68.196747 38.406063
68.210899 38.388542
68.227318 38.365215
68.231819 38.351700
68.231438 38.338268
68.233597 38.328632
68.238365 38.324707
68.267387 38.316513
68.298729 38.304432
68.320320 38.292519
68.341614 38.271011
68.362900 38.249496
68.363487 38.247856
68.363342 38.242958
68.379066 38.220394
68.402641 38.194988
68.402229 38.181553
68.394180 38.156746
68.372986 38.099541
68.369926 38.078472
68.362404 38.070934
68.345062 38.059734
68.320099 38.037151
68.284554 37.984032
68.286201 37.957115
68.275948 37.938095
68.277985 37.924618
68.270271 37.909393
68.243279 37.898354
68.216354 37.889225
68.157936 37.880634
68.128754 37.877289
68.111130 37.852619
68.042717 37.736588
68.017799 37.708179
68.005516 37.700695
67.988350 37.691360
67.938751 37.640274
67.915993 37.598366
67.888435 37.556522
67.878555 37.547066
67.854027 37.530144
67.828369 37.463287
67.827362 37.419121
67.833008 37.349884
67.826401 37.271217
67.820770 37.234798
67.805397 37.192757
67.789825 37.184769
67.789825 37.184769
67.782745 37.195091
67.769958 37.206501
67.752144 37.217979
67.733154 37.221451
67.732178 37.221600
67.732178 37.221600
67.698135 37.226742
67.661209 37.236858
67.640312 37.245956
67.633339 37.248451
67.628265 37.246113
67.614120 37.241478
67.595993 37.238503
67.589783 37.228954
67.579666 37.225067
67.566643 37.226032
67.558708 37.230946
67.551033 37.249489
67.539185 37.260059
67.510300 37.272438
67.496223 37.271805
67.484016 37.263123
67.460625 37.246552
67.440308 37.233147
67.419121 37.226967
67.399918 37.219158
67.386856 37.218498
67.353668 37.214043
67.330513 37.209473
67.312233 37.196026
67.299065 37.188141
67.278946 37.184330
67.263962 37.188492
67.240166 37.207172
67.224274 37.217754
67.218353 37.224228
67.210571 37.241146
67.203751 37.254848
67.192764 37.258961
67.172798 37.267166
67.148674 37.264977
67.123680 37.273220
67.107788 37.286190
67.100983 37.303093
67.099205 37.319954
67.098335 37.330387
67.083420 37.342545
67.062485 37.355553
67.036545 37.371002
66.986427 37.384224
66.971375 37.386745
66.949234 37.385303
66.937119 37.381382
66.913895 37.372723
66.875587 37.363361
66.853424 37.358696
66.831238 37.351620
66.819183 37.352497
66.793083 37.356667
66.762947 37.358448
66.735786 37.356998
66.728737 37.355431
66.714615 37.349091
66.697464 37.341965
66.683357 37.337227
66.663246 37.335724
66.646172 37.337410
66.636841 37.341530
66.636841 37.341530
66.635155 37.342274
66.628181 37.351128
66.615158 37.356804
66.594078 37.360909
66.568939 37.360214
66.546783 37.353889
66.525970 37.347595
66.525970 37.347595
66.521278 37.369419
66.517776 37.380821
66.521416 37.392193
66.530762 37.402977
66.549400 37.413723
66.573753 37.423874
66.614532 37.432236
66.639587 37.439522
66.646111 37.452019
66.646210 37.465115
66.637062 37.483948
66.545395 37.571461
66.538284 37.579460
66.532722 37.605103
66.538803 37.662010
66.541786 37.681355
66.544785 37.701839
66.538498 37.728054
66.538559 37.738300
66.539352 37.749683
66.548225 37.791775
66.553299 37.799725
66.564217 37.822449
66.580147 37.841736
66.596756 37.854759
66.610588 37.880882
66.624329 37.892204
66.669762 37.911911
66.679161 37.918694
66.684303 37.932899
66.683708 37.948273
66.676628 37.961967
66.643761 37.991158
66.630196 38.004883
66.620186 38.014034
66.601540 38.023792
66.594360 38.026672
66.581429 38.030140
66.565628 38.035900
66.551239 38.038235
66.496544 38.041855
66.480682 38.038498
66.439583 38.027817
66.427345 38.026714
66.416557 38.029022
66.400009 38.032486
66.379913 38.046768
66.373451 38.050770
66.356918 38.058777
66.346855 38.064491
66.336784 38.068501
66.325279 38.072510
66.313049 38.078796
66.301559 38.088493
66.287186 38.102180
66.273529 38.114159
66.258453 38.135807
66.245522 38.154041
66.235435 38.159176
66.218849 38.159767
66.194336 38.160934
66.143867 38.171795
66.118629 38.178638
66.104927 38.185474
66.099884 38.194580
66.094116 38.201981
66.084015 38.203690
66.075356 38.207104
66.068863 38.208813
66.059479 38.210522
66.050102 38.211090
66.045044 38.213936
66.033501 38.224747
66.023392 38.227589
66.001015 38.227009
65.993797 38.226437
65.975754 38.230980
65.956245 38.241207
65.936729 38.258831
65.915039 38.274742
65.895531 38.278702
65.872421 38.278667
65.851486 38.274082
65.842125 38.262684
65.835663 38.250153
65.830605 38.251282
65.823387 38.251270
65.820503 38.249557
65.816925 38.238735
65.808998 38.235874
65.797447 38.235851
65.756279 38.241447
65.696312 38.252098
65.665215 38.261108
65.637001 38.270691
65.565369 38.291477
65.525551 38.304401
65.481369 38.318996
65.439301 38.338139
65.362335 38.376423
65.300545 38.408493
65.260490 38.433846
65.202110 38.476700
65.088722 38.567463
65.037460 38.605740
65.025040 38.612461
65.000000 38.620701
64.998070 38.621338
64.965973 38.633575
64.939743 38.640736
64.890160 38.656208
64.851479 38.669491
64.826637 38.679489
64.797310 38.696259
64.789253 38.700729
64.775986 38.711971
64.737900 38.730343
64.674889 38.759239
64.652832 38.772644
64.581665 38.805950
64.552254 38.822090
64.522835 38.838230
64.469635 38.876808
64.437080 38.901417
64.403069 38.924858
64.370399 38.952858
64.331024 38.985874
64.322266 38.986320
64.296860 38.981415
64.251419 38.960857
64.229652 38.956562
64.207069 38.956226
64.177116 38.959190
64.158714 38.966305
64.126122 38.986851
64.094971 39.007408
64.056458 39.029545
64.032806 39.041107
63.983864 39.069878
63.931870 39.101990
63.885818 39.129066
63.846523 39.148849
63.798954 39.175865
63.787079 39.181904
63.776627 39.189110
63.745380 39.206734
63.716923 39.228382
63.692055 39.251797
63.685863 39.262486
63.676891 39.268570
63.660133 39.289288
63.582825 39.347488
63.539127 39.383579
63.529449 39.387932
63.508480 39.401154
63.453201 39.430721
63.420414 39.445389
63.358471 39.474773
63.303673 39.503666
63.262142 39.527542
63.170418 39.574108
62.948582 39.696121
62.797974 39.775757
62.487949 39.951393
62.462284 39.969734
62.442657 39.991100
62.439159 40.000000
62.434887 40.014961
62.436298 40.024059
62.429817 40.035717
62.427006 40.064861
62.411346 40.082771
62.400604 40.092972
62.396496 40.099281
62.397095 40.110012
62.411919 40.129875
62.414356 40.151985
62.413784 40.173508
62.405483 40.190258
62.402462 40.210720
62.392349 40.237823
62.389744 40.244545
62.388409 40.263351
62.383453 40.276096
62.384315 40.286137
62.392033 40.301208
62.393166 40.310780
62.391479 40.317928
62.385998 40.326805
62.375080 40.339977
62.365658 40.347839
62.350052 40.357506
62.334572 40.374947
62.333248 40.383453
62.343937 40.408958
62.350376 40.433235
62.349461 40.438297
62.328621 40.445843
62.313766 40.447926
62.297466 40.456459
62.271683 40.477886
62.263668 40.484776
62.236309 40.494114
62.207718 40.508514
62.196369 40.520542
62.188538 40.531082
62.144302 40.556480
62.135452 40.564991
62.128143 40.574368
62.126286 40.579002
62.113071 40.596107
62.110363 40.601685
62.107300 40.612076
62.105492 40.629292
62.099178 40.640694
62.097797 40.643028
62.091011 40.656963
62.080978 40.672138
62.078190 40.676342
62.066814 40.688812
62.062496 40.691124
62.051998 40.698868
62.045460 40.712105
62.042076 40.757744
62.032166 40.769939
62.026402 40.786816
62.014290 40.801632
62.006844 40.810738
62.001633 40.818142
62.000099 40.820320
62.000919 40.824642
61.999332 40.833584
61.998104 40.840515
61.999977 40.847786
62.000320 40.850521
62.001492 40.859867
62.001163 40.867653
62.000969 40.872265
62.000118 40.892406
61.996899 40.900284
61.995815 40.916565
61.995628 40.922977
61.995163 40.924313
61.992729 40.931301
61.991402 40.946903
61.994888 40.966259
61.996368 40.973537
61.994129 40.976589
61.991566 40.980087
61.980572 40.983608
61.976631 40.995396
61.976849 40.999687
61.977161 41.005909
61.970879 41.019138
61.963734 41.027359
61.954723 41.034485
61.946991 41.036995
61.923019 41.047295
61.910717 41.049019
61.900955 41.053417
61.897301 41.058140
61.894451 41.062527
61.897514 41.069534
61.898178 41.075058
61.898533 41.077976
61.890598 41.095135
61.880405 41.109386
61.854057 41.121338
61.813232 41.153599
61.788979 41.159298
61.780685 41.163185
61.756748 41.175739
61.746231 41.184032
61.736694 41.193901
61.712833 41.215137
61.702450 41.219986
61.674969 41.222084
61.660595 41.225891
61.649933 41.231434
61.641117 41.237614
61.635147 41.253105
61.626884 41.264988
61.620445 41.270191
61.608540 41.275303
61.598240 41.275566
61.570229 41.266205
61.531815 41.268543
61.515900 41.272137
61.493584 41.282299
61.481033 41.286728
61.443012 41.291538
61.431763 41.290894
61.421543 41.285877
61.411022 41.273537
61.403870 41.261806
61.403103 41.250610
61.405766 41.228283
61.405083 41.218575
61.398273 41.209824
61.395401 41.205437
61.393070 41.190659
61.389313 41.179878
61.384392 41.170952
61.379906 41.164879
61.372387 41.158649
61.361874 41.153172
61.344803 41.150139
61.339066 41.150497
61.335949 41.148285
61.316818 41.146664
61.299812 41.145222
61.292610 41.146759
61.287407 41.145275
61.264133 41.146030
61.259678 41.148190
61.253559 41.146496
61.238529 41.149120
61.205421 41.161976
61.185329 41.166992
61.178482 41.170116
61.171333 41.173244
61.161018 41.180790
61.158432 41.182949
61.140751 41.197701
61.139603 41.198990
61.138111 41.200047
61.132225 41.204746
61.125439 41.209694
61.117954 41.212143
61.104618 41.211964
61.102341 41.211952
61.088459 41.209099
61.074528 41.209160
61.061836 41.218575
61.058441 41.222950
61.057499 41.224384
61.052219 41.229298
61.046047 41.234688
61.035114 41.234444
61.024513 41.234211
60.999542 41.237411
60.993038 41.237545
60.971558 41.236412
60.947674 41.238026
60.939785 41.238312
60.937035 41.237087
60.930599 41.234928
60.908211 41.236046
60.876572 41.232296
60.861069 41.230759
60.805073 41.232708
60.768887 41.228558
60.768860 41.227642
60.715542 41.227898
60.683716 41.227531
60.623047 41.224892
60.580872 41.222610
60.561806 41.223373
60.505577 41.216480
60.485008 41.217480
60.469357 41.221382
60.453476 41.228024
60.428978 41.238781
60.423813 41.241047
60.413734 41.245987
60.399265 41.253078
60.336330 41.295383
60.306080 41.311584
60.294987 41.317226
60.282692 41.323570
60.276955 41.326408
60.269802 41.330379
60.204071 41.363491
60.159519 41.381439
60.131248 41.394821
60.109665 41.408810
60.106079 41.411827
60.093727 41.432106
60.093346 41.443317
60.096947 41.456093
60.095772 41.473263
60.097626 41.504818
60.103714 41.534950
60.111900 41.548126
60.126442 41.559166
60.152065 41.575562
60.158268 41.580750
60.163658 41.590523
60.163757 41.609516
60.157967 41.624001
60.142807 41.642490
60.133347 41.656792
60.117992 41.673252
60.113049 41.678543
60.108536 41.681572
60.084965 41.708393
60.068573 41.728489
60.066040 41.739502
60.063137 41.747086
60.060196 41.752842
60.066868 41.765808
60.071590 41.772850
60.077744 41.790173
60.081169 41.801323
60.082073 41.804253
60.083630 41.809326
60.088875 41.811558
60.095596 41.811249
60.115002 41.803238
60.130291 41.803288
60.136723 41.803669
60.146439 41.800579
60.151588 41.798225
60.156799 41.796883
60.164665 41.794861
60.179562 41.791016
60.179581 41.791935
60.191090 41.786983
60.203545 41.783394
60.231281 41.766335
60.238598 41.765556
60.256966 41.766918
60.273842 41.756626
60.291462 41.752274
60.297115 41.758835
60.312996 41.758617
60.318562 41.761288
60.319344 41.768372
60.307999 41.779739
60.283573 41.794025
60.262905 41.812611
60.258381 41.815414
60.231373 41.824692
60.195713 41.830635
60.184177 41.834671
60.165730 41.844742
60.157890 41.850098
60.149193 41.858444
60.137684 41.878719
60.126865 41.888462
60.115051 41.894779
60.104706 41.897877
60.062649 41.908203
60.045044 41.916409
60.006504 41.951847
> uzebkistan 1
71.113075 40.038490
71.119759 40.017471
71.126221 40.014053
71.135139 40.014156
71.169983 40.027569
71.178558 40.028343
71.181923 40.026867
71.186012 40.018555
71.185066 40.014633
71.174828 40.007168
71.170502 40.004951
71.167496 40.005524
71.168434 40.000000
71.169426 39.981194
71.167015 39.964363
71.170517 39.960354
71.184837 39.958321
71.211212 39.957733
71.220612 39.957352
71.221603 39.953442
71.216125 39.946892
71.216980 39.941055
71.226837 39.929047
71.229340 39.919754
71.226433 39.914066
71.217155 39.907192
71.210197 39.897316
71.194824 39.883915
71.180450 39.875793
71.155266 39.874878
71.141121 39.879314
71.132637 39.893200
71.112770 39.915276
71.107788 39.915958
71.101456 39.915245
71.096481 39.906734
71.088753 39.894470
71.074577 39.889229
71.062050 39.889725
71.056107 39.894798
71.056847 39.905891
71.067642 39.917072
71.073929 39.926495
71.079750 39.938354
71.087250 39.956436
71.091599 39.964966
71.095123 39.970631
71.096046 39.974945
71.097847 39.983093
71.097244 39.992790
71.087257 40.000000
71.085457 40.009781
71.065498 40.014973
71.034409 40.017452
71.024429 40.020042
71.014099 40.027882
71.007690 40.039528
71.004486 40.051289
71.005898 40.057983
71.005455 40.060120
71.002441 40.074547
71.002380 40.086388
71.005836 40.095490
71.005348 40.112167
71.000648 40.120220
71.000008 40.134605
70.996902 40.141121
71.000381 40.142628
71.000793 40.163685
70.999901 40.168224
70.994537 40.168247
71.003944 40.174786
71.012543 40.175571
71.020439 40.173359
71.030167 40.175102
71.036278 40.181969
71.041191 40.184441
71.052055 40.182339
71.063927 40.169292
71.068321 40.161224
71.081436 40.150688
71.083679 40.131104
71.086510 40.122704
71.086510 40.122704
71.095833 40.105907
71.090172 40.092651
71.091545 40.085091
71.090027 40.077408
71.092545 40.065456
71.095520 40.064312
71.113075 40.038490
