>
-61.711256 -27.999421
-61.711354 -28.000000
-61.714116 -28.016335
-61.728651 -28.102312
-61.728726 -28.102757
-61.731540 -28.119405
-61.735342 -28.141893
-61.739096 -28.164099
-61.740623 -28.173131
-61.742152 -28.182172
-61.745953 -28.204660
-61.746620 -28.208602
-61.747457 -28.213554
-61.747516 -28.213903
-61.748863 -28.221870
-61.749955 -28.228329
-61.753005 -28.246369
-61.754227 -28.253602
-61.755187 -28.259279
-61.756537 -28.267265
-61.757378 -28.272237
-61.757975 -28.275769
-61.758392 -28.278236
-61.759075 -28.282273
-61.759708 -28.286022
-61.759994 -28.287713
-61.760963 -28.293444
-61.763605 -28.309073
-61.767905 -28.334510
-61.771723 -28.357090
-61.772785 -28.363375
-61.773321 -28.366542
-61.773382 -28.366905
-61.774092 -28.371107
-61.774673 -28.374542
-61.775913 -28.381877
-61.776600 -28.385937
-61.777419 -28.390787
-61.779077 -28.400592
-61.788739 -28.457744
-61.789560 -28.462603
-61.789916 -28.464708
-61.790585 -28.468663
-61.792072 -28.477461
-61.793146 -28.483812
-61.795436 -28.497356
-61.798673 -28.516506
-61.799078 -28.518902
-61.799894 -28.523726
-61.800739 -28.528725
-61.801361 -28.532403
-61.803427 -28.544625
-61.804237 -28.549417
-61.805230 -28.555290
-61.806127 -28.560595
-61.807481 -28.568606
-61.809145 -28.578447
-61.810672 -28.587479
-61.811415 -28.591879
-61.812198 -28.596511
-61.813086 -28.601761
-61.815278 -28.614725
-61.815678 -28.617093
-61.817539 -28.628103
-61.819525 -28.639848
-61.821568 -28.651934
-61.823208 -28.661637
-61.823585 -28.663862
-61.829810 -28.700684
-61.830975 -28.707580
-61.831771 -28.712286
-61.837180 -28.744281
-61.841060 -28.767229
-61.841459 -28.769592
-61.841816 -28.771702
-61.843308 -28.780530
-61.846635 -28.800209
-61.847342 -28.804389
-61.848237 -28.809686
-61.849102 -28.814803
-61.850775 -28.824698
-61.851792 -28.830712
-61.852953 -28.837580
-61.854604 -28.847347
-61.855430 -28.852231
-61.856284 -28.857284
-61.857832 -28.866440
-61.858604 -28.871005
-61.858604 -28.871007
-61.859450 -28.876015
-61.859813 -28.878157
-61.860133 -28.880054
-61.860827 -28.884160
-61.861815 -28.890004
-61.862543 -28.894309
-61.862791 -28.895774
-61.863664 -28.900939
-61.864136 -28.903732
-61.865412 -28.911276
-61.867955 -28.926319
-61.870393 -28.940739
-61.873253 -28.957658
-61.876230 -28.975272
-61.877350 -28.981896
-61.879701 -28.995799
-61.896202 -29.093406
-61.914569 -29.202052
-61.918767 -29.226883
-61.920682 -29.238212
-61.928551 -29.284756
-61.930061 -29.293690
-61.932680 -29.309179
-61.936325 -29.330739
-61.936686 -29.332874
-61.937206 -29.335952
-61.949340 -29.407727
-61.950670 -29.415593
-61.956100 -29.447716
-61.960164 -29.471751
-61.960665 -29.474714
-61.965457 -29.503063
-61.966665 -29.510210
-61.966932 -29.511788
-61.968844 -29.523097
-61.970627 -29.533644
-61.974944 -29.559180
-61.974946 -29.559190
-61.975038 -29.559735
-61.978618 -29.580912
-61.979906 -29.588529
-61.981082 -29.595489
-61.986624 -29.628267
-61.986770 -29.629132
-61.988258 -29.637933
-61.988665 -29.640344
-61.989292 -29.644052
-61.992258 -29.661597
-61.992668 -29.664022
-61.992844 -29.665060
-61.993957 -29.671645
-61.995169 -29.678815
-61.995927 -29.683296
-62.001351 -29.715383
-62.011722 -29.776730
-62.016619 -29.805693
-62.021522 -29.834695
-62.036948 -29.925947
-62.052336 -30.016969
-62.053354 -30.022992
-62.066430 -30.100335
-62.079606 -30.178272
-62.085302 -30.211969
-62.129748 -30.474875
-62.130603 -30.479928
-62.131115 -30.478331
-62.139134 -30.453337
-62.143692 -30.439131
-62.146688 -30.429793
-62.153291 -30.409216
-62.160704 -30.386110
-62.167156 -30.366001
-62.173794 -30.345314
-62.176647 -30.345288
-62.232119 -30.344783
-62.256785 -30.344559
-62.270083 -30.344438
-62.320843 -30.343975
-62.515139 -30.341949
-62.520077 -30.341898
-62.521240 -30.338380
-62.521226 -30.334961
-62.522078 -30.330779
-62.523976 -30.326343
-62.524234 -30.326040
-62.527615 -30.322058
-62.531013 -30.317014
-62.531418 -30.316440
-62.533241 -30.313852
-62.534531 -30.312020
-62.537303 -30.309342
-62.539385 -30.307830
-62.540219 -30.307559
-62.543154 -30.306607
-62.544649 -30.304740
-62.545569 -30.302574
-62.547710 -30.301409
-62.550318 -30.300696
-62.552396 -30.299635
-62.554076 -30.298368
-62.556444 -30.296451
-62.558752 -30.294176
-62.560344 -30.291927
-62.561288 -30.290595
-62.562784 -30.288579
-62.564583 -30.287110
-62.566414 -30.286024
-62.566542 -30.285948
-62.568807 -30.284982
-62.571691 -30.282610
-62.573190 -30.280842
-62.574170 -30.279028
-62.576769 -30.277661
-62.578912 -30.275890
-62.580412 -30.273924
-62.582201 -30.272356
-62.585676 -30.271388
-62.587640 -30.270222
-62.589424 -30.268707
-62.590633 -30.266587
-62.591371 -30.263969
-62.592523 -30.261749
-62.593618 -30.259583
-62.593545 -30.257016
-62.593447 -30.254477
-62.593289 -30.252397
-62.592829 -30.250546
-62.592437 -30.248551
-62.591915 -30.246669
-62.591376 -30.244977
-62.591290 -30.244705
-62.590730 -30.242998
-62.590439 -30.240688
-62.589695 -30.235977
-62.589870 -30.233867
-62.591044 -30.231300
-62.590157 -30.228550
-62.591510 -30.224022
-62.593109 -30.223016
-62.594511 -30.221690
-62.595745 -30.220999
-62.597784 -30.219071
-62.598986 -30.217022
-62.599332 -30.213875
-62.599007 -30.213253
-62.598940 -30.213125
-62.597682 -30.212681
-62.596876 -30.212397
-62.596486 -30.211354
-62.595029 -30.209532
-62.595995 -30.208173
-62.596865 -30.207341
-62.598241 -30.204887
-62.598306 -30.204197
-62.599682 -30.201802
-62.596896 -30.199741
-62.596603 -30.197891
-62.599010 -30.195878
-62.601149 -30.192069
-62.601280 -30.191161
-62.601320 -30.190888
-62.599727 -30.190653
-62.598761 -30.190762
-62.598094 -30.191369
-62.597098 -30.191523
-62.596628 -30.191595
-62.596003 -30.190813
-62.596077 -30.188039
-62.595123 -30.186448
-62.594566 -30.184367
-62.595401 -30.183125
-62.595379 -30.181809
-62.595376 -30.181623
-62.594246 -30.181331
-62.593543 -30.181406
-62.592646 -30.181502
-62.592755 -30.180316
-62.592325 -30.178871
-62.592464 -30.177916
-62.595442 -30.173275
-62.595416 -30.171917
-62.594686 -30.171396
-62.594659 -30.169200
-62.595764 -30.168134
-62.596361 -30.167992
-62.596628 -30.167501
-62.596801 -30.165742
-62.596175 -30.164090
-62.594754 -30.162497
-62.593336 -30.160270
-62.592276 -30.159170
-62.591913 -30.157956
-62.588079 -30.152396
-62.587558 -30.150401
-62.585617 -30.149414
-62.584870 -30.149035
-62.583493 -30.148702
-62.583013 -30.148587
-62.582314 -30.148418
-62.580695 -30.145900
-62.579873 -30.144107
-62.579876 -30.144039
-62.579946 -30.142723
-62.579290 -30.140695
-62.578692 -30.139855
-62.577914 -30.136041
-62.577315 -30.135317
-62.576331 -30.132599
-62.576132 -30.131398
-62.576073 -30.131037
-62.573811 -30.130913
-62.572451 -30.130994
-62.571384 -30.130727
-62.571167 -30.130673
-62.570590 -30.130528
-62.569967 -30.128271
-62.570374 -30.126540
-62.567665 -30.123067
-62.567649 -30.120903
-62.567645 -30.120492
-62.566360 -30.117718
-62.564578 -30.114794
-62.564209 -30.113061
-62.563145 -30.108055
-62.563085 -30.106409
-62.563031 -30.103175
-62.561513 -30.101609
-62.561422 -30.099963
-62.562208 -30.097432
-62.562632 -30.096065
-62.564368 -30.094077
-62.564810 -30.092753
-62.563653 -30.090435
-62.563452 -30.089185
-62.563299 -30.088237
-62.563375 -30.086447
-62.561599 -30.083488
-62.560885 -30.082060
-62.560171 -30.079086
-62.558982 -30.077658
-62.558387 -30.076350
-62.558387 -30.074327
-62.558030 -30.072781
-62.557673 -30.070996
-62.557316 -30.069925
-62.557078 -30.068260
-62.556840 -30.066475
-62.556721 -30.065166
-62.556483 -30.062787
-62.571712 -30.061121
-62.575638 -30.060883
-62.577660 -30.061121
-62.578142 -30.061482
-62.578612 -30.061835
-62.579279 -30.062102
-62.580397 -30.062549
-62.581587 -30.063025
-62.581662 -30.063119
-62.582538 -30.064214
-62.582707 -30.063766
-62.582895 -30.063263
-62.584204 -30.062787
-62.586345 -30.063739
-62.588606 -30.062906
-62.590391 -30.062311
-62.591818 -30.060764
-62.593756 -30.060683
-62.594674 -30.060645
-62.595744 -30.060883
-62.596339 -30.060883
-62.598103 -30.061002
-62.600923 -30.059928
-62.601000 -30.059804
-62.601455 -30.059073
-62.603267 -30.059241
-62.605570 -30.059455
-62.607009 -30.058303
-62.608129 -30.057406
-62.608507 -30.056461
-62.609072 -30.055050
-62.612914 -30.053843
-62.618015 -30.054061
-62.622717 -30.052834
-62.623071 -30.052851
-62.627964 -30.053088
-62.628072 -30.053093
-62.631937 -30.053862
-62.634419 -30.054034
-62.634445 -30.054036
-62.634549 -30.054388
-62.634635 -30.054681
-62.635363 -30.054668
-62.641645 -30.054552
-62.642402 -30.054958
-62.643130 -30.055350
-62.643170 -30.055319
-62.645839 -30.053250
-62.646545 -30.053768
-62.647939 -30.054790
-62.648436 -30.054935
-62.649995 -30.055391
-62.654144 -30.055068
-62.655440 -30.055292
-62.657013 -30.054033
-62.657372 -30.053745
-62.658324 -30.052436
-62.660141 -30.051474
-62.660347 -30.051365
-62.660942 -30.050889
-62.661164 -30.050612
-62.661893 -30.049700
-62.662964 -30.049343
-62.663797 -30.048748
-62.664273 -30.046963
-62.664630 -30.045536
-62.665463 -30.044346
-62.666057 -30.043751
-62.667366 -30.042799
-62.668599 -30.042136
-62.668913 -30.041966
-62.670221 -30.041134
-62.671173 -30.039349
-62.672244 -30.038635
-62.672125 -30.037683
-62.673434 -30.036494
-62.674385 -30.036018
-62.674742 -30.035185
-62.674623 -30.034114
-62.673672 -30.032806
-62.672958 -30.031854
-62.671768 -30.030545
-62.670816 -30.029712
-62.670459 -30.028641
-62.670221 -30.028047
-62.669270 -30.027333
-62.668675 -30.026619
-62.668599 -30.026568
-62.667604 -30.025905
-62.666414 -30.025191
-62.665819 -30.023883
-62.665463 -30.022693
-62.664511 -30.021622
-62.663083 -30.020670
-62.662012 -30.020075
-62.660585 -30.018886
-62.659514 -30.017696
-62.659514 -30.016030
-62.658324 -30.014603
-62.657967 -30.013175
-62.657610 -30.012223
-62.657015 -30.010439
-62.657015 -30.009487
-62.656183 -30.008416
-62.654993 -30.007345
-62.655945 -30.005918
-62.656659 -30.005204
-62.657015 -30.004847
-62.657491 -30.004490
-62.657967 -30.003776
-62.658919 -30.002824
-62.659990 -30.001873
-62.661298 -30.000207
-62.662369 -29.999255
-62.663797 -29.998303
-62.665106 -29.998065
-62.666771 -29.997827
-62.667186 -29.998294
-62.667723 -29.998898
-62.668187 -29.998867
-62.668599 -29.998840
-62.669508 -29.998779
-62.671173 -29.998303
-62.673553 -29.997352
-62.674504 -29.997709
-62.675694 -29.998184
-62.676884 -29.997352
-62.678669 -29.997114
-62.679977 -29.997114
-62.681524 -29.996043
-62.682476 -29.996162
-62.683784 -29.995924
-62.686045 -29.996638
-62.687473 -29.996757
-62.688781 -29.996400
-62.691161 -29.995805
-62.691637 -29.994972
-62.693302 -29.992236
-62.695325 -29.991879
-62.696158 -29.991879
-62.696396 -29.991046
-62.697585 -29.989618
-62.699489 -29.988786
-62.701511 -29.988667
-62.703772 -29.988548
-62.704585 -29.988954
-62.705200 -29.989261
-62.705252 -29.989267
-62.706389 -29.989380
-62.707579 -29.989261
-62.709126 -29.989261
-62.710196 -29.988905
-62.711862 -29.988905
-62.713052 -29.989380
-62.713373 -29.989573
-62.714241 -29.990094
-62.715669 -29.991284
-62.716062 -29.991307
-62.717349 -29.991383
-62.717692 -29.991403
-62.718643 -29.991046
-62.719833 -29.989975
-62.720904 -29.990213
-62.721439 -29.990548
-62.721856 -29.990808
-62.722059 -29.990808
-62.723878 -29.990808
-62.725306 -29.990094
-62.726020 -29.989023
-62.727210 -29.988905
-62.728518 -29.987358
-62.728994 -29.986287
-62.729113 -29.984978
-62.729589 -29.984740
-62.730422 -29.983789
-62.731374 -29.983194
-62.732682 -29.982599
-62.733396 -29.982599
-62.734705 -29.982599
-62.736014 -29.982361
-62.737203 -29.981647
-62.738869 -29.981409
-62.739583 -29.980933
-62.741248 -29.979744
-62.742557 -29.979030
-62.743152 -29.977483
-62.744104 -29.976055
-62.746364 -29.974152
-62.747554 -29.972724
-62.748030 -29.971891
-62.749220 -29.970345
-62.749695 -29.969393
-62.751480 -29.967608
-62.753622 -29.966419
-62.755763 -29.966181
-62.758261 -29.966300
-62.761712 -29.966062
-62.764448 -29.966300
-62.766471 -29.966419
-62.768850 -29.966894
-62.771111 -29.967251
-62.772181 -29.966062
-62.774085 -29.965348
-62.775632 -29.964753
-62.777297 -29.964753
-62.779558 -29.964039
-62.781104 -29.963444
-62.782413 -29.963920
-62.782816 -29.964162
-62.783603 -29.964634
-62.783721 -29.964599
-62.785625 -29.964039
-62.786934 -29.963325
-62.788243 -29.962849
-62.790027 -29.961303
-62.791336 -29.960589
-62.791931 -29.959994
-62.792288 -29.958804
-62.792526 -29.957020
-62.792407 -29.955235
-62.791954 -29.953335
-62.791242 -29.952035
-62.790600 -29.951159
-62.790514 -29.951042
-62.790124 -29.950895
-62.789380 -29.950616
-62.788151 -29.949181
-62.787763 -29.948728
-62.787607 -29.946219
-62.787598 -29.946075
-62.787106 -29.945845
-62.786410 -29.945785
-62.785542 -29.945711
-62.785623 -29.944092
-62.785844 -29.942748
-62.786456 -29.942177
-62.787126 -29.939540
-62.787234 -29.939115
-62.787707 -29.938651
-62.788040 -29.938220
-62.788822 -29.937204
-62.789218 -29.936692
-62.789991 -29.936003
-62.790802 -29.934607
-62.790883 -29.934468
-62.791342 -29.933678
-62.791334 -29.930380
-62.791844 -29.928942
-62.792596 -29.928128
-62.792597 -29.928127
-62.793670 -29.927466
-62.793839 -29.927319
-62.795252 -29.926088
-62.796341 -29.925314
-62.797766 -29.924937
-62.798892 -29.923919
-62.799246 -29.923018
-62.799412 -29.922445
-62.799119 -29.921480
-62.799153 -29.920859
-62.799162 -29.920681
-62.799687 -29.920228
-62.800091 -29.919880
-62.800188 -29.918013
-62.801502 -29.915935
-62.801069 -29.915055
-62.800634 -29.914644
-62.800798 -29.912881
-62.801034 -29.911577
-62.800684 -29.910418
-62.800349 -29.909664
-62.800211 -29.908698
-62.800396 -29.908319
-62.800529 -29.908045
-62.800964 -29.907960
-62.801678 -29.908218
-62.803795 -29.908343
-62.805474 -29.907452
-62.806346 -29.906538
-62.806522 -29.906469
-62.807100 -29.906241
-62.807718 -29.905998
-62.808117 -29.905841
-62.809510 -29.905848
-62.810605 -29.905423
-62.811002 -29.905268
-62.811808 -29.903596
-62.812117 -29.903301
-62.812378 -29.903051
-62.813170 -29.903228
-62.814852 -29.903812
-62.817501 -29.904335
-62.819256 -29.904351
-62.819846 -29.904139
-62.819964 -29.904097
-62.820308 -29.903973
-62.820342 -29.903754
-62.820439 -29.903134
-62.820451 -29.901876
-62.821164 -29.900149
-62.822111 -29.897462
-62.822655 -29.896441
-62.823217 -29.895384
-62.823220 -29.895132
-62.823229 -29.894266
-62.822873 -29.893697
-62.822782 -29.892917
-62.822776 -29.892867
-62.823415 -29.891830
-62.823354 -29.891377
-62.823310 -29.891050
-62.823297 -29.890960
-62.822420 -29.889623
-62.822531 -29.888198
-62.822925 -29.887734
-62.824251 -29.887339
-62.824276 -29.887304
-62.825045 -29.886203
-62.826476 -29.885051
-62.826679 -29.884764
-62.827062 -29.884226
-62.827126 -29.883261
-62.826899 -29.882485
-62.825846 -29.881175
-62.825806 -29.880453
-62.826735 -29.878871
-62.826726 -29.878159
-62.826168 -29.877441
-62.825237 -29.876786
-62.825337 -29.875956
-62.826093 -29.875397
-62.826384 -29.875181
-62.827751 -29.874858
-62.828437 -29.874558
-62.829868 -29.873933
-62.830066 -29.873846
-62.830635 -29.874235
-62.830811 -29.874297
-62.831171 -29.874424
-62.831736 -29.874624
-62.831811 -29.874673
-62.831943 -29.874760
-62.832678 -29.874166
-62.833368 -29.873607
-62.835108 -29.873181
-62.836967 -29.872890
-62.837797 -29.871375
-62.837540 -29.870495
-62.837552 -29.869955
-62.837607 -29.867410
-62.838338 -29.866757
-62.838676 -29.865761
-62.838381 -29.865289
-62.838216 -29.865025
-62.837632 -29.864391
-62.837255 -29.863982
-62.836330 -29.863381
-62.836114 -29.862587
-62.835780 -29.861364
-62.835567 -29.861147
-62.835103 -29.860673
-62.834948 -29.860511
-62.834710 -29.860262
-62.834278 -29.860152
-62.833407 -29.859931
-62.833470 -29.859363
-62.833843 -29.858836
-62.834615 -29.858277
-62.834704 -29.857925
-62.834752 -29.857317
-62.834809 -29.856586
-62.834759 -29.854453
-62.834742 -29.853735
-62.834719 -29.852746
-62.834718 -29.852717
-62.833748 -29.851586
-62.832848 -29.850537
-62.831671 -29.849164
-62.827606 -29.846054
-62.828246 -29.843616
-62.828688 -29.843087
-62.829266 -29.842397
-62.827854 -29.841437
-62.826979 -29.840842
-62.824946 -29.839841
-62.824129 -29.838808
-62.823747 -29.838326
-62.823604 -29.838146
-62.823365 -29.837844
-62.823066 -29.837894
-62.821387 -29.838173
-62.819098 -29.837837
-62.818877 -29.837923
-62.817060 -29.838625
-62.816071 -29.838701
-62.815081 -29.838701
-62.814243 -29.838701
-62.814134 -29.838672
-62.813875 -29.838603
-62.813709 -29.838559
-62.813101 -29.838396
-62.812873 -29.838168
-62.812035 -29.837330
-62.811642 -29.837121
-62.810893 -29.836721
-62.809995 -29.836676
-62.809370 -29.836645
-62.809026 -29.837027
-62.808720 -29.837368
-62.808685 -29.837407
-62.807999 -29.837407
-62.807619 -29.836112
-62.806857 -29.835579
-62.806324 -29.834894
-62.805715 -29.834132
-62.805867 -29.833523
-62.806324 -29.832686
-62.805867 -29.831467
-62.806477 -29.830325
-62.807390 -29.829031
-62.807619 -29.827432
-62.807999 -29.826366
-62.808380 -29.825071
-62.808685 -29.823853
-62.807999 -29.823168
-62.807162 -29.821873
-62.806657 -29.821179
-62.806553 -29.821036
-62.805030 -29.820503
-62.804662 -29.820411
-62.803812 -29.820198
-62.803812 -29.819361
-62.804268 -29.818904
-62.804564 -29.818871
-62.804954 -29.818828
-62.805639 -29.818828
-62.806028 -29.818589
-62.806095 -29.818547
-62.806564 -29.818258
-62.806553 -29.818066
-62.807543 -29.817000
-62.807010 -29.815858
-62.807582 -29.815807
-62.807903 -29.815778
-62.808651 -29.815710
-62.808680 -29.815708
-62.808822 -29.815695
-62.808923 -29.815686
-62.810005 -29.815588
-62.815262 -29.815115
-62.825714 -29.814174
-62.836103 -29.813238
-62.846139 -29.812335
-62.858986 -29.811178
-62.914730 -29.806158
-62.924042 -29.805319
-62.927577 -29.805001
-62.938617 -29.804007
-62.945017 -29.803431
-62.947867 -29.803174
-62.985487 -29.799786
-63.010912 -29.797497
-63.028391 -29.795923
-63.062726 -29.792831
-63.150997 -29.784882
-63.167942 -29.783356
-63.195253 -29.780897
-63.207026 -29.779837
-63.215846 -29.779042
-63.223393 -29.778363
-63.228437 -29.777908
-63.237139 -29.777125
-63.248987 -29.776058
-63.252203 -29.775768
-63.252363 -29.775754
-63.257479 -29.775293
-63.269841 -29.774180
-63.270474 -29.774123
-63.337562 -29.768082
-63.405283 -29.761983
-63.411643 -29.761411
-63.415691 -29.761046
-63.423466 -29.760346
-63.424897 -29.760217
-63.432269 -29.759553
-63.452396 -29.757741
-63.459013 -29.757145
-63.459251 -29.725736
-63.480666 -29.725736
-63.477849 -29.714644
-63.476567 -29.709595
-63.474667 -29.702108
-63.472398 -29.693174
-63.468774 -29.678902
-63.465199 -29.664822
-63.465436 -29.664821
-63.497084 -29.664703
-63.497808 -29.664353
-63.498133 -29.664197
-63.498809 -29.663870
-63.499464 -29.663692
-63.500356 -29.663335
-63.501308 -29.663037
-63.502200 -29.662740
-63.502557 -29.662502
-63.502914 -29.662442
-63.503390 -29.662383
-63.503414 -29.662393
-63.503985 -29.662621
-63.504401 -29.662621
-63.504936 -29.662442
-63.505829 -29.662205
-63.506007 -29.662264
-63.507074 -29.662376
-63.507137 -29.662383
-63.507554 -29.662442
-63.508089 -29.662264
-63.508862 -29.661967
-63.509278 -29.661925
-63.509457 -29.661907
-63.509874 -29.662145
-63.509911 -29.662351
-63.509993 -29.662799
-63.510050 -29.663085
-63.510138 -29.663525
-63.510171 -29.663692
-63.510766 -29.664049
-63.511012 -29.664049
-63.511777 -29.664049
-63.512729 -29.664108
-63.513383 -29.664227
-63.514395 -29.663989
-63.514811 -29.663870
-63.515644 -29.663632
-63.516120 -29.663394
-63.516174 -29.663340
-63.516596 -29.662918
-63.517191 -29.662561
-63.517964 -29.662026
-63.518440 -29.661610
-63.519451 -29.660955
-63.520462 -29.660420
-63.521236 -29.660182
-63.522009 -29.660182
-63.522945 -29.660044
-63.524142 -29.658803
-63.525574 -29.658022
-63.527203 -29.657515
-63.530083 -29.657124
-63.530932 -29.657529
-63.531041 -29.657580
-63.531586 -29.658159
-63.531699 -29.658401
-63.532003 -29.659052
-63.532241 -29.659825
-63.532538 -29.660420
-63.533133 -29.660836
-63.533491 -29.660896
-63.534561 -29.661074
-63.535274 -29.661074
-63.536881 -29.661074
-63.538011 -29.660896
-63.539141 -29.660420
-63.540331 -29.660182
-63.541045 -29.660122
-63.541290 -29.660132
-63.542591 -29.660182
-63.543465 -29.660346
-63.543543 -29.660360
-63.543962 -29.660684
-63.544917 -29.661421
-63.545322 -29.661481
-63.547522 -29.661807
-63.550000 -29.662614
-63.553662 -29.663618
-63.556769 -29.663212
-63.558950 -29.663460
-63.562139 -29.662896
-63.565207 -29.662969
-63.567259 -29.663767
-63.568468 -29.663989
-63.570187 -29.663146
-63.572589 -29.661503
-63.574600 -29.660985
-63.576607 -29.660660
-63.576995 -29.660441
-63.578852 -29.659392
-63.580899 -29.658810
-63.582683 -29.658288
-63.585008 -29.657574
-63.587090 -29.657723
-63.587858 -29.657956
-63.588435 -29.658132
-63.589832 -29.658626
-63.590263 -29.658555
-63.590838 -29.658460
-63.592034 -29.657994
-63.592258 -29.658131
-63.592630 -29.658357
-63.592743 -29.658358
-63.596178 -29.658409
-63.598438 -29.658940
-63.599402 -29.659151
-63.600817 -29.659461
-63.601036 -29.659727
-63.601555 -29.660355
-63.602056 -29.660445
-63.602161 -29.660464
-63.603747 -29.660747
-63.605383 -29.661366
-63.606195 -29.660650
-63.608847 -29.660704
-63.609441 -29.660716
-63.609800 -29.660724
-63.610844 -29.660841
-63.612012 -29.660658
-63.612593 -29.659691
-63.614280 -29.658529
-63.615736 -29.657785
-63.617770 -29.656745
-63.618375 -29.656698
-63.620568 -29.656528
-63.623592 -29.655427
-63.625389 -29.655288
-63.625668 -29.655386
-63.626537 -29.655690
-63.627485 -29.656022
-63.627561 -29.656156
-63.628371 -29.657565
-63.629620 -29.659111
-63.630691 -29.659825
-63.631583 -29.660717
-63.631613 -29.660467
-63.631631 -29.660319
-63.631821 -29.658754
-63.632367 -29.657889
-63.632535 -29.657624
-63.633070 -29.656910
-63.634779 -29.656326
-63.635212 -29.656494
-63.635628 -29.656434
-63.635943 -29.655849
-63.636045 -29.655661
-63.636528 -29.655610
-63.637175 -29.655542
-63.637416 -29.655823
-63.637532 -29.655958
-63.637542 -29.655997
-63.637710 -29.656672
-63.637739 -29.657079
-63.637770 -29.657505
-63.637948 -29.657803
-63.638543 -29.658338
-63.639035 -29.658928
-63.639138 -29.659052
-63.639554 -29.659468
-63.639614 -29.659944
-63.639705 -29.660171
-63.639733 -29.660241
-63.639705 -29.660291
-63.639495 -29.660658
-63.639260 -29.661060
-63.639109 -29.661318
-63.639078 -29.661372
-63.639078 -29.661669
-63.639270 -29.662085
-63.639435 -29.662442
-63.640030 -29.662740
-63.640237 -29.662740
-63.640328 -29.662740
-63.640466 -29.662717
-63.641042 -29.662621
-63.641636 -29.662145
-63.642291 -29.661848
-63.642648 -29.661491
-63.642945 -29.660896
-63.643302 -29.660539
-63.643778 -29.659766
-63.643956 -29.659290
-63.644135 -29.658814
-63.644229 -29.658738
-63.644432 -29.658576
-63.644789 -29.658576
-63.644881 -29.659002
-63.644913 -29.659098
-63.644968 -29.659264
-63.645466 -29.660758
-63.646238 -29.660927
-63.647721 -29.661252
-63.648037 -29.661539
-63.648734 -29.662172
-63.649180 -29.662209
-63.649260 -29.662216
-63.650882 -29.662350
-63.651038 -29.662363
-63.652506 -29.661783
-63.653238 -29.661599
-63.653496 -29.661782
-63.653883 -29.662056
-63.654010 -29.662145
-63.654289 -29.662145
-63.654309 -29.662145
-63.654366 -29.662145
-63.654604 -29.662145
-63.655140 -29.662145
-63.655854 -29.661788
-63.656397 -29.661250
-63.656698 -29.661573
-63.656979 -29.661874
-63.657024 -29.661876
-63.657473 -29.661896
-63.657657 -29.661904
-63.658710 -29.661951
-63.659244 -29.661788
-63.659899 -29.661550
-63.660196 -29.661193
-63.660969 -29.660717
-63.661445 -29.660777
-63.662397 -29.660717
-63.663314 -29.660598
-63.663718 -29.660545
-63.663765 -29.660539
-63.664063 -29.660598
-63.664955 -29.660658
-63.665550 -29.660717
-63.666918 -29.660658
-63.667369 -29.660588
-63.667691 -29.660539
-63.667989 -29.660182
-63.668643 -29.660301
-63.669079 -29.660301
-63.669417 -29.660301
-63.669659 -29.660705
-63.669774 -29.660896
-63.670011 -29.661312
-63.670011 -29.661429
-63.670011 -29.661550
-63.670130 -29.662026
-63.670361 -29.662141
-63.670554 -29.662238
-63.670606 -29.662264
-63.670686 -29.662244
-63.670844 -29.662205
-63.670913 -29.662159
-63.670928 -29.662149
-63.671201 -29.661967
-63.671677 -29.661848
-63.672153 -29.661907
-63.671915 -29.662323
-63.671558 -29.662561
-63.671511 -29.662655
-63.671320 -29.663037
-63.671240 -29.663317
-63.671218 -29.663393
-63.671201 -29.663454
-63.671261 -29.663930
-63.671856 -29.664287
-63.672179 -29.664375
-63.672510 -29.664465
-63.672867 -29.664524
-63.673343 -29.664762
-63.673700 -29.664822
-63.674176 -29.664822
-63.674413 -29.664788
-63.675084 -29.664692
-63.675266 -29.664684
-63.676025 -29.664649
-63.676139 -29.664643
-63.676495 -29.664406
-63.676852 -29.664346
-63.678102 -29.663989
-63.678698 -29.663847
-63.679351 -29.663692
-63.680243 -29.663573
-63.681195 -29.663513
-63.682385 -29.663930
-63.683109 -29.664050
-63.683420 -29.664102
-63.683455 -29.664108
-63.683931 -29.663870
-63.684526 -29.663692
-63.685062 -29.663513
-63.685299 -29.663037
-63.685597 -29.662799
-63.685954 -29.662680
-63.686846 -29.662502
-63.687619 -29.662502
-63.688690 -29.662086
-63.689345 -29.661134
-63.689517 -29.661134
-63.689939 -29.661134
-63.690546 -29.661538
-63.690653 -29.661610
-63.691483 -29.662000
-63.691665 -29.662086
-63.692438 -29.662145
-63.692735 -29.662323
-63.693390 -29.662383
-63.693806 -29.662383
-63.694401 -29.662264
-63.694639 -29.662323
-63.694996 -29.662086
-63.695353 -29.661788
-63.695472 -29.661788
-63.696245 -29.661312
-63.696542 -29.661405
-63.697197 -29.661610
-63.698446 -29.661788
-63.699517 -29.661788
-63.700528 -29.661491
-63.700902 -29.661491
-63.700970 -29.661491
-63.701123 -29.661491
-63.701881 -29.661895
-63.702015 -29.661967
-63.702057 -29.662009
-63.702161 -29.662112
-63.702491 -29.662442
-63.703272 -29.662777
-63.703324 -29.662799
-63.705227 -29.662740
-63.706536 -29.662323
-63.707607 -29.662264
-63.708678 -29.662264
-63.708771 -29.662260
-63.710105 -29.662205
-63.710522 -29.661729
-63.711355 -29.661253
-63.711667 -29.660500
-63.723673 -29.659162
-63.725208 -29.656744
-63.725140 -29.655783
-63.725016 -29.654034
-63.726035 -29.651919
-63.727226 -29.649653
-63.729444 -29.646327
-63.732861 -29.641940
-63.734940 -29.639179
-63.736960 -29.636495
-63.740553 -29.632709
-63.745006 -29.628617
-63.753920 -29.621789
-63.763711 -29.617063
-63.779212 -29.615316
-63.793687 -29.614628
-63.797717 -29.614640
-63.798293 -29.614642
-63.816391 -29.614696
-63.816391 -29.611068
-63.814726 -29.608688
-63.805818 -29.605797
-63.801163 -29.604286
-63.791733 -29.604050
-63.791645 -29.604048
-63.791582 -29.604015
-63.791409 -29.603923
-63.787362 -29.601788
-63.784982 -29.598932
-63.784952 -29.598455
-63.784409 -29.589799
-63.784127 -29.585305
-63.784052 -29.584116
-63.784047 -29.584039
-63.810142 -29.579428
-63.811649 -29.579161
-63.838338 -29.581482
-63.841749 -29.581779
-63.842081 -29.582138
-63.847519 -29.588025
-63.848889 -29.589945
-63.868102 -29.616876
-63.869589 -29.623895
-63.870349 -29.623873
-63.870401 -29.623872
-63.873714 -29.623775
-63.886853 -29.623392
-63.958635 -29.621300
-63.963128 -29.605221
-63.977046 -29.555414
-63.979537 -29.555039
-64.031158 -29.547268
-64.141544 -29.530649
-64.219879 -29.518855
-64.256108 -29.513401
-64.283091 -29.509338
-64.320191 -29.503753
-64.342311 -29.500423
-64.390377 -29.507785
-64.415686 -29.511662
-64.431891 -29.514145
-64.440525 -29.515467
-64.461461 -29.518674
-64.471258 -29.520175
-64.475286 -29.520792
-64.489209 -29.522925
-64.489336 -29.522945
-64.493961 -29.523653
-64.509743 -29.526070
-64.537385 -29.530304
-64.557080 -29.533321
-64.588485 -29.538132
-64.606585 -29.540905
-64.659499 -29.549010
-64.686265 -29.553110
-64.704787 -29.555947
-64.719270 -29.558166
-64.737995 -29.561034
-64.781312 -29.567670
-64.824628 -29.574305
-64.824747 -29.571687
-64.824747 -29.568356
-64.824271 -29.567166
-64.824271 -29.565263
-64.825937 -29.561456
-64.827365 -29.558362
-64.828554 -29.554793
-64.829268 -29.550748
-64.829276 -29.550609
-64.829506 -29.546465
-64.829744 -29.542182
-64.830220 -29.538375
-64.830220 -29.533854
-64.829506 -29.527667
-64.829744 -29.522671
-64.830934 -29.519101
-64.831172 -29.512439
-64.829982 -29.506966
-64.827840 -29.502445
-64.827127 -29.496972
-64.826889 -29.491500
-64.826889 -29.487455
-64.828078 -29.483647
-64.826651 -29.477699
-64.825937 -29.473654
-64.823795 -29.467705
-64.823082 -29.463184
-64.822130 -29.461756
-64.820702 -29.457235
-64.818085 -29.454142
-64.816657 -29.452714
-64.809400 -29.447480
-64.806187 -29.444981
-64.801428 -29.441769
-64.799168 -29.439508
-64.798097 -29.437367
-64.796779 -29.435107
-64.796432 -29.434512
-64.795480 -29.430823
-64.794055 -29.425165
-64.793371 -29.422450
-64.793120 -29.421456
-64.792291 -29.418135
-64.790760 -29.414921
-64.786758 -29.407048
-64.785969 -29.405497
-64.786438 -29.403935
-64.786980 -29.402671
-64.787382 -29.401733
-64.787866 -29.400604
-64.789293 -29.398939
-64.791673 -29.396797
-64.793169 -29.395799
-64.793814 -29.395369
-64.796135 -29.393242
-64.796670 -29.392752
-64.797383 -29.391800
-64.801428 -29.388707
-64.803332 -29.387517
-64.804522 -29.386327
-64.807853 -29.384662
-64.810708 -29.381806
-64.813326 -29.379665
-64.814516 -29.377523
-64.814934 -29.374801
-64.814991 -29.374430
-64.814991 -29.371575
-64.815467 -29.368244
-64.816657 -29.366102
-64.819512 -29.363009
-64.821892 -29.361105
-64.823319 -29.359203
-64.823320 -29.359202
-64.826175 -29.356822
-64.829030 -29.353967
-64.831172 -29.351587
-64.834979 -29.347542
-64.838072 -29.342545
-64.840214 -29.338262
-64.842046 -29.334781
-64.842593 -29.333741
-64.842601 -29.333174
-64.842689 -29.326685
-64.843034 -29.322542
-64.843094 -29.321818
-64.843097 -29.319543
-64.842735 -29.315865
-64.842294 -29.312748
-64.838418 -29.298019
-64.837131 -29.294457
-64.834318 -29.288003
-64.830215 -29.278633
-64.828558 -29.277072
-64.827840 -29.276396
-64.826651 -29.275445
-64.825209 -29.274183
-64.824747 -29.273779
-64.823557 -29.273779
-64.820940 -29.273779
-64.817847 -29.273303
-64.812612 -29.273065
-64.807139 -29.273303
-64.801666 -29.272827
-64.799198 -29.272519
-64.797859 -29.272351
-64.795053 -29.272507
-64.793576 -29.272589
-64.790721 -29.272589
-64.790484 -29.272495
-64.788341 -29.271637
-64.784220 -29.270401
-64.783583 -29.270210
-64.780965 -29.267592
-64.781161 -29.265826
-64.781202 -29.265460
-64.781203 -29.265451
-64.781282 -29.265415
-64.783820 -29.264261
-64.785081 -29.263291
-64.786914 -29.261882
-64.789186 -29.260651
-64.792423 -29.258897
-64.792624 -29.258788
-64.800239 -29.255219
-64.803332 -29.253791
-64.809281 -29.250460
-64.812850 -29.247605
-64.813835 -29.247014
-64.816419 -29.245463
-64.819274 -29.242608
-64.824033 -29.238087
-64.824233 -29.237763
-64.825937 -29.234994
-64.829982 -29.232376
-64.834979 -29.229759
-64.835889 -29.229345
-64.837596 -29.228569
-64.839552 -29.226614
-64.839738 -29.226428
-64.839952 -29.226149
-64.842117 -29.223334
-64.842624 -29.221137
-64.842831 -29.220241
-64.844000 -29.217903
-64.844625 -29.216653
-64.844973 -29.215958
-64.845081 -29.214554
-64.845211 -29.212865
-64.845513 -29.212563
-64.846400 -29.211675
-64.848185 -29.209221
-64.848304 -29.209058
-64.848804 -29.207724
-64.849732 -29.205250
-64.850921 -29.202633
-64.853442 -29.198936
-64.854490 -29.197398
-64.854609 -29.192639
-64.854015 -29.189546
-64.854728 -29.184549
-64.854728 -29.181694
-64.855442 -29.177649
-64.854847 -29.174912
-64.854371 -29.169915
-64.852825 -29.164086
-64.852825 -29.159803
-64.852587 -29.156471
-64.852587 -29.154806
-64.854490 -29.151713
-64.856632 -29.148619
-64.855680 -29.143741
-64.855323 -29.139339
-64.854371 -29.134818
-64.853896 -29.130297
-64.852706 -29.126609
-64.853063 -29.122445
-64.854015 -29.120899
-64.855085 -29.117805
-64.855204 -29.113879
-64.854371 -29.111024
-64.855442 -29.108644
-64.855442 -29.107455
-64.856037 -29.105194
-64.855085 -29.101744
-64.855204 -29.098770
-64.855204 -29.096866
-64.854490 -29.094130
-64.854134 -29.091274
-64.854344 -29.072798
-64.854371 -29.070335
-64.863651 -29.059865
-64.863356 -29.057794
-64.862399 -29.051097
-64.861975 -29.048134
-64.861510 -29.044875
-64.858892 -29.041068
-64.859018 -29.040269
-64.859844 -29.035000
-64.866626 -29.030836
-64.866507 -29.022032
-64.863651 -29.016083
-64.867657 -29.008338
-64.871578 -29.000756
-64.874312 -28.995469
-64.899581 -28.946603
-64.901822 -28.942083
-64.906567 -28.932512
-64.906601 -28.932445
-64.906661 -28.931787
-64.906839 -28.929828
-64.906697 -28.929000
-64.906228 -28.926264
-64.903889 -28.920587
-64.902527 -28.916666
-64.901719 -28.914340
-64.902675 -28.912458
-64.904050 -28.909341
-64.904459 -28.908413
-64.906136 -28.903785
-64.907433 -28.900204
-64.910323 -28.892016
-64.911003 -28.890091
-64.911954 -28.886641
-64.911722 -28.885310
-64.911463 -28.883827
-64.911005 -28.881210
-64.906939 -28.869884
-64.904094 -28.864013
-64.902563 -28.860854
-64.900063 -28.854480
-64.899297 -28.852525
-64.899819 -28.850830
-64.900176 -28.847736
-64.900365 -28.846605
-64.900771 -28.844167
-64.901020 -28.842178
-64.901128 -28.841312
-64.901204 -28.841218
-64.902650 -28.839438
-64.902675 -28.839408
-64.912591 -28.829379
-64.921575 -28.820293
-64.923614 -28.818231
-64.923839 -28.818106
-64.925755 -28.817041
-64.927096 -28.816275
-64.931585 -28.813710
-64.933727 -28.811926
-64.934655 -28.810849
-64.936701 -28.808475
-64.938445 -28.805968
-64.938604 -28.805739
-64.938641 -28.805716
-64.939614 -28.805108
-64.942412 -28.803359
-64.945005 -28.802460
-64.948241 -28.801337
-64.951537 -28.800395
-64.954071 -28.799671
-64.959012 -28.798479
-64.960971 -28.798006
-64.961148 -28.797931
-64.964021 -28.796716
-64.966114 -28.795830
-64.967158 -28.795388
-64.967695 -28.795075
-64.974296 -28.791224
-64.977271 -28.789202
-64.984885 -28.779327
-64.985332 -28.779162
-64.987145 -28.778494
-64.987984 -28.777964
-64.988142 -28.777865
-64.989406 -28.777066
-64.995355 -28.772308
-64.995743 -28.771868
-64.999795 -28.767287
-65.000827 -28.766121
-65.001260 -28.764411
-65.003326 -28.756246
-65.011297 -28.748513
-65.016022 -28.739020
-65.016627 -28.737805
-65.029295 -28.735324
-65.066508 -28.728035
-65.078743 -28.725639
-65.092890 -28.722868
-65.126835 -28.716219
-65.127177 -28.716152
-65.128093 -28.711472
-65.130007 -28.701691
-65.138539 -28.658093
-65.138896 -28.655714
-65.138836 -28.654881
-65.138717 -28.653989
-65.138539 -28.652918
-65.138182 -28.652026
-65.137944 -28.651371
-65.137508 -28.650445
-65.137468 -28.650360
-65.137051 -28.649646
-65.136754 -28.649111
-65.136546 -28.648778
-65.136457 -28.648635
-65.136040 -28.648100
-65.136416 -28.647148
-65.136522 -28.646880
-65.136526 -28.646877
-65.137592 -28.646077
-65.138752 -28.646077
-65.140091 -28.645988
-65.140883 -28.646318
-65.141162 -28.646434
-65.141458 -28.646349
-65.141786 -28.646256
-65.142679 -28.645542
-65.143196 -28.644359
-65.143303 -28.644114
-65.143928 -28.644025
-65.144547 -28.644066
-65.145266 -28.644114
-65.146493 -28.644037
-65.146694 -28.644025
-65.147854 -28.643579
-65.148746 -28.643311
-65.150174 -28.642865
-65.151245 -28.642865
-65.152672 -28.643222
-65.153265 -28.643459
-65.154457 -28.643936
-65.155706 -28.644203
-65.155996 -28.643623
-65.156063 -28.643489
-65.155081 -28.642240
-65.155260 -28.640902
-65.155945 -28.640483
-65.156866 -28.639920
-65.158026 -28.639563
-65.158026 -28.639563
-65.158473 -28.639666
-65.159186 -28.639831
-65.161060 -28.639563
-65.161213 -28.639372
-65.161774 -28.638671
-65.162131 -28.637511
-65.162577 -28.636351
-65.162657 -28.636170
-65.163291 -28.634745
-65.163648 -28.633853
-65.164320 -28.633058
-65.164629 -28.632693
-65.165878 -28.632425
-65.167217 -28.633050
-65.167443 -28.633163
-65.167702 -28.633292
-65.169001 -28.633942
-65.169060 -28.633950
-65.170875 -28.634210
-65.171737 -28.633922
-65.171946 -28.633853
-65.173463 -28.632960
-65.174087 -28.631622
-65.174623 -28.630462
-65.174266 -28.629302
-65.173524 -28.628857
-65.173460 -28.628819
-65.172927 -28.628499
-65.171589 -28.628142
-65.170810 -28.627913
-65.170072 -28.627696
-65.169960 -28.627509
-65.169323 -28.626447
-65.169269 -28.626357
-65.169273 -28.626344
-65.169626 -28.625108
-65.170246 -28.624488
-65.170307 -28.624427
-65.170340 -28.624394
-65.170569 -28.623705
-65.170786 -28.623056
-65.170697 -28.622074
-65.171143 -28.620468
-65.171589 -28.618862
-65.171696 -28.618765
-65.172570 -28.617970
-65.174623 -28.617345
-65.176586 -28.617613
-65.177567 -28.617702
-65.177567 -28.618029
-65.177567 -28.619754
-65.177478 -28.620647
-65.177300 -28.621182
-65.177337 -28.621673
-65.177389 -28.622342
-65.178370 -28.623145
-65.178972 -28.623345
-65.179977 -28.623680
-65.180958 -28.624037
-65.182118 -28.624127
-65.183457 -28.624394
-65.184706 -28.624037
-65.186401 -28.623859
-65.187115 -28.622788
-65.186669 -28.622074
-65.186580 -28.620914
-65.186490 -28.620022
-65.187115 -28.619308
-65.187427 -28.619048
-65.188186 -28.618416
-65.188125 -28.618111
-65.187050 -28.612735
-65.184725 -28.601112
-65.184685 -28.600915
-65.184617 -28.600570
-65.183403 -28.600795
-65.175415 -28.602277
-65.126303 -28.611391
-65.125891 -28.611468
-65.125563 -28.611528
-65.118350 -28.576170
-65.116921 -28.569162
-65.110642 -28.538382
-65.096898 -28.471008
-65.101045 -28.392393
-65.102130 -28.371826
-65.102178 -28.370915
-65.102933 -28.356614
-65.103874 -28.338769
-65.103939 -28.337542
-65.104620 -28.324631
-65.104669 -28.323701
-65.104725 -28.322631
-65.104749 -28.322175
-65.105876 -28.300825
-65.107705 -28.266148
-65.108116 -28.258356
-65.108148 -28.257753
-65.108936 -28.242812
-65.108959 -28.242373
-65.109036 -28.240917
-65.109872 -28.225062
-65.110508 -28.213016
-65.111948 -28.185711
-65.115076 -28.173006
-65.116495 -28.167243
-65.119615 -28.154571
-65.147764 -28.040236
-65.157686 -27.999934
-65.164891 -27.970667
-65.166303 -27.964884
-65.169356 -27.952375
-65.170117 -27.949257
-65.170798 -27.946465
-65.172624 -27.938982
-65.173977 -27.933440
-65.178092 -27.916581
-65.178230 -27.916016
-65.175911 -27.916391
-65.170198 -27.917313
-65.169482 -27.917429
-65.168889 -27.915138
-65.167641 -27.910316
-65.159222 -27.877773
-65.159074 -27.877204
-65.149322 -27.879485
-65.144018 -27.880725
-65.142237 -27.881142
-65.143188 -27.884592
-65.125873 -27.888707
-65.116825 -27.890857
-65.107140 -27.893158
-65.094047 -27.892749
-65.091911 -27.892682
-65.090063 -27.892213
-65.077447 -27.889009
-65.063279 -27.885412
-65.051624 -27.882452
-65.039771 -27.879442
-65.039457 -27.879363
-65.038968 -27.879238
-65.033654 -27.856765
-65.031611 -27.848126
-65.029867 -27.840751
-65.020976 -27.808582
-65.020251 -27.805958
-65.018320 -27.798971
-65.016780 -27.793399
-65.016482 -27.791139
-65.016720 -27.789235
-65.018679 -27.780922
-65.021106 -27.773686
-65.023315 -27.767101
-65.026009 -27.759068
-65.028086 -27.752875
-65.028142 -27.752711
-65.018907 -27.750260
-65.015301 -27.749303
-65.009661 -27.747806
-65.003038 -27.746048
-64.999029 -27.745011
-64.993689 -27.743629
-64.986924 -27.741879
-64.986025 -27.741646
-64.988665 -27.732304
-64.990972 -27.724142
-64.994624 -27.711218
-64.994646 -27.711140
-64.997209 -27.702073
-64.998481 -27.697571
-64.999456 -27.694122
-65.000937 -27.688882
-65.001917 -27.685414
-65.002158 -27.684559
-65.003365 -27.680290
-65.004850 -27.675036
-65.009314 -27.659240
-65.012598 -27.647619
-65.018505 -27.626718
-65.022805 -27.606954
-65.023547 -27.603544
-65.026267 -27.591045
-65.027115 -27.587145
-65.025941 -27.584602
-65.024358 -27.578272
-65.024275 -27.577939
-65.021402 -27.576216
-65.020706 -27.575798
-65.015739 -27.576230
-65.015233 -27.576274
-65.012854 -27.573180
-65.012667 -27.571686
-65.012378 -27.569373
-65.011728 -27.564173
-65.011007 -27.561937
-65.010950 -27.561759
-65.009878 -27.561453
-65.009284 -27.561283
-65.007143 -27.561759
-65.005001 -27.562235
-65.003336 -27.563187
-65.001194 -27.565090
-64.999291 -27.567232
-64.996911 -27.569373
-64.995008 -27.570563
-64.991791 -27.571252
-64.991676 -27.571277
-64.988821 -27.569611
-64.987881 -27.568295
-64.987631 -27.567945
-64.985014 -27.567708
-64.981207 -27.567470
-64.979053 -27.566752
-64.978351 -27.566518
-64.976686 -27.564614
-64.973592 -27.562711
-64.971927 -27.560569
-64.970499 -27.558190
-64.967406 -27.554145
-64.966216 -27.551289
-64.965502 -27.547720
-64.965264 -27.543199
-64.965264 -27.538202
-64.965606 -27.537005
-64.966216 -27.534871
-64.965740 -27.531064
-64.965502 -27.529398
-64.965063 -27.526327
-64.965026 -27.522974
-64.966454 -27.519167
-64.966454 -27.518470
-64.966454 -27.516073
-64.966454 -27.513694
-64.966692 -27.511076
-64.966930 -27.509411
-64.967644 -27.507983
-64.968120 -27.505366
-64.970499 -27.503224
-64.970824 -27.502537
-64.972641 -27.498703
-64.975020 -27.497513
-64.976924 -27.495848
-64.978351 -27.494658
-64.979049 -27.494353
-64.982158 -27.492992
-64.985728 -27.491803
-64.990962 -27.490613
-64.992628 -27.489899
-64.997149 -27.488947
-65.000718 -27.488947
-65.004287 -27.488471
-65.005953 -27.488234
-65.007635 -27.486365
-65.008868 -27.483713
-65.007916 -27.480738
-65.007980 -27.479470
-65.007857 -27.479430
-65.004792 -27.466789
-65.001135 -27.451709
-65.001079 -27.451498
-64.990459 -27.411513
-64.986595 -27.396964
-64.974431 -27.351165
-64.974286 -27.350621
-64.938246 -27.357736
-64.937524 -27.357879
-64.934397 -27.344556
-64.934367 -27.344429
-64.854886 -27.317587
-64.854064 -27.317309
-64.841909 -27.263174
-64.839462 -27.252279
-64.832450 -27.221050
-64.832292 -27.220346
-64.828581 -27.221951
-64.827890 -27.222249
-64.825463 -27.211559
-64.818055 -27.178924
-64.813199 -27.157529
-64.812592 -27.154856
-64.812273 -27.153453
-64.811987 -27.152194
-64.811833 -27.151513
-64.811726 -27.151041
-64.811304 -27.149181
-64.811187 -27.148667
-64.801531 -27.150111
-64.800667 -27.150240
-64.799191 -27.150461
-64.798789 -27.150521
-64.798457 -27.150571
-64.797864 -27.147957
-64.797771 -27.147546
-64.797004 -27.144164
-64.796153 -27.140409
-64.795959 -27.139552
-64.795400 -27.137087
-64.789772 -27.112261
-64.781179 -27.076638
-64.779455 -27.069492
-64.770355 -27.031763
-64.767133 -27.015098
-64.767080 -27.014822
-64.766976 -27.014285
-64.754448 -27.016522
-64.754369 -27.016536
-64.753651 -27.016664
-64.750403 -27.003564
-64.750271 -27.003031
-64.743334 -27.004276
-64.742586 -27.004410
-64.736001 -26.969998
-64.722019 -26.896942
-64.719701 -26.884827
-64.718309 -26.877552
-64.713047 -26.850061
-64.707302 -26.820041
-64.707201 -26.819510
-64.700609 -26.820622
-64.678334 -26.824380
-64.677570 -26.824509
-64.675976 -26.814694
-64.672702 -26.794534
-64.672617 -26.794008
-64.669418 -26.794516
-64.656814 -26.796516
-64.630574 -26.800680
-64.618630 -26.802576
-64.617889 -26.802693
-64.615076 -26.789300
-64.605739 -26.744855
-64.597074 -26.703606
-64.592266 -26.680721
-64.589435 -26.667244
-64.587996 -26.660393
-64.587630 -26.658652
-64.587518 -26.658117
-64.580900 -26.659284
-64.505988 -26.672492
-64.499630 -26.673613
-64.499014 -26.673722
-64.498764 -26.673465
-64.500191 -26.650802
-64.501771 -26.625729
-64.502413 -26.615540
-64.505447 -26.601406
-64.505804 -26.594029
-64.506636 -26.580110
-64.506803 -26.577812
-64.506846 -26.577223
-64.507720 -26.565200
-64.508537 -26.553957
-64.508897 -26.549001
-64.512610 -26.548407
-64.512833 -26.548372
-64.520795 -26.547098
-64.521389 -26.543823
-64.521270 -26.540967
-64.521171 -26.538301
-64.521151 -26.537755
-64.521151 -26.534781
-64.521508 -26.532758
-64.521270 -26.528832
-64.520556 -26.525977
-64.519842 -26.522884
-64.519129 -26.520147
-64.518296 -26.517411
-64.517582 -26.515626
-64.516860 -26.513935
-64.516511 -26.511819
-64.517134 -26.509799
-64.517680 -26.508925
-64.518742 -26.507226
-64.518573 -26.506427
-64.517859 -26.504880
-64.516801 -26.503434
-64.516907 -26.501073
-64.517502 -26.497385
-64.517502 -26.495504
-64.517502 -26.493340
-64.517477 -26.493158
-64.517026 -26.489890
-64.517339 -26.486464
-64.517859 -26.483584
-64.518649 -26.479211
-64.518660 -26.479150
-64.520476 -26.476921
-64.522383 -26.474582
-64.523793 -26.471197
-64.523814 -26.471147
-64.525473 -26.467166
-64.526663 -26.464310
-64.526544 -26.462288
-64.524789 -26.459323
-64.524473 -26.456082
-64.524267 -26.453969
-64.524045 -26.451699
-64.523570 -26.446821
-64.524137 -26.441329
-64.525204 -26.438009
-64.526425 -26.434210
-64.526927 -26.432649
-64.527496 -26.430879
-64.527368 -26.426721
-64.528328 -26.422194
-64.529064 -26.418725
-64.530946 -26.416007
-64.533020 -26.413011
-64.532881 -26.412789
-64.533206 -26.412319
-64.534387 -26.410614
-64.534039 -26.409107
-64.533689 -26.407591
-64.533801 -26.407429
-64.532492 -26.404098
-64.531630 -26.402254
-64.530949 -26.399722
-64.530827 -26.397555
-64.530702 -26.395336
-64.531660 -26.392558
-64.532781 -26.389306
-64.532159 -26.385038
-64.531620 -26.381342
-64.531207 -26.378508
-64.530827 -26.375901
-64.530374 -26.372797
-64.528017 -26.367847
-64.526604 -26.364879
-64.525433 -26.362421
-64.524359 -26.360166
-64.523579 -26.358527
-64.522618 -26.356509
-64.521801 -26.354794
-64.521515 -26.354193
-64.521371 -26.353032
-64.521088 -26.352562
-64.519922 -26.350627
-64.519027 -26.349144
-64.517527 -26.348018
-64.517024 -26.347640
-64.514981 -26.347483
-64.514765 -26.347467
-64.512624 -26.346158
-64.511035 -26.345187
-64.508845 -26.343849
-64.507032 -26.341756
-64.506047 -26.340619
-64.503331 -26.337484
-64.501513 -26.335385
-64.501084 -26.333547
-64.498704 -26.331762
-64.497276 -26.329264
-64.495016 -26.326528
-64.494365 -26.324982
-64.494064 -26.324267
-64.493707 -26.322839
-64.481988 -26.306838
-64.502279 -26.239006
-64.497226 -26.224738
-64.495323 -26.219366
-64.494920 -26.219497
-64.493531 -26.217423
-64.493172 -26.216887
-64.491935 -26.215040
-64.487935 -26.209068
-64.481654 -26.199690
-64.473362 -26.187308
-64.473326 -26.187255
-64.451237 -26.154274
-64.425521 -26.115877
-64.412985 -26.113639
-64.412196 -26.113498
-64.409703 -26.102769
-64.407897 -26.095000
-64.405695 -26.085525
-64.404563 -26.080655
-64.403039 -26.074094
-64.402424 -26.071448
-64.396654 -26.046623
-64.396491 -26.045921
-64.397858 -26.043097
-64.403630 -26.031168
-64.403399 -26.030605
-64.379236 -25.971581
-64.378851 -25.970639
-64.349062 -25.897873
-64.340272 -25.876402
-64.328399 -25.847398
-64.327890 -25.846155
-64.321589 -25.830764
-64.314238 -25.812809
-64.312283 -25.808031
-64.311553 -25.806248
-64.310806 -25.804423
-64.310313 -25.803219
-64.308867 -25.799688
-64.308466 -25.798708
-64.302804 -25.784878
-64.301230 -25.781033
-64.296477 -25.769422
-64.292720 -25.760244
-64.291771 -25.757927
-64.291073 -25.756223
-64.290638 -25.755160
-64.290564 -25.754978
-64.289714 -25.752902
-64.287657 -25.747877
-64.284594 -25.740395
-64.283170 -25.736917
-64.282353 -25.734921
-64.279037 -25.726820
-64.268261 -25.700497
-64.268060 -25.700007
-64.248390 -25.702594
-64.214255 -25.707084
-64.213307 -25.707209
-64.204826 -25.708324
-64.197509 -25.709287
-64.196438 -25.727728
-64.195662 -25.727845
-64.191889 -25.728413
-64.141648 -25.735980
-64.106883 -25.741216
-64.075574 -25.745931
-64.026151 -25.753374
-64.025415 -25.753485
-64.024949 -25.751373
-64.022709 -25.741216
-64.017823 -25.719055
-64.009946 -25.683331
-64.007853 -25.673837
-64.007747 -25.673357
-63.969179 -25.677260
-63.962934 -25.677893
-63.958741 -25.678317
-63.955806 -25.678614
-63.933152 -25.680907
-63.920350 -25.682202
-63.919011 -25.682338
-63.918151 -25.682425
-63.914294 -25.682815
-63.904053 -25.683241
-63.900255 -25.683399
-63.898944 -25.683454
-63.891721 -25.683755
-63.881937 -25.684162
-63.878427 -25.684308
-63.878238 -25.684316
-63.874259 -25.684481
-63.869284 -25.684502
-63.852526 -25.684572
-63.848433 -25.684589
-63.847778 -25.684592
-63.828725 -25.684671
-63.769640 -25.684918
-63.660465 -25.685373
-63.635170 -25.691915
-63.630565 -25.693106
-63.623434 -25.694950
-63.612373 -25.697811
-63.567309 -25.709465
-63.523210 -25.709609
-63.480203 -25.709749
-63.476549 -25.709761
-63.476056 -25.709763
-63.446275 -25.676009
-63.434888 -25.663104
-63.426383 -25.653465
-63.422832 -25.649441
-63.422474 -25.649034
-63.104269 -25.650082
-62.792672 -25.651108
-62.502487 -25.652064
-62.240471 -25.652926
-62.205095 -25.653043
-62.156909 -25.653201
-62.108429 -25.653361
-62.066489 -25.653499
-62.054056 -25.653540
-62.045526 -25.653568
-62.036279 -25.653598
-62.036279 -25.653598
-62.036279 -25.653598
-61.997811 -25.653725
-61.970113 -25.653816
-61.913953 -25.654001
-61.885811 -25.654094
-61.818624 -25.654315
-61.743506 -25.654562
-61.717490 -25.654648
-61.711134 -25.654669
-61.711138 -25.732027
-61.711144 -25.843689
-61.711149 -25.939133
-61.711150 -25.955492
-61.711151 -25.965010
-61.711151 -25.974344
-61.711151 -25.978575
-61.711153 -26.016010
-61.711159 -26.118102
-61.711160 -26.145858
-61.711160 -26.155663
-61.711162 -26.186768
-61.711164 -26.218810
-61.711164 -26.224738
-61.711164 -26.225348
-61.711165 -26.234490
-61.711165 -26.235157
-61.711165 -26.235342
-61.711165 -26.238179
-61.711165 -26.238186
-61.711165 -26.238538
-61.711165 -26.240540
-61.711171 -26.356760
-61.711173 -26.397087
-61.711174 -26.413382
-61.711178 -26.488095
-61.711181 -26.545202
-61.711183 -26.583907
-61.711183 -26.585177
-61.711186 -26.654488
-61.711188 -26.678066
-61.711190 -26.720330
-61.711190 -26.725198
-61.711191 -26.741243
-61.711192 -26.758911
-61.711193 -26.776229
-61.711193 -26.785816
-61.711193 -26.786960
-61.711194 -26.790946
-61.711194 -26.800859
-61.711194 -26.809111
-61.711194 -26.809199
-61.711194 -26.809235
-61.711195 -26.810267
-61.711195 -26.818385
-61.711195 -26.823406
-61.711196 -26.839277
-61.711197 -26.858598
-61.711197 -26.862642
-61.711198 -26.876585
-61.711198 -26.877732
-61.711198 -26.880478
-61.711198 -26.880914
-61.711198 -26.882528
-61.711198 -26.886029
-61.711198 -26.886029
-61.711201 -26.931832
-61.711201 -26.933082
-61.711201 -26.935020
-61.711201 -26.938643
-61.711201 -26.939365
-61.711202 -26.944204
-61.711202 -26.950006
-61.711202 -26.958988
-61.711204 -26.988231
-61.711207 -27.044307
-61.711227 -27.436882
-61.711242 -27.716188
-61.711244 -27.770353
-61.711245 -27.789635
-61.711246 -27.795460
-61.711246 -27.796275
-61.711246 -27.797090
-61.711247 -27.812311
-61.711248 -27.846809
-61.711249 -27.854344
-61.711250 -27.879884
-61.711251 -27.899842
-61.711252 -27.920709
-61.711253 -27.938865
-61.711254 -27.960785
-61.711256 -27.999421
