>
-65.335945129394531 -26.073997497558537
-65.325996398925724 -26.074249267578125
-65.319869995117131 -26.073884963989144
-65.318191528320199 -26.074518203735295
-65.311012268066349 -26.077238082885742
-65.298355102538949 -26.082719802856388
-65.291580200195199 -26.088678359985352
-65.289581298828011 -26.097549438476506
-65.289726257324162 -26.105192184448242
-65.289733886718693 -26.106168746948072
-65.289436340332031 -26.116268157959041
-65.28741455078125 -26.125852584838924
-65.284393310546818 -26.131658554077092
-65.281753540038949 -26.136737823486271
-65.278236389160156 -26.147016525268441
-65.276130676269418 -26.157157897949162
-65.274406433105355 -26.167402267455998
-65.271705627441349 -26.174917221069336
-65.270637512207031 -26.17791748046875
-65.267189025878906 -26.185209274291992
-65.266098022460881 -26.18752288818348
-65.262367248535099 -26.19309043884266
-65.254653930664006 -26.194793701171875
-65.227394104003793 -26.200811386108455
-65.214904785156136 -26.203580856323129
-65.206268310546875 -26.205482482910156
-65.194343566894531 -26.208124160766545
-65.149650573730412 -26.217973709106502
-65.128509521484375 -26.222629547119141
-65.116584777831918 -26.225257873535099
-65.071876525878906 -26.235084533691349
-65.050743103027287 -26.239728927612191
-65.041862487792969 -26.241682052612134
-65.038795471191406 -26.241039276123047
-65.030586242675781 -26.239305496215763
-65.022445678710824 -26.240901947021428
-65.01177978515625 -26.244375228881779
-64.996078491210938 -26.239210128784123
-64.994956970214787 -26.238843917846623
-64.993293762207031 -26.238300323486158
-64.983032226562443 -26.235439300536939
-64.9798583984375 -26.236309051513615
-64.971595764160099 -26.238580703735238
-64.96236419677723 -26.240886688232365
-64.956947326660156 -26.248762130737248
-64.959770202636662 -26.257797241210824
-64.960296630859375 -26.267215728759709
-64.957374572753849 -26.275974273681584
-64.955711364746094 -26.278652191162053
-64.954002380371094 -26.281421661376896
-64.944839477539062 -26.282913208007812
-64.94081878662098 -26.281448364257699
-64.932640075683594 -26.278474807739258
-64.924087524414006 -26.275224685668945
-64.919151306152287 -26.273355484008732
-64.906845092773381 -26.270292282104322
-64.899360656738281 -26.265670776367017
-64.883598327636605 -26.261268615722656
-64.882621765136662 -26.260749816894588
-64.871749877929631 -26.254976272583065
-64.868797302246037 -26.251876831054744
-64.865913391113224 -26.248846054077092
-64.864250183105469 -26.239213943481388
-64.863067626953068 -26.236867904662972
-64.860160827636719 -26.231113433837891
-64.852043151855469 -26.225580215454045
-64.847450256347543 -26.216789245605355
-64.842651367187443 -26.211328506469727
-64.83486175537098 -26.211532592773324
-64.833847045898438 -26.212295532226449
-64.829437255859375 -26.21562385559082
-64.819007873535099 -26.215522766113224
-64.818458557128793 -26.215517044067383
-64.807548522949162 -26.21140098571766
-64.801338195800781 -26.209184646606388
-64.797546386718693 -26.207834243774357
-64.786643981933594 -26.203828811645451
-64.774391174316349 -26.204084396362305
-64.766502380371094 -26.205551147460938
-64.759140014648324 -26.209619522094727
-64.751434326171875 -26.213876724243221
-64.744056701660099 -26.21691703796381
-64.739120483398324 -26.218959808349553
-64.727165222167912 -26.22271537780756
-64.723236083984375 -26.223951339721623
-64.707153320312443 -26.224250793457031
-64.690444946289006 -26.225238800048771
-64.682647705078068 -26.225688934326172
-64.671455383300781 -26.226352691650391
-64.66552734375 -26.226415634155273
-64.656906127929574 -26.226507186889648
-64.650390624999943 -26.225460052490291
-64.6475830078125 -26.225021362304688
-64.640655517578068 -26.223926544189396
-64.620948791503793 -26.219533920288086
-64.606880187988281 -26.217611312866097
-64.603790283203011 -26.216732025146484
-64.594718933105412 -26.214172363281079
-64.589485168456918 -26.214229583740234
-64.587547302246037 -26.215499877929688
-64.581512451171875 -26.219474792480469
-64.574020385742131 -26.222539901733342
-64.571632385253849 -26.222705841064339
-64.564453125 -26.223213195800781
-64.553733825683594 -26.22320365905756
-64.544136047363281 -26.220994949340763
-64.532760620117188 -26.219276428222543
-64.527313232421875 -26.219326019287053
-64.522674560546875 -26.219369888305494
-64.515792846679688 -26.21943283081049
-64.510192871093693 -26.219772338867188
-64.504356384277344 -26.220127105712777
-64.503173828124886 -26.221071243286133
-64.498100280761662 -26.224311828613168
-64.493980407714787 -26.232048034667855
-64.493545532226449 -26.233541488647461
-64.490669250488224 -26.243562698364258
-64.485969543456974 -26.257726669311467
-64.483993530273381 -26.266702651977425
-64.482826232910099 -26.272005081176758
-64.480697631835938 -26.288648605346566
-64.478675842285156 -26.300062179565373
-64.480125427246094 -26.304771423339673
-64.480331420898438 -26.310628890991211
-64.478256225585881 -26.319829940795955
-64.487579345703125 -26.330312728881722
-64.491424560546818 -26.333782196044865
-64.497520446777287 -26.339296340942269
-64.508949279785156 -26.349340438842773
-64.51055908203125 -26.350757598876896
-64.520339965820199 -26.357339859008789
-64.521293640136605 -26.36385345458973
-64.522193908691406 -26.369981765747013
-64.522850036621094 -26.374427795410213
-64.5233154296875 -26.392803192138615
-64.523719787597656 -26.394126892089673
-64.527565002441349 -26.406547546386662
-64.530052185058537 -26.421453475951978
-64.528991699218693 -26.440176010131722
-64.528923034667855 -26.441402435302734
-64.528045654296818 -26.457075119018441
-64.525825500488281 -26.464389801025391
-64.523490905761605 -26.472042083740064
-64.517921447753849 -26.488174438476506
-64.516387939453125 -26.509916305541992
-64.516227722167912 -26.512214660644474
-64.514625549316293 -26.535442352294922
-64.514404296874943 -26.538635253906193
-64.512710571288949 -26.552286148071289
-64.511489868164062 -26.562101364135742
-64.519691467285156 -26.563404083251783
-64.513938903808537 -26.577070236206055
-64.510482788085881 -26.585298538207951
-64.514366149902344 -26.588939666748047
-64.510208129882756 -26.597595214843636
-64.507606506347656 -26.603017807006836
-64.514625549316293 -26.623296737670785
-64.509941101074105 -26.644649505615234
-64.504920959472656 -26.667480468749943
-64.501358032226449 -26.683710098266431
-64.536483764648438 -26.676517486572209
-64.561752319335938 -26.67132568359375
-64.593284606933537 -26.664852142333984
-64.594787597656193 -26.664545059203931
-64.598602294921818 -26.682683944702092
-64.603408813476449 -26.705551147460824
-64.613502502441349 -26.753610610961914
-64.618324279785156 -26.776487350463867
-64.622871398925781 -26.798070907592717
-64.652526855468636 -26.793952941894418
-64.677154541015625 -26.790523529052621
-64.677375793456974 -26.791408538818359
-64.688011169433594 -26.83508110046381
-64.706314086913949 -26.830404281616154
-64.717903137206974 -26.830114364623967
-64.725936889648381 -26.829914093017464
-64.727561950683537 -26.833440780639478
-64.733016967773324 -26.865766525268384
-64.734466552734375 -26.874387741088924
-64.734611511230412 -26.875219345092717
-64.744575500488281 -26.925786972045785
-64.747596740722543 -26.936733245849609
-64.74993896484375 -26.945201873779354
-64.755844116210938 -26.966564178466854
-64.759994506835824 -27.004816055297681
-64.76031494140625 -27.007816314697095
-64.770133972167969 -27.038669586181527
-64.779876708984375 -27.069328308105298
-64.782112121581974 -27.07634162902815
-64.799148559570312 -27.139417648315487
-64.800926208496094 -27.145919799804631
-64.801078796386662 -27.146499633789006
-64.801574707031136 -27.148336410522461
-64.80721282958973 -27.14632415771473
-64.813072204589844 -27.150733947753793
-64.817703247070199 -27.163784027099666
-64.825935363769531 -27.186981201171875
-64.830238342285156 -27.199092864990234
-64.83270263671875 -27.206031799316463
-64.840011596679574 -27.226585388183594
-64.846313476562386 -27.2257080078125
-64.858703613281136 -27.261676788330078
-64.861099243164062 -27.268634796142578
-64.869583129882699 -27.293239593505859
-64.875762939453068 -27.311164855957031
-64.897254943847656 -27.31806755065918
-64.904922485351506 -27.32052993774397
-64.940246582031136 -27.331880569457894
-64.946746826171875 -27.347900390624829
-64.961982727050668 -27.343414306640454
-64.965126037597599 -27.342487335205021
-64.994354248046875 -27.336250305175781
-64.998199462890568 -27.348884582519418
-65.005378723144418 -27.372425079345646
-65.005836486816349 -27.374330520629883
-65.006523132324105 -27.377225875854322
-65.016548156738281 -27.419164657592773
-65.026496887207031 -27.447097778320256
-65.035514831542855 -27.472471237182617
-65.039344787597656 -27.483236312866211
-65.040840148925724 -27.487415313720703
-65.036437988281193 -27.490875244140568
-65.03102874755848 -27.4951171875
-65.023429870605469 -27.504402160644474
-65.013778686523324 -27.506483078002987
-65.009651184081974 -27.504693984985352
-65.001953124999886 -27.501344680786019
-64.99041748046875 -27.508913040161133
-64.988403320312386 -27.510234832763615
-64.974349975585881 -27.520065307617131
-64.973701477050724 -27.522768020629826
-64.969749450683594 -27.539188385009766
-64.966857910156136 -27.55323219299305
-64.972679138183594 -27.562002182006722
-64.97784423828125 -27.570678710937329
-64.978034973144531 -27.570760726928768
-64.985519409179631 -27.574134826660099
-64.992584228515568 -27.571172714233398
-64.997909545898381 -27.566762924194222
-65.000877380371037 -27.564302444458008
-65.011802673339844 -27.561067581176758
-65.014343261718636 -27.561908721923771
-65.018806457519474 -27.563394546508732
-65.016410827636662 -27.566524505615121
-65.013275146484318 -27.572763442993221
-65.016822814941293 -27.576623916625977
-65.023384094238224 -27.574920654296761
-65.03021240234375 -27.573930740356445
-65.032058715820256 -27.576242446899414
-65.042617797851562 -27.589500427246151
-65.04052734375 -27.593780517578068
-65.017593383788949 -27.640802383422852
-65.008239746093636 -27.659982681274414
-64.985267639160156 -27.707008361816293
-64.982070922851506 -27.713552474975586
-64.975898742675724 -27.726184844970703
-64.965896606445199 -27.746673583984261
-64.959564208984318 -27.759618759155273
-64.975761413574219 -27.763053894042912
-64.998626708984375 -27.767894744872876
-65.014350891113168 -27.771228790283203
-65.026565551757812 -27.806476593017464
-65.033493041992131 -27.826473236083928
-65.049362182617188 -27.872205734252873
-65.052696228027344 -27.873861312866211
-65.073242187499943 -27.884069442749023
-65.087242126464844 -27.891021728515568
-65.093452453613281 -27.890819549560547
-65.126220703125 -27.878786087036076
-65.126548767089844 -27.878671646118107
-65.127410888671818 -27.868434906005803
-65.138626098632812 -27.867469787597599
-65.138984680175668 -27.867443084716797
-65.154571533203125 -27.866113662719783
-65.158714294433537 -27.881452560424748
-65.167282104492131 -27.901653289794808
-65.167480468749943 -27.90212249755848
-65.1790771484375 -27.912309646606445
-65.185447692871094 -27.914068222045842
-65.187400817871037 -27.915153503417912
-65.183380126953125 -27.935493469238338
-65.199592590332031 -27.927640914916879
-65.210105895996037 -27.922035217285099
-65.228431701660099 -27.91226768493641
-65.250656127929631 -27.90041542053217
-65.258186340331974 -27.896703720092717
-65.280349731445312 -27.885786056518555
-65.299041748046875 -27.876569747924634
-65.317855834960938 -27.867298126220646
-65.350845336914062 -27.849941253662053
-65.367561340331974 -27.841142654418832
-65.394126892089844 -27.848777770996037
-65.41402435302723 -27.859844207763615
-65.422286987304631 -27.865428924560547
-65.437759399414006 -27.875896453857308
-65.443565368652287 -27.879838943481388
-65.446228027343693 -27.881662368774471
-65.472335815429688 -27.899602890014535
-65.484832763671875 -27.909170150756836
-65.499839782714787 -27.92231559753418
-65.501060485839787 -27.923377990722543
-65.504081726074219 -27.930887222289925
-65.504623413085824 -27.932226181030273
-65.509796142578125 -27.94506645202631
-65.515556335449162 -27.966688156127759
-65.52191162109375 -27.984025955200195
-65.522422790527287 -27.985418319702205
-65.526870727539062 -27.989566802978572
-65.534217834472656 -27.996437072753963
-65.53643798828125 -27.998514175415039
-65.543846130371094 -28.001253128051815
-65.549507141113224 -28.003358840942269
-65.572181701660156 -28.00229454040516
-65.593093872070256 -27.997583389282227
-65.599960327148381 -27.992441177367994
-65.60219573974598 -27.990779876708928
-65.606575012206918 -27.985082626342773
-65.618759155273381 -27.969242095947209
-65.651359558105412 -27.967802047729492
-65.660102844238281 -27.959577560424862
-65.662887573242188 -27.952449798583928
-65.664794921875 -27.947561264038143
-65.668693542480469 -27.937599182128793
-65.678115844726562 -27.917562484741211
-65.68410491943348 -27.902580261230412
-65.687576293945312 -27.893898010253849
-65.688438415527344 -27.891769409179688
-65.689956665039062 -27.884256362915039
-65.690948486328068 -27.879423141479492
-65.693458557128793 -27.867092132568303
-65.696067810058594 -27.850044250488338
-65.700736999511719 -27.832088470458928
-65.701194763183594 -27.830310821533089
-65.713172912597599 -27.810827255249023
-65.72817230224598 -27.794759750366154
-65.728248596191349 -27.794687271118221
-65.739936828613281 -27.785171508789006
-65.750076293945256 -27.775688171386719
-65.75020599365223 -27.775571823119947
-65.751892089843693 -27.77609825134266
-65.778503417968693 -27.784481048583984
-65.781402587890625 -27.785495758056527
-65.783683776855469 -27.786294937133846
-65.782585144042912 -27.79660606384266
-65.783493041992188 -27.804502487182504
-65.784843444824219 -27.809865951537972
-65.788841247558594 -27.816883087158203
-65.795280456542912 -27.823490142822266
-65.795829772949219 -27.825151443481445
-65.797737121582031 -27.831010818481388
-65.800933837890511 -27.841373443603402
-65.802680969238281 -27.850751876830998
-65.804786682128906 -27.85302734375
-65.807655334472656 -27.856128692626896
-65.815521240234261 -27.858791351318303
-65.824676513671761 -27.853605270385685
-65.830665588378849 -27.843109130859375
-65.832015991210881 -27.833419799804631
-65.832038879394531 -27.833204269409123
-65.832901000976562 -27.825130462646428
-65.83319091796875 -27.814779281616154
-65.834892272949105 -27.804050445556584
-65.836669921874943 -27.792034149169865
-65.836318969726449 -27.776765823364144
-65.837203979492188 -27.76128959655756
-65.837234497070256 -27.760776519775277
-65.842979431152287 -27.740676879882699
-65.848854064941406 -27.727771759033146
-65.850730895996094 -27.723651885986271
-65.856971740722599 -27.708477020263672
-65.861717224121094 -27.692617416381779
-65.86177825927723 -27.692419052123967
-65.865936279296818 -27.682579040527401
-65.874168395996037 -27.680465698242131
-65.892852783203068 -27.682973861694165
-65.892974853515625 -27.683000564575138
-65.905586242675781 -27.685625076293945
-65.910835266113281 -27.677940368652344
-65.920158386230469 -27.667766571044865
-65.921249389648381 -27.664661407470589
-65.923789978027344 -27.657472610473633
-65.924530029296761 -27.639993667602425
-65.924468994140625 -27.629842758178711
-65.924453735351562 -27.625862121582031
-65.931427001953125 -27.614929199218579
-65.931526184082031 -27.614612579345703
-65.934318542480412 -27.606376647949105
-65.936050415039006 -27.594953536987248
-65.93609619140625 -27.594617843627816
-65.943901062011719 -27.585968017578011
-65.953987121581974 -27.575313568115234
-65.957534790038949 -27.566028594970646
-65.959693908691349 -27.560390472412053
-65.960693359375 -27.558809280395451
-65.968780517578011 -27.546197891235352
-65.968414306640625 -27.531488418578988
-65.968330383300781 -27.527814865112248
-65.966438293457031 -27.514070510864258
-65.970695495605355 -27.503189086913949
-65.972442626953125 -27.497261047363224
-65.975814819335881 -27.485855102538949
-65.973434448242131 -27.472570419311523
-65.972656249999943 -27.460821151733285
-65.972396850585881 -27.456731796264648
-65.976860046386662 -27.444009780883732
-65.975242614746037 -27.430824279785043
-65.973709106445256 -27.426557540893498
-65.971252441406193 -27.419750213623104
-65.969573974609375 -27.41508674621565
-65.967453002929574 -27.402605056762638
-65.967300415039062 -27.398687362670842
-65.968666076660099 -27.391216278076115
-65.970100402831974 -27.383434295654297
-65.970397949218636 -27.380458831787166
-65.971351623535043 -27.371343612670785
-65.971878051757812 -27.36904335021967
-65.972389221191349 -27.366743087768498
-65.972946166992131 -27.364450454711857
-65.973609924316349 -27.362186431884766
-65.974418640136719 -27.359956741333008
-65.975311279296875 -27.357755661010742
-65.976226806640511 -27.355552673339787
-65.977096557617188 -27.353332519531079
-65.977905273437443 -27.351114273071232
-65.978713989257812 -27.348873138427678
-65.979515075683594 -27.346647262573299
-65.980300903320256 -27.344406127929744
-65.981094360351562 -27.34217262268055
-65.981880187988281 -27.339933395385572
-65.982711791992074 -27.337713241577148
-65.983566284179574 -27.33548545837391
-65.984375 -27.333255767822152
-65.985084533691293 -27.330999374389592
-65.985633850097599 -27.328716278076172
-65.986007690429631 -27.326389312744027
-65.986328124999886 -27.324058532714673
-65.986686706542912 -27.321731567382812
-65.987182617187386 -27.319429397582837
-65.987808227539062 -27.317146301269418
-65.988555908203125 -27.314872741699219
-65.989486694335938 -27.312679290771484
-65.990524291992074 -27.310865402221623
-65.990676879882756 -27.310602188110408
-65.992111206054631 -27.308528900146428
-65.993728637695256 -27.306543350219727
-65.995506286621094 -27.304838180541822
-65.997093200683537 -27.304035186767521
-66.000259399413949 -27.304531097412053
-66.002731323242074 -27.304098129272404
-66.005020141601449 -27.302925109863338
-66.007232666015625 -27.301553726196175
-66.009292602539006 -27.300079345703011
-66.011245727539062 -27.298467636108342
-66.013397216796818 -27.29719352722168
-66.015869140624943 -27.296470642089844
-66.018455505371037 -27.295948028564396
-66.020957946777344 -27.295234680175781
-66.023292541503849 -27.294168472289982
-66.025558471679688 -27.292957305908203
-66.027847290039062 -27.291803359985295
-66.030250549316406 -27.290891647338867
-66.032737731933537 -27.290140151977539
-66.035270690917969 -27.289491653442326
-66.037826538085824 -27.288913726806527
-66.040382385253849 -27.288389205932504
-66.042976379394418 -27.288082122802734
-66.045600891113281 -27.287900924682674
-66.048187255859318 -27.287521362304688
-66.050773620605412 -27.287069320678711
-66.053337097167912 -27.286544799804688
-66.055854797363168 -27.285911560058423
-66.05828857421875 -27.285053253173658
-66.060630798339844 -27.283977508544922
-66.062065124511719 -27.283346176147461
-66.062995910644474 -27.282939910888672
-66.065460205078068 -27.282154083251953
-66.067985534667969 -27.281501770019531
-66.070533752441293 -27.280948638915845
-66.071838378906193 -27.280717849731388
-66.073112487792855 -27.280488967895508
-66.075706481933594 -27.28019905090332
-66.078330993652287 -27.280096054077035
-66.080970764160156 -27.279981613159066
-66.083686828613224 -27.28001594543457
-66.086372375488168 -27.28000450134266
-66.088905334472599 -27.279666900634652
-66.0911865234375 -27.278745651245174
-66.09326171875 -27.277328491210767
-66.095184326171875 -27.27562141418457
-66.097000122070312 -27.273851394653263
-66.098655700683537 -27.272035598754712
-66.100120544433594 -27.270050048828125
-66.101585388183594 -27.268087387084961
-66.103263854980469 -27.26631927490223
-66.105262756347656 -27.264837265014535
-66.107421874999943 -27.263519287109318
-66.109672546386719 -27.262271881103459
-66.111907958984318 -27.260997772216797
-66.114028930663949 -27.259624481201229
-66.115844726562386 -27.257898330688477
-66.117767333984375 -27.256326675414982
-66.120071411132812 -27.255250930785962
-66.12252044677723 -27.254362106323242
-66.124961853027287 -27.253469467162972
-66.127296447753906 -27.252410888671875
-66.129295349121094 -27.250890731811467
-66.129920959472599 -27.25034141540516
-66.13118743896473 -27.249231338500977
-66.133407592773438 -27.248029708862248
-66.135772705078011 -27.247043609619027
-66.13818359375 -27.246137619018441
-66.138771057128906 -27.245929718017578
-66.140632629394418 -27.24527549743658
-66.143096923828068 -27.244434356689396
-66.146720886230412 -27.243150711059513
-66.136367797851562 -27.229841232299691
-66.121559143066293 -27.220037460327148
-66.110092163085881 -27.215217590332031
-66.101730346679574 -27.210567474365064
-66.099952697753906 -27.208503723144418
-66.095893859863224 -27.203794479370004
-66.089752197265625 -27.195072174072152
-66.088203430175781 -27.193096160888672
-66.082962036132812 -27.186357498168945
-66.080612182617131 -27.175151824951172
-66.077987670898438 -27.163249969482422
-66.076629638671818 -27.155235290527344
-66.066452026367188 -27.15497970581049
-66.065513610839844 -27.15048789978016
-66.064552307128906 -27.145830154418945
-66.056533813476562 -27.134271621703988
-66.056320190429631 -27.134000778198242
-66.043228149414006 -27.116615295410156
-66.035194396972656 -27.109308242797852
-66.024986267089844 -27.107669830322095
-66.013359069824219 -27.105720520019418
-66.010841369628793 -27.104772567748967
-66.005172729492131 -27.102661132812386
-65.999366760253849 -27.096578598022404
-65.996620178222599 -27.092023849487191
-65.993194580078011 -27.08635139465315
-65.98406982421875 -27.071136474609375
-65.982971191406193 -27.068719863891545
-65.978500366210881 -27.058835983276254
-65.975273132324105 -27.052057266235408
-65.972808837890625 -27.046886444091797
-65.97097015380848 -27.043735504150391
-65.967308044433594 -27.037456512451172
-65.956321716308594 -27.031351089477482
-65.954139709472656 -27.030130386352425
-65.952629089355412 -27.029327392578011
-65.939552307128906 -27.022371292114201
-65.925437927246094 -27.012989044189396
-65.915298461914062 -27.008245468139478
-65.90740966796875 -27.001102447509652
-65.906105041503849 -26.999921798706055
-65.905853271484375 -26.99498176574707
-65.909317016601562 -26.989290237426701
-65.905654907226449 -26.984785079955884
-65.904151916503906 -26.982952117919865
-65.893974304199162 -26.970733642578068
-65.889556884765625 -26.963239669799748
-65.888221740722656 -26.956018447875863
-65.887107849121037 -26.954347610473633
-65.883964538574162 -26.949670791625977
-65.874946594238168 -26.943290710449276
-65.8736572265625 -26.941062927245923
-65.871337890625 -26.937042236328125
-65.869392395019474 -26.931102752685433
-65.863945007324162 -26.929021835327092
-65.861007690429631 -26.928821563720703
-65.858673095703125 -26.928665161132642
-65.858451843261719 -26.919017791748047
-65.85760498046875 -26.905010223388501
-65.8631591796875 -26.900419235229379
-65.870071411132699 -26.894092559814339
-65.875213623046818 -26.882869720458984
-65.875808715820312 -26.881572723388615
-65.882438659667912 -26.874202728271484
-65.889808654785099 -26.870851516723576
-65.890197753906136 -26.870698928833008
-65.897056579589787 -26.868068695068359
-65.894821166992188 -26.86007118225092
-65.892181396484318 -26.851612091064396
-65.893447875976449 -26.845386505126953
-65.898345947265625 -26.841274261474609
-65.897964477539062 -26.835535049438306
-65.89382171630848 -26.828954696655103
-65.889549255371094 -26.827341079711857
-65.885406494140568 -26.825775146484318
-65.874542236328068 -26.822534561157227
-65.872993469238224 -26.818403244018441
-65.867439270019531 -26.803596496581918
-65.8665771484375 -26.79994010925293
-65.864570617675781 -26.791355133056584
-65.858230590820256 -26.783002853393498
-65.857696533203125 -26.782297134399414
-65.853454589843693 -26.771228790283146
-65.853614807128906 -26.768493652343636
-65.85400390625 -26.761680603027287
-65.854789733886662 -26.760145187377816
-65.859535217285156 -26.75092697143549
-65.860755920410156 -26.748573303222656
-65.865936279296818 -26.743442535400391
-65.873542785644531 -26.735914230346737
-65.887184143066406 -26.727270126342773
-65.905349731445256 -26.720029830932617
-65.906326293945312 -26.719522476196175
-65.922332763671761 -26.711309432983455
-65.924270629882812 -26.710119247436523
-65.931381225585881 -26.705781936645565
-65.937492370605412 -26.702056884765625
-65.95526123046875 -26.689529418945199
-65.969009399414062 -26.675235748291016
-65.971267700195199 -26.67289924621582
-65.983268737792912 -26.661664962768555
-65.985054016113224 -26.659997940063363
-65.992851257324219 -26.654363632202092
-66.000289916992188 -26.649003982543888
-66.015724182128906 -26.640998840332031
-66.03115081787098 -26.632528305053654
-66.032455444335881 -26.631763458251953
-66.045928955078011 -26.623842239379826
-66.05013275146473 -26.622018814086857
-66.054542541503906 -26.620105743408089
-66.060684204101506 -26.614694595336857
-66.075546264648438 -26.613946914672738
-66.083717346191406 -26.613536834716797
-66.106712341308594 -26.613214492797852
-66.118431091308594 -26.613052368163949
-66.1229248046875 -26.612577438354435
-66.127410888671875 -26.612104415893498
-66.145767211914006 -26.610183715820199
-66.150527954101506 -26.606559753417855
-66.153053283691406 -26.604633331298771
-66.159721374511719 -26.595069885253736
-66.162345886230412 -26.587547302246037
-66.159103393554631 -26.578840255737191
-66.156700134277344 -26.572381973266602
-66.156150817871037 -26.560541152953988
-66.155815124511719 -26.553321838378849
-66.155555725097656 -26.528276443481388
-66.157592773437443 -26.518123626708928
-66.154472351074219 -26.507547378540039
-66.154228210449219 -26.506708145141431
-66.151855468749943 -26.500619888305607
-66.150527954101506 -26.497243881225586
-66.150390625 -26.491964340210018
-66.151481628417912 -26.489679336547908
-66.153793334960824 -26.484874725341683
-66.155479431152287 -26.475767135620004
-66.160026550292969 -26.468542098999023
-66.158920288085881 -26.464193344116154
-66.157173156738281 -26.457344055175781
-66.152999877929631 -26.449163436889535
-66.147491455078068 -26.443986892700138
-66.144401550292969 -26.442628860473576
-66.140762329101562 -26.441024780273438
-66.144569396972656 -26.426399230957088
-66.1461181640625 -26.420459747314396
-66.148773193359375 -26.404321670532283
-66.138931274414062 -26.39958381652832
-66.129051208496094 -26.398408889770565
-66.115798950195256 -26.396451950073242
-66.112625122070312 -26.395984649658089
-66.103271484375 -26.395496368408089
-66.108497619628793 -26.389869689941293
-66.111122131347656 -26.38706016540533
-66.113632202148381 -26.375396728515511
-66.108757019042912 -26.364696502685604
-66.10137939453125 -26.350830078124829
-66.099273681640625 -26.339956283569222
-66.099014282226506 -26.33858489990223
-66.101203918457031 -26.323825836181641
-66.101364135742188 -26.321441650390625
-66.102325439453125 -26.307487487792855
-66.103668212890625 -26.290103912353459
-66.10372161865223 -26.276889801025391
-66.096298217773438 -26.271003723144531
-66.093551635742188 -26.268829345703068
-66.081130981445199 -26.262643814086914
-66.080253601074162 -26.26017951965332
-66.078384399414062 -26.255001068115178
-66.07965087890625 -26.244403839111158
-66.085418701171761 -26.23509407043457
-66.0849609375 -26.227287292480355
-66.083847045898438 -26.218118667602539
-66.081619262695312 -26.219383239746094
-66.0723876953125 -26.224668502807504
-66.062896728515568 -26.228200912475586
-66.055290222167969 -26.228918075561467
-66.053596496582031 -26.229080200195199
-66.044830322265625 -26.230863571166879
-66.040969848632699 -26.234735488891545
-66.033737182617188 -26.231550216674805
-66.009529113769531 -26.241689682006779
-65.986465454101562 -26.251337051391545
-65.983314514160156 -26.252576828002873
-65.957115173339787 -26.262832641601506
-65.936332702636662 -26.270954132080135
-65.9237060546875 -26.275896072387695
-65.909660339355355 -26.280923843383675
-65.876579284667969 -26.292778015136662
-65.862060546874886 -26.297981262207031
-65.835220336914062 -26.307582855224496
-65.833885192871094 -26.308059692382699
-65.788200378417969 -26.325923919677734
-65.778038024902287 -26.329898834228402
-65.761650085449105 -26.336181640625057
-65.714485168457031 -26.35424613952631
-65.710922241210938 -26.356510162353402
-65.706451416015625 -26.346595764160043
-65.704132080078011 -26.339738845825138
-65.705253601074162 -26.333665847778207
-65.712875366210881 -26.324756622314339
-65.714454650878906 -26.321392059326115
-65.711463928222599 -26.312948226928654
-65.706840515136719 -26.306367874145451
-65.703834533691349 -26.302967071533146
-65.703224182128906 -26.298732757568359
-65.707267761230412 -26.294084548950082
-65.70733642578125 -26.294002532958928
-65.708709716796761 -26.292427062988168
-65.712646484375 -26.285232543945256
-65.707977294921875 -26.281980514526254
-65.701583862304688 -26.275894165039006
-65.701065063476506 -26.273746490478516
-65.700027465820256 -26.269376754760799
-65.699913024902287 -26.263860702514535
-65.701049804687443 -26.257751464843579
-65.699432373046818 -26.253408432006836
-65.69110107421875 -26.246322631835881
-65.690704345703125 -26.24012374877924
-65.692054748535156 -26.237298965453931
-65.693031311035156 -26.235252380371037
-65.695167541503793 -26.232231140136776
-65.698471069335881 -26.227573394775277
-65.698677062988224 -26.223314285278377
-65.698738098144531 -26.222051620483342
-65.697052001953068 -26.209213256835767
-65.695968627929688 -26.207424163818303
-65.688713073730469 -26.195455551147404
-65.68459320068348 -26.18254280090332
-65.683143615722599 -26.168205261230298
-65.684013366699105 -26.163568496704102
-65.685775756835938 -26.154258728027344
-65.684501647949219 -26.142898559570312
-65.681808471679631 -26.138336181640625
-65.679733276367188 -26.134830474853459
-65.676597595214844 -26.125686645507756
-65.673507690429631 -26.118280410766431
-65.668258666992131 -26.118320465087891
-65.660110473632812 -26.118385314941406
-65.659881591796761 -26.118392944335938
-65.646148681640511 -26.117771148681584
-65.641731262206974 -26.117574691772461
-65.625930786132699 -26.11841773986805
-65.618453979492188 -26.122198104858342
-65.61696624755848 -26.122943878173885
-65.603500366210881 -26.125471115112362
-65.595695495605412 -26.124229431152344
-65.590263366699105 -26.122833251953068
-65.586456298828011 -26.121856689452954
-65.589637756347656 -26.115142822265625
-65.580879211425781 -26.110631942749023
-65.578414916992131 -26.109359741210767
-65.572212219238224 -26.105325698852482
-65.56427001953125 -26.097530364990234
-65.558181762695312 -26.095193862915039
-65.551673889160156 -26.092689514160099
-65.541442871093636 -26.089481353759652
-65.539474487304688 -26.088867187499943
-65.532142639160156 -26.090290069579908
-65.527793884277287 -26.091133117675781
-65.520545959472599 -26.092058181762638
-65.513778686523324 -26.091709136962891
-65.508705139160099 -26.091222763061467
-65.501510620117188 -26.090541839599609
-65.490470886230469 -26.093244552612191
-65.482398986816349 -26.09880256652832
-65.470817565917969 -26.105167388915845
-65.466590881347656 -26.106111526489315
-65.457489013671818 -26.108142852783146
-65.441322326660156 -26.109903335571232
-65.433753967285099 -26.110164642334041
-65.428825378417969 -26.110334396362305
-65.418914794921875 -26.105321884155217
-65.418724060058594 -26.105157852172908
-65.411903381347599 -26.099451065063363
-65.408973693847543 -26.099025726318359
-65.393241882324105 -26.096761703491268
-65.39154052734375 -26.095830917358398
-65.384864807128906 -26.092184066772518
-65.374732971191293 -26.089351654052678
-65.364936828613281 -26.083305358886719
-65.358871459960881 -26.079946517944279
-65.348701477050668 -26.074821472167969
-65.347999572753849 -26.074621200561467
-65.344085693359318 -26.073511123657113
-65.337341308593693 -26.073966979980469
-65.335945129394531 -26.073997497558537
