>
39.6479492188	45.1641960144
39.6800231934	45.1555786133
39.7116088867	45.1582717896
39.7479515076	45.168258667
39.7812614441	45.1620979309
39.8006057739	45.1513710022
39.8482131958	45.1180686951
39.8745765686	45.1022605896
39.9269752502	45.0867805481
39.9867630005	45.0695419312
40.0291519165	45.0624504089
40.0596542358	45.0630912781
40.0782470703	45.0772209167
40.1069221497	45.0926589966
40.1416244507	45.1021766663
40.1969337463	45.0957679749
40.2458877563	45.0981407166
40.3004951477	45.0952415466
40.3330078125	45.0782356262
40.3616676331	45.0502929688
40.3891067505	45.0256347656
40.4166297913	45.0161437988
40.4492721558	45.0016860962
40.5009880066	44.9768066406
40.5217781067	44.9551887512
40.5386962891	44.9320144653
40.5426979065	44.9104537964
40.5604743958	44.8922576904
40.5785522461	44.868396759
40.5935592651	44.8376464844
40.6095809937	44.7990455627
40.6391410828	44.7525253296
40.6634178162	44.7269134521
40.6895294189	44.7011489868
40.7091674805	44.6838760376
40.7144012451	44.6771697998
40.6799850464	44.6863212585
40.6435432434	44.6520996094
40.7364578247	44.4929466248
40.743724823	44.5828781128
40.6898803711	44.6378440857
40.7157897949	44.6753921509
40.7279052734	44.6598701477
40.738407135	44.6327095032
40.7569885254	44.6055641174
40.7759780884	44.5676879883
40.7878456116	44.5383033752
40.8055953979	44.5005950928
40.8153114319	44.4746627808
40.8007164001	44.4628181458
40.7842102051	44.4492874146
40.7608146667	44.4455375671
40.7252883911	44.4490814209
40.7061424255	44.4625511169
40.683139801	44.4882125854
40.6895904541	44.5095443726
40.6897506714	44.5340080261
40.6913604736	44.5622024536
40.6802177429	44.5815658569
40.6597595215	44.6061401367
40.6354179382	44.6296310425
40.6153450012	44.6615867615
40.59633255	44.7024078369
40.562702179	44.7290649414
40.5285987854	44.7477836609
40.4952125549	44.7552528381
40.4565391541	44.7538757324
40.4303779602	44.7416648865
40.4133071899	44.7168045044
40.3995552063	44.6968612671
40.3872146606	44.6721153259
40.375038147	44.6423339844
40.3606262207	44.6142196655
40.3565101624	44.5881271362
40.3749885559	44.5635223389
40.4021453857	44.5355033875
40.4151496887	44.5161323547
40.4273414612	44.4786376953
40.4525222778	44.4429321289
40.4838142395	44.4024009705
40.500377655	44.3590736389
40.4937477112	44.3224182129
40.4752731323	44.2956008911
40.4488868713	44.2709579468
40.4260101318	44.2493896484
40.4187545776	44.2171325684
40.4162979126	44.1880531311
40.4177246094	44.1562728882
40.4362640381	44.1147193909
40.4516677856	44.0752906799
40.4630126953	44.0408592224
40.4820175171	44.003288269
40.4757080078	43.9756774902
40.4481620789	43.9553184509
40.4438476562	43.9237136841
40.4446754456	43.8992462158
40.429019928	43.8765830994
40.4013442993	43.8600463867
40.3793792725	43.8374977112
40.3540420532	43.8087882996
40.3189086914	43.7994651794
40.2901992798	43.7900047302
40.2437515259	43.8027839661
40.2174987793	43.8258628845
40.1993942261	43.8472862244
40.1851387024	43.8578872681
40.164768219	43.867061615
40.1377410889	43.8656044006
40.103843689	43.8664131165
40.0802764893	43.8656806946
40.0382614136	43.8807411194
40.0039978027	43.9002342224
39.9775428772	43.9236946106
39.9598007202	43.9382324219
39.9378585815	43.9468154907
39.9049072266	43.9486732483
39.8450241089	43.9433097839
39.7943344116	43.9363174438
39.7314033508	43.9366111755
39.682674408	43.9636688232
39.6475791931	43.9891319275
39.6598587036	43.9976005554
39.6926574707	44.0078201294
39.7412643433	44.0204811096
39.716381073	44.0423660278
39.7076759338	44.0585174561
39.7177352905	44.0745353699
39.7505645752	44.0905685425
39.7934989929	44.0989227295
39.7886543274	44.1138648987
39.7747039795	44.127166748
39.7361068726	44.1428031921
39.7297821045	44.1594200134
39.7172393799	44.1783676147
39.7120552063	44.1998825073
39.7362823486	44.2136726379
39.7704277039	44.2286186218
39.8052024841	44.2303390503
39.844078064	44.2076454163
39.8714828491	44.1873054504
39.8961448669	44.1570510864
39.9059066772	44.1295967102
39.9153442383	44.1058654785
39.9464874268	44.0898551941
39.9776649475	44.0919723511
40.0182762146	44.0984840393
40.0598602295	44.1260261536
40.0954475403	44.149181366
40.0984649658	44.165927887
40.0844612122	44.1975593567
40.0888824463	44.2112312317
40.0959739685	44.2364616394
40.1045722961	44.2590408325
40.0902938843	44.2741165161
40.06300354	44.2748947144
40.0284805298	44.273765564
40.0054588318	44.2862701416
39.9912834167	44.3038330078
39.996635437	44.3242645264
39.9817199707	44.3367385864
39.9650535583	44.334072113
39.935508728	44.3278160095
39.9120979309	44.3344306946
39.8696403503	44.3587684631
39.8606643677	44.3720741272
39.8779144287	44.3908653259
39.8918762207	44.4176177979
39.8957595825	44.4519958496
39.8861656189	44.4786224365
39.8660774231	44.5059242249
39.8666648865	44.5218276978
39.8526382446	44.553527832
39.8407745361	44.5840759277
39.8507499695	44.5997810364
39.8662033081	44.6206703186
39.9038696289	44.6251373291
39.9201126099	44.637878418
39.9180335999	44.6648979187
39.9066238403	44.684463501
39.9054031372	44.6963043213
39.9167785645	44.7111320496
39.9457092285	44.7218017578
39.982421875	44.7376213074
40.0190467834	44.7427406311
40.0388145447	44.7588310242
40.0486831665	44.7731628418
40.0370330811	44.7783126831
40.0300598145	44.7814407349
40.0001907349	44.7908706665
39.9640464783	44.8059387207
39.954750061	44.8202972412
39.9687347412	44.8341789246
39.9991722107	44.8480873108
40.0062522888	44.8594207764
39.9989738464	44.8834457397
39.9987831116	44.9031448364
39.9834938049	44.9144744873
39.9547653198	44.9183692932
39.9226417542	44.9244880676
39.898109436	44.935874939
39.8931999207	44.9465179443
39.9060630798	44.9547157288
39.923412323	44.9632720947
39.9392738342	44.9743003845
39.9294624329	44.9924888611
39.9144744873	44.9987258911
39.8737792969	45.0067024231
39.8274765015	45.0149993896
39.7994117737	45.0091247559
39.7608451843	45.0003662109
39.7437744141	45.0143852234
39.7316360474	45.0292510986
39.7066574097	45.0523262024
39.688533783	45.062374115
39.669757843	45.0563430786
39.6509590149	45.04139328
39.6341247559	45.0164756775
39.6146507263	44.9831352234
39.6042060852	44.9525299072
39.5940475464	44.9136962891
39.5934181213	44.871547699
39.5811462402	44.8596839905
39.5308494568	44.8459777832
39.4932861328	44.8394622803
39.4593849182	44.8281669617
39.4196281433	44.8230895996
39.371471405	44.8250846863
39.3326759338	44.8370246887
39.2980079651	44.8367805481
39.25989151	44.8383178711
39.2364273071	44.8461608887
39.2047920227	44.8488197327
39.1560897827	44.8613128662
39.1147346497	44.8631782532
39.0841140747	44.8565864563
39.0463447571	44.8474121094
39.0011024475	44.849822998
38.9640808105	44.8602027893
38.9391403198	44.8755531311
38.9067268372	44.891708374
38.8792991638	44.9020271301
38.8467216492	44.9045181274
38.8096122742	44.9062652588
38.7559013367	44.9344940186
38.736656189	44.9518966675
38.7277336121	44.9674911499
38.7176704407	44.9750709534
38.6930999756	44.9824829102
38.6622962952	44.982257843
38.6265716553	44.9796295166
38.6011505127	44.9892883301
38.5828933716	45.0034828186
38.5701179504	45.0325431824
38.5872955322	45.0463180542
38.6073417664	45.0658454895
38.6318626404	45.0893173218
38.6437454224	45.0817146301
38.6638145447	45.0652503967
38.6993255615	45.0461196899
38.7210960388	45.0405731201
38.7470207214	45.0555229187
38.7829627991	45.0625267029
38.8109588623	45.0604972839
38.8628997803	45.0381317139
38.8969650269	45.0211257935
38.9150238037	45.013004303
38.9545021057	44.9972000122
39.0151062012	44.9892654419
39.0612487793	44.9939041138
39.1101837158	44.9997253418
39.1854553223	45.0073394775
39.2481613159	45.0169334412
39.2838172913	45.0268440247
39.3279762268	45.0451202393
39.3613548279	45.0565109253
39.4170150757	45.0801582336
39.4666442871	45.0966186523
39.5206222534	45.1237373352
39.5684661865	45.1544151306
39.5850944519	45.1735954285
39.6179199219	45.1818962097
39.6479492188	45.1641960144
