87.115479 52.597271
87.163200 52.569557
87.213936 52.593002
87.295731 52.587654
87.337044 52.546219
87.320297 52.508255
87.397156 52.489330
87.505539 52.472107
87.604218 52.441677
87.634224 52.429352
87.701622 52.434116
87.772392 52.495564
87.853905 52.543358
87.917305 52.546627
87.967377 52.518848
88.013161 52.485077
88.086937 52.454296
88.135086 52.427147
88.165985 52.411102
88.216255 52.416489
88.283440 52.436558
88.363342 52.424717
88.399323 52.416523
88.415810 52.372108
88.445717 52.338329
88.415825 52.290852
88.415405 52.252022
88.420586 52.219307
88.422310 52.183464
88.395462 52.141804
88.309502 52.110466
88.274879 52.069775
88.155853 52.068062
88.053864 52.035679
88.047775 51.982262
88.015099 51.946255
87.978851 51.878345
87.916130 51.809307
87.956551 51.766533
88.009682 51.750153
88.098495 51.769188
88.113052 51.721657
88.058556 51.679516
88.020409 51.642860
88.004585 51.606777
87.934196 51.592453
87.905807 51.587559
87.903992 51.564945
87.902412 51.535976
87.935684 51.491432
87.996269 51.478668
88.068108 51.468060
88.122231 51.432232
88.171288 51.393047
88.259720 51.375786
88.332962 51.354023
88.330399 51.327713
88.406136 51.292198
88.515205 51.303883
88.596085 51.336597
88.624016 51.368324
88.671066 51.405769
88.681740 51.461647
88.690651 51.508011
88.741554 51.548561
88.788086 51.541397
88.810043 51.538017
88.847679 51.510387
88.865433 51.468613
88.927185 51.434101
88.970436 51.417164
88.993858 51.391735
88.976952 51.356583
88.956253 51.324749
88.935822 51.286446
88.996902 51.188641
89.045143 51.141518
89.035187 51.102386
89.037041 51.057903
89.085335 51.025608
89.140976 51.004223
89.188126 50.981056
89.200653 50.917152
89.291275 50.861015
89.366158 50.864666
89.386024 50.849857
89.391823 50.815979
89.427132 50.785885
89.496620 50.752594
89.541687 50.723392
89.541336 50.684212
89.559303 50.646767
89.618629 50.623550
89.643753 50.610092
89.655365 50.585999
89.705994 50.556313
89.761154 50.535854
89.773712 50.530987
89.842766 50.502003
89.865944 50.459312
89.850822 50.419559
89.796722 50.374256
89.710442 50.350151
89.634193 50.355976
89.591286 50.373367
89.560905 50.421856
89.540909 50.450771
89.485489 50.459373
89.484688 50.415386
89.527405 50.357838
89.511459 50.340347
89.447296 50.326603
89.402252 50.310974
89.388542 50.278709
89.366844 50.261627
89.327148 50.236141
89.331825 50.199150
89.430756 50.186440
89.489960 50.178177
89.514915 50.132816
89.546028 50.109623
89.583527 50.095440
89.607780 50.058395
89.588165 50.013332
89.576225 49.990593
89.605728 49.967152
89.605309 49.946594
89.605286 49.946472
89.602989 49.933914
89.604988 49.930798
89.607361 49.927097
89.630623 49.915867
89.637215 49.910587
89.638069 49.906887
89.638573 49.904709
89.637329 49.899109
89.632935 49.879269
89.644417 49.863991
89.646095 49.858368
89.646080 49.858280
89.644928 49.850475
89.640755 49.840946
89.639145 49.837261
89.639107 49.837162
89.637474 49.833447
89.636734 49.831749
89.635963 49.826115
89.635925 49.825928
89.640648 49.819160
89.648857 49.816765
89.653343 49.815456
89.700157 49.811607
89.718185 49.807808
89.728264 49.804474
89.728386 49.804432
89.735870 49.799458
89.735947 49.799408
89.738525 49.794495
89.722153 49.775696
89.721794 49.758053
89.721771 49.757156
89.721764 49.756832
89.717628 49.747566
89.715881 49.743530
89.699921 49.722233
89.695930 49.719471
89.695862 49.719425
89.684349 49.711452
89.681831 49.709709
89.644714 49.703671
89.644592 49.703678
89.634911 49.704346
89.627068 49.699287
89.626907 49.699238
89.610107 49.694092
89.581116 49.690662
89.581009 49.690651
89.571472 49.689514
89.540939 49.684132
89.505913 49.668114
89.505798 49.668079
89.496544 49.665035
89.491501 49.663387
89.491394 49.663376
89.476501 49.661926
89.465881 49.662720
89.461121 49.663086
89.460991 49.663052
89.444885 49.658882
89.444778 49.658791
89.417915 49.636620
89.417099 49.635948
89.417000 49.635868
89.410706 49.630676
89.400467 49.620773
89.400414 49.620697
89.387825 49.603741
89.377342 49.594666
89.369690 49.595886
89.343719 49.617020
89.343658 49.617073
89.339394 49.619881
89.330528 49.625713
89.329498 49.626221
89.312683 49.634521
89.288696 49.643311
89.288605 49.643345
89.284340 49.644844
89.249794 49.654015
89.241730 49.653603
89.240112 49.653522
89.239990 49.653469
89.223541 49.646320
89.207893 49.631470
89.201736 49.625622
89.195404 49.615494
89.191887 49.604576
89.189941 49.598534
89.192917 49.591694
89.200317 49.583923
89.208649 49.578629
89.210617 49.577324
89.210693 49.577274
89.213196 49.575756
89.213318 49.575680
89.215874 49.574032
89.223625 49.566353
89.223663 49.566269
89.226624 49.559303
89.226669 49.559200
89.225388 49.550362
89.220886 49.546696
89.206604 49.547794
89.205078 49.547924
89.204964 49.547913
89.204010 49.547832
89.197678 49.547161
89.191544 49.543671
89.188454 49.541912
89.188400 49.541851
89.178307 49.530052
89.177635 49.529617
89.173096 49.526672
89.158875 49.523109
89.141083 49.512379
89.127502 49.507080
89.108887 49.502319
89.099487 49.499878
89.068024 49.495346
89.053711 49.493286
89.036316 49.493896
89.027885 49.492523
89.027763 49.492470
88.991722 49.477100
88.978279 49.475842
88.978195 49.475868
88.971909 49.477848
88.971840 49.477905
88.963928 49.484680
88.951721 49.503723
88.947693 49.510071
88.926880 49.530273
88.926140 49.538284
88.930244 49.556309
88.925484 49.559162
88.918343 49.559528
88.891098 49.555813
88.884155 49.552315
88.879860 49.550152
88.879791 49.550095
88.855034 49.529099
88.851318 49.523499
88.846466 49.516243
88.845055 49.508919
88.845024 49.508770
88.850525 49.500122
88.850533 49.500000
88.860626 49.493195
88.861313 49.491432
88.863213 49.485497
88.862892 49.483112
88.862724 49.481861
88.857117 49.474304
88.857384 49.470634
88.868431 49.456963
88.863289 49.450169
88.852722 49.450073
88.840576 49.452766
88.830734 49.456367
88.824890 49.460083
88.815147 49.466190
88.803520 49.468666
88.803383 49.468697
88.789307 49.469257
88.789162 49.469261
88.780785 49.466942
88.778503 49.466320
88.778427 49.466320
88.769714 49.466335
88.769608 49.466335
88.758057 49.469528
88.727432 49.465271
88.712097 49.466125
88.711479 49.466263
88.694092 49.470093
88.679077 49.475098
88.666870 49.484924
88.654266 49.499321
88.651917 49.510689
88.650024 49.520069
88.641907 49.526123
88.641777 49.526146
88.632324 49.527710
88.620911 49.526306
88.575500 49.512329
88.564896 49.503704
88.564835 49.503574
88.559273 49.492336
88.555367 49.484440
88.551514 49.482483
88.541687 49.482483
88.531479 49.486839
88.524277 49.489983
88.513916 49.491699
88.513817 49.491714
88.509087 49.492432
88.508965 49.492451
88.503601 49.490723
88.484085 49.484528
88.482735 49.484100
88.454712 49.478882
88.445282 49.480114
88.426331 49.493896
88.422302 49.496704
88.411316 49.500916
88.396301 49.503296
88.378479 49.503723
88.374817 49.503193
88.362656 49.501701
88.341034 49.507729
88.340515 49.507874
88.339821 49.508060
88.326340 49.505901
88.322090 49.505272
88.321976 49.505257
88.309868 49.499821
88.307373 49.498703
88.293121 49.496433
88.292297 49.496277
88.285194 49.495617
88.240700 49.491482
88.223335 49.489872
88.223236 49.489838
88.205078 49.483276
88.193741 49.477085
88.193642 49.476997
88.182922 49.467716
88.182823 49.467560
88.177109 49.458824
88.177116 49.458313
88.177139 49.457668
88.177193 49.453075
88.189308 49.436806
88.189514 49.436523
88.188385 49.430386
88.188194 49.429852
88.176880 49.427673
88.173103 49.426819
88.160347 49.424259
88.159454 49.423740
88.159325 49.423664
88.158104 49.422962
88.138489 49.411682
88.126305 49.397526
88.118492 49.388523
88.105713 49.384094
88.105591 49.383961
88.096924 49.374512
88.096756 49.370064
88.102982 49.365555
88.103104 49.365509
88.122810 49.357578
88.132858 49.353554
88.146591 49.344814
88.163002 49.324135
88.165421 49.321079
88.175903 49.310913
88.196381 49.299976
88.198196 49.294373
88.196785 49.287369
88.192070 49.283092
88.191994 49.283066
88.184509 49.280701
88.172691 49.278942
88.166939 49.278088
88.157463 49.270908
88.153328 49.258484
88.153236 49.258396
88.148903 49.254108
88.136299 49.250008
88.128555 49.244743
88.121201 49.244579
88.115723 49.252075
88.115662 49.252155
88.110924 49.258598
88.109955 49.259911
88.109596 49.260403
88.106071 49.262321
88.099670 49.265930
88.068741 49.269356
88.055267 49.266361
88.052971 49.264652
88.050369 49.262718
88.046829 49.256397
88.044731 49.252655
88.044655 49.252579
88.036636 49.244125
88.036530 49.244095
88.008713 49.235859
88.004829 49.225544
88.004745 49.225452
88.000107 49.220291
88.000000 49.220173
87.998108 49.209114
87.997208 49.204079
87.997086 49.203304
87.995766 49.195072
87.995399 49.192867
87.994293 49.186321
87.984909 49.179058
87.974304 49.178284
87.965347 49.180462
87.965271 49.180481
87.948486 49.184509
87.948380 49.184490
87.937759 49.182144
87.917480 49.170898
87.899918 49.166931
87.891296 49.168278
87.848877 49.174908
87.848763 49.174927
87.832260 49.175007
87.812653 49.174442
87.796120 49.173969
87.782608 49.173584
87.759239 49.170341
87.733002 49.168690
87.702316 49.169682
87.690880 49.166420
87.685478 49.164883
87.679443 49.163162
87.657303 49.153412
87.650543 49.150436
87.616829 49.139961
87.586418 49.130501
87.569336 49.126972
87.557350 49.126499
87.543213 49.131706
87.527969 49.140675
87.512024 49.141644
87.506081 49.135658
87.511223 49.115025
87.510971 49.114483
87.511269 49.113201
87.510384 49.112003
87.508919 49.110031
87.507790 49.107582
87.506508 49.106785
87.505783 49.105801
87.503746 49.105061
87.495323 49.101990
87.490303 49.101299
87.484863 49.100544
87.465202 49.097820
87.438103 49.084671
87.418243 49.083168
87.410347 49.083992
87.410187 49.083080
87.399773 49.083492
87.377182 49.084385
87.362106 49.086193
87.350792 49.090012
87.326385 49.098251
87.314468 49.099495
87.313095 49.099640
87.312576 49.099693
87.312614 49.106689
87.312660 49.116264
87.308777 49.125397
87.297363 49.152214
87.293892 49.160381
87.293472 49.161835
87.292488 49.164268
87.290871 49.170872
87.282295 49.200611
87.280983 49.203476
87.279022 49.206970
87.272690 49.212624
87.268364 49.216480
87.265053 49.217995
87.245537 49.226933
87.239723 49.229595
87.230476 49.232971
87.189491 49.247940
87.171883 49.251740
87.113304 49.249741
87.091797 49.255409
87.077538 49.256195
87.047119 49.254684
87.037285 49.256760
87.029388 49.264210
87.006805 49.293369
87.000847 49.297691
86.983589 49.298286
86.981644 49.298355
86.966164 49.295994
86.952347 49.297421
86.942093 49.303421
86.936241 49.312790
86.931313 49.327831
86.927864 49.331722
86.925667 49.334198
86.902008 49.350773
86.902893 49.360588
86.916122 49.372761
86.916595 49.386509
86.913124 49.406273
86.908775 49.414154
86.863708 49.429840
86.821449 49.444527
86.813126 49.449688
86.807373 49.459957
86.807564 49.472118
86.821976 49.494076
86.823433 49.496296
86.823570 49.505932
86.817986 49.510677
86.810081 49.513508
86.792648 49.519756
86.789886 49.522251
86.784943 49.526714
86.794151 49.532764
86.804268 49.539406
86.801857 49.544163
86.796043 49.547546
86.760338 49.556538
86.733627 49.563267
86.723404 49.567089
86.709633 49.572235
86.681435 49.570229
86.663391 49.567505
86.663155 49.567471
86.657204 49.566574
86.649292 49.570087
86.634163 49.581661
86.633209 49.583218
86.629593 49.589138
86.627144 49.593151
86.619759 49.613617
86.617996 49.631645
86.621628 49.641277
86.632233 49.652512
86.657799 49.672134
86.668846 49.680611
86.679916 49.681248
86.688446 49.677002
86.699005 49.674454
86.753883 49.694641
86.783417 49.711014
86.768898 49.726467
86.766418 49.733067
86.766670 49.735104
86.767670 49.743088
86.790268 49.773212
86.806038 49.794235
86.803223 49.803154
86.723381 49.802765
86.711266 49.802700
86.700493 49.804111
86.657082 49.805450
86.642952 49.805885
86.625893 49.805641
86.613838 49.803455
86.611992 49.801468
86.610336 49.799683
86.607010 49.796097
86.608185 49.790051
86.621284 49.780914
86.623611 49.773182
86.609116 49.756374
86.608437 49.755589
86.596313 49.746056
86.585327 49.741501
86.569183 49.739105
86.562843 49.738163
86.542198 49.717018
86.532066 49.711025
86.498352 49.698997
86.486366 49.692432
86.470329 49.677868
86.470016 49.675819
86.426498 49.638702
86.377686 49.622108
86.370430 49.616150
86.359810 49.611324
86.341881 49.607704
86.320114 49.603306
86.299797 49.594963
86.250023 49.587791
86.238724 49.582996
86.232529 49.576962
86.236343 49.555149
86.235397 49.548782
86.227592 49.538948
86.220566 49.534157
86.201721 49.521301
86.193916 49.513763
86.191826 49.506779
86.193718 49.500465
86.203003 49.487030
86.204292 49.481441
86.192635 49.471619
86.182777 49.467205
86.169273 49.461155
86.160622 49.462154
86.136436 49.485565
86.123611 49.497963
86.114655 49.511368
86.113556 49.512016
86.105568 49.516750
86.101166 49.517120
86.084686 49.518501
86.073227 49.518280
86.062080 49.518063
86.058609 49.517429
86.042656 49.514519
86.033859 49.512917
86.011986 49.505310
85.993416 49.494316
85.984253 49.488892
85.979668 49.486176
85.972305 49.486393
85.950279 49.494843
85.935143 49.497368
85.929657 49.500908
85.929955 49.505478
85.937500 49.520237
85.943611 49.532181
85.943321 49.542522
85.931335 49.552422
85.919266 49.554298
85.898132 49.554420
85.886871 49.553036
85.842896 49.547634
85.826759 49.548138
85.786140 49.565224
85.768143 49.570183
85.753746 49.570572
85.709297 49.560730
85.706497 49.560108
85.692299 49.556965
85.674667 49.556843
85.651291 49.561180
85.637535 49.568855
85.624191 49.582237
85.614235 49.589458
85.597778 49.594170
85.575188 49.600639
85.551605 49.603588
85.539604 49.604164
85.525673 49.604832
85.491432 49.601952
85.477005 49.597942
85.452995 49.591274
85.445213 49.585751
85.440125 49.573883
85.431061 49.566593
85.420822 49.563728
85.398193 49.573929
85.388245 49.573334
85.379936 49.570461
85.370537 49.567207
85.364502 49.566853
85.358414 49.571545
85.353615 49.580750
85.337601 49.587730
85.325928 49.592819
85.316185 49.593811
85.296638 49.589802
85.287941 49.588020
85.278282 49.589691
85.271049 49.593754
85.270195 49.594852
85.268738 49.596729
85.254707 49.614815
85.247551 49.619556
85.234360 49.618435
85.212296 49.626808
85.198944 49.642345
85.194191 49.654980
85.195457 49.667747
85.208244 49.693420
85.205345 49.717873
85.196533 49.737598
85.182304 49.752300
85.165886 49.769264
85.117981 49.830250
85.117935 49.852486
85.117447 49.853802
85.113701 49.863941
85.111366 49.866760
85.104767 49.874725
85.091896 49.879528
85.087616 49.879948
85.051605 49.883465
85.015778 49.891975
85.000000 49.899254
84.995644 49.901264
84.981018 49.920811
84.979187 49.939106
84.977188 49.959053
84.980568 49.969193
84.991226 49.980793
84.988075 49.995621
84.991112 50.000000
84.992828 50.002483
84.999001 50.003540
85.000000 50.003117
85.007324 50.000000
85.022308 49.993626
85.031250 49.998180
85.032928 49.999035
85.033226 50.000000
85.033875 50.002094
85.034119 50.002872
85.032349 50.014423
85.026085 50.026760
85.025772 50.027370
85.013908 50.043568
85.000000 50.054516
84.998016 50.056076
84.932121 50.090614
84.906754 50.095798
84.877045 50.094769
84.847389 50.093742
84.834213 50.096691
84.830727 50.103283
84.829544 50.117912
84.829292 50.121002
84.822128 50.129608
84.814522 50.134567
84.797707 50.137009
84.777321 50.136414
84.755432 50.138180
84.735474 50.144199
84.731522 50.146778
84.693748 50.171440
84.677773 50.177929
84.666847 50.182369
84.647682 50.186272
84.615852 50.188717
84.592400 50.192589
84.561859 50.201645
84.559273 50.202412
84.519104 50.222633
84.502968 50.234467
84.492401 50.242214
84.477592 50.250237
84.464088 50.250866
84.459724 50.249252
84.430534 50.230209
84.424553 50.228298
84.423485 50.227959
84.423012 50.227650
84.418304 50.224579
84.410156 50.221977
84.374825 50.218788
84.354233 50.219357
84.336403 50.219849
84.324066 50.224533
84.262550 50.269672
84.241341 50.291691
84.235359 50.302490
84.234924 50.308228
84.234474 50.314213
84.255898 50.343723
84.257118 50.358326
84.249924 50.379307
84.247864 50.385307
84.247459 50.385948
84.242470 50.393871
84.216957 50.434319
84.209633 50.452965
84.211258 50.471447
84.216530 50.478748
84.219276 50.482548
84.236160 50.496002
84.238892 50.501377
84.233223 50.515373
84.218880 50.532269
84.204132 50.542080
84.190720 50.547707
84.177948 50.556698
84.172333 50.560650
84.120811 50.607090
84.073875 50.634880
84.065926 50.634880
84.062271 50.640972
84.061493 50.642273
84.059280 50.641647
84.051636 50.646172
84.050606 50.647770
84.109421 50.654999
84.232559 50.672985
84.324142 50.688782
84.387398 50.719967
84.437439 50.705887
84.509918 50.736515
84.498779 50.783676
84.581619 50.818562
84.604126 50.836914
84.592270 50.855797
84.521660 50.872517
84.473160 50.885952
84.501244 50.920162
84.499138 50.966808
84.362473 50.976406
84.291962 50.995853
84.235893 50.993965
84.196754 51.002098
84.164658 51.044216
84.103790 51.061264
84.061638 51.047298
84.040222 51.041210
83.991798 51.053493
83.975372 51.114941
84.020424 51.125607
84.091194 51.146751
84.139626 51.112740
84.161484 51.183727
84.174767 51.239254
84.193932 51.269375
84.277672 51.270725
84.383629 51.279968
84.446808 51.291225
84.498596 51.323242
84.581062 51.350349
84.675339 51.389412
84.737122 51.431137
84.827621 51.431053
84.896912 51.439095
84.956108 51.476524
85.027390 51.495033
85.098305 51.506855
85.154289 51.502590
85.231949 51.508709
85.320175 51.542393
85.391785 51.564396
85.484772 51.574295
85.461479 51.635513
85.525475 51.682438
85.592911 51.720467
85.646225 51.736008
85.679077 51.741302
85.718712 51.765255
85.751968 51.793907
85.749054 51.834473
85.752693 51.857330
85.798477 51.877350
85.850861 51.887943
85.829613 51.928921
85.829765 51.981972
85.807732 52.012596
85.784439 52.038372
85.805450 52.047657
85.897743 52.062481
86.043236 52.073860
86.120544 52.067032
86.177826 52.052052
86.289276 52.026211
86.352982 52.031452
86.406715 52.060493
86.413071 52.098412
86.433830 52.126087
86.481667 52.137585
86.566086 52.140625
86.618401 52.121967
86.673347 52.117588
86.719421 52.129715
86.729179 52.180962
86.720573 52.245739
86.710686 52.278820
86.657600 52.303902
86.663902 52.374161
86.692314 52.434105
86.664589 52.474247
86.644554 52.514408
86.664429 52.537186
86.712379 52.536499
86.756538 52.569576
86.818527 52.604729
86.909721 52.635956
87.002052 52.645916
87.073341 52.631153
87.115479 52.597271
