85.361153 54.225983
85.390152 54.196365
85.425667 54.200447
85.465851 54.205048
85.516960 54.210613
85.602005 54.181538
85.652832 54.149071
85.762276 54.131317
85.810127 54.067024
85.901566 54.045094
85.914108 54.015251
85.951447 54.009472
86.003983 54.001358
86.109825 53.960747
86.160622 53.917095
86.179832 53.867729
86.185944 53.819561
86.271095 53.794815
86.299133 53.738213
86.318329 53.701767
86.337502 53.665318
86.356018 53.635288
86.414291 53.609066
86.453285 53.587917
86.475357 53.552715
86.492523 53.525257
86.514214 53.499264
86.621506 53.485313
86.704231 53.487709
86.764198 53.468948
86.863518 53.463989
86.904144 53.469635
86.915482 53.435917
86.902939 53.389282
86.876816 53.345688
86.847145 53.312714
86.801842 53.288937
86.721123 53.272938
86.650055 53.256187
86.627869 53.224937
86.698235 53.161362
86.771057 53.126606
86.842857 53.094471
86.916992 53.069042
86.960114 53.038097
87.007973 53.006771
87.031784 52.958801
87.026886 52.899166
86.981522 52.872612
86.946899 52.851013
86.944916 52.783356
86.963173 52.738377
86.989738 52.691616
87.034058 52.688507
87.082481 52.695980
87.115150 52.667465
87.113327 52.635868
87.115479 52.597271
87.073341 52.631153
87.002052 52.645916
86.909721 52.635956
86.818527 52.604729
86.756538 52.569576
86.712379 52.536499
86.664429 52.537186
86.644554 52.514408
86.664589 52.474247
86.692314 52.434105
86.663902 52.374161
86.657600 52.303902
86.710686 52.278820
86.720573 52.245739
86.729179 52.180962
86.719421 52.129715
86.673347 52.117588
86.618401 52.121967
86.566086 52.140625
86.481667 52.137585
86.433830 52.126087
86.413071 52.098412
86.406715 52.060493
86.352982 52.031452
86.289276 52.026211
86.177826 52.052052
86.120544 52.067032
86.043236 52.073860
85.897743 52.062481
85.805450 52.047657
85.784439 52.038372
85.807732 52.012596
85.829765 51.981972
85.829613 51.928921
85.850861 51.887943
85.798477 51.877350
85.752693 51.857330
85.749054 51.834473
85.751968 51.793907
85.718712 51.765255
85.679077 51.741302
85.646225 51.736008
85.592911 51.720467
85.525475 51.682438
85.461479 51.635513
85.484772 51.574295
85.391785 51.564396
85.320175 51.542393
85.231949 51.508709
85.154289 51.502590
85.098305 51.506855
85.027390 51.495033
84.956108 51.476524
84.896912 51.439095
84.827621 51.431053
84.737122 51.431137
84.675339 51.389412
84.581062 51.350349
84.498596 51.323242
84.446808 51.291225
84.383629 51.279968
84.277672 51.270725
84.193932 51.269375
84.174767 51.239254
84.161484 51.183727
84.139626 51.112740
84.091194 51.146751
84.020424 51.125607
83.975372 51.114941
83.991798 51.053493
84.040222 51.041210
84.061638 51.047298
84.103790 51.061264
84.164658 51.044216
84.196754 51.002098
84.235893 50.993965
84.291962 50.995853
84.362473 50.976406
84.499138 50.966808
84.501244 50.920162
84.473160 50.885952
84.521660 50.872517
84.592270 50.855797
84.604126 50.836914
84.581619 50.818562
84.498779 50.783676
84.509918 50.736515
84.437439 50.705887
84.387398 50.719967
84.324142 50.688782
84.232559 50.672985
84.109421 50.654999
84.050606 50.647770
84.048798 50.650566
84.034904 50.672077
84.013374 50.690166
83.973061 50.715069
83.970009 50.716953
83.959671 50.728607
83.952179 50.764416
83.943993 50.790176
83.894714 50.825584
83.889244 50.829502
83.817307 50.881035
83.811913 50.884899
83.792122 50.893253
83.764191 50.899868
83.744286 50.900661
83.702545 50.902309
83.689987 50.904938
83.689064 50.905132
83.684868 50.906605
83.684364 50.906948
83.658051 50.924877
83.641457 50.932487
83.637665 50.935070
83.618584 50.943821
83.574486 50.956875
83.560806 50.960918
83.506119 50.968941
83.496887 50.966656
83.491653 50.965363
83.470329 50.965931
83.410301 50.982422
83.397156 50.986034
83.389946 50.990417
83.389938 50.991119
83.389847 50.997292
83.410110 51.014870
83.405434 51.014057
83.382141 51.001167
83.377060 51.001125
83.358231 51.005470
83.332298 51.007545
83.308678 51.011723
83.293373 51.014427
83.280273 51.013977
83.256729 51.010231
83.235016 51.010765
83.220497 51.006466
83.207153 50.994801
83.197212 50.990318
83.195839 50.989700
83.189995 50.989216
83.186150 50.991604
83.184143 50.992851
83.178497 51.001266
83.175453 50.999893
83.169609 50.999409
83.163757 51.003044
83.154564 51.016754
83.149620 51.024132
83.136024 51.026611
83.131050 51.027519
83.119659 51.035378
83.092865 51.037491
83.083687 51.036201
83.079765 51.032673
83.084282 51.021763
83.086433 51.008644
83.084923 51.006298
83.075172 50.991173
83.048820 50.970783
83.024277 50.958790
83.021851 50.955666
83.014496 50.954311
83.002960 50.946228
82.985901 50.928032
82.976028 50.922409
82.959740 50.917912
82.935799 50.917095
82.905281 50.919922
82.852257 50.928169
82.847740 50.928867
82.803642 50.940666
82.788559 50.944702
82.760712 50.950439
82.758842 50.951645
82.756226 50.950653
82.752014 50.948799
82.746613 50.949005
82.739143 50.947968
82.730667 50.947426
82.718842 50.944359
82.713409 50.939491
82.706871 50.914814
82.703255 50.901134
82.701141 50.878094
82.702103 50.852669
82.692711 50.838314
82.672806 50.823364
82.649467 50.810574
82.637970 50.805878
82.548309 50.769207
82.529686 50.765862
82.514130 50.765171
82.496941 50.766815
82.460281 50.775612
82.438438 50.780846
82.396957 50.780643
82.355278 50.788212
82.337250 50.788250
82.308037 50.782875
82.266663 50.785629
82.261719 50.785961
82.246765 50.783386
82.233330 50.776424
82.228081 50.767876
82.216362 50.759495
82.196449 50.752472
82.167343 50.748203
82.141083 50.748882
82.128777 50.750134
82.119965 50.751030
82.094177 50.757736
82.088760 50.759144
82.076935 50.764061
82.062408 50.770100
82.041336 50.785038
82.030975 50.790901
82.023140 50.795334
82.007523 50.804169
81.987305 50.809925
81.925781 50.813713
81.905151 50.814976
81.892403 50.815639
81.873932 50.820648
81.862053 50.821156
81.850624 50.817711
81.818367 50.807987
81.817139 50.807388
81.813110 50.805420
81.805595 50.801746
81.800392 50.799286
81.793289 50.795811
81.794846 50.812515
81.794724 50.812611
81.790001 50.816284
81.781143 50.817112
81.780312 50.817188
81.774384 50.814350
81.773018 50.802887
81.769684 50.774895
81.763039 50.772072
81.733269 50.768578
81.690849 50.763599
81.669189 50.762924
81.618996 50.754162
81.608788 50.753750
81.608536 50.753738
81.593002 50.753105
81.592728 50.753136
81.555374 50.757172
81.540680 50.758759
81.479385 50.758163
81.470337 50.759243
81.451797 50.761452
81.449348 50.762871
81.449684 50.774143
81.449928 50.782524
81.454674 50.791119
81.473671 50.811092
81.479195 50.820812
81.477646 50.833420
81.461273 50.868038
81.454712 50.868752
81.448441 50.882008
81.428612 50.884171
81.425446 50.884514
81.419502 50.888744
81.418053 50.896091
81.412857 50.900764
81.426254 50.908962
81.431572 50.915909
81.434357 50.919552
81.429070 50.935181
81.425171 50.946709
81.424080 50.947006
81.408943 50.951145
81.408546 50.952286
81.407547 50.976997
81.403816 50.982327
81.395050 50.982738
81.394714 50.990967
81.390984 50.996296
81.366417 50.997448
81.322578 50.996899
81.289238 50.987274
81.272690 50.982491
81.211586 50.967350
81.158340 50.957527
81.111465 50.958427
81.098656 50.958675
81.071136 50.959190
81.061470 50.959373
81.058365 50.972225
81.056778 50.995796
81.070778 51.019802
81.075378 51.035042
81.076828 51.053078
81.080795 51.059029
81.083008 51.062351
81.094566 51.070160
81.123734 51.100082
81.145096 51.163143
81.145691 51.174965
81.147079 51.189304
81.144928 51.200451
81.144691 51.201691
81.138809 51.208878
81.126923 51.218697
81.124397 51.220779
81.115028 51.222488
81.116150 51.224277
81.110207 51.226418
81.110115 51.226265
81.102165 51.225796
81.076271 51.199894
81.055824 51.190357
81.053177 51.190006
81.051498 51.189781
81.049889 51.190357
81.037079 51.194935
81.036087 51.195286
81.000099 51.214146
80.968796 51.221424
80.918777 51.233051
80.909584 51.235188
80.900642 51.239437
80.897926 51.244736
80.900719 51.250195
80.903946 51.256493
80.872223 51.260674
80.849998 51.263603
80.831070 51.274155
80.826302 51.275894
80.820633 51.277958
80.817139 51.278831
80.784866 51.286911
80.746361 51.293495
80.737793 51.295921
80.719727 51.301041
80.682411 51.308151
80.671471 51.308060
80.657425 51.302067
80.648407 51.294315
80.646935 51.293053
80.644661 51.289162
80.631165 51.266048
80.630669 51.263172
80.628075 51.248257
80.630928 51.222393
80.629784 51.216129
80.629173 51.212814
80.627022 51.210938
80.624107 51.208397
80.622452 51.206951
80.619850 51.207008
80.472664 51.210293
80.444626 51.209225
80.440895 51.205837
80.435905 51.126804
80.442635 51.120106
80.474434 51.101246
80.478233 51.080860
80.478699 51.031258
80.467278 51.010582
80.465370 50.993690
80.468842 50.974453
80.429741 50.974190
80.410957 50.961361
80.391365 50.944881
80.381859 50.940636
80.376678 50.936115
80.338730 50.936954
80.324577 50.934807
80.322250 50.928204
80.278870 50.928616
80.277191 50.928631
80.273819 50.928661
80.251007 50.927044
80.245979 50.912464
80.238678 50.908871
80.199951 50.906013
80.194084 50.902180
80.190796 50.888847
80.190536 50.887810
80.192627 50.832027
80.189934 50.831703
80.171288 50.829468
80.137733 50.829288
80.108810 50.830818
80.091965 50.831707
80.088379 50.841011
80.085930 50.847366
80.085075 50.849586
80.069557 50.849476
80.068817 50.849056
80.065178 50.846996
80.064972 50.835579
80.064911 50.832123
80.064697 50.820263
80.071159 50.788574
80.071983 50.784554
80.081665 50.762310
80.078697 50.757092
80.068260 50.768204
80.053825 50.789635
80.036308 50.815624
80.020790 50.829727
79.978065 50.879833
79.968491 50.891045
79.957497 50.910851
79.955887 50.913742
79.949333 50.899799
79.948105 50.901237
79.929733 50.934330
79.918358 50.942665
79.873886 51.003357
79.868988 51.010033
79.850166 51.031944
79.804230 51.093906
79.795059 51.114296
79.786224 51.124004
79.758881 51.154018
79.738991 51.184013
79.682884 51.258240
79.651337 51.297012
79.649025 51.299854
79.638618 51.309296
79.635834 51.317089
79.590469 51.374535
79.570236 51.411007
79.552948 51.426659
79.550217 51.431129
79.532616 51.459923
79.522186 51.472099
79.509743 51.477837
79.501518 51.490440
79.479530 51.524162
79.427414 51.592514
79.351013 51.692245
79.340492 51.705982
79.253143 51.819389
79.251274 51.821804
79.254654 51.826954
79.252098 51.830391
79.243645 51.833164
79.232292 51.842346
79.201981 51.880840
79.197258 51.890682
79.184074 51.904438
79.170868 51.921944
79.162949 51.932430
79.152954 51.945663
79.156494 51.947361
79.161110 51.949574
79.150902 51.961353
79.144569 51.959084
79.142090 51.958195
79.122543 51.980743
79.091606 52.016438
79.079109 52.034061
79.074036 52.041656
79.034271 52.075665
79.029152 52.084232
79.021576 52.096901
78.976860 52.136593
78.976700 52.136757
78.932777 52.181297
78.927124 52.192364
78.916779 52.208828
78.913437 52.214149
78.887802 52.244785
78.873566 52.266075
78.784012 52.363873
78.778564 52.369820
78.773201 52.375679
78.757622 52.392635
78.706871 52.446796
78.634949 52.523235
78.604324 52.555779
78.549591 52.616207
78.557663 52.619617
78.544044 52.634647
78.538162 52.641144
78.534027 52.645699
78.444618 52.753223
78.437294 52.748730
78.433823 52.756714
78.402969 52.790421
78.385063 52.809368
78.355560 52.840595
78.344780 52.852001
78.343811 52.853016
78.335571 52.860790
78.334969 52.861362
78.307907 52.886906
78.289482 52.909439
78.275322 52.922852
78.249931 52.954258
78.240547 52.960228
78.207344 52.995113
78.201988 53.000740
78.200554 53.001926
78.168343 53.028545
78.156952 53.039753
78.123093 53.073051
78.092293 53.098679
78.068512 53.123901
78.028549 53.166645
78.024200 53.170708
77.977386 53.214344
77.933426 53.259354
77.911514 53.278542
77.871689 53.306473
77.886536 53.327724
77.886803 53.327583
77.915833 53.371765
77.957314 53.361912
77.979088 53.388313
77.942490 53.420231
77.960205 53.434319
78.042282 53.438297
78.062950 53.450089
78.058731 53.465542
77.978836 53.474445
77.958733 53.486660
77.955849 53.557873
78.022003 53.567257
78.052925 53.553352
78.099609 53.562637
78.128853 53.596149
78.172569 53.610558
78.196182 53.592278
78.178421 53.536182
78.207512 53.505623
78.290588 53.482834
78.365410 53.493736
78.445084 53.516052
78.526779 53.523438
78.590530 53.528214
78.628960 53.560463
78.614243 53.597683
78.640083 53.632263
78.693329 53.655872
78.776894 53.666218
78.888885 53.678123
78.926529 53.683392
78.959579 53.664917
78.997200 53.658745
79.028389 53.696053
79.088203 53.670254
79.182655 53.678566
79.259727 53.697781
79.264961 53.717739
79.310799 53.711121
79.366119 53.684372
79.461929 53.707874
79.491760 53.727638
79.533440 53.731541
79.580589 53.758263
79.600838 53.807564
79.669640 53.827744
79.720428 53.836067
79.759453 53.827038
79.820915 53.848656
79.843811 53.872707
79.846481 53.910156
79.945671 53.946987
80.065956 53.990322
80.037941 54.030735
80.100189 54.057949
80.146164 54.069893
80.165672 54.039257
80.185768 54.025814
80.245552 54.036362
80.290833 54.067993
80.346611 54.076851
80.410210 54.114483
80.462502 54.101875
80.528801 54.121914
80.507927 54.168362
80.577789 54.206936
80.628922 54.206306
80.655441 54.227837
80.748817 54.246716
80.819077 54.250202
80.817352 54.279160
80.781311 54.317387
80.801849 54.344467
80.856918 54.365150
80.913010 54.361435
80.923248 54.318848
80.948471 54.269360
81.028091 54.225307
81.078178 54.194138
81.093193 54.174042
81.096069 54.135899
81.111061 54.115803
81.209259 54.124733
81.242157 54.114227
81.280151 54.083847
81.352074 54.079819
81.423386 54.086948
81.447655 54.087189
81.473190 54.051865
81.562965 54.017765
81.557434 53.979198
81.559456 53.948498
81.567490 53.925358
81.623840 53.939342
81.678177 53.934124
81.713379 53.918259
81.787910 53.931385
81.828476 53.921051
81.815865 53.900208
81.819916 53.867958
81.756119 53.846294
81.716286 53.828495
81.717789 53.798641
81.750481 53.760742
81.784195 53.723972
81.816628 53.706696
81.871872 53.722267
81.955040 53.702911
82.021004 53.678799
82.134727 53.679276
82.187561 53.662407
82.156471 53.612358
82.259132 53.580910
82.306854 53.564137
82.353058 53.526428
82.452881 53.514122
82.525795 53.529316
82.557739 53.536198
82.526001 53.560261
82.553879 53.583389
82.626831 53.616291
82.652260 53.634296
82.632568 53.674316
82.708725 53.711346
82.720810 53.745014
82.701866 53.801083
82.752617 53.841621
82.812859 53.872337
82.885124 53.908512
82.938416 53.937141
83.046944 53.979565
83.070007 54.014763
83.156624 54.041611
83.241341 54.043846
83.287788 54.033863
83.305016 53.998142
83.327599 53.961334
83.406792 53.942181
83.445084 53.965466
83.498505 54.002125
83.480286 54.047966
83.484085 54.087650
83.585670 54.095795
83.686150 54.102722
83.803108 54.116539
83.854523 54.117332
83.889755 54.099026
83.953712 54.100574
83.993729 54.112797
84.061172 54.133274
84.166939 54.166565
84.239052 54.187641
84.290047 54.165867
84.337242 54.161152
84.377419 54.165726
84.401962 54.156990
84.418999 54.135178
84.484985 54.167339
84.540733 54.209202
84.540192 54.242565
84.615524 54.280491
84.698105 54.304489
84.797188 54.332478
84.903641 54.362251
85.013176 54.376530
85.080627 54.382496
85.085793 54.406342
85.141258 54.418102
85.190178 54.396637
85.233696 54.342941
85.277939 54.291222
85.361153 54.225983
