>
120.674285889	57.0560684204
120.734573364	57.0401535034
120.85219574	57.0526809692
120.939682007	57.0520896912
121.021995544	57.0341796875
121.158195496	57.0173568726
121.307785034	57.0028305054
121.404388428	57.0031509399
121.487007141	56.9943389893
121.54209137	56.9644355774
121.559387207	56.9162750244
121.578094482	56.8764572144
121.639793396	56.8577690125
121.653999329	56.82447052
121.644981384	56.7713317871
121.734085083	56.7658576965
121.878875732	56.7462425232
121.989593506	56.7702827454
122.095787048	56.7719726563
122.177574158	56.7636528015
122.251785278	56.7103652954
122.324287415	56.6726951599
122.406181335	56.652557373
122.47038269	56.6298408508
122.505981445	56.6018791199
122.580192566	56.560760498
122.628791809	56.5225067139
122.676689148	56.5056304932
122.770294189	56.5022506714
122.849784851	56.5295753479
122.866073608	56.5748748779
122.906295776	56.6048927307
122.952476501	56.5960006714
123.028594971	56.5367012024
123.101081848	56.4896430969
123.289894104	56.4409828186
123.455993652	56.4149246216
123.633476257	56.4252510071
123.743385315	56.4304618835
123.865386963	56.423374176
123.994590759	56.3776321411
124.077178955	56.3138961792
124.124191284	56.2652053833
124.141998291	56.2283210754
124.192893982	56.2168273926
124.217475891	56.176574707
124.250183105	56.1433792114
124.272094727	56.1231956482
124.361190796	56.0899543762
124.425384521	56.0667076111
124.447387695	56.0209655762
124.460189819	55.9761810303
124.471191406	55.950378418
124.544387817	55.9211769104
124.615890503	55.9304771423
124.668884277	55.932926178
124.726287842	55.926525116
124.732383728	55.8967933655
124.840995789	55.8882255554
124.874084473	55.8565483093
124.988502502	55.8484954834
125.059486389	55.8517494202
125.131889343	55.8881072998
125.223495483	55.8828430176
125.327079773	55.8817863464
125.394493103	55.8777732849
125.490783691	55.8407020569
125.558685303	55.7970352173
125.609092712	55.7680587769
125.702186584	55.7847251892
125.772590637	55.7946052551
125.887084961	55.7796707153
125.98878479	55.7536697388
126.058578491	55.7279014587
126.072486877	55.6950492859
126.05758667	55.6569099426
126.076774597	55.6228256226
126.164985657	55.6105003357
126.221282959	55.6173591614
126.278694153	55.6219406128
126.354301453	55.6064453125
126.401184082	55.5916481018
126.46698761	55.5971794128
126.533874512	55.6212501526
126.588684082	55.6531410217
126.614189148	55.6660308838
126.655586243	55.6693000793
126.690994263	55.6550064087
126.689285278	55.6385307312
126.767585754	55.620098114
126.887390137	55.6126861572
126.956184387	55.6600799561
126.956474304	55.6819229126
127.074295044	55.704750061
127.200889587	55.6984100342
127.328582764	55.7006912231
127.340187073	55.668964386
127.381881714	55.6309165955
127.416793823	55.5995368958
127.508384705	55.6152305603
127.597885132	55.6234092712
127.646492004	55.6875762939
127.685188293	55.7131462097
127.767089844	55.7201080322
127.81778717	55.707649231
127.851295471	55.6793670654
127.863395691	55.6633338928
127.928291321	55.6663742065
127.967597961	55.6897697449
128.042678833	55.6771430969
128.080886841	55.6756668091
128.141586304	55.7037200928
128.24118042	55.689907074
128.332382202	55.6619758606
128.412887573	55.6215515137
128.468093872	55.6105918884
128.48840332	55.5802688599
128.536102295	55.5590705872
128.612991333	55.5515480042
128.671890259	55.5566864014
128.708190918	55.5282211304
128.79208374	55.5066642761
128.888885498	55.5230789185
128.98638916	55.5009155273
129.064483643	55.5251464844
129.142791748	55.5806617737
129.115783691	55.6332168579
129.067687988	55.6548118591
129.035385132	55.6793441772
129.155288696	55.7150993347
129.240386963	55.7091751099
129.299682617	55.7423934937
129.391998291	55.7304267883
129.463790894	55.7613487244
129.568695068	55.7490158081
129.632278442	55.769821167
129.761383057	55.7539749146
129.819290161	55.7416038513
129.87689209	55.7659912109
129.942184448	55.7597389221
130.009780884	55.7100601196
130.107086182	55.7338790894
130.225387573	55.712146759
130.305587769	55.7547988892
130.368789673	55.7468338013
130.456680298	55.7484550476
130.620986938	55.758769989
130.724090576	55.7734413147
130.840698242	55.749420166
130.93019104	55.7215232849
130.986083984	55.7012367249
131.017089844	55.6900482178
131.10748291	55.6698493958
131.194091797	55.6753196716
131.267288208	55.6680450439
131.328781128	55.6702423096
131.428085327	55.690486908
131.516586304	55.6776771545
131.596786499	55.694026947
131.68989563	55.7148551941
131.759780884	55.7133560181
131.777679443	55.6750831604
131.852890015	55.689617157
131.942382813	55.6999015808
132.036392212	55.6953811646
132.138687134	55.6997528076
132.22618103	55.7270736694
132.290283203	55.7446060181
132.347991943	55.7536125183
132.416900635	55.737411499
132.452178955	55.7363166809
132.509887695	55.7390098572
132.547485352	55.7226371765
132.554580688	55.6830253601
132.587890625	55.6397171021
132.678283691	55.6032905579
132.663406372	55.5744018555
132.635391235	55.5421409607
132.674682617	55.5062866211
132.74168396	55.4683914185
132.828567505	55.4504127502
132.895980835	55.4331016541
132.927398682	55.4235305786
132.901779175	55.3978843689
132.895690918	55.3913879395
132.823379517	55.3903961182
132.723999023	55.378780365
132.659378052	55.3325805664
132.653381348	55.2853546143
132.597305298	55.2418556213
132.509185791	55.2309341431
132.401580811	55.2133407593
132.391387939	55.1570968628
132.395721436	55.1384963989
132.399185181	55.1235771179
132.350097656	55.0800666809
132.234802246	55.0533218384
132.146789551	55.0494918823
132.086395264	55.0415306091
132.075683594	55.0115127563
132.045379639	54.9676361084
131.972991943	54.9207839966
131.873291016	54.9047775269
131.8125	54.8482475281
131.736587524	54.8261909485
131.670379639	54.815700531
131.624588013	54.8075027466
131.599090576	54.7664527893
131.529190063	54.7467269897
131.468582153	54.7479362488
131.420379639	54.7496604919
131.399887085	54.7236862183
131.378387451	54.6908111572
131.317687988	54.6755371094
131.269363403	54.6591835022
131.240783691	54.6495132446
131.221359253	54.6139068604
131.215591431	54.6033172607
131.239089966	54.5594749451
131.209777832	54.5042495728
131.170898438	54.4538803101
131.132080078	54.3881034851
131.12008667	54.3423156738
131.065582275	54.3253059387
131.016983032	54.3445587158
130.94758606	54.3441429138
130.927108765	54.3363113403
130.883499146	54.3196220398
130.85067749	54.3035011292
130.793579102	54.303565979
130.73928833	54.2864189148
130.694488525	54.2409439087
130.666183472	54.2143096924
130.608596802	54.2052650452
130.561080933	54.1769752502
130.530487061	54.1234169006
130.529190063	54.0645484924
130.501785278	54.0121765137
130.447906494	53.9796791077
130.378097534	53.9292678833
130.4790802	53.8972740173
130.518447876	53.8946800232
130.557189941	53.892124176
130.624282837	53.9075012207
130.686279297	53.8844490051
130.699981689	53.8549232483
130.766098022	53.850025177
130.815185547	53.8510360718
130.839080811	53.8256874084
130.885177612	53.8009376526
130.917694092	53.7842750549
130.974685669	53.8136367798
131.055892944	53.8245658875
131.141189575	53.799446106
131.213195801	53.7781295776
131.278884888	53.7955780029
131.334381104	53.7934532166
131.387084961	53.7767333984
131.430389404	53.7504692078
131.420089722	53.7052345276
131.454986572	53.6320838928
131.474090576	53.5893974304
131.500686646	53.5412826538
131.468292236	53.494594574
131.515579224	53.4340820313
131.553787231	53.3958206177
131.576080322	53.3572158813
131.560180664	53.3116950989
131.523590088	53.277633667
131.466827393	53.2381286621
131.443481445	53.2218742371
131.511505127	53.2074165344
131.516281128	53.2085723877
131.626083374	53.2351531982
131.718994141	53.2591705322
131.814697266	53.2575950623
131.86239624	53.2501373291
131.883987427	53.2208023071
131.826583862	53.1870231628
131.87348938	53.1334190369
131.965896606	53.1161346436
132.062789917	53.1447715759
132.082778931	53.198387146
132.172790527	53.2106018066
132.255187988	53.220954895
132.322998047	53.2369613647
132.374588013	53.2372398376
132.424285889	53.2132759094
132.525878906	53.220500946
132.629577637	53.2300109863
132.707977295	53.2298355103
132.803482056	53.2095756531
132.889083862	53.2266998291
132.941986084	53.2877159119
133.024581909	53.3057365417
133.077087402	53.2813186646
133.149200439	53.3141670227
133.118881226	53.3637390137
133.133178711	53.4050865173
133.210586548	53.4382972717
133.317382813	53.4764709473
133.387985229	53.4856758118
133.446777344	53.4778251648
133.482879639	53.5140724182
133.50378418	53.5354919434
133.600891113	53.522151947
133.633682251	53.4871711731
133.678192139	53.4576225281
133.746582031	53.4558067322
133.815185547	53.4706840515
133.865783691	53.4515838623
133.888122559	53.4337425232
133.899887085	53.4243545532
133.986679077	53.429813385
134.073181152	53.4616584778
134.137481689	53.4746055603
134.184585571	53.4934387207
134.256484985	53.5238647461
134.333496094	53.5145378113
134.409286499	53.522441864
134.447494507	53.5675010681
134.493286133	53.5845756531
134.551986694	53.5740280151
134.581878662	53.5330429077
134.648788452	53.5238304138
134.690689087	53.5051269531
134.710403442	53.4718399048
134.792282104	53.4508895874
134.858688354	53.4193382263
134.901000977	53.393989563
134.874588013	53.3618469238
134.80178833	53.3681488037
134.732284546	53.3647422791
134.708496094	53.3381004333
134.733779907	53.3166351318
134.799377441	53.2969741821
134.829391479	53.2600860596
134.85067749	53.2272491455
134.798278809	53.1598777771
134.792877197	53.1300163269
134.8230896	53.0898895264
134.789703369	53.0519676208
134.729187012	53.0297698975
134.687286377	52.998008728
134.628585815	52.9341430664
134.586578369	52.8813667297
134.598205566	52.846824646
134.596801758	52.7989501953
134.635986328	52.7685012817
134.631286621	52.7406539917
134.608398438	52.7003211975
134.670089722	52.6819267273
134.69229126	52.6310577393
134.660491943	52.6002197266
134.594482422	52.5635147095
134.565002441	52.5350265503
134.608886719	52.4945030212
134.609481812	52.4524078369
134.582000732	52.4222755432
134.511489868	52.4134292603
134.441482544	52.4399375916
134.362686157	52.444278717
134.267181396	52.4439811707
134.220794678	52.4662818909
134.06338501	52.4651031494
133.983688354	52.5049514771
133.864578247	52.512134552
133.814483643	52.5416984558
133.714691162	52.5629882812
133.646682739	52.5672111511
133.53338623	52.602180481
133.455184937	52.6366767883
133.340606689	52.666557312
133.275985718	52.6662101746
133.208496094	52.6096801758
133.230682373	52.5400772095
133.288101196	52.4971809387
133.221679688	52.4529457092
133.241485596	52.3997688293
133.341598511	52.3518943787
133.393188477	52.2911872864
133.375686646	52.2359771729
133.286087036	52.1822090149
133.186691284	52.1544303894
133.093978882	52.1573295593
133.012405396	52.1616134644
132.931991577	52.1510314941
132.890380859	52.1533966064
132.850784302	52.1674003601
132.748382568	52.1330223083
132.611679077	52.0655784607
132.554199219	52.0339889526
132.509979248	52.0032310486
132.47328186	51.9547157288
132.410491943	51.9391708374
132.401687622	51.8847732544
132.382980347	51.8396911621
132.31880188	51.7940597534
132.236587524	51.7705345154
132.201187134	51.775806427
132.105682373	51.7391777039
132.033981323	51.7407455444
131.99697876	51.7392959595
131.936782837	51.7096443176
131.868499756	51.7191581726
131.792388916	51.6833267212
131.699386597	51.6640014648
131.61479187	51.6541213989
131.537002563	51.6653594971
131.485687256	51.673324585
131.450485229	51.6498718262
131.476791382	51.621421814
131.436477661	51.5651397705
131.457183838	51.5171432495
131.493591309	51.4693260193
131.523681641	51.4274978638
131.519790649	51.3922615051
131.494979858	51.360622406
131.417785645	51.3575248718
131.364486694	51.3641090393
131.315185547	51.3249511719
131.265289307	51.257686615
131.213180542	51.2325172424
131.158081055	51.2325019836
131.111984253	51.2276535034
131.044891357	51.1234130859
130.97958374	51.0106010437
130.927978516	50.9862480164
130.846588135	50.9700889587
130.802398682	50.9484558105
130.820983887	50.9185752869
130.857681274	50.8851318359
130.861984253	50.8556175232
130.825790405	50.8335952759
130.790588379	50.7941513062
130.761978149	50.7426452637
130.746887207	50.7060852051
130.709182739	50.6884918213
130.716888428	50.6429672241
130.760177612	50.620677948
130.838485718	50.655796051
130.878479004	50.6746253967
130.94468689	50.6752624512
130.991088867	50.6407928467
131.028182983	50.5921058655
131.031585693	50.5367774963
130.976989746	50.497505188
130.933792114	50.4637527466
130.923797607	50.4177017212
130.988479614	50.3885536194
131.031677246	50.4012260437
131.061080933	50.417175293
131.151794434	50.4068908691
131.167785645	50.3767318726
131.219696045	50.3715209961
131.282485962	50.3929977417
131.308578491	50.3284492493
131.308700562	50.298248291
131.417984009	50.2757225037
131.431488037	50.2282028198
131.479797363	50.2107582092
131.499893188	50.1701393127
131.458999634	50.1197776794
131.408782959	50.0854072571
131.414993286	50.0613327026
131.480484009	50.0515213013
131.497879028	50.0116767883
131.481887817	49.966506958
131.513397217	49.9382591248
131.540496826	49.9124145508
131.53868103	49.8878517151
131.512802124	49.8508262634
131.502807617	49.8278388977
131.531097412	49.7996063232
131.519180298	49.7621307373
131.467285156	49.7314910889
131.435180664	49.7206382751
131.402786255	49.6847190857
131.43170166	49.6532821655
131.480789185	49.6152992249
131.507781982	49.5672874451
131.503189087	49.5113143921
131.496582031	49.4821815491
131.508178711	49.4351196289
131.509689331	49.3902359009
131.489486694	49.3483810425
131.475585938	49.2994728088
131.449996948	49.266456604
131.388092041	49.2532463074
131.281982422	49.2503318787
131.221801758	49.2607192993
131.148483276	49.2339859009
131.097091675	49.1972312927
131.079086304	49.1487159729
131.032989502	49.1162796021
131.005889893	49.0927963257
130.990600586	49.0645446777
130.991485596	49.0310897827
130.95930481	48.9942359924
130.871383667	48.9963912964
130.788482666	48.9777412415
130.692077637	48.943359375
130.61000061	48.907409668
130.586685181	48.890827179
130.565185547	48.8676261902
130.567260742	48.8618125916
130.556945801	48.8579711914
130.54069519	48.8545608521
130.530548096	48.852432251
130.516036987	48.8526000977
130.503036499	48.8564605713
130.488525391	48.8637084961
130.477386475	48.8724021912
130.465362549	48.8854064941
130.456466675	48.8904800415
130.450332642	48.8950424194
130.443237305	48.9003219604
130.434494019	48.9010047913
130.424194336	48.9018096924
130.411834717	48.9010505676
130.396514893	48.8988494873
130.372589111	48.8924179077
130.357910156	48.8887214661
130.344894409	48.8854408264
130.334732056	48.8808822632
130.306304932	48.8747901917
130.285552979	48.8677101135
130.280426025	48.8666381836
130.257476807	48.8618469238
130.242767334	48.8629608154
130.234207153	48.8636207581
130.222610474	48.8670158386
130.198989868	48.8817939758
130.177001953	48.9048309326
130.141571045	48.9261894226
130.121673584	48.9351005554
130.108078003	48.9430122375
130.089874268	48.9526405334
130.081726074	48.9588813782
130.052139282	48.9640808105
130.025268555	48.9794387817
130.018569946	48.9813308716
130.005889893	48.9908561707
130	48.9990196228
129.991958618	49.0101699829
129.979995728	49.0190200806
129.966140747	49.0243988037
129.946014404	49.0251312256
129.934112549	49.0281791687
129.921829224	49.0374717712
129.908996582	49.0507392883
129.906417847	49.0539970398
129.907592773	49.0574493408
129.908966064	49.0592536926
129.912124634	49.0634117126
129.920181274	49.0740013123
129.920928955	49.0820655823
129.92124939	49.0854492188
129.912567139	49.0971183777
129.903671265	49.0999450684
129.8959198	49.1024093628
129.858444214	49.1064987183
129.852340698	49.1097679138
129.842010498	49.1197891235
129.842651367	49.1310386658
129.847045898	49.1400184631
129.851730347	49.1495704651
129.847122192	49.1619796753
129.844696045	49.1676597595
129.837860107	49.1713218689
129.830108643	49.1725120544
129.820770264	49.1713600159
129.798355103	49.1735191345
129.796661377	49.1737823486
129.779556274	49.1764221191
129.743896484	49.1976890564
129.737731934	49.2071304321
129.738327026	49.2199516296
129.744400024	49.2400016785
129.74382019	49.249130249
129.737518311	49.2572250366
129.730926514	49.2657012939
129.714447021	49.2778396606
129.704772949	49.2813415527
129.693771362	49.2869758606
129.690551758	49.2879104614
129.667755127	49.2901916504
129.657287598	49.2878990173
129.624969482	49.2806358337
129.615432739	49.2784919739
129.596221924	49.2757606506
129.594436646	49.2757759094
129.58757019	49.2758407593
129.577697754	49.275932312
129.571990967	49.2778320313
129.556793213	49.2872695923
129.550506592	49.2911720276
129.545394897	49.2997207642
129.540115356	49.3315811157
129.536651611	49.3520584106
129.534729004	49.360004425
129.5340271	49.3702697754
129.530471802	49.3868713379
129.526794434	49.3973388672
129.526504517	49.3981590271
129.520965576	49.4118919373
129.500442505	49.4221839905
129.491485596	49.4250946045
129.485031128	49.4271888733
129.480819702	49.4285545349
129.471420288	49.4315986633
129.458404541	49.434803009
129.455581665	49.4351997375
129.435348511	49.438041687
129.422409058	49.4376335144
129.415603638	49.4374198914
129.398956299	49.4342765808
129.384063721	49.4314613342
129.376174927	49.4258384705
129.371887207	49.4182167053
129.369171143	49.4134063721
129.368713379	49.4125862122
129.367477417	49.3903694153
129.370498657	49.3772010803
129.368759155	49.3670921326
129.358963013	49.3555984497
129.35874939	49.3553504944
129.340499878	49.3513793945
129.318725586	49.3542442322
129.317901611	49.3543510437
129.306671143	49.3598594666
129.30140686	49.3624420166
129.301208496	49.362537384
129.300643921	49.3629837036
129.292312622	49.3695831299
129.288024902	49.3743629456
129.283935547	49.3789291382
129.28414917	49.3815498352
129.279769897	49.3827705383
129.274093628	49.384349823
129.255187988	49.3938293457
129.251220703	49.3945617676
129.233062744	49.3979225159
129.232849121	49.3979606628
129.205810547	49.39894104
129.17515564	49.3874588013
129.165420532	49.3818893433
129.157608032	49.3751335144
129.152923584	49.3710861206
129.147018433	49.3659820557
129.135620117	49.3582496643
129.1328125	49.3540496826
129.131546021	49.3521499634
129.118133545	49.3487091064
129.108596802	49.350025177
129.095077515	49.351890564
129.085037231	49.3527908325
129.068161011	49.3584213257
129.048202515	49.3721885681
129.043014526	49.3804702759
129.037887573	49.3878517151
129.037872314	49.3885421753
129.037689209	49.3949356079
129.029785156	49.4154930115
129.022705078	49.4255485535
129.011123657	49.439125061
128.995162964	49.4504890442
128.980148315	49.454246521
128.976577759	49.4551391602
128.946273804	49.4568710327
128.918792725	49.4630355835
128.900054932	49.4736099243
128.88053894	49.4804992676
128.854095459	49.4779930115
128.836410522	49.4816360474
128.833648682	49.4822044373
128.831253052	49.4826965332
128.826309204	49.4829864502
128.816360474	49.4803543091
128.816436768	49.4794387817
128.797973633	49.4733085632
128.781143188	49.4714851379
128.772964478	49.4706001282
128.762283325	49.4725189209
128.749893188	49.4780311584
128.742141724	49.4866790771
128.738296509	49.495010376
128.738540649	49.5002784729
128.757522583	49.5251998901
128.763076782	49.5281105042
128.780410767	49.5372085571
128.790313721	49.5448799133
128.797241211	49.5629692078
128.794540405	49.5701904297
128.789642334	49.5782585144
128.782592773	49.5828170776
128.776016235	49.5857810974
128.748703003	49.5904197693
128.742706299	49.5914421082
128.742477417	49.5914802551
128.728790283	49.5912208557
128.720046997	49.5822219849
128.716674805	49.5681419373
128.709487915	49.5643692017
128.708251953	49.5637207031
128.696929932	49.5652198792
128.690475464	49.5660667419
128.686599731	49.5672988892
128.678192139	49.5699691772
128.660797119	49.5722885132
128.649749756	49.5737609863
128.617080688	49.5856208801
128.601959229	49.589641571
128.58164978	49.5938606262
128.577590942	49.5946998596
128.563095093	49.5953407288
128.560638428	49.595451355
128.535446167	49.6018409729
128.526000977	49.6012611389
128.522979736	49.6006889343
128.512512207	49.5987014771
128.498336792	49.5930786133
128.495895386	49.5921096802
128.489044189	49.589389801
128.481689453	49.5864715576
128.445281982	49.587474823
128.436737061	49.5885238647
128.410598755	49.5887298584
128.392028809	49.5888786316
128.381958008	49.5875740051
128.369232178	49.5843391418
128.353973389	49.578250885
128.347106934	49.5688362122
128.350128174	49.5588798523
128.349136353	49.5506057739
128.344360352	49.5476646423
128.338821411	49.5442504883
128.320404053	49.5382728577
128.309585571	49.5336761475
128.296066284	49.5279350281
128.293457031	49.5254402161
128.287368774	49.5195808411
128.268264771	49.5060119629
128.267196655	49.5051307678
128.260894775	49.4999504089
128.250610352	49.4995803833
128.246322632	49.5003356934
128.241821289	49.5033607483
128.238525391	49.5114021301
128.234985352	49.5200309753
128.230834961	49.5228385925
128.222961426	49.5245819092
128.192565918	49.5214500427
128.190246582	49.5212097168
128.170425415	49.5227012634
128.154281616	49.5264778137
128.152099609	49.5269889832
128.141052246	49.5322685242
128.124938965	49.5425987244
128.11895752	49.5444908142
128.114059448	49.5460472107
128.104187012	49.5463294983
128.085678101	49.5414466858
128.076965332	49.5406303406
128.065917969	49.5422363281
128.052734375	49.5481071472
128.048995972	49.5497703552
128.000442505	49.5784263611
127.990837097	49.5864944458
127.989631653	49.5878868103
127.980491638	49.5984191895
127.967536926	49.6081809998
127.961547852	49.6118202209
127.951812744	49.6141548157
127.942756653	49.6130828857
127.93611145	49.6057052612
127.935150146	49.60131073
127.928123474	49.590713501
127.926933289	49.5899124146
127.916435242	49.582862854
127.914291382	49.5814247131
127.904830933	49.577583313
127.891433716	49.5779266357
127.883041382	49.5807723999
127.882118225	49.5814399719
127.874679565	49.5868186951
127.860450745	49.591709137
127.846870422	49.5883789063
127.834365845	49.5853118896
127.822113037	49.5847816467
127.81526947	49.5860900879
127.80242157	49.5912475586
127.793426514	49.5997810364
127.781562805	49.6191902161
127.775177002	49.6262397766
127.764038086	49.6337203979
127.757286072	49.6382446289
127.756607056	49.6386985779
127.756309509	49.6388244629
127.749282837	49.6418380737
127.739639282	49.6459693909
127.711509705	49.6559753418
127.708152771	49.657169342
127.706581116	49.6579475403
127.695861816	49.6632614136
127.684921265	49.6733093262
127.671531677	49.6961021423
127.670845032	49.697845459
127.667198181	49.7070960999
127.6665802	49.7194328308
127.668197632	49.7345619202
127.668693542	49.7392234802
127.668670654	49.7415542603
127.66860199	49.7499809265
127.667480469	49.7536048889
127.664505005	49.7632331848
127.664268494	49.7639884949
127.650032043	49.7774810791
127.649726868	49.7777709961
127.639831543	49.7809906006
127.615966797	49.7858695984
127.594528198	49.7846717834
127.580062866	49.7840156555
127.57800293	49.7839202881
127.576675415	49.7844657898
127.560966492	49.7909317017
127.548034668	49.7977294922
127.543731689	49.7999916077
127.523002625	49.8178215027
127.515129089	49.8346405029
127.517616272	49.8441505432
127.520393372	49.8521385193
127.529441833	49.8781318665
127.531608582	49.8938217163
127.531715393	49.8943786621
127.532081604	49.8963432312
127.534637451	49.9099617004
127.537628174	49.9259262085
127.536247253	49.9258613586
127.524406433	49.9523506165
127.508728027	49.9626274109
127.498092651	49.9712715149
127.495903015	49.9730491638
127.492729187	49.9756393433
127.489456177	49.9871788025
127.488609314	49.9901771545
127.485839844	50
127.486587524	50.0179634094
127.495399475	50.0472335815
127.501327515	50.0610198975
127.511238098	50.0740814209
127.521789551	50.0810012817
127.528503418	50.0854034424
127.531806946	50.0908203125
127.536308289	50.0946159363
127.549057007	50.1053543091
127.553749084	50.1113891602
127.558097839	50.1169929504
127.5598526	50.1214599609
127.566986084	50.1396102905
127.56993866	50.142074585
127.585617065	50.1551589966
127.587882996	50.1570510864
127.594329834	50.1729202271
127.598503113	50.1999092102
127.598335266	50.2075233459
127.598129272	50.2167892456
127.595443726	50.2226905823
127.594177246	50.2254676819
127.585250854	50.234539032
127.576622009	50.2396888733
127.571479797	50.2427597046
127.555335999	50.2457885742
127.529907227	50.2521820068
127.502967834	50.2546920776
127.491127014	50.2553291321
127.489196777	50.2554321289
127.485839844	50.2564697266
127.471206665	50.2609939575
127.468711853	50.2617645264
127.461456299	50.2640113831
127.44090271	50.2719993591
127.417182922	50.2767410278
127.4008255	50.2800102234
127.398117065	50.2805519104
127.368797302	50.2931594849
127.354423523	50.3032493591
127.341377258	50.317073822
127.333328247	50.3279190063
127.328651428	50.3373298645
127.329170227	50.3545417786
127.335403442	50.3688087463
127.337242126	50.3706474304
127.338851929	50.3722572327
127.351760864	50.3851585388
127.357162476	50.393371582
127.359077454	50.396270752
127.361061096	50.4039306641
127.357719421	50.4251899719
127.35635376	50.4271621704
127.350402832	50.4357414246
127.338775635	50.4427337646
127.33556366	50.4446678162
127.324050903	50.4480209351
127.310592651	50.4496803284
127.298179626	50.4545898438
127.287628174	50.4680709839
127.287612915	50.4774703979
127.294799805	50.486530304
127.297035217	50.4905700684
127.303459167	50.5021858215
127.310806274	50.515460968
127.318336487	50.5247535706
127.331817627	50.5324935913
127.335784912	50.535320282
127.350730896	50.5459785461
127.353897095	50.5527801514
127.35736084	50.5694389343
127.359352112	50.583278656
127.357528687	50.5872955322
127.354042053	50.5949516296
127.336120605	50.6190910339
127.316352844	50.6342048645
127.304992676	50.6446609497
127.301422119	50.6479415894
127.290351868	50.6655235291
127.289131165	50.6680259705
127.283073425	50.6804924011
127.279891968	50.6870307922
127.279632568	50.689250946
127.279136658	50.6934280396
127.278823853	50.6960830688
127.27784729	50.7043609619
127.278656006	50.7077484131
127.280502319	50.7154808044
127.292762756	50.7309608459
127.294166565	50.7367019653
127.295890808	50.7410774231
127.29473877	50.7463722229
127.294586182	50.747089386
127.289886475	50.7532997131
127.284370422	50.7569618225
127.25138092	50.7658309937
127.234436035	50.7759628296
127.232803345	50.7769393921
127.22681427	50.7833557129
127.215393066	50.795589447
127.208343506	50.8052330017
127.207618713	50.8062210083
127.20249176	50.81772995
127.197227478	50.8295593262
127.14679718	50.8971595764
127.141090393	50.904800415
127.121520996	50.9256286621
127.111816406	50.9338722229
127.104888916	50.937210083
127.066177368	50.9570999146
127.058006287	50.9599227905
127.041183472	50.9657325745
127.031730652	50.9716873169
127.025398254	50.9780349731
127.021484375	50.9819564819
127.01058197	50.9928894043
127.005653381	51.0004386902
127.003166199	51.0031814575
127.000617981	51.0059928894
126.995117188	51.0120697021
126.984870911	51.0214195251
126.969612122	51.0308380127
126.944297791	51.046459198
126.933486938	51.0514297485
126.922851562	51.0579986572
126.920158386	51.0619926453
126.917182922	51.0797195435
126.917076111	51.1005897522
126.913398743	51.1153106689
126.912055969	51.1283798218
126.911911011	51.1299095154
126.904823303	51.1540908813
126.898040771	51.1877403259
126.897911072	51.1883659363
126.900848389	51.2025032043
126.91645813	51.225982666
126.918518066	51.2327308655
126.922279358	51.2379150391
126.923179626	51.2391586304
126.932250977	51.2459793091
126.939170837	51.2511901855
126.943847656	51.2553825378
126.956222534	51.2664794922
126.972824097	51.2908668518
126.973182678	51.2913894653
126.979866028	51.3077697754
126.974327087	51.3198776245
126.964889526	51.3251495361
126.956329346	51.3263320923
126.9373703	51.3258514404
126.92175293	51.3250694275
126.9139328	51.3233108521
126.895950317	51.3201446533
126.892112732	51.3194694519
126.873207092	51.3100395203
126.871856689	51.3063011169
126.876502991	51.2957496643
126.906951904	51.2748069763
126.912796021	51.267124176
126.914855957	51.2644195557
126.914878845	51.2527313232
126.910766602	51.2496185303
126.902893066	51.2436485291
126.883087158	51.2415084839
126.877258301	51.2414474487
126.868713379	51.2426185608
126.857566833	51.2468795776
126.841438293	51.2559204102
126.833969116	51.263584137
126.825447083	51.2723197937
126.81942749	51.2821006775
126.81678772	51.2968711853
126.816307068	51.3090019226
126.818618774	51.3221893311
126.832046509	51.3343391418
126.84552002	51.3375396729
126.895973206	51.3350219727
126.904426575	51.3375091553
126.915031433	51.3433113098
126.919883728	51.3483657837
126.923950195	51.3565940857
126.923606873	51.3678092957
126.921447754	51.372795105
126.91583252	51.3857688904
126.913635254	51.3880119324
126.904457092	51.3973617554
126.88684082	51.4033584595
126.853378296	51.4071807861
126.816642761	51.4135894775
126.804489136	51.4168701172
126.789527893	51.4275817871
126.788795471	51.4292259216
126.783821106	51.4403648376
126.78502655	51.4479904175
126.789543152	51.4528121948
126.794006348	51.4606018066
126.795448303	51.4642333984
126.800590515	51.477180481
126.802787781	51.482711792
126.803962708	51.4856452942
126.827941895	51.5072631836
126.832420349	51.5180397034
126.832778931	51.5265388489
126.829238892	51.5311813354
126.818496704	51.5375289917
126.798408508	51.5449905396
126.768371582	51.5526390076
126.759361267	51.5546684265
126.742607117	51.5584411621
126.724845886	51.564868927
126.71925354	51.5673179626
126.715309143	51.5685310364
126.708206177	51.5707702637
126.704490662	51.5713996887
126.693992615	51.5756797791
126.687927246	51.5797195435
126.6798172	51.585269928
126.675941467	51.595161438
126.680450439	51.6027259827
126.688980103	51.607749939
126.705253601	51.6127166748
126.711898804	51.6180992126
126.728179932	51.6285705566
126.732536316	51.6314277649
126.734619141	51.6327972412
126.736671448	51.6395492554
126.735610962	51.6475296021
126.727668762	51.65858078
126.727493286	51.658821106
126.723220825	51.665927887
126.719116211	51.6774139404
126.720352173	51.6903190613
126.721710205	51.6920928955
126.726013184	51.697719574
126.726028442	51.6977996826
126.727050781	51.7037353516
126.723548889	51.7134208679
126.713356018	51.7206916809
126.678649902	51.7227096558
126.668251038	51.7212867737
126.66078949	51.723690033
126.656913757	51.7266120911
126.655723572	51.7314033508
126.657897949	51.7370185852
126.659820557	51.7429504395
126.653923035	51.7566413879
126.640708923	51.7614593506
126.621246338	51.7714614868
126.608985901	51.7802314758
126.606613159	51.7828598022
126.599845886	51.790309906
126.59337616	51.8053398132
126.573997498	51.822681427
126.570877075	51.8346710205
126.568519592	51.8397903442
126.56086731	51.8564033508
126.551612854	51.8680992126
126.544296265	51.87733078
126.532608032	51.8888282776
126.531463623	51.889957428
126.530426025	51.8905105591
126.523071289	51.8944396973
126.51386261	51.899356842
126.506126404	51.9097290039
126.497566223	51.9190864563
126.491706848	51.925491333
126.48677063	51.9274787903
126.475601196	51.9319801331
126.469207764	51.9353103638
126.461868286	51.9427223206
126.459213257	51.9538192749
126.464271545	51.973361969
126.455047607	51.9889297485
126.447166443	51.9991989136
126.445747375	52.0054168701
126.445587158	52.0060997009
126.443252563	52.0160560608
126.444816589	52.0218696594
126.452629089	52.0282592773
126.461181641	52.0307922363
126.47454834	52.0308494568
126.482292175	52.0312614441
126.494430542	52.0288619995
126.50630188	52.0290298462
126.515716553	52.0334205627
126.517295837	52.0474891663
126.52191925	52.0541610718
126.534721375	52.0647087097
126.535720825	52.0716209412
126.54486084	52.0940170288
126.547676086	52.1009216309
126.555023193	52.1070404053
126.557685852	52.1092414856
126.55645752	52.1208763123
126.549957275	52.1301689148
126.548828125	52.1306495667
126.52066803	52.1426391602
126.510482788	52.1477355957
126.498260498	52.1538505554
126.496040344	52.1563262939
126.494720459	52.1577949524
126.466392517	52.1684608459
126.458480835	52.1703414917
126.435539246	52.17578125
126.409736633	52.1772079468
126.405853271	52.1774215698
126.404266357	52.1778297424
126.398490906	52.1793212891
126.382026672	52.1804695129
126.363090515	52.1817893982
126.333053589	52.1884384155
126.318862915	52.1949043274
126.308296204	52.1997184753
126.300987244	52.2048721313
126.298332214	52.2067565918
126.298622131	52.2113075256
126.29889679	52.2157287598
126.30267334	52.2232818604
126.302902222	52.2234992981
126.311515808	52.2317886353
126.329772949	52.2451591492
126.340080261	52.251449585
126.348548889	52.2548904419
126.389320374	52.2652587891
126.410209656	52.2705612183
126.425743103	52.2743644714
126.439598083	52.2847290039
126.432846069	52.2848396301
126.428947449	52.2887611389
126.423095703	52.2909202576
126.420257568	52.2919692993
126.40196228	52.2944412231
126.394844055	52.2945671082
126.384742737	52.2947425842
126.373130798	52.2947387695
126.363487244	52.296749115
126.35408783	52.2971687317
126.339202881	52.2993507385
126.32837677	52.3063812256
126.334022522	52.3121299744
126.346412659	52.3247489929
126.350570679	52.3348312378
126.349868774	52.3448905945
126.353553772	52.3636665344
126.35231781	52.3670387268
126.351776123	52.3787193298
126.34778595	52.3871803284
126.343681335	52.3959503174
126.327232361	52.4138793945
126.323432922	52.416343689
126.316375732	52.4209251404
126.30406189	52.4289207458
126.291687012	52.4392814636
126.272827148	52.457988739
126.258476257	52.468914032
126.244163513	52.4692840576
126.230819702	52.4681015015
126.210365295	52.4640541077
126.20199585	52.4623985291
126.189109802	52.4658317566
126.184677124	52.4729309082
126.184829712	52.4786834717
126.184906006	52.4816589355
126.185661316	52.4833297729
126.190841675	52.4948387146
126.196647644	52.5013504028
126.205421448	52.5183486938
126.202102661	52.5262908936
126.201950073	52.5266494751
126.193916321	52.5351600647
126.183929443	52.5417251587
126.161262512	52.5543746948
126.158096313	52.5561408997
126.135482788	52.5691299438
126.102622986	52.5849914551
126.089653015	52.5886306763
126.082946777	52.5930786133
126.069847107	52.6001586914
126.064025879	52.5988006592
126.058197021	52.5974388123
126.048233032	52.5911483765
126.043540955	52.5874404907
126.032936096	52.5827217102
126.005722046	52.5809707642
125.996772766	52.5852890015
125.993103027	52.5896720886
125.985610962	52.596824646
125.974128723	52.6078834534
125.96547699	52.6225395203
125.965316772	52.6240653992
125.963829041	52.6382904053
125.965393066	52.6477890015
125.970428467	52.656791687
125.979553223	52.6637268066
125.990623474	52.6677932739
126.004493713	52.6708641052
126.024528503	52.6680831909
126.035575867	52.6676177979
126.03855896	52.6674919128
126.04132843	52.6677017212
126.048484802	52.6682434082
126.049758911	52.6683387756
126.050689697	52.6688232422
126.054397583	52.6707496643
126.055709839	52.6714286804
126.059883118	52.6762466431
126.060531616	52.6779327393
126.061279297	52.6798782349
126.065299988	52.6903190613
126.063491821	52.6929092407
126.055839539	52.7060813904
126.049072266	52.7145233154
126.045417786	52.7190856934
126.04145813	52.732460022
126.04234314	52.7387504578
126.04737854	52.74243927
126.057563782	52.7430267334
126.068382263	52.7449111938
126.072113037	52.7455635071
126.086860657	52.7452011108
126.094421387	52.7476806641
126.109336853	52.7565422058
126.112792969	52.7638397217
126.102012634	52.7726593018
126.096412659	52.7757453918
126.079322815	52.7851715088
126.071739197	52.7886962891
126.058853149	52.7946891785
126.049232483	52.7964096069
126.042831421	52.7954788208
126.033256531	52.7909507751
126.030883789	52.7886314392
126.017852783	52.7758903503
126.014320374	52.774559021
126.009796143	52.7723693848
126.001556396	52.7668609619
125.98866272	52.7622413635
125.98059082	52.7606391907
125.967697144	52.7608299255
125.961097717	52.7652244568
125.950126648	52.7725296021
125.929412842	52.7911605835
125.915428162	52.8084907532
125.893920898	52.8259391785
125.887290955	52.832359314
125.878211975	52.8363609314
125.860458374	52.8477897644
125.85823822	52.8502120972
125.849105835	52.8601608276
125.845252991	52.8724098206
125.844520569	52.8766403198
125.845542908	52.8870315552
125.83946228	52.891960144
125.832496643	52.8952407837
125.814102173	52.8964920044
125.784423828	52.8952903748
125.774528503	52.8948898315
125.764328003	52.8922424316
125.75554657	52.8878326416
125.722251892	52.8763122559
125.721061707	52.8759002686
125.718887329	52.8751487732
125.694404602	52.8637962341
125.68888855	52.861240387
125.672157288	52.8568191528
125.668357849	52.8601264954
125.655853271	52.8710098267
125.653770447	52.8839797974
125.651626587	52.8925704956
125.656990051	52.9087295532
125.662658691	52.9159507751
125.671737671	52.9200439453
125.674339294	52.9212188721
125.687446594	52.9270401001
125.703887939	52.9286804199
125.722381592	52.9341163635
125.72618103	52.9412231445
125.727638245	52.9582901001
125.734848022	52.9691772461
125.737129211	52.9726219177
125.738708496	52.9793701172
125.736366272	52.9845085144
125.730506897	52.9878425598
125.729850769	52.9880943298
125.717292786	52.9928817749
125.714317322	52.9940185547
125.712295532	52.9943122864
125.69291687	52.9971389771
125.682106018	53.0004196167
125.669197083	53.0074653625
125.65561676	53.020904541
125.651138306	53.0267181396
125.639717102	53.0415496826
125.634933472	53.0472564697
125.629806519	53.0533714294
125.629302979	53.0565605164
125.626121521	53.0580673218
125.619812012	53.061050415
125.612747192	53.0693588257
125.600456238	53.0746002197
125.583702087	53.0795402527
125.579658508	53.0807304382
125.570068359	53.0762023926
125.564086914	53.0733795166
125.560043335	53.0708503723
125.548202515	53.0634803772
125.536636353	53.0549926758
125.523483276	53.0493888855
125.508361816	53.046421051
125.505569458	53.0477180481
125.501350403	53.0496788025
125.494941711	53.0584793091
125.492866516	53.0732803345
125.492233276	53.0742721558
125.482063293	53.0903091431
125.472038269	53.0959014893
125.463256836	53.1007995605
125.462730408	53.1010932922
125.446037292	53.1051292419
125.427581787	53.1132507324
125.411056519	53.1204910278
125.394104004	53.1227912903
125.38646698	53.1238250732
125.369277954	53.1285247803
125.365226746	53.1300163269
125.347312927	53.1366043091
125.325996399	53.1385231018
125.314987183	53.1426734924
125.310096741	53.1442298889
125.296829224	53.1484489441
125.275390625	53.1585350037
125.231628418	53.1791191101
125.21925354	53.1832427979
125.218910217	53.1833572388
125.210411072	53.1861915588
125.200820923	53.1893920898
125.188209534	53.1915893555
125.154373169	53.1949996948
125.143127441	53.1958580017
125.12298584	53.1973991394
125.09513092	53.1949615479
125.058738708	53.1954307556
125.048309326	53.1956710815
125.026885986	53.1961708069
125	53.1941795349
124.981971741	53.1928520203
124.971893311	53.189250946
124.951416016	53.181930542
124.940200806	53.1792449951
124.91734314	53.1737709045
124.893913269	53.1637611389
124.889411926	53.1611709595
124.883682251	53.1548194885
124.885566711	53.1485099792
124.892906189	53.1374092102
124.896057129	53.1326408386
124.901260376	53.1164360046
124.899986267	53.1064720154
124.895469666	53.0976791382
124.887542725	53.0951004028
124.875091553	53.094291687
124.864006042	53.0986289978
124.857208252	53.1046218872
124.8543396	53.1086807251
124.84337616	53.1241722107
124.84287262	53.1245880127
124.833045959	53.1326904297
124.812667847	53.138092041
124.80581665	53.135509491
124.77507782	53.1344146729
124.748336792	53.1386184692
124.742134094	53.1412200928
124.722259521	53.149559021
124.720985413	53.150970459
124.717956543	53.1543312073
124.715270996	53.1564483643
124.717056274	53.1758728027
124.715988159	53.1792182922
124.715263367	53.1815032959
124.704307556	53.1890487671
124.69127655	53.1922531128
124.663040161	53.1991920471
124.648178101	53.2009620667
124.639656067	53.19947052
124.62853241	53.1997413635
124.591621399	53.200630188
124.554595947	53.1960716248
124.530326843	53.1948890686
124.515419006	53.1968803406
124.487571716	53.2005004883
124.457252502	53.2074394226
124.451972961	53.2086486816
124.432060242	53.2167205811
124.431053162	53.2181587219
124.423118591	53.2295036316
124.421012878	53.2325172424
124.417266846	53.234413147
124.406600952	53.2398109436
124.397117615	53.241230011
124.375488281	53.246181488
124.367202759	53.2534294128
124.361419678	53.2615394592
124.361167908	53.265296936
124.361000061	53.2677192688
124.356796265	53.2715606689
124.355194092	53.2730178833
124.345718384	53.2816390991
124.340423584	53.2870597839
124.340232849	53.28723526
124.333007813	53.2938194275
124.331588745	53.3009986877
124.319625854	53.318359375
124.307975769	53.3252296448
124.303108215	53.3281021118
124.277503967	53.3438186646
124.271217346	53.3476753235
124.245750427	53.3655090332
124.220878601	53.3680992126
124.208717346	53.3679504395
124.192359924	53.3645858765
124.162322998	53.356590271
124.148162842	53.3482818604
124.14213562	53.3469734192
124.133010864	53.3449897766
124.118728638	53.343952179
124.115013123	53.3436813354
124.106941223	53.3474693298
124.106445312	53.3479194641
124.104164124	53.3499794006
124.097991943	53.3555603027
124.096488953	53.3629264832
124.095649719	53.3670387268
124.08190918	53.3780632019
124.072341919	53.3857383728
124.062530518	53.3917236328
124.031723022	53.3915748596
124.031402588	53.3915748596
124.018508911	53.3964004517
124.002540588	53.4088363647
124.00113678	53.4100914001
124	53.4111022949
123.983673096	53.4214324951
123.974868774	53.4280929565
123.965263367	53.4340019226
123.950386047	53.4406814575
123.937507629	53.4472198486
123.927757263	53.4491119385
123.921302795	53.4539909363
123.909156799	53.4608802795
123.890083313	53.4702606201
123.869667053	53.4797286987
123.856613159	53.4854621887
123.85168457	53.4867782593
123.844421387	53.4887199402
123.829551697	53.4885406494
123.814651489	53.4883575439
123.805023193	53.487411499
123.793746948	53.4861183167
123.791908264	53.4859085083
123.783836365	53.4860610962
123.773406982	53.4879722595
123.761138916	53.4908256531
123.745018005	53.4947395325
123.736129761	53.496383667
123.734588623	53.4966697693
123.725257874	53.4972991943
123.718521118	53.4973602295
123.705986023	53.4953918457
123.696876526	53.4936828613
123.693389893	53.4930305481
123.677825928	53.4892616272
123.668762207	53.4958763123
123.660728455	53.5078392029
123.655265808	53.5178794861
123.649482727	53.5261802673
123.639938354	53.5303382874
123.617630005	53.537109375
123.588142395	53.5463676453
123.585586548	53.5471687317
123.579772949	53.5475616455
123.571990967	53.5454406738
123.569572449	53.5423355103
123.568092346	53.5404319763
123.56678772	53.5334892273
123.570976257	53.5244216919
123.56804657	53.5167121887
123.562202454	53.5091896057
123.555397034	53.5043716431
123.544242859	53.4998397827
123.536064148	53.4959449768
123.532913208	53.4944458008
123.524337769	53.4958992004
123.513496399	53.5010108948
123.514961243	53.5088195801
123.520469666	53.5146026611
123.538291931	53.5309906006
123.539428711	53.537071228
123.536369324	53.5443000793
123.523544312	53.55210495
123.52179718	53.5531692505
123.508712769	53.5540428162
123.507232666	53.5541419983
123.499176025	53.5527420044
123.488929749	53.5509605408
123.480506897	53.5453605652
123.47580719	53.5360107422
123.474349976	53.5282020569
123.47467804	53.5220298767
123.479530334	53.5164413452
123.488426208	53.5088195801
123.491828918	53.5033187866
123.484710693	53.4967651367
123.483184814	53.4966125488
123.474197388	53.4957008362
123.464332581	53.4981117249
123.457046509	53.5065002441
123.454452515	53.5163345337
123.448768616	53.5254898071
123.442306519	53.5303115845
123.427726746	53.5312690735
123.424995422	53.5312843323
123.398277283	53.5314407349
123.379325867	53.5326805115
123.359413147	53.5366096497
123.338516235	53.5411186218
123.327980042	53.5426101685
123.309883118	53.5469970703
123.29724884	53.5518302917
123.282096863	53.5576400757
123.279541016	53.5583343506
123.274375916	53.5597419739
123.257019043	53.5608596802
123.24471283	53.5600395203
123.230766296	53.5577087402
123.216697693	53.5545921326
123.203956604	53.5513801575
123.19304657	53.5432319641
123.176841736	53.5281715393
123.1668396	53.5175514221
123.16532135	53.5166893005
123.150306702	53.508140564
123.137306213	53.5033302307
123.127784729	53.5014457703
123.121932983	53.5002861023
123.109779358	53.50025177
123.094062805	53.5028495789
123.083381653	53.5048332214
123.068519592	53.5075950623
123.067939758	53.5077018738
123.049682617	53.5112609863
123.037528992	53.5112113953
123.020683289	53.5074310303
123.000602722	53.5006446838
122.991493225	53.4947776794
122.988174438	53.4933204651
122.979682922	53.4895896912
122.961288452	53.4854507446
122.941146851	53.4820365906
122.938537598	53.4815940857
122.925682068	53.4753608704
122.899116516	53.4664611816
122.880607605	53.4614486694
122.870529175	53.4593353271
122.854667664	53.4560089111
122.83354187	53.4529037476
122.810546875	53.4560546875
122.79699707	53.4585456848
122.796287537	53.4586753845
122.749702454	53.461479187
122.738708496	53.4617042542
122.727706909	53.4619293213
122.711425781	53.4603233337
122.688842773	53.4580993652
122.671356201	53.4591445923
122.665969849	53.4597930908
122.64251709	53.4626083374
122.613395691	53.4611358643
122.602493286	53.4605865479
122.569915771	53.4575576782
122.556190491	53.4562797546
122.522476196	53.4530830383
122.521842957	53.4530220032
122.507423401	53.4547386169
122.492858887	53.455581665
122.487571716	53.4558868408
122.482673645	53.4561729431
122.473220825	53.452331543
122.466209412	53.450088501
122.463912964	53.4493522644
122.451423645	53.4448165894
122.442123413	53.4418487549
122.44115448	53.4418106079
122.431365967	53.4414100647
122.413711548	53.4416618347
122.400405884	53.4446105957
122.382606506	53.4545288086
122.361602783	53.4763793945
122.351860046	53.4841499329
122.347328186	53.4871788025
122.340103149	53.4919586182
122.329620361	53.4973220825
122.328926086	53.4975090027
122.328231812	53.4976806641
122.32774353	53.497795105
122.327522278	53.4978485107
122.326812744	53.4979820251
122.326080322	53.4981117249
122.325340271	53.4982299805
122.324607849	53.4983291626
122.323860168	53.4984092712
122.323112488	53.4984817505
122.322357178	53.4985389709
122.321601868	53.4985809326
122.320846558	53.4986000061
122.320091248	53.4986114502
122.319335938	53.4986000061
122.318572998	53.4985809326
122.317817688	53.4985389709
122.317070007	53.4984893799
122.316322327	53.4984207153
122.315567017	53.4983406067
122.314422607	53.4981803894
122.305397034	53.4958992004
122.278831482	53.4838867188
122.261238098	53.473739624
122.253112793	53.4686355591
122.239028931	53.4638595581
122.226776123	53.4621620178
122.215400696	53.4612960815
122.214653015	53.4612388611
122.202819824	53.4622993469
122.19052124	53.4645729065
122.178222656	53.4668388367
122.167236328	53.469039917
122.164649963	53.4691810608
122.156677246	53.4696235657
122.146636963	53.469379425
122.13835144	53.4674491882
122.132041931	53.4654159546
122.1251297	53.4594421387
122.100418091	53.4373512268
122.099098206	53.4277687073
122.076057434	53.4211387634
122.060043335	53.4220123291
122.051681519	53.4211044312
122.042396545	53.4439201355
122.041885376	53.443775177
122.027587891	53.490070343
122.004493713	53.5332832336
121.952186584	53.5534744263
121.947593689	53.5910072327
121.964584351	53.6357650757
121.93069458	53.6705360413
121.966583252	53.7133827209
121.9296875	53.7612457275
121.944786072	53.8198623657
121.891288757	53.8498802185
121.838691711	53.9104423523
121.796981812	53.9735717773
121.754394531	53.987827301
121.72719574	53.9546775818
121.625892639	54.0439109802
121.634391785	54.0845718384
121.634590149	54.1230163574
121.659790039	54.1469268799
121.722999573	54.1778068542
121.731887817	54.1991767883
121.700881958	54.2610359192
121.700386047	54.2948417664
121.668479919	54.3356666565
121.658287048	54.3732643127
121.701187134	54.4187316895
121.791793823	54.4529266357
121.827102661	54.4007797241
121.894989014	54.3998908997
121.92388916	54.4182357788
121.959587097	54.4230422974
121.970283508	54.4244804382
122.079185486	54.4510040283
122.09299469	54.4896430969
122.065193176	54.5019454956
121.98348999	54.5248565674
121.985290527	54.5485725403
121.9296875	54.5768508911
121.91129303	54.6228141785
121.862991333	54.6698112488
121.884185791	54.7089080811
121.896186829	54.7479248047
121.864295959	54.7916183472
121.807395935	54.788318634
121.745201111	54.7773284912
121.681381226	54.7388114929
121.671989441	54.7838363647
121.677383423	54.8336982727
121.71018219	54.8734359741
121.764297485	54.9119567871
121.808288574	54.9361038208
121.89919281	54.9674530029
121.952682495	55.0223922729
121.955085754	55.0699462891
121.953590393	55.1451759338
121.984382629	55.1747283936
122.042098999	55.1952590942
121.914398193	55.2122650146
121.922584534	55.2663459778
121.962890625	55.3325119019
121.986793518	55.391254425
121.965393066	55.4682579041
121.906089783	55.5419006348
121.827293396	55.5922737122
121.750389099	55.6125411987
121.681289673	55.6092414856
121.657394409	55.5649261475
121.628601074	55.5177459717
121.551589966	55.4853057861
121.504486084	55.5008049011
121.371673584	55.5083007812
121.310974121	55.5567398071
121.343185425	55.6080513
121.300689697	55.6778526306
121.272186279	55.7450294495
121.296676636	55.7815589905
121.302383423	55.8281593323
121.247573853	55.867641449
121.242698669	55.8980751038
121.249794006	55.9825172424
121.204673767	56.0191841125
121.134185791	56.0346336365
121.02557373	56.0073547363
120.956687927	56.0290527344
120.831581116	56.0254135132
120.769081116	55.9812660217
120.689193726	55.9799842834
120.612388611	55.9316444397
120.521385193	55.9321746826
120.44229126	55.8974266052
120.35559082	55.8904418945
120.341896057	55.9088859558
120.287078857	55.9314460754
120.218391418	55.9288902283
120.152076721	55.8983726501
120.108482361	55.8905677795
120.073303223	55.9106712341
120.061782837	55.953289032
120.071388245	56.0122184753
120.039291382	56.0771751404
120.057998657	56.1563644409
120.136184692	56.1868782043
120.179595947	56.2222061157
120.318183899	56.2349510193
120.459983826	56.2469406128
120.489990234	56.2759819031
120.447685242	56.3021507263
120.354385376	56.3160095215
120.355682373	56.3688316345
120.256103516	56.3902511597
120.280883789	56.4570922852
120.24269104	56.4701080322
120.121986389	56.4627113342
120.096977234	56.4810218811
120.029075623	56.4780006409
119.945083618	56.4955749512
119.928581238	56.5398521423
119.77268219	56.6057853699
119.781288147	56.6507148743
119.838874817	56.6725616455
119.821083069	56.6981468201
119.749191284	56.7201156616
119.634391785	56.7535743713
119.623291016	56.785572052
119.66229248	56.8086509705
119.720489502	56.8389892578
119.791473389	56.8758049011
119.781494141	56.9057502747
119.968284607	56.9146080017
120.096290588	56.9213218689
120.177978516	56.9536514282
120.266494751	56.9952850342
120.384086609	57.0272941589
120.484580994	57.0324935913
120.530784607	57.0324211121
120.674285889	57.0560684204
