46.578876 43.844021
46.604527 43.832630
46.618538 43.790306
46.609711 43.744793
46.595634 43.705692
46.566311 43.678036
46.541424 43.663696
46.514965 43.625374
46.497219 43.596577
46.466339 43.580341
46.460606 43.541164
46.448051 43.515820
46.417660 43.481731
46.387787 43.451241
46.372372 43.435600
46.367188 43.417110
46.387123 43.377548
46.416004 43.336361
46.435493 43.299408
46.462456 43.253975
46.476871 43.211056
46.468006 43.171425
46.446144 43.144001
46.445641 43.111000
46.457207 43.073284
46.485657 43.052673
46.515682 43.048077
46.531387 43.046337
46.539299 43.031136
46.527645 43.016434
46.515491 42.989262
46.516998 42.961754
46.534901 42.943207
46.543335 42.935528
46.554516 42.922028
46.529255 42.894932
46.470200 42.851845
46.448593 42.843357
46.420551 42.841660
46.404480 42.847095
46.397175 42.871174
46.394314 42.886845
46.376175 42.895138
46.357903 42.884857
46.322262 42.865578
46.289307 42.864525
46.248634 42.865242
46.206139 42.835682
46.167805 42.812122
46.145260 42.802078
46.146019 42.782898
46.158585 42.769592
46.196194 42.748463
46.219212 42.732616
46.233383 42.712818
46.218220 42.702789
46.181435 42.690479
46.160828 42.690945
46.118435 42.690643
46.071930 42.685619
46.048786 42.674412
46.048088 42.658188
46.042164 42.629135
46.035492 42.599060
46.019058 42.577538
45.990253 42.568512
45.977253 42.570690
45.960293 42.585373
45.951412 42.589733
45.941494 42.586483
45.935883 42.576363
45.923973 42.552197
45.903694 42.518326
45.873573 42.500786
45.848267 42.488407
45.813133 42.470596
45.790527 42.463196
45.773289 42.462032
45.772114 42.465904
45.767868 42.474258
45.760765 42.481083
45.751404 42.485901
45.741203 42.486160
45.736656 42.485878
45.712345 42.484367
45.708668 42.485146
45.694714 42.491219
45.660149 42.506733
45.629921 42.515945
45.601974 42.527847
45.597157 42.531002
45.591442 42.534740
45.577381 42.545841
45.569759 42.548542
45.556824 42.550224
45.539776 42.549938
45.527840 42.546093
45.513092 42.541626
45.503174 42.541397
45.487656 42.540611
45.472179 42.540737
45.456409 42.541325
45.444675 42.542049
45.431419 42.543491
45.417770 42.542881
45.406284 42.542221
45.399738 42.541222
45.392818 42.538628
45.372204 42.534271
45.360920 42.530853
45.350010 42.529030
45.344433 42.529537
45.340141 42.529930
45.331581 42.532635
45.322521 42.538326
45.311749 42.547718
45.304646 42.559208
45.303169 42.561600
45.301563 42.564198
45.297783 42.578251
45.296459 42.584805
45.295971 42.587223
45.289146 42.594925
45.281811 42.599468
45.276138 42.602985
45.264313 42.609650
45.262268 42.611191
45.255878 42.616009
45.231041 42.639198
45.210217 42.660339
45.206860 42.663746
45.190186 42.675980
45.186634 42.678585
45.176540 42.690701
45.167183 42.697758
45.156155 42.701645
45.142841 42.702595
45.130459 42.703526
45.118000 42.701435
45.103596 42.699017
45.088875 42.695873
45.100086 42.709106
45.132683 42.733849
45.159111 42.761646
45.154243 42.787807
45.148701 42.805199
45.147331 42.826275
45.164066 42.842899
45.190960 42.867012
45.207954 42.890293
45.212624 42.909943
45.196548 42.924709
45.170300 42.938931
45.158054 42.959629
45.164619 42.976555
45.167618 43.003365
45.182026 43.047199
45.202225 43.078583
45.230686 43.115238
45.257286 43.144161
45.287430 43.173107
45.301685 43.187695
45.304398 43.204540
45.301933 43.235302
45.308575 43.274681
45.310810 43.308590
45.295639 43.319374
45.277275 43.324459
45.251133 43.320610
45.215855 43.325932
45.197845 43.347599
45.195580 43.359928
45.196049 43.382755
45.197319 43.409405
45.218349 43.437813
45.196568 43.437458
45.164124 43.440933
45.134499 43.451405
45.095314 43.473286
45.061775 43.494781
45.039764 43.504478
45.008060 43.510517
44.980785 43.508591
44.960304 43.511826
44.949951 43.518959
44.928158 43.535919
44.942760 43.552856
44.948879 43.577587
44.947723 43.610680
44.950043 43.635990
44.960529 43.643440
44.987736 43.625832
45.005939 43.629509
45.040352 43.644558
45.077225 43.662388
45.120026 43.684391
45.143326 43.721119
45.154301 43.754051
45.151646 43.783554
45.150387 43.809639
45.151848 43.839752
45.142380 43.875259
45.158073 43.883488
45.185402 43.888218
45.220512 43.891994
45.261543 43.896198
45.282181 43.888966
45.290939 43.866611
45.283669 43.849266
45.281349 43.825638
45.300076 43.813946
45.327858 43.808247
45.399796 43.807739
45.447357 43.810638
45.494301 43.822685
45.520630 43.848125
45.518566 43.866398
45.512745 43.890053
45.506912 43.920925
45.514610 43.941769
45.528309 43.961014
45.550644 43.970669
45.557827 43.975056
45.569378 43.975414
45.597668 43.967239
45.633526 43.954987
45.688374 43.931786
45.733547 43.912689
45.786339 43.901276
45.817478 43.906002
45.849930 43.921040
45.880688 43.930538
45.903294 43.934296
45.930954 43.923412
45.967182 43.906601
45.992661 43.907661
46.018635 43.914162
46.045021 43.909355
46.077293 43.903145
46.088917 43.900028
46.098480 43.882870
46.086533 43.858223
46.068348 43.830444
46.066368 43.797508
46.084023 43.778378
46.110416 43.787449
46.127934 43.800331
46.137756 43.817612
46.158676 43.829681
46.186886 43.837608
46.222378 43.838802
46.263218 43.837536
46.286686 43.843666
46.287754 43.860413
46.278481 43.885239
46.272087 43.903301
46.296387 43.920059
46.333397 43.928078
46.354546 43.933258
46.365398 43.945545
46.370987 43.968052
46.397640 43.987553
46.424400 43.994961
46.449127 43.983398
46.463238 43.963207
46.467979 43.951393
46.484646 43.936760
46.505180 43.916256
46.506554 43.889103
46.504211 43.871212
46.519703 43.855305
46.546009 43.855240
46.578876 43.844021
