47.352604 56.348061
47.395161 56.334278
47.413628 56.319523
47.410873 56.301174
47.415085 56.286160
47.450100 56.256607
47.466251 56.241039
47.473991 56.218906
47.481857 56.201828
47.498810 56.193398
47.538864 56.188992
47.585205 56.170330
47.611320 56.157265
47.657722 56.157909
47.694462 56.157761
47.737598 56.152554
47.790871 56.144699
47.836269 56.142715
47.882141 56.139446
47.912704 56.129337
47.943588 56.105297
47.954334 56.088917
47.952011 56.060925
47.958622 56.037750
47.977699 56.004833
47.993298 55.980564
48.030334 55.956913
48.077915 55.937023
48.132774 55.923157
48.194931 55.906673
48.238823 55.894859
48.303284 55.867611
48.354298 55.854221
48.398914 55.838791
48.433819 55.835648
48.450912 55.800858
48.438869 55.778374
48.394314 55.776752
48.345566 55.769814
48.295883 55.762375
48.263714 55.748398
48.243298 55.731262
48.244171 55.709663
48.222424 55.694824
48.181187 55.692337
48.122135 55.684616
48.086475 55.668083
48.055069 55.658882
48.035664 55.639668
48.041653 55.620323
48.060726 55.606220
48.078709 55.602028
48.116463 55.594139
48.166420 55.586403
48.171085 55.573906
48.151871 55.562893
48.116955 55.554241
48.056751 55.525646
48.019855 55.505272
47.983799 55.476784
47.939091 55.448078
47.901855 55.400238
47.854153 55.365116
47.820335 55.354858
47.745342 55.346775
47.735233 55.330044
47.725685 55.316612
47.720486 55.296021
47.720242 55.296062
47.713917 55.272179
47.710747 55.235115
47.734879 55.231468
47.772419 55.222382
47.845997 55.272873
47.877583 55.264679
47.904922 55.269417
47.901077 55.303001
47.897060 55.326214
47.942661 55.330742
47.973988 55.312168
47.959976 55.294327
47.986183 55.257851
48.035240 55.228718
48.070267 55.186878
48.082779 55.153187
48.014805 55.146553
47.950657 55.111507
47.931141 55.055115
47.988556 55.010426
48.052101 55.029991
48.119987 55.041748
48.118980 55.010895
48.041862 54.988964
47.960709 54.979939
47.901951 54.977058
47.874561 54.982288
47.840866 54.983952
47.805382 54.980045
47.799328 54.965614
47.805252 54.949810
47.815552 54.929993
47.827045 54.905346
47.844788 54.892986
47.854717 54.875954
47.792351 54.892323
47.715912 54.880501
47.750950 54.843967
47.732639 54.823635
47.710167 54.821350
47.683659 54.837147
47.629974 54.837837
47.571678 54.835983
47.522831 54.864880
47.465080 54.899014
47.434418 54.897278
47.428913 54.878792
47.446686 54.863167
47.379105 54.830410
47.396633 54.799320
47.454308 54.765244
47.409405 54.745132
47.355736 54.735397
47.279705 54.723297
47.252613 54.716618
47.216888 54.680710
47.168022 54.668041
47.110218 54.701714
47.083969 54.709591
47.057606 54.714600
47.026775 54.709949
46.991566 54.703762
46.970974 54.693287
46.961349 54.672939
46.944344 54.654869
46.913208 54.639297
46.872437 54.633316
46.844288 54.641300
46.834885 54.654697
46.821068 54.673679
46.799004 54.682198
46.770000 54.681553
46.729118 54.675484
46.690353 54.678829
46.639545 54.692501
46.582382 54.714207
46.507710 54.750759
46.480495 54.764145
46.455956 54.776279
46.446621 54.796509
46.437698 54.820576
46.443657 54.849823
46.430801 54.869537
46.417023 54.890770
46.380154 54.914341
46.337509 54.932018
46.298607 54.944164
46.276432 54.959423
46.269268 54.976879
46.285175 54.994083
46.306271 55.003899
46.325253 55.008396
46.341415 55.019470
46.331547 55.036392
46.320496 55.050537
46.304901 55.068195
46.283997 55.080196
46.250511 55.082706
46.232639 55.070583
46.222858 55.057022
46.210747 55.043182
46.198856 55.025799
46.195469 55.006214
46.176441 54.988235
46.140045 54.987339
46.138184 55.003841
46.132385 55.017513
46.123489 55.029873
46.112953 55.052635
46.107094 55.066803
46.089432 55.100922
46.060299 55.128853
46.052498 55.160542
46.056652 55.180664
46.076618 55.195621
46.091866 55.221210
46.116428 55.235725
46.148090 55.239323
46.182095 55.252636
46.218849 55.266445
46.245361 55.280403
46.248917 55.294941
46.249535 55.315533
46.250912 55.329781
46.268986 55.354874
46.286530 55.370281
46.305042 55.381111
46.330345 55.390724
46.357563 55.399872
46.387852 55.411270
46.421707 55.422211
46.421265 55.441551
46.414768 55.463108
46.395756 55.482548
46.356758 55.490383
46.315430 55.497932
46.264015 55.511486
46.213509 55.522991
46.180122 55.535133
46.136913 55.555061
46.095905 55.574734
46.016678 55.610550
45.978161 55.644211
45.964268 55.682484
45.977268 55.709351
46.002232 55.732246
46.041656 55.769825
46.076988 55.785702
46.101810 55.802769
46.119072 55.816933
46.122852 55.837322
46.123371 55.859474
46.124081 55.889507
46.109577 55.923698
46.093414 55.952312
46.114796 55.965244
46.146053 55.986946
46.152569 56.021336
46.168262 56.044849
46.221889 56.053658
46.266651 56.063641
46.309273 56.078743
46.349316 56.089737
46.378578 56.110092
46.441990 56.124546
46.493229 56.147053
46.531948 56.161808
46.577965 56.163139
46.599331 56.152557
46.614365 56.139404
46.651878 56.127129
46.689949 56.129131
46.721561 56.134117
46.753311 56.155155
46.789234 56.177940
46.820557 56.201248
46.851761 56.211475
46.895157 56.225700
46.948364 56.242664
46.982738 56.257797
47.038345 56.273441
47.079277 56.282944
47.122501 56.298294
47.151867 56.319225
47.185818 56.339104
47.233501 56.335327
47.263962 56.335861
47.314697 56.344509
47.352604 56.348061
