>
88.637306213378963 56.77808761596674
88.646148681640909 56.739223480224609
88.686363220214957 56.705142974853743
88.674461364746094 56.680019378662223
88.672561645507869 56.642955780029524
88.626953125000171 56.616497039795036
88.574111938476733 56.616153717040959
88.534431457519702 56.612377166748047
88.509674072265682 56.596187591552734
88.499397277832088 56.554588317871207
88.520332336425952 56.531692504882869
88.58548736572294 56.524929046630973
88.615188598632869 56.501899719238509
88.598312377929688 56.459724426269531
88.624053955078125 56.436321258544922
88.666610717773608 56.426490783691406
88.691627502441406 56.394718170165959
88.718978881836051 56.357646942138729
88.786933898925724 56.349277496338004
88.874855041503849 56.359279632568359
88.89749908447277 56.332103729248161
88.902160644531421 56.325859069824446
88.931045532226619 56.293533325195256
89.009635925293026 56.29062652587902
89.070861816406307 56.287952423095703
89.076103210449219 56.247890472412109
89.085327148437557 56.218341827392578
89.113876342773608 56.185981750488281
89.170585632324276 56.147884368896598
89.221748352050895 56.127666473388786
89.255355834961222 56.092998504638672
89.268081665039119 56.055519104003906
89.255836486816463 56.030521392822493
89.247367858886662 56.015018463134766
89.278343200683651 55.953521728515682
89.308509826660213 55.913963317871037
89.337013244628849 55.879787445068359
89.357101440429688 55.876106262207259
89.3875732421875 55.870529174804688
89.439155578613338 55.853122711181868
89.415275573730469 55.831707000732422
89.409805297851619 55.810100555420036
89.423088073730639 55.780109405517692
89.374084472656307 55.766555786132812
89.308395385742131 55.747768402099609
89.264541625976562 55.739212036132926
89.228393554687557 55.711166381836051
89.214736938476847 55.700626373290959
89.193321228027401 55.684089660644645
89.120628356933651 55.66734695434593
89.02304840087919 55.655559539795036
88.961051940918253 55.653461456298942
88.917671203613338 55.632900238037223
88.865348815918139 55.596755981445426
88.812202453613338 55.548599243164119
88.766227722168026 55.509346008300838
88.711257934570483 55.478420257568303
88.673507690429688 55.450916290283317
88.636093139648608 55.424762725830135
88.627502441406421 55.418949127197266
88.607337951660213 55.383007049560661
88.573478698730753 55.347618103027457
88.530723571777457 55.337020874023438
88.474929809570483 55.320564270019645
88.472625732422046 55.258815765380916
88.499710083007983 55.168785095214844
88.536766052246151 55.110946655273551
88.528747558593807 55.078044891357536
88.531036376953182 55.045207977295036
88.549385070800838 55.003929138183707
88.589385986328296 54.969291687011719
88.630203247070483 54.940269470214787
88.651969909668026 54.889213562011719
88.734161376953125 54.862377166748047
88.764709472656307 54.830486297607536
88.755607604980753 54.79661941528326
88.728897094726676 54.755523681640682
88.65836334228544 54.737651824951172
88.632720947265682 54.729656219482422
88.593376159668139 54.671688079834041
88.563652038574276 54.605514526367301
88.566757202148494 54.550792694092024
88.560188293457202 54.485977172851562
88.546615600585938 54.429595947265682
88.4923095703125 54.402156829833984
88.433280944824503 54.390766143799055
88.379241943359432 54.378898620605582
88.413757324218807 54.343849182128906
88.468971252441349 54.330135345459041
88.539009094238452 54.304126739501953
88.592681884765682 54.28472900390625
88.658256530761776 54.301311492920149
88.687889099121207 54.341800689697379
88.72857666015625 54.376960754394588
88.792625427246378 54.393306732177848
88.851829528808764 54.398151397705078
88.888900756835994 54.379089355468864
88.894973754882869 54.375747680664062
88.905334472656534 54.340080261230469
88.907386779785213 54.315532684326172
88.968078613281364 54.292995452880973
89.047676086425781 54.305191040039119
89.086303710937557 54.326286315917912
89.133728027343921 54.339038848876953
89.163352966308651 54.318912506103629
89.187431335449503 54.267154693603743
89.201812744140796 54.216342926025391
89.202659606933651 54.173366546630973
89.157623291015682 54.135231018066406
89.105834960937443 54.103744506835938
89.063896179199219 54.079582214355696
89.040695190429744 54.031524658203352
89.029396057129077 53.983699798583984
89.030456542969034 53.951744079589844
89.09002685546875 53.941890716552734
89.157730102539062 53.942840576171932
89.156806945800952 53.902351379394531
89.167022705078409 53.870426177978743
89.200836181640625 53.838817596435661
89.221992492675724 53.807846069336051
89.223892211914347 53.772293090820369
89.179450988769815 53.762557983398494
89.121673583984318 53.756145477294922
89.083137512206974 53.754257202148722
89.029365539550781 53.744506835937614
89.013267517089901 53.716320037842024
88.980018615722656 53.663581848144759
88.974349975585994 53.657695770263672
88.936111450195483 53.618019104003963
88.8826904296875 53.590793609619197
88.829963684082088 53.563552856445312
88.812515258789233 53.547145843506087
88.831512451171989 53.503135681152344
88.849067687988565 53.474601745605582
88.820312499999943 53.44421768188505
88.799514770507756 53.41370010376005
88.774673461914176 53.375404357910213
88.771881103515625 53.342086791992301
88.786773681640796 53.312305450439453
88.830329895019588 53.328582763671875
88.875885009765682 53.365249633789119
88.916053771972599 53.311386108398381
88.963096618652401 53.278350830078239
89.001441955566463 53.251811981201172
89.030952453613338 53.208805084228572
89.004119873046989 53.193305969238565
88.952194213867244 53.186347961425838
88.979087829589901 53.156841278076172
89.047203063964901 53.141490936279411
89.056076049804688 53.09732818603527
89.019821166992131 53.089633941650504
88.983520507812614 53.081932067871037
88.938583374023438 53.060054779052848
88.910850524902457 53.032501220703239
88.915435791015739 52.989730834961165
88.950935363769815 52.951896667480469
89.01541900634794 52.958251953125227
89.062568664550952 52.916912078857422
89.092407226562557 52.872024536132869
89.137458801269815 52.858955383300895
89.192733764648494 52.844070434570597
89.214576721191406 52.814006805420036
89.221382141113565 52.789848327636776
89.154563903808651 52.781517028808707
89.128555297851562 52.749515533447322
89.117599487304744 52.728218078613509
89.074897766113565 52.716640472412109
89.034164428711108 52.697914123535213
89.016555786133097 52.657466888427734
89.044387817383097 52.624324798583984
89.090156555176065 52.608566284179688
89.127120971679744 52.586441040039062
89.073257446289233 52.576503753662337
89.048851013183764 52.554782867431754
88.998001098632869 52.513759613037166
88.920318603515625 52.459941864013729
88.854270935058594 52.445896148681754
88.773529052734489 52.409126281738509
88.718322753906421 52.38965988159174
88.684173583984546 52.36587142944353
88.67929840087902 52.335845947265625
88.690361022949332 52.29819488525402
88.700096130371207 52.275180816650504
88.646507263183878 52.245662689208928
88.569023132324276 52.215469360351562
88.514389038085938 52.19498443603527
88.454101562499943 52.178485870361442
88.422309875488281 52.183464050293026
88.420585632324389 52.219306945800781
88.415405273437671 52.252021789550895
88.415824890136719 52.290851593017692
88.445716857910156 52.338329315185661
88.415809631347827 52.372108459472713
88.399322509765909 52.416522979736442
88.363342285156421 52.424716949463004
88.283439636230639 52.436557769775504
88.216255187988224 52.416488647460938
88.165985107421932 52.411102294922159
88.135086059570369 52.427146911621037
88.086936950683537 52.454296112060661
88.013160705566577 52.485076904296989
87.967376708984546 52.518848419189453
87.917304992675838 52.546627044677848
87.853904724121264 52.543357849121094
87.772392272949503 52.495563507080078
87.701622009277628 52.434116363525391
87.634223937988338 52.429351806640852
87.604217529297046 52.441677093505973
87.505538940429972 52.472106933593864
87.397155761718807 52.489330291748274
87.320297241210994 52.508255004882983
87.337043762207088 52.546218872070312
87.295730590820597 52.587654113769759
87.213935852050724 52.593002319336165
87.163200378417912 52.569557189941463
87.115478515625284 52.597270965576229
87.113327026367244 52.635868072509879
87.115150451660156 52.667465209960881
87.082481384277628 52.695980072021428
87.034057617187784 52.688507080078125
86.989738464355526 52.691616058349609
86.963172912597827 52.738376617431811
86.944915771484432 52.783355712890852
86.946899414062784 52.85101318359375
86.981521606445369 52.872611999511946
87.026885986328296 52.899166107177905
87.031784057617131 52.958801269531307
87.007972717285327 53.006771087646541
86.960113525390796 53.038097381591854
86.916992187500171 53.069042205810831
86.842857360839901 53.094470977783203
86.771057128906193 53.126605987548942
86.698234558105639 53.161361694335994
86.627868652343921 53.224937438964957
86.650054931640682 53.256187438965071
86.721122741699389 53.272937774658487
86.801841735839901 53.288936614990348
86.84714508056669 53.312713623046989
86.876815795898494 53.345687866211051
86.902938842773494 53.389282226562557
86.915481567382983 53.435916900634822
86.904144287109659 53.469635009765682
86.863517761230753 53.4639892578125
86.764198303222656 53.468948364257812
86.704231262207088 53.487709045410213
86.621505737304972 53.485313415527457
86.514213562011776 53.499263763427962
86.492523193359489 53.525257110595817
86.475357055664176 53.552715301513786
86.453285217285099 53.587917327880859
86.414291381835994 53.609066009521484
86.356018066406193 53.635288238525447
86.33750152587919 53.665317535400391
86.318328857421932 53.701766967773551
86.299133300781534 53.738212585449332
86.27109527587919 53.79481506347679
86.185943603515625 53.819561004638786
86.179832458496264 53.867729187011832
86.160621643066463 53.917095184326172
86.109825134277514 53.960746765136946
86.003982543945312 54.001358032226619
85.951446533203409 54.009471893310774
85.914108276367358 54.015251159667969
85.901565551757869 54.045093536376953
85.810127258300724 54.067024230957145
85.762275695800781 54.131317138671989
85.652832031250171 54.149070739746207
85.602005004883097 54.181537628174055
85.516960144043253 54.210613250732365
85.465850830078068 54.205047607421875
85.425666809082202 54.200447082519531
85.390151977539062 54.196365356445426
85.361152648925781 54.225982666015625
85.277938842773722 54.291221618652344
85.233695983887003 54.342941284179688
85.190177917480526 54.396636962890739
85.141258239746264 54.418102264404411
85.085792541503963 54.406341552734489
85.024887084960938 54.482757568359375
84.990562438964844 54.536666870117131
84.974052429199276 54.566020965576229
84.978240966796932 54.584186553955135
85.038497924804744 54.613315582275391
85.050331115722713 54.628738403320426
85.040626525878963 54.645072937011719
84.992668151855639 54.662979125976562
84.935440063476562 54.691719055175895
84.954162597656421 54.7432861328125
85.031791687011889 54.757930755615462
85.063629150390796 54.776836395263729
85.079010009765909 54.800113677978629
85.037666320800781 54.879180908203239
84.989952087402628 54.920322418213004
84.947639465332031 54.94364166259777
84.909011840820369 54.96184158325201
84.877929687500057 54.985649108886832
84.915885925293026 55.030452728271484
84.927108764648494 55.068077087402344
84.930221557617301 55.109279632568416
84.909759521484432 55.147472381591911
84.884948730468807 55.196258544921875
84.873962402344034 55.239410400390682
84.896102905273722 55.266391754150391
84.89743804931669 55.312023162842024
84.888656616211222 55.341545104980582
84.881912231445369 55.374118804931641
84.844062805175724 55.385044097900447
84.782882690429858 55.383701324462947
84.703918457031421 55.380970001220703
84.639625549316577 55.379146575927962
84.673461914062557 55.402084350585938
84.748428344726619 55.414562225341797
84.78641510009794 55.44359207153326
84.773963928222713 55.485694885253963
84.802429199218864 55.509780883789176
84.819107055664233 55.52210617065424
84.814994812011776 55.568050384521598
84.778106689453296 55.616333007812727
84.703681945800724 55.633731842041016
84.659912109375057 55.645782470703239
84.643173217773722 55.685451507568416
84.609962463378963 55.708160400390568
84.568138122558651 55.735309600830192
84.562431335449276 55.748561859130859
84.592750549316463 55.764560699462891
84.587623596191463 55.780632019043082
84.573890686035213 55.824474334716797
84.567970275878963 55.842338562011946
84.530937194824219 55.877574920654411
84.553245544433764 55.892524719238509
84.57529449462919 55.912162780761946
84.538635253906364 55.950286865234432
84.543548583984432 55.974205017089957
84.55069732666044 56.00492095947277
84.506294250488452 56.009437561035384
84.459220886230469 56.020111083984602
84.516998291015796 56.039680480957031
84.590476989746151 56.058448791504134
84.683929443359432 56.098361968994141
84.741645812988281 56.122463226318416
84.804733276367472 56.13416671752924
84.848274230957031 56.135913848876953
84.907424926757983 56.136833190918196
84.957359313964787 56.127262115478629
84.999542236328296 56.136257171630973
85.067245483398608 56.161426544189567
85.166297912597713 56.181095123290959
85.25888824462919 56.199905395507812
85.354438781738565 56.199459075927734
85.478973388672159 56.207073211669922
85.527435302734659 56.209197998046989
85.579467773437557 56.202423095703125
85.629837036132926 56.216796875000114
85.573982238769815 56.228733062744254
85.533973693847827 56.260162353515625
85.542259216308651 56.281616210937727
85.653350830078068 56.297637939453352
85.755172729492472 56.319892883300781
85.771697998046932 56.333923339843864
85.773300170898722 56.355491638183707
85.775825500488452 56.379013061523438
85.805381774902344 56.394542694091797
85.863792419433594 56.402317047119254
85.887802124023608 56.432048797607536
85.939605712890909 56.44365310668968
85.998031616211108 56.45136642456049
86.030746459960994 56.481113433837834
86.079681396484546 56.504417419433651
86.158432006835938 56.508758544921932
86.187828063965014 56.555759429931641
86.186393737793082 56.589939117431868
86.193374633789233 56.615814208984489
86.232826232910327 56.633296966552848
86.289154052734432 56.616447448730412
86.336128234863395 56.575328826904411
86.367729187011776 56.555686950683821
86.427993774414119 56.55036926269554
86.510246276855526 56.56787109375
86.571472167968807 56.586727142334098
86.608978271484546 56.614051818847884
86.652481079101562 56.607700347900447
86.691963195800781 56.612030029296989
86.740295410156364 56.620101928710938
86.813110351562557 56.613201141357649
86.821113586425838 56.596427917480469
86.781974792480639 56.550479888916072
86.811721801757983 56.530548095703182
86.900039672851733 56.53178787231451
86.966033935547046 56.542598724365234
87.023231506347827 56.535766601562443
87.083335876465014 56.548652648926009
87.144126892089787 56.564369201660099
87.15995025634794 56.586441040039176
87.175895690918026 56.640911102295036
87.234481811523551 56.635021209716911
87.28849029541044 56.632343292236442
87.331611633301065 56.635940551757812
87.365577697753849 56.641323089599723
87.361061096191406 56.611248016357422
87.355850219726506 56.573684692382926
87.450767517089901 56.599277496338118
87.506263732910213 56.62073898315424
87.577964782714901 56.644756317138786
87.609237670898494 56.623863220214957
87.623832702636662 56.58744049072277
87.618431091308707 56.554534912109432
87.6256103515625 56.529361724853629
87.684402465820369 56.551067352295036
87.720191955566577 56.550971984863395
87.852134704589787 56.582782745361271
87.925140380859489 56.618747711181868
87.970123291015682 56.642150878906364
88.029495239258097 56.672542572021541
88.177803039550838 56.712951660156193
88.280387878418139 56.747844696044979
88.367881774902287 56.78582763671875
88.410774230957315 56.806549072265739
88.449661254882926 56.787197113037223
88.503112792968693 56.776550292968807
88.544403076171932 56.784145355224723
88.584053039550781 56.814682006835938
88.606658935547159 56.839885711669865
88.613540649414347 56.871936798095646
88.645668029785213 56.846317291259879
88.637306213378963 56.77808761596674
