>
47.654285430908146 61.051246643066406
47.706092834472656 61.038997650146541
47.718826293945597 61.036026000976562
47.755496978759822 61.025711059570312
47.857044219970646 61.021984100341797
47.894855499267749 61.019737243652457
47.947933197021541 60.995574951171875
47.958885192871151 60.957565307617131
47.955585479736385 60.916831970214901
47.960479736328409 60.888023376464901
48.143043518066349 60.872482299804801
48.332328796386776 60.855861663818359
48.398357391357422 60.829917907714957
48.437335968017635 60.736476898193359
48.486995697021769 60.655105590820312
48.516113281250284 60.595077514648665
48.497447967529354 60.539524078369254
48.488971710205249 60.499668121338004
48.505851745605639 60.460330963134993
48.552135467529467 60.427898406982649
48.627216339111612 60.405075073242188
48.671859741210994 60.386314392089787
48.69255447387701 60.367321014404411
48.703708648681584 60.339733123779297
48.654926300048999 60.304351806640625
48.56760406494169 60.266510009765739
48.472141265869425 60.228172302246207
48.443923950195369 60.206783294677734
48.422855377197322 60.171348571777457
48.429409027099894 60.13010406494152
48.442077636719034 60.075847625732536
48.467201232910213 60.038997650146712
48.471984863281307 59.980503082275504
48.459217071533374 59.918052673339957
48.463161468506144 59.864643096923885
48.467399597168026 59.794414520263672
48.466659545898494 59.751171112060774
48.464996337890909 59.721984863281193
48.603073120117472 59.709346771240234
48.754047393799112 59.694393157959098
48.913200378418253 59.683776855468807
49.034969329834098 59.672912597656364
49.052036285400561 59.644515991211051
49.028820037841854 59.591373443603629
49.008071899414233 59.535442352295149
49.006584167480526 59.499107360840071
49.051841735839957 59.487613677978629
49.118453979492472 59.521324157714957
49.30345535278326 59.485012054443359
49.314819335937557 59.472648620605582
49.324985504150561 59.450855255126896
49.318988800049112 59.426776885986442
49.411422729492472 59.422851562500057
49.520397186279581 59.418842315673828
49.550151824951456 59.41123199462902
49.564914703369311 59.393211364746094
49.53670883178728 59.333103179931697
49.520309448242472 59.3056640625
49.502574920654297 59.258869171142635
49.586090087890739 59.233612060547102
49.679004669189453 59.224102020263672
49.756130218505973 59.235992431640568
49.800228118896769 59.262657165527457
49.835319519043026 59.320281982421989
49.842170715332202 59.350917816162053
49.844074249267862 59.375839233398438
49.811199188232479 59.406963348388786
49.828914642334155 59.492656707763672
49.789520263672046 59.519783020019645
49.821147918701229 59.672054290771598
49.952014923095817 59.682823181152401
50.033447265625171 59.703311920166243
50.008697509765682 59.729015350341797
49.975299835205362 59.755069732666129
49.968021392822322 59.771766662597599
49.98792648315424 59.791202545166072
50.017440795898608 59.802288055420149
50.072948455810661 59.807807922363395
50.1237220764163 59.80525207519554
50.173828125000171 59.790756225586165
50.202690124511776 59.793693542480582
50.234977722168082 59.813323974609489
50.285907745361499 59.839946746826286
50.364097595214957 59.857051849365291
50.442214965820483 59.87302398681652
50.508514404297159 59.876823425293082
50.573860168457088 59.886470794677848
50.653755187988281 59.898223876953068
50.707939147949276 59.903259277343807
50.751083374023494 59.895038604736442
50.801731109619197 59.894996643066406
50.8439369201663 59.897495269775447
50.869762420654297 59.913352966308594
50.865276336670206 59.933032989501896
50.916408538818644 59.974151611328125
50.988647460937671 60.031192779541072
51.049987792968864 60.068901062011832
51.092021942138729 60.089366912841854
51.239715576171932 60.085155487060774
51.306999206543139 60.072483062744141
51.358444213867472 60.03179931640625
51.379169464111328 60.004459381103743
51.395462036132756 59.971427917480582
51.431446075439624 59.947414398193416
51.518962860107365 59.950298309326399
51.575229644775334 59.984382629394645
51.591297149658374 60.021015167236328
51.609691619873161 60.039016723632812
51.661834716796932 60.074928283691463
51.727615356445369 60.127201080322209
51.787101745605469 60.172801971435547
51.881069183349666 60.263446807861328
51.955844879150447 60.325202941894759
51.998172760009822 60.341289520263729
52.079261779785156 60.341983795166016
52.186008453369311 60.307140350341854
52.28590011596674 60.26606750488304
52.378002166748331 60.237022399902344
52.463218688965014 60.216026306152344
52.595981597900504 60.200702667236328
52.74536514282255 60.192237854004134
53.345119476318359 60.14365386962902
53.368282318115519 60.213973999023494
53.444271087646655 60.230854034423885
53.509113311767749 60.18708801269554
53.534404754638786 60.155288696289176
53.567157745361385 60.135902404785156
53.613918304443416 60.108173370361328
53.653053283691577 60.068027496338004
53.667793273925838 60.008598327636776
53.658267974853686 59.957977294921875
53.649738311767635 59.912406921386719
53.632843017578125 59.877441406249943
53.609546661377067 59.835083007812614
53.595638275146769 59.787162780761832
53.572460174560717 59.744785308837834
53.555770874023608 59.709747314453239
53.430919647216967 59.700401306152457
53.395683288574503 59.558700561523551
53.361885070800895 59.511627197265625
53.313495635986385 59.467800140380973
53.292915344238452 59.440635681152457
53.287250518799112 59.433158874511832
53.267345428466854 59.405899047851676
53.238239288330021 59.384223937988281
53.20914459228544 59.362506866455192
53.241687774658203 59.314834594726562
53.278766632080135 59.264385223388672
53.312091827392749 59.221782684326115
53.34154129028326 59.18701171875
53.38731765747076 59.159141540527344
53.453704833984546 59.163578033447379
53.508331298828182 59.158309936523551
53.570297241210994 59.137256622314567
53.628551483154297 59.124069213867188
53.666698455810547 59.111824035644474
53.730400085449503 59.129093170165959
53.764926910400391 59.124736785888672
53.80306625366228 59.112457275390625
53.825736999511776 59.098442077636832
53.831005096435831 59.072463989257869
53.792785644531534 59.056503295898551
53.758220672607592 59.032646179199332
53.743618011474666 59.007720947265625
53.787235260009936 58.861621856689567
53.818767547607479 58.842002868652344
53.841163635253963 58.827953338623047
53.882507324218921 58.807762145996207
53.895526885986328 58.788352966308594
53.85073471069353 58.77662658691429
53.805793762207031 58.764823913574332
53.752365112304631 58.747016906738281
53.732238769531307 58.719684600830305
53.723972320556697 58.702011108398494
53.766857147216854 58.663558959961051
53.735935211181641 58.631622314453125
53.741806030273494 58.582202911377067
53.757396697998331 58.532222747802848
53.774753570556925 58.490100860595817
53.669181823730753 58.483158111572493
53.618682861328125 58.452445983886832
53.551910400390568 58.466472625732365
53.47303390502924 58.442428588867244
53.437545776367244 58.465007781982422
53.396427154541016 58.456912994384879
53.384422302246378 58.418830871582145
53.231914520263956 58.424377441406364
53.114215850830192 58.54398345947277
52.996967315673771 58.526737213134879
52.913887023926065 58.505149841308594
52.891059875488452 58.428924560546932
52.842113494873217 58.402976989746321
52.788593292236385 58.408168792724609
52.706439971924112 58.419891357421875
52.616348266601506 58.413883209228516
52.522659301758097 58.415695190429688
52.434257507324389 58.419742584228459
52.343620300292969 58.441883087158203
52.300571441650675 58.451553344726562
52.190090179443416 58.474433898925781
52.130512237548999 58.473556518554744
52.100761413574503 58.473117828369254
52.064430236816406 58.461788177490291
51.988826751709041 58.45207595825218
51.93144607543951 58.431297302246094
51.896255493164119 58.391567230224609
51.848106384277514 58.365219116210994
51.79620361328125 58.346729278564453
51.779457092285327 58.295944213867244
51.748367309570483 58.248271942138615
51.677017211914233 58.191921234131087
51.669765472412166 58.174179077148381
51.715145111084041 58.146675109863395
51.763275146484432 58.139591217041016
51.799537658691463 58.117530822753849
51.830421447753963 58.093105316162337
51.850234985351562 58.058811187744197
51.836345672607365 58.028507232666129
51.877582550048999 58.008796691894645
51.926887512207202 58.011867523193587
51.949386596679858 57.998062133789119
51.88639068603544 57.931190490722656
51.873527526855526 57.872531890869084
51.904468536377124 57.849594116210938
51.917648315429972 57.839813232421818
51.923965454101847 57.780307769775618
51.924175262451229 57.746833801269759
51.887302398681811 57.725242614746094
51.874801635742358 57.705192565917969
51.868503570556697 57.659107208251953
51.852359771728459 57.646911621093807
51.805992126464901 57.625663757324219
51.758998870849666 57.599296569824162
51.743221282959269 57.553646087646484
51.686813354492244 57.527633666992188
51.607513427734659 57.510238647460938
51.611789703369254 57.468894958496094
51.586967468261719 57.462177276611555
51.523078918457031 57.451843261718864
51.467010498047046 57.464298248291129
51.447727203369197 57.471263885498047
51.37530517578125 57.468387603759766
51.296714782715014 57.461093902588004
51.215572357177791 57.429813385009879
51.16860580444353 57.396347045898551
51.135189056396769 57.355224609375
51.125530242920092 57.326942443847656
51.112735748291186 57.295150756835994
51.169090270996264 57.240943908691406
51.222324371338175 57.185272216796875
51.265205383300781 57.124275207519759
51.268165588378963 57.090988159179631
51.294151306152628 57.061477661132812
51.359695434570369 57.007106781005973
51.388359069824503 56.965496063232649
51.407440185547159 56.935192108154354
51.429489135742244 56.914493560791016
51.471752166748104 56.894851684570369
51.52225494384794 56.877201080322322
51.531478881836108 56.864334106445369
51.517295837402628 56.815307617187557
51.478771209716967 56.798297882080192
51.426761627197322 56.781063079834212
51.410888671875284 56.765239715576229
51.384876251220646 56.730140686035156
51.381050109863338 56.700942993164006
51.36336898803728 56.672702789306868
51.336547851562671 56.666492462158317
51.295722961425781 56.680912017822493
51.243671417236442 56.686527252197379
51.193702697754077 56.67674636840826
51.165126800537394 56.658042907714844
51.159046173095646 56.623779296875227
51.183010101318416 56.587253570556868
51.189407348632926 56.556678771972713
51.163761138916129 56.534103393554688
51.153297424316463 56.510692596435547
51.188316345214787 56.479156494140625
51.235000610351676 56.452842712402344
51.304965972900391 56.428264617920036
51.309085845947322 56.403900146484432
51.330860137939737 56.372280120849666
51.394454956054801 56.338939666748274
51.448139190673942 56.320945739746207
51.496952056884822 56.308742523193359
51.447471618652457 56.284259796142692
51.408344268798828 56.260910034179631
51.398593902588175 56.244689941406364
51.433605194091854 56.229175567626953
51.474189758301065 56.214942932128849
51.499385833740291 56.202804565429688
51.456794738769588 56.161586761474723
51.421977996826229 56.150821685791016
51.4267578125 56.146137237548942
51.415546417236612 56.123287200927848
51.393596649170036 56.100654602050895
51.324230194091797 56.09873199462902
51.260303497314737 56.117256164550895
51.233764648437671 56.137287139892578
51.210281372070483 56.148769378662337
51.184879302978572 56.143505096435661
51.136768341064624 56.135204315185604
51.1124916076663 56.140083312988509
51.086189270019588 56.159786224365234
51.031944274902514 56.176338195801009
51.009468078613452 56.220130920410156
50.977127075195426 56.235965728759879
50.924953460693473 56.265632629394645
50.917808532714957 56.285247802734602
50.929531097412223 56.305522918701229
50.953407287597713 56.335620880126953
50.962505340576229 56.356967926025391
50.941795349121151 56.370891571044922
50.928421020507869 56.384582519531307
50.927459716796875 56.420307159423828
50.893726348876896 56.443794250488395
50.8641357421875 56.458217620849723
50.828468322753906 56.453193664550781
50.801387786865519 56.446132659912337
50.792087554931641 56.43620681762718
50.811470031738452 56.40758132934593
50.820781707763729 56.370571136474666
50.765640258789347 56.378612518310774
50.696083068847827 56.380413055419865
50.65520095825201 56.397918701171875
50.634384155273722 56.417636871337891
50.645370483398494 56.431354522705078
50.629062652587947 56.449932098388899
50.580734252929744 56.478298187255859
50.562324523925724 56.499736785888729
50.570556640625171 56.518898010254134
50.578849792480526 56.543430328369254
50.552883148193303 56.559188842773551
50.521503448486385 56.577651977539119
50.483833312988338 56.613876342773665
50.439167022705362 56.635517120361555
50.423641204834041 56.671127319336051
50.413417816162394 56.687461853027344
50.378986358642749 56.704971313476562
50.354969024658203 56.708145141601676
50.329490661621264 56.687641143798942
50.320556640625057 56.669525146484375
50.297653198242188 56.657577514648494
50.268905639648494 56.670070648193416
50.221179962158487 56.680458068847713
50.190128326416016 56.664421081543196
50.161453247070483 56.649044036865291
50.1162757873538 56.649387359619141
50.101066589355526 56.65152740478527
50.073089599609318 56.669296264648438
50.098575592041016 56.710506439209041
50.108856201171932 56.740581512451172
50.113037109375057 56.758373260498104
50.139900207519702 56.797241210937614
50.136081695556754 56.808052062988509
50.104858398437557 56.840927124023551
50.097755432129077 56.864822387695312
50.05722808837919 56.886699676513729
50.011886596679688 56.894935607910156
49.978862762451229 56.886230468750227
49.951366424560717 56.881748199463118
49.91819000244169 56.896507263183594
49.85446929931669 56.897396087646712
49.804069519043026 56.901035308838118
49.754222869873161 56.913288116455192
49.772937774658487 56.926193237304631
49.767658233642749 56.953571319580021
49.794795989990291 56.987457275390625
49.753189086914347 57.025573730468693
49.767738342285156 57.060974121093807
49.706710815429688 57.079570770263729
49.684272766113338 57.075698852539176
49.626102447509709 57.103092193603629
49.556133270263842 57.084541320800781
49.468814849853516 57.082859039306754
49.414409637451172 57.05580139160179
49.370735168457088 57.040977478027457
49.320541381835994 57.044139862060661
49.273490905762003 57.06431961059576
49.24589920043951 57.095878601074276
49.233978271484432 57.138900756835938
49.205059051513729 57.166896820068587
49.188396453857592 57.191642761230582
49.196685791015625 57.216762542724723
49.200679779052791 57.219242095947379
49.186058044433651 57.249542236328125
49.224033355712834 57.269371032714844
49.242870330810661 57.285373687744197
49.249118804931697 57.305942535400618
49.244712829590128 57.321578979492301
49.208641052246378 57.34051513671875
49.174926757812443 57.340759277343977
49.138706207275447 57.339801788330021
49.104816436767862 57.325496673583928
49.052665710449162 57.31681060791027
49.029750823974666 57.293186187744368
49.029293060302678 57.262592315673828
49.047760009765796 57.230712890625227
49.079120635986499 57.212432861328239
49.030391693115348 57.192958831787109
48.998466491699503 57.175083160400447
48.982864379882812 57.154628753662109
48.989292144775561 57.128559112549055
48.979953765869311 57.109317779541243
48.938377380371378 57.097362518310661
48.886501312255859 57.098598480224666
48.855472564697322 57.100532531738224
48.828395843505973 57.120491027832088
48.822452545166072 57.137378692627067
48.855289459228629 57.154811859130859
48.866508483886662 57.175071716308707
48.833225250244084 57.194332122802734
48.802185058594034 57.199321746826399
48.7477455139163 57.198696136474609
48.708877563476619 57.18309402465826
48.672813415527401 57.166435241699446
48.631351470947322 57.170967102050781
48.61068344116228 57.18927001953125
48.573947906494197 57.194774627685604
48.549797058105526 57.194252014160213
48.522766113281534 57.176174163818359
48.500373840332088 57.154460906982422
48.476249694824503 57.138401031494141
48.445785522461108 57.130523681640625
48.404140472412166 57.142395019531477
48.381786346435717 57.172901153564567
48.283882141113338 57.172962188720703
48.278854370117131 57.140628814697379
48.248935699462947 57.110801696777457
48.172569274902628 57.095802307128906
48.180526733398494 57.068744659423942
48.169097900390682 57.044628143310604
48.065162658691463 57.025428771972656
48.008529663086051 57.017105102539119
47.935855865478686 57.009857177734432
47.879096984863452 57.019023895263672
47.829822540283374 57.035289764404524
47.814071655273608 57.062393188476562
47.796836853027628 57.076450347900391
47.760025024414347 57.080142974853572
47.732067108154581 57.067260742187727
47.704063415527401 57.036022186279297
47.657238006591854 57.000736236572266
47.601020812988452 56.968055725097884
47.559585571289006 56.944179534912223
47.526618957519702 56.928451538086051
47.535942077636662 56.879554748535384
47.509651184082202 56.866336822509822
47.450546264648608 56.891887664794979
47.38818359375 56.889125823974609
47.303226470947322 56.882781982421932
47.232551574707088 56.859561920166016
47.204002380371207 56.848087310790959
47.156208038330135 56.849582672119254
47.147163391113395 56.862045288085994
47.179733276367244 56.89567947387718
47.122585296630859 56.937107086181754
47.035888671875171 56.951690673828182
46.96543121337919 56.948982238769759
46.901672363281307 56.938060760498161
46.841499328613452 56.941417694091797
46.796722412109432 56.946063995361385
46.760932922363395 56.959270477295036
46.779228210449276 57.002761840820369
46.751800537109659 57.032417297363395
46.777938842773722 57.073020935058707
46.794231414795206 57.118602752685547
46.796504974365348 57.124958038330305
46.760665893554688 57.140155792236328
46.74204254150402 57.171646118164176
46.776199340820597 57.192935943603459
46.806407928466854 57.199707031249943
46.838798522949162 57.215850830078182
46.788768768310717 57.285678863525391
46.762901306152344 57.302333831787337
46.725608825683651 57.317432403564567
46.710193634033374 57.352760314941463
46.728595733642692 57.385932922363281
46.707847595214901 57.424022674560774
46.767986297607592 57.471172332763786
46.780815124511662 57.508384704589844
46.835437774658487 57.527214050292969
46.873123168945597 57.521541595459098
46.911018371582088 57.515811920166129
47.025627136230526 57.507492065429744
47.108081817627124 57.523242950439567
47.168128967285213 57.549331665039006
47.211048126220874 57.573833465576115
47.251590728759879 57.586349487304688
47.295188903808878 57.584060668945312
47.338230133056925 57.564739227294922
47.379348754882756 57.539295196533317
47.410419464111385 57.52882385253929
47.471580505371151 57.543537139892578
47.490303039550895 57.575359344482365
47.508995056152457 57.596981048583984
47.546474456787223 57.623432159423771
47.553909301757983 57.675613403320312
47.562438964844034 57.736461639404354
47.576168060302791 57.788890838623274
47.601543426513729 57.837749481201229
47.662113189697209 57.879116058349837
47.724575042724666 57.900592803955078
47.743721008300838 57.932872772216854
47.755954742431584 57.926342010498047
47.778442382812557 57.944793701171932
47.739269256591854 57.952365875244368
47.560096740722713 57.987003326416016
47.441265106201342 58.006492614746207
47.379295349121207 58.016654968261719
47.310016632080021 58.019340515136719
47.199222564697436 58.023616790771484
47.08642959594755 58.034858703613509
47.021099090576342 58.030887603759766
46.892261505127237 58.033977508545149
46.728027343750171 58.042667388915959
46.605087280273494 58.04144287109375
46.525516510009709 58.053661346435604
46.474205017089901 58.051239013672102
46.441623687744311 58.037281036377067
46.406036376953125 58.027854919433707
46.390293121337834 58.079982757568416
46.346881866455135 58.103561401367301
46.330001831054744 58.130989074707259
46.350658416748217 58.155891418457031
46.387878417969034 58.196475982666072
46.447612762451229 58.199470520019588
46.486270904541186 58.235988616943587
46.45901107788103 58.242809295654297
46.466766357421932 58.273574829101562
46.437873840331974 58.313270568847656
46.510601043701456 58.361942291259879
46.487644195556697 58.377529144287166
46.434627532959041 58.385879516601676
46.519676208496378 58.420757293701172
46.619525909424112 58.431087493896712
46.624759674072436 58.467662811279297
46.5905189514163 58.506000518798828
46.609298706054801 58.546901702880916
46.682434082031421 58.609462738037166
46.707958221435604 58.593631744384822
46.832035064697209 58.605274200439567
46.889610290527401 58.633777618408203
46.931762695312557 58.619194030761719
47.051376342773494 58.63337326049799
47.025226593017862 58.706356048584041
47.08201980590826 58.735313415527287
47.161010742187671 58.775455474853629
47.240718841552848 58.763896942138672
47.362068176269588 58.799167633056641
47.302246093750284 58.847541809082088
47.348945617675838 58.870082855224609
47.295318603515682 58.910411834717024
47.326118469238565 58.92176437377924
47.398769378662109 58.919643402099723
47.471008300781307 58.90123367309576
47.532619476318359 58.898906707763672
47.584293365478459 58.915050506591911
47.619365692138956 58.906284332275504
47.634731292724666 58.940349578857649
47.587455749511719 58.988719940185547
47.580760955810604 59.028636932373047
47.548454284668026 59.071048736572379
47.48242568969755 59.104900360107422
47.487342834472827 59.137577056884993
47.458778381347713 59.166522979736328
47.425079345703409 59.129936218261832
47.328712463378963 59.153888702392521
47.263439178467081 59.222042083740234
47.300025939941577 59.235279083252067
47.257514953613452 59.270877838134822
47.26927566528326 59.308032989501953
47.279872894287053 59.341514587402344
47.069431304931697 59.359600067138899
47.123184204101506 59.608581542968807
47.137119293212947 59.663967132568359
47.138805389404354 59.712577819824276
47.122081756591911 59.734657287597713
47.107414245605639 59.749656677246094
47.058315277099666 59.757923126220817
46.988281250000114 59.762821197509993
46.937973022461222 59.771575927734318
46.911560058593807 59.780166625976506
46.885688781738565 59.795055389404524
46.926155090331974 59.828254699707031
46.951442718505859 59.885391235351676
46.980934143066577 59.928173065185774
47.003284454345987 59.964889526367415
47.008430480957031 59.989349365234489
47.016147613525561 60.025760650634766
47.028354644775561 60.072620391845817
47.034507751464844 60.111835479736385
47.039199829101619 60.134998321533317
47.042819976806811 60.154090881347884
47.003273010254077 60.138473510742415
46.952507019043139 60.127361297607536
46.924434661865291 60.105186462402344
46.88762283325201 60.075500488281307
46.843688964843807 60.056503295898551
46.792747497558651 60.0435791015625
46.727798461914006 60.041004180908203
46.637145996093864 60.052021026611442
46.533538818359432 60.078891754150504
46.456481933593807 60.101840972900334
46.417785644531307 60.11815261840843
46.389133453369425 60.147216796875057
46.387718200683537 60.170112609863509
46.363540649414233 60.202049255371207
46.333896636962891 60.226528167724723
46.329502105713061 60.238220214843977
46.357273101806925 60.249187469482649
46.370254516601619 60.254302978515739
46.429382324218807 60.252937316894645
46.488445281982479 60.254592895507869
46.52194976806669 60.250457763671989
46.592842102050838 60.259021759033203
46.659160614013729 60.265232086181697
46.718822479248104 60.25736236572277
46.750255584716967 60.253673553466797
46.800468444824162 60.274757385253906
46.823402404785327 60.319454193115348
46.826343536377124 60.354061126709041
46.861705780029354 60.407909393310661
46.862567901611328 60.460403442382869
46.888294219970646 60.499191284179801
46.9519691467288 60.543933868408317
47.024127960205249 60.560672760009822
47.042285919189453 60.564552307129134
47.069366455078409 60.592632293701172
47.036205291748104 60.641937255859375
47.002887725830362 60.699935913085938
47.001819610595874 60.760082244873047
47.035442352294979 60.808563232421989
47.071281433105753 60.860443115234489
47.075809478759766 60.867019653320312
47.11435699462902 60.935077667236555
47.136585235595817 60.981998443603743
47.198852539062614 61.020240783691634
47.187030792236499 61.05925369262701
47.299190521240405 61.047290802002067
47.386013031005916 61.043895721435547
47.419391632080135 61.056842803955021
47.482368469238452 61.074325561523438
47.551319122314624 61.072925567626953
47.654285430908146 61.051246643066406
