>
36.770985 64.024017
36.759686 64.017120
36.755638 64.019753
36.765026 64.035225
36.765984 64.041718
36.757687 64.058823
36.759987 64.060623
36.769985 64.057121
36.787987 64.042519
36.783943 64.035774
36.770985 64.024017
>
36.294834 64.094360
36.288986 64.093224
36.284386 64.103218
36.289486 64.106918
36.297306 64.103653
36.299286 64.102821
36.294834 64.094360
>
36.678387 64.098618
36.663250 64.096832
36.663486 64.100021
36.663391 64.100060
36.659935 64.101540
36.670582 64.104332
36.672585 64.109520
36.674072 64.109367
36.679386 64.108818
36.684784 64.106224
36.681915 64.100777
36.678387 64.098618
>
36.743279 64.183586
36.743484 64.178421
36.725193 64.184914
36.728748 64.189857
36.735306 64.188667
36.743279 64.183586
>
36.628918 64.238670
36.629417 64.234917
36.623184 64.229721
36.642883 64.227119
36.654972 64.218475
36.668884 64.216324
36.682083 64.217621
36.686485 64.216118
36.682056 64.212975
36.660484 64.212822
36.631084 64.196022
36.623886 64.194717
36.610683 64.199120
36.606186 64.203720
36.612686 64.210922
36.611252 64.220390
36.592556 64.225670
36.572784 64.224823
36.566383 64.226418
36.561779 64.230194
36.576183 64.234520
36.579784 64.241318
36.586285 64.242119
36.606586 64.237419
36.615185 64.244217
36.618607 64.244217
36.619751 64.244225
36.628918 64.238670
>
36.449577 64.288719
36.438999 64.288582
36.427586 64.292320
36.425285 64.294922
36.431084 64.296318
36.437984 64.291924
36.449577 64.288719
>
36.399586 64.313919
36.415997 64.300316
36.405186 64.301018
36.399284 64.307320
36.378929 64.314224
36.390587 64.316322
36.393757 64.315475
36.399586 64.313919
>
36.250481 64.313354
36.252686 64.311523
36.243687 64.312523
36.237141 64.319885
36.238083 64.323669
36.250481 64.313354
>
35.886684 64.300018
35.897308 64.290604
35.886185 64.292618
35.851528 64.311302
35.851418 64.316444
35.843685 64.320221
35.848362 64.323029
35.849068 64.323448
35.859196 64.325531
35.874138 64.325279
35.886784 64.320518
35.886196 64.315025
35.890221 64.311974
35.897884 64.306221
35.886684 64.300018
>
36.462585 64.332924
36.476784 64.328621
36.487278 64.329834
36.490685 64.328026
36.490887 64.327919
36.488285 64.324921
36.480984 64.324020
36.470665 64.324249
36.460785 64.326317
36.456028 64.329498
36.456284 64.332718
36.462585 64.332924
>
36.428665 64.347168
36.437138 64.343140
36.448917 64.343666
36.451195 64.341858
36.445251 64.335281
36.436485 64.334320
36.418415 64.341774
36.422333 64.345970
36.428665 64.347168
>
36.098915 64.352165
36.108360 64.350052
36.116886 64.351524
36.125786 64.349518
36.122082 64.346779
36.109283 64.346321
36.096443 64.348915
36.098915 64.352165
>
35.999172 64.349457
35.999287 64.349419
36.002861 64.349861
36.003113 64.349136
36.003807 64.347137
36.000000 64.341751
36.000000 64.336861
36.005474 64.327026
36.002640 64.323524
36.000000 64.311470
35.997643 64.310837
35.994984 64.310120
35.980804 64.306442
35.964890 64.304695
35.960785 64.305222
35.950222 64.306580
35.936863 64.312057
35.925415 64.321335
35.919987 64.335121
35.899582 64.342697
35.897285 64.347824
35.878765 64.355240
35.873554 64.357330
35.870983 64.360817
35.874584 64.364120
35.882885 64.371620
35.891384 64.375420
35.900284 64.379318
35.915386 64.381218
35.916248 64.381775
35.928783 64.389923
35.939186 64.387924
35.949390 64.383720
35.954086 64.378120
35.950806 64.368416
35.953983 64.365120
35.999172 64.349457
>
35.735085 64.392822
35.747486 64.387421
35.757984 64.388123
35.763237 64.387138
35.765984 64.386620
35.768192 64.384026
35.768284 64.383919
35.766087 64.381424
35.761444 64.376556
35.754002 64.373528
35.746784 64.375023
35.733986 64.377724
35.726784 64.382622
35.722019 64.383598
35.718445 64.384331
35.712585 64.388817
35.718822 64.391281
35.725986 64.394119
35.735085 64.392822
>
35.292137 64.397003
35.295486 64.395020
35.297791 64.396378
35.304485 64.400322
35.309284 64.398018
35.311104 64.387016
35.310768 64.386192
35.310276 64.384979
35.308586 64.380821
35.301723 64.372108
35.291584 64.365623
35.288185 64.359619
35.276283 64.356018
35.264526 64.358475
35.252472 64.365860
35.247486 64.375618
35.246788 64.375900
35.227585 64.383720
35.226768 64.384514
35.223240 64.387962
35.222897 64.388298
35.232361 64.392365
35.243061 64.391098
35.248138 64.390503
35.255985 64.387718
35.262890 64.389862
35.271786 64.393723
35.273697 64.395370
35.282784 64.403221
35.287186 64.403519
35.291286 64.401924
35.292137 64.397003
>
35.465862 64.396553
35.462055 64.393166
35.453587 64.393524
35.443485 64.391617
35.441193 64.393448
35.449783 64.396622
35.452084 64.404823
35.458687 64.406120
35.465286 64.403122
35.465862 64.396553
>
35.580486 64.402817
35.569183 64.396324
35.559971 64.395111
35.556484 64.391220
35.550220 64.390640
35.539986 64.396019
35.540066 64.396095
35.543613 64.399620
35.534786 64.404221
35.538486 64.406219
35.560783 64.401123
35.565285 64.402519
35.564983 64.406319
35.572487 64.408424
35.584187 64.407120
35.580486 64.402817
>
35.021332 64.478973
35.015285 64.477623
35.000584 64.478821
35.000004 64.479233
34.994686 64.483017
34.971638 64.485695
34.968945 64.488029
34.970612 64.490448
34.980083 64.493324
35.000000 64.493385
35.011528 64.493423
35.018444 64.493446
35.025055 64.491692
35.028984 64.490623
35.030445 64.487968
35.025833 64.485107
35.022385 64.483521
35.021332 64.478973
>
34.984985 64.498024
34.956783 64.497719
34.948685 64.501221
34.948769 64.501282
34.951786 64.503517
34.952110 64.503502
34.984684 64.502022
34.988384 64.499619
34.984985 64.498024
>
34.822285 64.507118
34.821468 64.507431
34.812103 64.510979
34.812199 64.511024
34.812279 64.511032
34.826916 64.512054
34.828251 64.509163
34.822285 64.507118
>
35.012985 64.653419
35.001167 64.647591
35.000011 64.648247
34.994556 64.651337
34.999985 64.653824
35.001614 64.654564
35.005665 64.656418
35.015076 64.656319
35.013054 64.653519
35.012985 64.653419
>
34.979446 64.712585
34.987186 64.710220
35.000000 64.711334
35.005859 64.711830
35.013500 64.710724
35.010185 64.702621
34.999985 64.703720
34.983784 64.705421
34.978401 64.708748
34.972416 64.712448
34.977638 64.713142
34.979446 64.712585
>
35.042305 64.740334
35.036167 64.733192
35.018696 64.734253
35.043278 64.744667
35.045696 64.742836
35.042305 64.740334
>
35.092182 64.747726
35.079750 64.746834
35.067486 64.753021
35.079685 64.753624
35.091084 64.750023
35.092182 64.747726
>
34.941887 64.754921
34.949783 64.754219
34.959885 64.758118
34.960083 64.758102
34.966690 64.757484
34.971169 64.757065
34.971684 64.757019
34.971916 64.756996
34.975384 64.756622
34.989944 64.750504
34.998886 64.750023
34.999996 64.750160
35.005974 64.750969
35.014526 64.747192
35.016041 64.744461
35.016285 64.744019
35.010151 64.742661
34.999985 64.740417
34.983986 64.736824
34.974983 64.731522
34.948418 64.724998
34.944485 64.724319
34.911777 64.718864
34.903286 64.718819
34.892986 64.718918
34.889385 64.715218
34.875557 64.713364
34.867306 64.712250
34.848694 64.707336
34.838486 64.702820
34.831985 64.707619
34.830685 64.726822
34.842777 64.733307
34.841686 64.738617
34.848484 64.741821
34.847584 64.745621
34.850185 64.747719
34.853626 64.748398
34.875984 64.752823
34.876999 64.752792
34.885784 64.752518
34.895084 64.755020
34.925884 64.761421
34.934834 64.760246
34.934952 64.760231
34.936001 64.759430
34.941887 64.754921
>
35.022686 64.755119
35.017284 64.754120
35.013084 64.755722
35.022804 64.762306
35.016888 64.769333
35.024666 64.770752
35.036915 64.770164
35.035721 64.766525
35.028862 64.758972
35.022686 64.755119
>
34.872486 64.770920
34.877983 64.772621
34.877945 64.773186
34.877785 64.775520
34.878723 64.775505
34.882687 64.775421
34.882046 64.772789
34.880684 64.767220
34.874485 64.766823
34.873138 64.769585
34.872936 64.769997
34.872486 64.770920
>
34.958786 64.795021
34.952187 64.793823
34.947334 64.795197
34.947083 64.798470
34.946556 64.805031
34.954113 64.808334
34.966583 64.802391
34.962086 64.800919
34.958839 64.795113
34.958786 64.795021
>
34.887486 64.917023
34.908859 64.908890
34.920883 64.907623
34.917473 64.902809
34.908684 64.905022
34.901886 64.903419
34.896111 64.908607
34.887360 64.909836
34.883472 64.913170
34.877804 64.912720
34.875183 64.916420
34.877766 64.917267
34.880985 64.918320
34.887486 64.917023
>
35.155384 64.929817
35.158360 64.925888
35.151787 64.922523
35.132286 64.927719
35.125328 64.921501
35.124683 64.920921
35.119499 64.920441
35.112804 64.924751
35.097168 64.929863
35.099918 64.932167
35.096943 64.939636
35.102470 64.943138
35.125446 64.949753
35.131863 64.948250
35.141918 64.934998
35.155384 64.929817
>
35.168888 64.954330
35.174137 64.944778
35.171387 64.943619
35.166943 64.943558
35.156319 64.946037
35.151306 64.943054
35.137184 64.952423
35.142487 64.954323
35.160091 64.954323
35.168888 64.954330
>
35.004986 64.949318
34.999985 64.946823
34.992054 64.947609
34.980785 64.953918
34.984486 64.957123
34.985062 64.956825
34.989384 64.954620
35.000000 64.952896
35.001083 64.952721
35.004681 64.949585
35.004986 64.949318
>
35.008389 64.958778
35.000000 64.957085
34.992085 64.961319
35.000004 64.967079
35.000755 64.967628
35.008026 64.968361
35.011948 64.965324
35.012444 64.964943
35.007584 64.962807
35.004784 64.961624
35.008389 64.958778
>
35.032784 64.990219
35.038086 64.979324
35.029686 64.980217
35.025612 64.985474
35.026684 64.990021
35.028099 64.990067
35.032784 64.990219
>
34.842087 64.989120
34.843861 64.984802
34.839787 64.981918
34.826984 64.980423
34.818455 64.976295
34.814785 64.974518
34.807285 64.976021
34.805389 64.984802
34.810055 64.987663
34.823139 64.987503
34.836166 64.991753
34.840767 64.989708
34.842087 64.989120
>
34.817585 65.066422
34.812885 65.063522
34.810284 65.063858
34.806686 65.064323
34.806320 65.066574
34.805683 65.070518
34.807083 65.075691
34.815472 65.075920
34.818222 65.073586
34.817585 65.066422
>
34.712696 65.115334
34.717167 65.109612
34.714184 65.108017
34.697285 65.101524
34.689583 65.102608
34.686787 65.104919
34.694286 65.112724
34.702835 65.111969
34.712696 65.115334
>
34.722084 65.188118
34.717884 65.182617
34.720444 65.177528
34.708687 65.178322
34.714584 65.173317
34.710472 65.171608
34.706867 65.172073
34.705250 65.172279
34.695221 65.176865
34.664387 65.183121
34.662483 65.186119
34.671970 65.185081
34.696983 65.187622
34.703018 65.189804
34.704987 65.190521
34.722084 65.188118
>
36.795883 65.190849
36.788486 65.190521
36.788071 65.190666
36.778397 65.194031
36.786484 65.201218
36.811985 65.210320
36.812489 65.210381
36.822723 65.211639
36.828640 65.209358
36.826195 65.204720
36.806385 65.192917
36.803505 65.192101
36.799686 65.191017
36.795883 65.190849
>
34.519283 65.322220
34.504086 65.318321
34.496986 65.319824
34.512886 65.325317
34.527885 65.326424
34.532585 65.324623
34.528885 65.322624
34.519283 65.322220
>
34.893784 65.622719
34.890057 65.620918
34.881786 65.622520
34.865086 65.635620
34.869484 65.636620
34.870605 65.636261
34.878284 65.633820
34.893784 65.622719
>
35.022141 65.717499
35.019085 65.717018
34.999985 65.717918
34.995285 65.718117
34.985249 65.722427
35.000000 65.721725
35.017582 65.719719
35.022141 65.717499
>
34.945057 65.780586
34.952187 65.773224
34.960167 65.773277
34.969284 65.779022
34.980984 65.779922
34.985485 65.767220
34.964684 65.766319
34.964333 65.758698
34.993973 65.761330
35.000000 65.760696
35.013885 65.759224
35.016685 65.754524
35.000000 65.754639
34.995777 65.754669
34.992168 65.751945
35.000000 65.749443
35.007927 65.746147
35.000111 65.744843
34.999985 65.744820
34.995918 65.744637
34.992638 65.742584
34.997185 65.735619
34.992249 65.733749
34.975056 65.735664
34.971443 65.729446
34.959915 65.731331
34.947613 65.730499
34.929485 65.731522
34.907261 65.738884
34.899284 65.741524
34.907368 65.742683
34.926056 65.745361
34.926716 65.744720
34.930286 65.741318
34.934685 65.741119
34.937286 65.748619
34.934883 65.753021
34.920185 65.755417
34.914185 65.758018
34.917286 65.761017
34.917137 65.763290
34.916485 65.773224
34.925213 65.774078
34.935555 65.775085
34.936028 65.780640
34.945057 65.780586
>
34.892471 65.792419
34.886776 65.787781
34.888786 65.784821
34.903084 65.781723
34.910473 65.766693
34.907085 65.764420
34.900333 65.764503
34.875751 65.772141
34.867554 65.772835
34.860138 65.766914
34.851185 65.763023
34.847946 65.761642
34.853054 65.760529
34.854694 65.758057
34.835304 65.754303
34.845284 65.750420
34.881111 65.747253
34.885777 65.745224
34.885223 65.738281
34.889187 65.734718
34.900284 65.733322
34.905087 65.729118
34.914665 65.726753
34.921585 65.722420
34.931057 65.720947
34.934082 65.717888
34.937683 65.717117
34.944443 65.719299
34.950386 65.721222
34.964386 65.718620
34.971287 65.715424
34.968082 65.713417
34.955811 65.712357
34.947384 65.711624
34.944363 65.710030
34.949471 65.708916
34.973885 65.708519
34.970085 65.706024
34.966644 65.704819
34.947586 65.698120
34.951286 65.686119
34.948803 65.682579
34.947285 65.680420
34.936485 65.676720
34.929787 65.676819
34.888683 65.688622
34.888779 65.693474
34.884029 65.696442
34.881386 65.698021
34.871944 65.698387
34.869984 65.703621
34.859886 65.708519
34.820786 65.718719
34.803722 65.731308
34.804485 65.736320
34.790554 65.740303
34.774582 65.741165
34.777084 65.745117
34.774334 65.751198
34.750084 65.754822
34.745361 65.761497
34.737640 65.763054
34.734886 65.767921
34.732281 65.768333
34.727985 65.769020
34.701786 65.763924
34.699684 65.767517
34.714985 65.771217
34.716286 65.773918
34.702278 65.775497
34.695686 65.779518
34.702343 65.783325
34.679474 65.786919
34.674862 65.790337
34.678486 65.793022
34.700684 65.801521
34.791985 65.795624
34.825085 65.790321
34.847786 65.791519
34.854527 65.794891
34.853985 65.798920
34.853359 65.802887
34.857834 65.806252
34.873974 65.807945
34.884693 65.818253
34.893639 65.817947
34.894215 65.817551
34.902184 65.812119
34.897720 65.809364
34.891483 65.805519
34.890751 65.801666
34.903057 65.794334
34.892471 65.792419
>
33.919498 66.219086
33.903862 66.212585
33.905987 66.219620
33.912186 66.223122
33.922485 66.224419
33.924286 66.221924
33.919498 66.219086
>
33.910786 66.279221
33.916485 66.272720
33.935001 66.270416
33.956486 66.264420
33.965183 66.258423
33.962284 66.257019
33.938686 66.254623
33.920986 66.255020
33.915524 66.257294
33.912304 66.258636
33.904194 66.258553
33.896610 66.250748
33.883812 66.249573
33.870186 66.248322
33.852684 66.250519
33.848389 66.251114
33.822285 66.260719
33.783279 66.269386
33.783001 66.269447
33.783890 66.272636
33.813137 66.277420
33.830723 66.276802
33.870224 66.278748
33.881779 66.276253
33.889286 66.276421
33.904385 66.280418
33.910786 66.279221
>
33.630154 66.310600
33.619884 66.310417
33.616947 66.313179
33.616684 66.313423
33.633785 66.315720
33.647484 66.315422
33.651485 66.312820
33.648384 66.310921
33.630154 66.310600
>
33.471111 66.307747
33.449860 66.305336
33.433807 66.305557
33.418335 66.309669
33.420444 66.311836
33.429283 66.313522
33.465984 66.315819
33.485886 66.313919
33.482784 66.310822
33.471111 66.307747
>
33.879696 66.308250
33.875385 66.306519
33.852283 66.308922
33.828186 66.309319
33.807751 66.315002
33.802383 66.318420
33.807785 66.320122
33.830685 66.318420
33.861584 66.314018
33.876686 66.310524
33.879696 66.308250
>
33.785473 66.320580
33.797787 66.314819
33.801086 66.310623
33.796783 66.308624
33.767784 66.307022
33.764610 66.305168
33.775860 66.296913
33.766685 66.294319
33.749084 66.295319
33.674324 66.299347
33.670986 66.299530
33.652584 66.301720
33.662861 66.308472
33.658112 66.317169
33.666332 66.320053
33.738983 66.316124
33.757183 66.319725
33.766277 66.321526
33.785473 66.320580
>
33.807083 66.352921
33.823185 66.348923
33.848484 66.351219
33.855186 66.349319
33.862167 66.344391
33.859283 66.343224
33.838783 66.342422
33.835983 66.340317
33.845886 66.332817
33.839027 66.329170
33.808277 66.326332
33.803780 66.327835
33.807285 66.331718
33.806583 66.345520
33.798168 66.350998
33.801285 66.352821
33.804497 66.352875
33.807083 66.352921
>
33.807186 66.410019
33.800587 66.408424
33.765415 66.413803
33.722027 66.416527
33.723721 66.418945
33.768585 66.420753
33.782139 66.419998
33.807186 66.410019
>
33.404686 66.470520
33.378471 66.468864
33.378639 66.481163
33.396084 66.479919
33.405556 66.475082
33.407486 66.471519
33.404686 66.470520
>
33.429749 66.481247
33.424915 66.479500
33.392086 66.483917
33.388386 66.487320
33.400036 66.489555
33.400387 66.489624
33.422283 66.486618
33.429749 66.481247
>
33.036285 66.528419
33.061886 66.525917
33.076332 66.527031
33.084087 66.526718
33.101486 66.526024
33.113983 66.522820
33.118191 66.517448
33.062084 66.518318
33.035286 66.516617
33.016987 66.517220
33.013943 66.519691
33.023785 66.526421
33.036285 66.528419
>
33.280201 66.614708
33.268684 66.612320
33.267403 66.617630
33.280201 66.614708
>
33.402386 66.583618
33.405556 66.577614
33.401985 66.574821
33.386749 66.571976
33.383984 66.569618
33.395054 66.568390
33.401184 66.568817
33.408283 66.569321
33.422264 66.564026
33.406273 66.559258
33.405483 66.559021
33.431305 66.554222
33.429684 66.547821
33.420742 66.542671
33.417885 66.541023
33.422527 66.538361
33.457584 66.532166
33.477112 66.526360
33.512249 66.524330
33.523945 66.521858
33.530693 66.517441
33.521187 66.515823
33.463276 66.518387
33.459686 66.518524
33.383984 66.535324
33.252110 66.551720
33.239285 66.554222
33.237572 66.555939
33.232777 66.560753
33.207287 66.558319
33.180916 66.562973
33.176987 66.563622
33.171585 66.568718
33.143387 66.568123
33.141586 66.562424
33.130611 66.562691
33.111916 66.566559
33.065086 66.569923
33.059361 66.572914
33.057686 66.577217
33.060585 66.579819
33.066986 66.581223
33.078030 66.579750
33.088890 66.582031
33.100471 66.580528
33.110054 66.577080
33.118252 66.577225
33.121193 66.578636
33.109283 66.582024
33.102283 66.586021
33.105785 66.587624
33.123783 66.587318
33.134686 66.582817
33.147610 66.581947
33.173668 66.580139
33.190777 66.581970
33.213001 66.579498
33.224056 66.580803
33.220833 66.585442
33.203083 66.590164
33.198486 66.593018
33.200287 66.598518
33.218834 66.602280
33.222687 66.605721
33.222023 66.607193
33.220306 66.611000
33.225666 66.615250
33.221985 66.618324
33.227638 66.626472
33.231083 66.627640
33.238224 66.626663
33.251915 66.615280
33.251617 66.614792
33.247986 66.608818
33.251110 66.606781
33.275284 66.602020
33.297085 66.601250
33.313526 66.597557
33.396332 66.585693
33.402386 66.583618
>
34.872486 64.770920
34.863285 64.768524
34.857986 64.765419
34.846584 64.765518
34.837086 64.762619
34.828945 64.763107
34.825417 64.763336
34.824837 64.763092
34.814484 64.758720
34.825787 64.751419
34.810085 64.752823
34.797283 64.748817
34.771286 64.745422
34.746185 64.745224
34.736305 64.742805
34.762486 64.740623
34.775684 64.741020
34.785187 64.741417
34.791386 64.739517
34.781185 64.734123
34.784786 64.730019
34.798195 64.727280
34.815586 64.726021
34.819984 64.722618
34.818485 64.713623
34.827999 64.701447
34.829029 64.689697
34.840687 64.682220
34.842686 64.675224
34.842945 64.675171
34.883984 64.666824
34.912785 64.657524
34.910973 64.644447
34.920860 64.638916
34.919483 64.635918
34.919353 64.635841
34.908985 64.629723
34.915585 64.626617
34.919178 64.628235
34.924583 64.630669
34.928749 64.629135
34.929863 64.625809
34.938187 64.623924
34.957985 64.623322
34.966721 64.621170
34.971500 64.616333
34.967999 64.605469
34.960667 64.600281
34.952583 64.596924
34.936474 64.590279
34.927486 64.576820
34.913383 64.578117
34.904785 64.577019
34.874485 64.563820
34.856586 64.561821
34.844917 64.557747
34.836166 64.552750
34.813305 64.539780
34.799984 64.536720
34.791683 64.536522
34.787987 64.536423
34.784885 64.534317
34.787971 64.532890
34.800983 64.532921
34.804585 64.531418
34.804806 64.528419
34.802204 64.527000
34.801685 64.526718
34.786983 64.524521
34.781986 64.523819
34.781685 64.521919
34.796387 64.521019
34.792187 64.519417
34.781487 64.519119
34.777805 64.516777
34.781284 64.512520
34.788387 64.511559
34.800026 64.509972
34.805683 64.507118
34.822285 64.507118
34.832962 64.504166
34.833485 64.504021
34.849918 64.503555
34.852528 64.499832
34.864685 64.501617
34.859928 64.494392
34.859684 64.494019
34.888683 64.482521
34.896385 64.488419
34.896328 64.489334
34.896187 64.491623
34.899918 64.495003
34.909973 64.496918
34.915054 64.495087
34.929386 64.494522
34.938168 64.490250
34.950306 64.493141
34.953472 64.486115
34.958885 64.484924
34.963612 64.481277
34.959785 64.477623
34.972111 64.476028
34.975498 64.475586
34.981884 64.469620
34.981529 64.460831
34.973888 64.447998
34.982086 64.439117
34.982887 64.432777
34.979622 64.429733
34.979286 64.429420
34.978886 64.429062
34.975285 64.425819
34.973186 64.420120
34.986687 64.421318
34.996185 64.419724
35.000000 64.420052
35.000786 64.420120
35.001579 64.420181
35.007286 64.420624
35.009254 64.420357
35.018486 64.419121
35.024139 64.416336
35.022423 64.411034
35.022385 64.410919
35.022327 64.410759
35.021484 64.408424
35.032887 64.406418
35.043888 64.404556
35.055786 64.408119
35.064884 64.409523
35.065025 64.409546
35.081165 64.411919
35.095085 64.411331
35.111362 64.410667
35.118473 64.417725
35.123749 64.417503
35.124683 64.402519
35.134987 64.394623
35.126984 64.390419
35.126484 64.385818
35.140984 64.373322
35.135445 64.367302
35.136986 64.360924
35.139084 64.352318
35.167286 64.344917
35.170784 64.346123
35.174774 64.347450
35.181332 64.349670
35.191944 64.348251
35.197361 64.346138
35.200150 64.337730
35.200184 64.337624
35.218777 64.342552
35.225384 64.341721
35.232586 64.343422
35.235138 64.347610
35.260113 64.353752
35.270527 64.353058
35.277863 64.350113
35.290787 64.344917
35.312786 64.341217
35.312954 64.341278
35.323086 64.345024
35.343185 64.341118
35.341686 64.336823
35.325195 64.324387
35.324184 64.323624
35.326183 64.309219
35.328388 64.299080
35.332787 64.297020
35.349751 64.295975
35.357784 64.295517
35.379086 64.303123
35.384483 64.301918
35.386585 64.296318
35.397446 64.292778
35.401386 64.291519
35.408184 64.286621
35.442486 64.289818
35.466057 64.295303
35.469528 64.298027
35.466785 64.299721
35.459694 64.304306
35.463444 64.306526
35.461334 64.313248
35.467083 64.316223
35.473557 64.315170
35.479946 64.308525
35.486332 64.307220
35.493832 64.310059
35.505222 64.314362
35.533974 64.325226
35.544304 64.329140
35.547829 64.328735
35.554485 64.328018
35.575287 64.319420
35.588890 64.313805
35.595501 64.314140
35.629887 64.332619
35.632286 64.334824
35.639526 64.341309
35.639187 64.348320
35.637192 64.349083
35.623833 64.354195
35.612305 64.365753
35.595306 64.373863
35.591286 64.377724
35.597385 64.381424
35.604183 64.382118
35.614681 64.383171
35.619278 64.383636
35.630665 64.375725
35.665638 64.368027
35.676445 64.363747
35.701138 64.361443
35.704758 64.359886
35.709583 64.357819
35.717140 64.349197
35.728443 64.351830
35.733555 64.353027
35.734600 64.348396
35.733887 64.347885
35.726086 64.342323
35.732185 64.339424
35.746113 64.339417
35.751556 64.339447
35.757973 64.337196
35.756226 64.334831
35.755486 64.333824
35.760777 64.321762
35.760883 64.321518
35.770386 64.319923
35.794888 64.322502
35.796085 64.322624
35.797306 64.322754
35.808987 64.324020
35.818985 64.322517
35.829582 64.316887
35.841686 64.306122
35.849724 64.299110
35.868484 64.294724
35.877972 64.290108
35.887985 64.274719
35.913685 64.262222
35.920284 64.259018
35.921684 64.249924
35.918667 64.246056
35.897057 64.233330
35.888973 64.228584
35.913185 64.222321
35.926285 64.213120
35.953186 64.208221
35.957085 64.205223
35.962612 64.185333
35.970112 64.181114
35.980484 64.179420
35.994385 64.180420
36.000000 64.179695
36.012085 64.186722
36.017750 64.188278
36.023418 64.190636
36.036484 64.207321
36.043583 64.212280
36.052444 64.212944
36.063137 64.210976
36.100285 64.197922
36.107285 64.187820
36.119686 64.183022
36.168446 64.164413
36.174885 64.154617
36.184986 64.150017
36.224087 64.139122
36.239986 64.131218
36.241638 64.126137
36.231918 64.121803
36.228485 64.114021
36.221138 64.107719
36.213387 64.106819
36.188484 64.108017
36.188175 64.103401
36.187885 64.099121
36.192184 64.091423
36.201416 64.083336
36.188000 64.071808
36.206139 64.072166
36.217381 64.068588
36.234585 64.063118
36.255283 64.061119
36.269386 64.056618
36.274883 64.050323
36.273998 64.038414
36.255886 64.010818
36.256084 64.003632
36.267784 64.003517
36.275272 64.000824
36.252983 64.000023
36.258587 63.996922
36.265186 63.995819
36.264221 63.990833
36.286972 63.979473
36.298885 63.979019
36.309685 63.978821
36.316284 63.982822
36.320843 63.983837
36.343029 63.985027
36.346897 63.984406
36.354286 63.983219
36.383385 63.974022
36.407784 63.969120
36.424778 63.967693
36.440483 63.973721
36.451611 63.976501
36.462555 63.976944
36.464249 63.973278
36.457985 63.968121
36.457638 63.964527
36.471027 63.958778
36.507885 63.953121
36.515667 63.951973
36.531185 63.949619
36.557026 63.948360
36.583084 63.949722
36.596786 63.952122
36.603485 63.951221
36.607445 63.945026
36.611797 63.942497
36.584671 63.904774
36.616268 63.840618
36.663380 63.780113
36.608368 63.735661
36.528416 63.677029
36.408535 63.618309
36.336498 63.628819
36.235176 63.640022
36.156113 63.616993
36.103096 63.621078
36.004753 63.627327
35.968529 63.629681
36.026493 63.592728
36.087009 63.545933
36.161587 63.489876
36.254078 63.450047
36.253849 63.414238
36.267075 63.369350
36.372372 63.320415
36.388123 63.288082
36.344696 63.262257
36.305981 63.239277
36.338829 63.223682
36.402538 63.238144
36.461609 63.249657
36.449337 63.213226
36.402843 63.197468
36.323914 63.138584
36.345699 63.104099
36.342869 63.073490
36.351421 63.025383
36.425671 62.981880
36.500565 62.933472
36.551205 62.893314
36.583828 62.872456
36.659912 62.823788
36.763329 62.792259
36.872597 62.758488
36.993050 62.725166
37.105255 62.699181
37.210144 62.703056
37.302299 62.711407
37.388405 62.721897
37.487457 62.704807
37.565464 62.658348
37.601757 62.622261
37.616455 62.584724
37.635071 62.531902
37.632389 62.496048
37.615620 62.451485
37.572197 62.402786
37.538971 62.336613
37.468250 62.334732
37.477806 62.294449
37.526436 62.253635
37.567070 62.243359
37.610863 62.245743
37.646751 62.255630
37.701954 62.253807
37.745110 62.233276
37.760937 62.213547
37.763515 62.180267
37.793274 62.146103
37.858028 62.103561
37.847359 62.079758
37.848396 62.051552
37.875935 62.027443
37.949947 62.013638
37.930824 61.979092
37.955795 61.941872
37.937897 61.925381
37.898556 61.907677
37.883026 61.881046
37.895039 61.853382
37.858150 61.825466
37.937851 61.786201
37.931942 61.765221
37.873898 61.736088
37.798164 61.690453
37.781879 61.645622
37.792770 61.599785
37.788364 61.550442
37.603497 61.545147
37.491932 61.539207
37.394066 61.523869
37.306255 61.545479
37.290749 61.577923
37.248238 61.592693
37.189350 61.590637
37.116463 61.615852
37.073902 61.630539
37.005608 61.622608
36.951763 61.605259
36.898125 61.569897
36.883816 61.547897
36.830635 61.561684
36.753002 61.583759
36.687771 61.583633
36.625111 61.560272
36.582451 61.525673
36.548817 61.496922
36.537945 61.464859
36.471176 61.426247
36.469944 61.425533
36.470261 61.424721
36.463993 61.414272
35.725391 61.221226
35.672489 61.200527
35.600536 61.237503
35.547169 61.221039
35.533058 61.211639
35.502544 61.191303
35.488350 61.169209
35.449196 61.173550
35.346413 61.208363
35.339622 61.228592
35.351013 61.260601
35.353352 61.264492
35.375618 61.301571
35.349545 61.314854
35.287720 61.283798
35.280125 61.279984
35.224293 61.285374
35.189495 61.274662
35.157108 61.258694
35.107296 61.261955
35.065155 61.276066
35.020611 61.295399
34.940731 61.308601
34.883018 61.318851
34.833988 61.335110
34.803951 61.345058
34.760132 61.346153
34.722736 61.327290
34.700947 61.312248
34.671188 61.304230
34.639690 61.301250
34.599468 61.292217
34.561657 61.275578
34.547432 61.269318
34.506512 61.247181
34.493950 61.220211
34.486317 61.196037
34.485104 61.193420
34.473827 61.169052
34.473118 61.155949
34.446053 61.155952
34.425838 61.167038
34.404716 61.188892
34.400753 61.192993
34.354084 61.217163
34.303715 61.238064
34.260635 61.252098
34.236618 61.259922
34.210129 61.272949
34.178684 61.269875
34.129898 61.254662
34.057056 61.260490
33.907154 61.269028
33.774395 61.276268
33.691223 61.249882
33.657337 61.238621
33.594433 61.232193
33.558681 61.225922
33.523037 61.219673
33.494743 61.206604
33.471458 61.196373
33.479080 61.176319
33.502792 61.155602
33.527554 61.147724
33.544998 61.140457
33.572746 61.128899
33.604958 61.114212
33.654369 61.098408
33.692394 61.112717
33.740837 61.128033
33.772205 61.131210
33.824009 61.123402
33.857231 61.121529
33.902275 61.102585
33.888332 61.080593
33.864491 61.057331
33.850536 61.035297
33.821453 60.996113
33.789303 60.966770
33.769848 60.956600
33.752716 60.947647
33.695534 60.957256
33.646179 60.973114
33.609180 60.984989
33.575077 61.004738
33.500584 61.015335
33.442257 61.011917
33.458061 60.984837
33.442474 60.967831
33.390354 60.962410
33.333694 60.940819
33.301521 60.924679
33.278435 60.914421
33.248878 60.893021
33.193794 60.866592
33.157906 60.834023
33.160828 60.798008
33.130844 60.776764
33.083012 60.761234
33.043495 60.751770
32.993843 60.754307
32.958702 60.761013
32.898388 60.736214
32.911018 60.732239
32.860489 60.681705
32.785004 60.646477
32.634026 60.651512
32.322006 60.711903
31.461454 60.877975
30.861193 60.989258
30.565672 61.044044
30.223463 61.099403
30.062426 61.139664
30.062021 61.139679
29.944494 61.143166
29.944040 61.143482
29.904800 61.170856
29.805019 61.188419
29.726921 61.193569
29.678732 61.190666
29.639902 61.188324
29.604950 61.196518
29.589769 61.204803
29.580713 61.224117
29.564573 61.245277
29.509712 61.255558
29.430210 61.272289
29.371019 61.297203
29.344851 61.315525
29.321598 61.335850
29.322010 61.337219
29.322601 61.339184
29.328365 61.344112
29.326168 61.346569
29.330643 61.350227
29.333979 61.352959
29.336687 61.354591
29.343105 61.358452
29.347229 61.358170
29.348240 61.361542
29.356619 61.366585
29.359816 61.368507
29.363388 61.370659
29.369799 61.370220
29.371130 61.374660
29.371332 61.375313
29.377487 61.378761
29.382734 61.381702
29.391970 61.386883
29.393730 61.386719
29.394270 61.388519
29.396742 61.390343
29.398111 61.390949
29.404369 61.390522
29.405563 61.394463
29.412710 61.399021
29.417318 61.401958
29.425533 61.407192
29.428411 61.409027
29.429073 61.409447
29.431990 61.411285
29.438980 61.410809
29.440331 61.415249
29.440763 61.416660
29.445700 61.419411
29.450979 61.419052
29.452221 61.423130
29.459616 61.427525
29.462980 61.427292
29.463812 61.430016
29.466444 61.431580
29.473631 61.431091
29.474989 61.435539
29.475410 61.436905
29.480129 61.439709
29.487001 61.443787
29.490948 61.446129
29.493513 61.447849
29.498861 61.451435
29.501593 61.453266
29.505756 61.458633
29.505062 61.471703
29.505840 61.474209
29.507198 61.478649
29.503029 61.478943
29.502945 61.479145
29.502838 61.488022
29.502834 61.488518
29.520061 61.489555
29.522776 61.489719
29.523705 61.489971
29.531857 61.490543
29.539240 61.490040
29.548559 61.489391
29.549299 61.491768
29.562603 61.492702
29.564280 61.492821
29.568569 61.492531
29.577881 61.491890
29.578480 61.493820
29.595331 61.495007
29.596527 61.495102
29.607718 61.495995
29.621326 61.497078
29.626814 61.497513
29.627226 61.497547
29.628983 61.497684
29.636263 61.501068
29.638472 61.503036
29.641518 61.505753
29.644976 61.508835
29.645788 61.509811
29.652164 61.517471
29.650736 61.521782
29.654409 61.523590
29.661089 61.526878
29.664879 61.526611
29.666113 61.530525
29.668232 61.532505
29.673910 61.535046
29.677568 61.536682
29.682671 61.538963
29.687710 61.538609
29.688955 61.542568
29.696705 61.547043
29.700605 61.549294
29.703720 61.551090
29.710560 61.550610
29.711950 61.555050
29.712500 61.556801
29.714308 61.558105
29.716490 61.559261
29.724072 61.563267
29.724733 61.563618
29.734568 61.567051
29.734810 61.567039
29.734838 61.567146
29.739513 61.568779
29.742584 61.571026
29.743073 61.571381
29.743750 61.571545
29.745949 61.572075
29.747274 61.572395
29.747597 61.574512
29.748384 61.579697
29.748407 61.579853
29.749760 61.584129
29.751160 61.588562
29.752560 61.593010
29.753967 61.597439
29.755405 61.601841
29.761467 61.605991
29.767544 61.610153
29.773077 61.613941
29.773556 61.614212
29.778290 61.613869
29.779469 61.617561
29.785303 61.620861
29.789516 61.621876
29.789761 61.622131
29.790459 61.622089
29.790852 61.623283
29.797728 61.630531
29.797920 61.630619
29.803541 61.633156
29.806629 61.634548
29.810564 61.636322
29.813971 61.645092
29.818480 61.649975
29.820444 61.652100
29.827299 61.655464
29.827623 61.655750
29.830791 61.658546
29.837137 61.664146
29.842049 61.663799
29.843340 61.667835
29.844036 61.668179
29.846516 61.669403
29.853609 61.669968
29.854618 61.670048
29.862871 61.671379
29.863670 61.671509
29.865049 61.675770
29.866470 61.680199
29.867901 61.684639
29.874533 61.684158
29.877279 61.683971
29.878689 61.688412
29.878826 61.688812
29.885391 61.692451
29.889490 61.692169
29.890503 61.695286
29.899899 61.700500
29.901730 61.700371
29.902273 61.702045
29.906145 61.704586
29.910139 61.704311
29.912531 61.704140
29.913511 61.707180
29.917345 61.708317
29.924124 61.710331
29.929680 61.711979
29.934151 61.711658
29.935291 61.715191
29.939686 61.717953
29.946732 61.719711
29.953142 61.723911
29.953957 61.724445
29.958120 61.726379
29.961306 61.727859
29.968040 61.727379
29.969421 61.731628
29.978228 61.735718
29.980310 61.735569
29.980740 61.736885
29.986683 61.739647
29.991129 61.739330
29.992069 61.742149
29.995142 61.743576
29.995844 61.743900
29.998549 61.745789
30.000002 61.746410
30.003553 61.747932
30.011780 61.751450
30.014742 61.752716
30.020872 61.755341
30.025089 61.755032
30.025892 61.757488
30.029919 61.759209
30.030630 61.759171
30.035929 61.758789
30.037085 61.762276
30.039011 61.763100
30.045183 61.765739
30.046402 61.766262
30.048477 61.767750
30.050697 61.769337
30.053074 61.774643
30.057253 61.791191
30.057655 61.795681
30.058180 61.801495
30.060532 61.804379
30.062923 61.807312
30.068102 61.810936
30.073601 61.814785
30.079847 61.819160
30.084551 61.818821
30.085499 61.821671
30.088709 61.823059
30.095430 61.822571
30.096893 61.826992
30.104799 61.830959
30.107780 61.830750
30.108332 61.832451
30.114491 61.834808
30.118650 61.834492
30.119497 61.837051
30.123161 61.838711
30.129654 61.841652
30.131001 61.842648
30.136631 61.846802
30.140493 61.849651
30.143141 61.850220
30.143360 61.850861
30.145424 61.850708
30.149967 61.851681
30.154203 61.854477
30.160572 61.858681
30.165150 61.858349
30.166531 61.862518
30.173670 61.866791
30.178593 61.869736
30.187210 61.874897
30.190660 61.876961
30.191092 61.877220
30.199915 61.883034
30.201120 61.883827
30.199289 61.887901
30.202271 61.892307
30.205944 61.893730
30.209743 61.895203
30.210888 61.895859
30.211639 61.895821
30.216179 61.895481
30.217606 61.899708
30.218018 61.899944
30.227325 61.903744
30.228811 61.904350
30.229216 61.904514
30.235003 61.907711
30.240665 61.910839
30.248112 61.914955
30.249472 61.915737
30.251930 61.915562
30.252592 61.917534
30.256468 61.919762
30.263762 61.923954
30.264610 61.924541
30.269463 61.927883
30.273335 61.930546
30.276699 61.931675
30.277229 61.931854
30.286209 61.931190
30.287132 61.933907
30.291426 61.934105
30.296349 61.934990
30.307165 61.936935
30.307570 61.937130
30.310411 61.938480
30.317520 61.937950
30.319031 61.942390
30.320539 61.946819
30.322039 61.951252
30.315693 61.951733
30.314926 61.953083
30.314541 61.957417
30.314533 61.957668
30.314289 61.965637
30.317924 61.967598
30.321415 61.969479
30.323084 61.970379
30.329830 61.974152
30.333248 61.976063
30.338619 61.977276
30.340540 61.977139
30.349991 61.976440
30.351200 61.980000
30.352768 61.980331
30.360102 61.984776
30.363150 61.986622
30.366762 61.988811
30.375393 61.994041
30.380108 61.996899
30.385920 61.996479
30.387440 62.000912
30.387903 62.002266
30.392021 62.005112
30.400621 62.011055
30.401491 62.011658
30.404102 62.013290
30.413000 62.018852
30.413939 62.019436
30.420315 62.024353
30.423100 62.025520
30.425314 62.026447
30.432280 62.029369
30.435940 62.029099
30.436882 62.031834
30.439552 62.033371
30.447809 62.038124
30.449047 62.038933
30.452925 62.041462
30.459450 62.040981
30.460987 62.045399
30.461584 62.047112
30.464394 62.048946
30.465321 62.049618
30.471989 62.049122
30.473520 62.053551
30.474443 62.056194
30.475060 62.057980
30.476589 62.062412
30.482445 62.061974
30.487459 62.065727
30.493462 62.070221
30.498610 62.069839
30.500149 62.074272
30.500603 62.075565
30.501043 62.075897
30.502234 62.079117
30.507511 62.082806
30.512699 62.082420
30.514250 62.086849
30.514565 62.087727
30.519268 62.091011
30.523397 62.093895
30.527769 62.097698
30.534437 62.103500
30.539398 62.103130
30.540939 62.107559
30.541239 62.108421
30.541449 62.108986
30.546743 62.111664
30.553267 62.114964
30.562401 62.119587
30.565098 62.120949
30.570204 62.123531
30.576954 62.126945
30.585831 62.131435
30.588802 62.132938
30.593662 62.135395
30.600143 62.138672
30.600691 62.139057
30.606955 62.143482
30.611860 62.143112
30.613430 62.147541
30.613930 62.148941
30.614988 62.151970
30.616369 62.155910
30.616550 62.156399
30.617090 62.156361
30.621979 62.155979
30.628084 62.161320
30.634216 62.170105
30.633251 62.176037
30.633869 62.177811
30.635441 62.182240
30.630648 62.182606
30.630198 62.183739
30.633312 62.186947
30.639277 62.193081
30.640581 62.194427
30.648300 62.199455
30.651220 62.199230
30.652193 62.201988
30.658237 62.205921
30.662281 62.207489
30.663879 62.207371
30.664181 62.208225
30.670568 62.210701
30.673594 62.211163
30.674959 62.211071
30.684469 62.210339
30.685345 62.212765
30.710951 62.212860
30.718796 62.212891
30.725819 62.216640
30.732658 62.220291
30.736778 62.219982
30.737904 62.223091
30.747561 62.228245
30.749460 62.228100
30.749992 62.229542
30.755032 62.232231
30.760569 62.231800
30.762070 62.235989
30.762962 62.236465
30.769651 62.240189
30.774302 62.242779
30.776836 62.244190
30.784378 62.243610
30.785978 62.248039
30.787130 62.251251
30.787352 62.251835
30.787571 62.252472
30.789162 62.256889
30.797632 62.256241
30.798080 62.256210
30.798691 62.256161
30.798807 62.256512
30.798882 62.256702
30.805307 62.259079
30.806648 62.260090
30.810871 62.263279
30.814917 62.274761
30.815214 62.274837
30.823471 62.276989
30.826031 62.277657
30.831738 62.279140
30.837442 62.280460
30.842335 62.281593
30.848282 62.284958
30.849392 62.285587
30.854643 62.287498
30.855051 62.288200
30.859138 62.287891
30.860750 62.292309
30.861052 62.293144
30.866783 62.296398
30.870033 62.298244
30.873201 62.299606
30.874857 62.300320
30.884830 62.304611
30.890957 62.307247
30.893486 62.307968
30.895807 62.307789
30.896164 62.308731
30.905373 62.311352
30.906916 62.311504
30.913649 62.312164
30.933455 62.309502
30.939837 62.309368
30.946344 62.311886
30.948431 62.312695
30.953741 62.316921
30.957890 62.316601
30.959509 62.321030
30.961130 62.325459
30.962130 62.328175
30.962757 62.329880
30.964390 62.334309
30.956100 62.334949
30.954830 62.335049
30.954464 62.335079
30.946108 62.338020
30.943651 62.338882
30.947163 62.340885
30.953100 62.344280
30.959591 62.347988
30.967140 62.352299
30.970879 62.352009
30.972023 62.355087
30.981161 62.360310
30.984461 62.362194
30.987572 62.363972
30.988129 62.364311
30.994869 62.363781
30.996510 62.368210
30.997086 62.369766
30.997946 62.370289
31.001240 62.372391
31.004538 62.374493
31.009794 62.377571
31.014673 62.380428
31.022369 62.384933
31.028399 62.388462
31.034925 62.392281
31.035738 62.392757
31.042000 62.396511
31.046200 62.396179
31.047461 62.399582
31.047840 62.400600
31.049480 62.405022
31.056730 62.404457
31.059448 62.405884
31.059683 62.406021
31.063789 62.408451
31.069563 62.407993
31.070250 62.407940
31.071899 62.412361
31.072317 62.413490
31.077377 62.416481
31.083111 62.416031
31.084759 62.420460
31.084940 62.420952
31.085960 62.421555
31.092739 62.423248
31.093939 62.424278
31.097019 62.426922
31.101128 62.430447
31.105721 62.432449
31.109579 62.434132
31.113575 62.435871
31.114534 62.436321
31.121462 62.439571
31.131149 62.444118
31.133413 62.445179
31.134127 62.445515
31.144650 62.447594
31.145311 62.447723
31.155174 62.450573
31.157188 62.451153
31.162722 62.452751
31.167450 62.456982
31.169718 62.459011
31.183140 62.485527
31.187922 62.485149
31.189590 62.489571
31.191259 62.493999
31.191761 62.495346
31.195900 62.497482
31.197884 62.498005
31.203197 62.499409
31.210461 62.501328
31.211119 62.501522
31.213779 62.501312
31.214211 62.502438
31.223249 62.505112
31.225340 62.505730
31.229843 62.507061
31.231255 62.509029
31.233480 62.512131
31.239983 62.518837
31.240332 62.519192
31.247057 62.526001
31.252630 62.525551
31.254311 62.529972
31.255989 62.534389
31.257669 62.538799
31.259350 62.543232
31.260151 62.545322
31.262545 62.545834
31.261477 62.547188
31.268681 62.551590
31.272320 62.551300
31.274010 62.555729
31.275034 62.558407
31.284224 62.568569
31.292171 62.577358
31.299601 62.585571
31.309351 62.596352
31.310865 62.598026
31.318247 62.606857
31.323139 62.606461
31.324841 62.610889
31.326540 62.615299
31.327913 62.618889
31.330326 62.620861
31.336550 62.628159
31.341259 62.627789
31.342960 62.632210
31.344660 62.636631
31.345394 62.638531
31.348421 62.642078
31.353312 62.645050
31.357700 62.644699
31.359402 62.649120
31.360449 62.651829
31.366005 62.655300
31.368540 62.657482
31.374575 62.662678
31.374931 62.663601
31.380268 62.674870
31.381969 62.681820
31.382282 62.683109
31.383511 62.687687
31.385504 62.690933
31.387606 62.694355
31.397547 62.711819
31.401264 62.718670
31.418730 62.750858
31.424332 62.757542
31.427429 62.764423
31.430113 62.769928
31.429989 62.772209
31.434711 62.779762
31.435020 62.780254
31.439398 62.782131
31.440886 62.782082
31.454861 62.781624
31.457706 62.782471
31.461229 62.783520
31.461998 62.785007
31.463482 62.787880
31.463257 62.788239
31.461313 62.791309
31.458036 62.796490
31.458784 62.801064
31.463196 62.804836
31.468784 62.809620
31.473040 62.813110
31.478128 62.817280
31.487406 62.824886
31.487732 62.825153
31.493341 62.829735
31.495050 62.831131
31.497824 62.835270
31.503662 62.840240
31.511059 62.846539
31.513680 62.846340
31.515989 62.846149
31.517321 62.849522
31.517731 62.850559
31.518703 62.853046
31.525740 62.859035
31.527807 62.858871
31.530909 62.858620
31.532660 62.863029
31.532789 62.863350
31.533794 62.865894
31.540407 62.871521
31.545605 62.875946
31.548973 62.878963
31.554653 62.884052
31.561846 62.890491
31.564154 62.894165
31.565519 62.895439
31.570835 62.900398
31.571512 62.900909
31.574249 62.900700
31.577530 62.900429
31.579279 62.904839
31.579630 62.905701
31.580381 62.907604
31.580946 62.908031
31.580692 62.908409
31.581030 62.909260
31.582800 62.913681
31.576832 62.914162
31.576080 62.915283
31.574488 62.918011
31.573702 62.919353
31.571136 62.923740
31.568520 62.928219
31.568630 62.928509
31.570320 62.932770
31.570379 62.932919
31.570150 62.932941
31.563829 62.933456
31.561495 62.935841
31.562410 62.938129
31.558338 62.938461
31.554220 62.941742
31.553944 62.942101
31.554440 62.943329
31.555899 62.947010
31.556198 62.947750
31.555052 62.947849
31.549129 62.948326
31.547321 62.950665
31.545374 62.953182
31.540678 62.959255
31.541477 62.961250
31.542000 62.962570
31.539982 62.962730
31.537659 62.962921
31.533398 62.966251
31.534019 62.967781
31.531160 62.967999
31.529770 62.969086
31.529068 62.972954
31.526905 62.975212
31.524569 62.977650
31.519808 62.982620
31.515100 62.987534
31.512688 62.990051
31.513559 62.992222
31.510365 62.992477
31.505592 62.997456
31.504538 62.998558
31.496639 63.000278
31.497572 63.002621
31.488680 63.003349
31.487822 63.003410
31.487221 63.003464
31.482208 63.005749
31.478970 63.006443
31.479820 63.008610
31.470072 63.009392
31.462631 63.009979
31.460440 63.010479
31.462061 63.014591
31.456316 63.015053
31.456097 63.015491
31.459208 63.022827
31.458433 63.027836
31.457542 63.028648
31.459290 63.033039
31.452105 63.033619
31.451035 63.034595
31.450024 63.035042
31.451269 63.038250
31.441509 63.039021
31.440914 63.039070
31.432859 63.042629
31.428900 63.044380
31.427912 63.044674
31.415028 63.048481
31.415270 63.049080
31.415710 63.050190
31.413170 63.050392
31.405937 63.050972
31.402409 63.051250
31.393248 63.053093
31.387621 63.054852
31.387390 63.055031
31.384581 63.057232
31.381310 63.059795
31.379974 63.061798
31.380110 63.062141
31.381849 63.066559
31.376514 63.066982
31.373610 63.071339
31.372843 63.071819
31.366829 63.075592
31.365414 63.076015
31.365770 63.076950
31.361027 63.077320
31.348408 63.081078
31.347338 63.081360
31.347950 63.082920
31.338701 63.083652
31.329073 63.086205
31.318775 63.088932
31.316376 63.089962
31.311241 63.092167
31.305351 63.094696
31.304216 63.095482
31.302828 63.096447
31.304239 63.100040
31.296799 63.100632
31.294893 63.101955
31.289417 63.105759
31.286957 63.107468
31.282003 63.110909
31.279020 63.112980
31.280050 63.115601
31.276077 63.115917
31.271812 63.120411
31.271980 63.120811
31.273710 63.125221
31.266741 63.125759
31.264673 63.127937
31.265638 63.130421
31.262264 63.130672
31.258560 63.135632
31.259106 63.139542
31.259289 63.140011
31.261009 63.144440
31.262730 63.148861
31.257788 63.149254
31.257704 63.149536
31.257797 63.162132
31.257866 63.171436
31.258713 63.176510
31.258972 63.178062
31.256062 63.183548
31.254797 63.185932
31.254402 63.186672
31.249130 63.191681
31.244770 63.195824
31.244213 63.196354
31.242172 63.199810
31.238882 63.205395
31.236872 63.208805
31.238762 63.210880
31.237642 63.214104
31.237820 63.214592
31.239550 63.219009
31.235834 63.219299
31.235683 63.219738
31.231794 63.225105
31.231260 63.225842
31.223993 63.229343
31.219273 63.231617
31.214489 63.232639
31.199772 63.235779
31.189037 63.238068
31.186525 63.238884
31.176567 63.242130
31.168547 63.244747
31.160114 63.247498
31.159624 63.247940
31.160189 63.249352
31.161379 63.252411
31.154062 63.252979
31.153664 63.253342
31.151913 63.254158
31.142776 63.258419
31.134754 63.262161
31.132265 63.263321
31.131493 63.263832
31.126530 63.267109
31.123686 63.268990
31.118460 63.272442
31.119028 63.273899
31.115870 63.274151
31.111622 63.276958
31.110306 63.277584
31.110889 63.279091
31.106436 63.279430
31.101740 63.281670
31.102749 63.284271
31.093348 63.284992
31.085575 63.287777
31.083977 63.288185
31.084749 63.290199
31.074888 63.290962
31.072321 63.291153
31.056248 63.295246
31.054134 63.295784
31.048752 63.297520
31.038147 63.300941
31.036518 63.301468
31.025791 63.302685
31.018211 63.304405
31.000546 63.308418
31.000439 63.308449
30.992802 63.310654
30.992062 63.310940
30.982508 63.314636
30.983099 63.316181
30.977373 63.316620
30.974035 63.317913
30.973667 63.318108
30.967714 63.321243
30.966978 63.321957
30.965532 63.323353
30.961859 63.326900
30.958111 63.330524
30.956747 63.331841
30.951906 63.336521
30.951099 63.338753
30.949368 63.343555
30.946175 63.346298
30.944389 63.347828
30.945580 63.350891
30.938313 63.351437
30.932905 63.353580
30.926752 63.354797
30.927519 63.356812
30.917629 63.357552
30.909842 63.358139
30.894270 63.361217
30.889051 63.362568
30.889668 63.364212
30.880850 63.364872
30.879774 63.364964
30.879255 63.365097
30.864935 63.366478
30.851488 63.369694
30.851170 63.369896
30.851810 63.371601
30.848005 63.371891
30.842957 63.375076
30.843599 63.376770
30.839825 63.377056
30.834753 63.380257
30.831638 63.382221
30.830675 63.382832
30.828419 63.385761
30.826954 63.386509
30.827169 63.387100
30.825554 63.387226
30.818422 63.390873
30.815128 63.392559
30.809902 63.395233
30.809372 63.395504
30.804478 63.397903
30.801323 63.399448
30.793556 63.403255
30.791519 63.404251
30.790874 63.404568
30.787277 63.405304
30.783461 63.406086
30.783518 63.406239
30.784370 63.408501
30.774469 63.409229
30.770191 63.409542
30.764570 63.409950
30.745657 63.413818
30.729557 63.417110
30.707838 63.421555
30.694689 63.424244
30.691593 63.424877
30.669781 63.428707
30.670479 63.430569
30.660570 63.431290
30.652662 63.431877
30.641361 63.434418
30.642389 63.437180
30.632479 63.437901
30.623104 63.438595
30.612368 63.441128
30.603621 63.442467
30.592251 63.444206
30.583363 63.446033
30.565546 63.449696
30.566339 63.451820
30.556419 63.452549
30.549093 63.453075
30.548187 63.453262
30.537201 63.455669
30.538210 63.458412
30.528280 63.459129
30.525763 63.459312
30.520224 63.458481
30.512060 63.460312
30.505152 63.461864
30.500023 63.465412
30.499489 63.465782
30.491915 63.471027
30.493469 63.475292
30.484846 63.475918
30.483782 63.476654
30.480724 63.478771
30.477695 63.480961
30.475685 63.482414
30.475800 63.482712
30.476860 63.485592
30.472490 63.485901
30.470682 63.486031
30.467632 63.488239
30.463722 63.491070
30.459574 63.494072
30.456724 63.496132
30.451511 63.499905
30.451927 63.501019
30.449772 63.501163
30.449648 63.501255
30.443497 63.505867
30.439251 63.509052
30.436218 63.511250
30.435467 63.511795
30.436909 63.515739
30.429268 63.516289
30.427397 63.517647
30.422312 63.521336
30.419331 63.523499
30.420259 63.526039
30.415489 63.526371
30.411371 63.529629
30.411930 63.531170
30.409182 63.531361
30.405287 63.534443
30.403402 63.535744
30.403599 63.536320
30.402445 63.536407
30.395243 63.541382
30.395098 63.541481
30.392738 63.543110
30.386440 63.545280
30.381479 63.546986
30.377369 63.548401
30.364822 63.552723
30.363180 63.553288
30.359159 63.554520
30.360279 63.557590
30.350321 63.558300
30.349421 63.558369
30.347256 63.559608
30.341070 63.560966
30.341972 63.563431
30.331999 63.564140
30.329002 63.564365
30.322630 63.566471
30.311544 63.570129
30.304377 63.572498
30.304840 63.573769
30.305319 63.575119
30.299271 63.575550
30.295349 63.575821
30.293997 63.575924
30.286104 63.578529
30.286501 63.579601
30.286982 63.580959
30.280920 63.581390
30.277008 63.581661
30.276518 63.581696
30.269756 63.583927
30.268145 63.585415
30.268639 63.586800
30.266466 63.586960
30.260464 63.592491
30.259087 63.593758
30.256758 63.596725
30.253334 63.601082
30.253490 63.601501
30.255089 63.605930
30.245546 63.606602
30.236593 63.611389
30.235746 63.611843
30.228003 63.615982
30.225962 63.617073
30.219437 63.620564
30.216909 63.621914
30.216208 63.622299
30.210863 63.625221
30.211559 63.627159
30.206699 63.627502
30.202307 63.629906
30.197186 63.632710
30.193750 63.634590
30.194769 63.637432
30.187662 63.637924
30.185192 63.639275
30.178146 63.643131
30.176622 63.643967
30.177971 63.647690
30.168650 63.648331
30.168068 63.648651
30.169559 63.652821
30.159559 63.653511
30.159132 63.653542
30.150940 63.658028
30.149624 63.658749
30.142357 63.662727
30.140099 63.663963
30.133783 63.667419
30.134319 63.668900
30.130617 63.669151
30.125208 63.672115
30.125900 63.674019
30.121122 63.674351
30.116638 63.676807
30.112989 63.678806
30.107607 63.678833
30.105204 63.679996
30.098425 63.683277
30.094225 63.685310
30.089676 63.687515
30.088154 63.688251
30.084118 63.690544
30.081104 63.692253
30.082169 63.695221
30.074997 63.695721
30.072575 63.697094
30.073730 63.700340
30.065880 63.700882
30.064024 63.701931
30.065290 63.705460
30.059305 63.705856
30.056213 63.708820
30.041580 63.711254
30.040958 63.711689
30.037552 63.714085
30.033813 63.716713
30.029339 63.719860
30.029930 63.721519
30.026646 63.721752
30.021122 63.725636
30.021481 63.726639
30.019491 63.726784
30.016048 63.729202
30.014902 63.730320
30.012762 63.731045
30.010035 63.731972
30.004765 63.733761
30.005625 63.735374
30.004705 63.737316
30.006130 63.741322
30.002695 63.741562
30.002310 63.742378
30.000002 63.743389
29.997049 63.744682
29.992188 63.746811
29.988150 63.748581
29.983418 63.750652
29.982534 63.752026
29.980951 63.754478
29.987574 63.756199
29.991182 63.757137
30.000002 63.759426
30.000992 63.759686
30.000975 63.759842
30.000774 63.761734
30.003204 63.762066
30.013777 63.763512
30.013987 63.763538
30.016512 63.763885
30.025202 63.766075
30.028957 63.767021
30.035669 63.766571
30.036499 63.768921
30.043171 63.770599
30.045111 63.771088
30.047789 63.771698
30.058350 63.774109
30.058910 63.774071
30.068960 63.773380
30.070171 63.776806
30.073650 63.777599
30.081390 63.779366
30.087887 63.780849
30.088739 63.781120
30.092758 63.782398
30.099363 63.784500
30.101421 63.784790
30.112570 63.786362
30.114487 63.787769
30.115349 63.787941
30.116924 63.788258
30.122063 63.789288
30.126509 63.790371
30.132183 63.791752
30.137190 63.791420
30.137810 63.793121
30.146725 63.795292
30.149092 63.795868
30.161291 63.798840
30.171671 63.801365
30.175800 63.802372
30.182199 63.801941
30.182983 63.804123
30.190363 63.805920
30.194281 63.806873
30.204592 63.809383
30.204895 63.809460
30.205507 63.809422
30.215570 63.808720
30.216930 63.812496
30.219051 63.813030
30.228292 63.815361
30.233166 63.816589
30.238899 63.816189
30.239641 63.818222
30.239819 63.818268
30.246363 63.824768
30.252190 63.824360
30.253811 63.828800
30.255409 63.833229
30.255705 63.834045
30.263477 63.841770
30.268719 63.841400
30.270350 63.845829
30.271919 63.850155
30.271997 63.850231
30.280579 63.858757
30.285280 63.858429
30.286909 63.862862
30.288143 63.866268
30.297689 63.875751
30.304411 63.882427
30.310959 63.888931
30.311277 63.890987
30.312975 63.892868
30.321098 63.901886
30.322159 63.902542
30.326982 63.905525
30.335546 63.910820
30.338200 63.912460
30.340088 63.913700
30.349167 63.919670
30.358866 63.926041
30.361799 63.925831
30.362846 63.928658
30.371370 63.934258
30.375179 63.933990
30.376545 63.937656
30.383883 63.942478
30.387447 63.944820
30.390371 63.947037
30.395281 63.950760
30.401960 63.950302
30.403610 63.954731
30.404772 63.957870
30.414387 63.963055
30.417009 63.962879
30.417751 63.964867
30.419691 63.965916
30.421469 63.969139
30.424902 63.971416
30.432442 63.976418
30.437302 63.979641
30.443850 63.979179
30.445499 63.983620
30.446234 63.985565
30.453247 63.990219
30.457209 63.991879
30.459309 63.992756
30.466516 63.995770
30.470709 63.995480
30.471624 63.997906
30.475801 63.999653
30.475988 63.999729
30.480961 64.004120
30.486177 64.009010
30.494219 64.016548
30.499268 64.016197
30.500940 64.020638
30.502239 64.024071
30.509600 64.030968
30.511915 64.033501
30.519203 64.041473
30.526167 64.049088
30.532753 64.070557
30.546179 64.099319
30.551390 64.098953
30.553070 64.103394
30.554762 64.107811
30.556440 64.112244
30.551104 64.112633
30.550425 64.123848
30.550301 64.125900
30.549681 64.126381
30.542934 64.131622
30.536793 64.136391
30.534887 64.137871
30.536070 64.140991
30.530334 64.141403
30.526821 64.144135
30.523888 64.146408
30.518761 64.150391
30.517460 64.151398
30.510700 64.156647
30.508621 64.158264
30.505814 64.161339
30.503134 64.164276
30.503799 64.166023
30.501387 64.166191
30.495756 64.172363
30.496988 64.175613
30.492512 64.175919
30.488367 64.180458
30.488487 64.180763
30.490170 64.185188
30.483618 64.185661
30.480982 64.188553
30.481661 64.190338
30.479191 64.190514
30.473600 64.196640
30.474312 64.198524
30.484129 64.203804
30.487452 64.205589
30.491602 64.207825
30.500589 64.212662
30.506556 64.215874
30.513176 64.219437
30.508892 64.224823
30.506401 64.227959
30.506990 64.229500
30.508680 64.233932
30.501228 64.234459
30.499323 64.236855
30.497393 64.239281
30.492233 64.245766
30.493328 64.248657
30.489729 64.248917
30.488813 64.250069
30.484961 64.254913
30.475449 64.256752
30.457062 64.260307
30.447441 64.262169
30.436380 64.264305
30.420139 64.267448
30.397308 64.271866
30.397940 64.273537
30.387720 64.274254
30.383368 64.274559
30.369524 64.277237
30.368551 64.279030
30.368959 64.280098
30.370619 64.284531
30.365364 64.284889
30.362986 64.289268
30.362354 64.290428
30.363741 64.294121
30.360216 64.294357
30.359324 64.295998
30.354527 64.297523
30.355179 64.299248
30.347422 64.299782
30.335777 64.303490
30.336390 64.305099
30.329189 64.305588
30.317038 64.309456
30.317600 64.310944
30.310940 64.311401
30.300344 64.314774
30.298449 64.315903
30.298780 64.316788
30.296709 64.316933
30.289867 64.320999
30.288052 64.322083
30.282806 64.325203
30.281200 64.325897
30.277906 64.327324
30.272150 64.329819
30.265430 64.332733
30.263109 64.333740
30.264460 64.337341
30.254217 64.338043
30.243969 64.338753
30.242891 64.338821
30.224358 64.342453
30.225100 64.344482
30.225140 64.344582
30.223982 64.344658
30.216501 64.345169
30.214432 64.344398
30.207285 64.345802
30.189236 64.349335
30.185110 64.349922
30.185789 64.351807
30.175541 64.352509
30.165279 64.353203
30.158871 64.353645
30.158682 64.353676
30.125179 64.358429
30.119978 64.359169
30.116844 64.361023
30.115841 64.361618
30.108164 64.366158
30.107222 64.366714
30.108669 64.370674
30.099461 64.371300
30.098576 64.371826
30.095110 64.373878
30.091410 64.376389
30.090073 64.377296
30.091410 64.380928
30.084002 64.381409
30.081640 64.383011
30.082769 64.386063
30.076553 64.386459
30.073223 64.388718
30.074129 64.391182
30.069607 64.391479
30.065022 64.395004
30.063133 64.396461
30.056805 64.401329
30.053009 64.404251
30.054419 64.409058
30.054886 64.410660
30.063744 64.440918
30.064585 64.451187
30.066111 64.455360
30.067747 64.459793
30.061708 64.460205
30.058741 64.463997
30.059080 64.464920
30.060707 64.469360
30.054193 64.469803
30.052193 64.472359
30.051439 64.472809
30.048231 64.474747
30.042793 64.478020
30.043381 64.479607
30.039742 64.479858
30.034973 64.482727
30.041443 64.495712
30.038893 64.496155
30.039591 64.498047
30.030615 64.498650
30.029646 64.499680
30.026049 64.503510
30.022041 64.507774
30.016954 64.513191
30.014448 64.515862
30.015169 64.517853
30.016800 64.522293
30.012152 64.522598
30.010836 64.534813
30.011370 64.536293
30.012999 64.540733
30.014627 64.545174
30.009684 64.545502
30.008434 64.557098
30.009199 64.559174
30.010809 64.563599
30.012449 64.568039
30.014078 64.572472
30.015709 64.576912
30.017342 64.581352
30.018969 64.585793
30.020609 64.590233
30.021639 64.593018
30.025347 64.594452
30.032579 64.593979
30.034000 64.597801
30.035379 64.598335
30.044559 64.597733
30.045700 64.600822
30.046200 64.602173
30.046375 64.602646
30.054668 64.606140
30.058939 64.607941
30.063976 64.610062
30.071487 64.613228
30.073322 64.613998
30.074827 64.614632
30.083473 64.616928
30.086319 64.617683
30.094170 64.617149
30.095242 64.620049
30.099989 64.621307
30.107004 64.623169
30.113657 64.624931
30.118780 64.626289
30.123688 64.627594
30.124914 64.628731
30.133171 64.636391
30.141478 64.644096
30.142986 64.652756
30.139997 64.654709
30.139488 64.655037
30.131449 64.660278
30.133060 64.664574
30.123928 64.665184
30.122911 64.665848
30.116179 64.670242
30.114367 64.671425
30.108423 64.675301
30.105818 64.677002
30.100651 64.680374
30.097258 64.682587
30.092897 64.685432
30.092184 64.685898
30.088764 64.688324
30.089472 64.690208
30.085766 64.690453
30.080339 64.694305
30.080738 64.695343
30.078695 64.695473
30.071936 64.700272
30.072010 64.700462
30.073660 64.704903
30.064556 64.705513
30.063517 64.706253
30.064920 64.710030
30.057516 64.710518
30.057108 64.710808
30.055368 64.712967
30.056179 64.715164
30.053452 64.715340
30.048086 64.721992
30.049097 64.724724
30.045713 64.724937
30.043333 64.727890
30.049837 64.742851
30.055689 64.742470
30.057329 64.746902
30.057625 64.747673
30.063572 64.751038
30.069389 64.750648
30.071039 64.755089
30.071119 64.755310
30.077936 64.759171
30.084646 64.762970
30.093451 64.767952
30.088291 64.772766
30.089727 64.776581
30.080839 64.777168
30.070288 64.781662
30.068218 64.782547
30.061077 64.785591
30.061800 64.787529
30.055571 64.787941
30.051867 64.789520
30.045656 64.792168
30.021040 64.792717
30.000002 64.793182
29.963732 64.793991
29.935816 64.794609
29.925360 64.793724
29.913485 64.792717
29.903330 64.791855
29.883146 64.790154
29.881409 64.790268
29.870989 64.790947
29.870310 64.789070
29.863956 64.788528
29.852800 64.787590
29.848530 64.787857
29.838108 64.788544
29.837290 64.786278
29.822290 64.785019
29.821976 64.785042
29.815647 64.785439
29.815449 64.785454
29.805227 64.786110
29.794800 64.786781
29.784370 64.787453
29.773960 64.788124
29.763540 64.788803
29.753109 64.789482
29.750923 64.789619
29.743670 64.792862
29.739082 64.794914
29.734491 64.796967
29.735472 64.799683
29.727224 64.800217
29.725302 64.801079
29.715351 64.805527
29.706921 64.809296
29.707380 64.810562
29.703505 64.810822
29.697723 64.813408
29.691677 64.816109
29.688538 64.817513
29.684065 64.819511
29.693174 64.830421
29.697130 64.835159
29.695284 64.836296
29.691116 64.838860
29.686544 64.841675
29.687241 64.843651
29.682899 64.843918
29.677780 64.847069
29.678389 64.848763
29.674660 64.848991
29.669031 64.852455
29.666422 64.854057
29.664928 64.854973
29.660641 64.858818
29.655008 64.863861
29.652531 64.866081
29.653419 64.868507
29.649536 64.868759
29.644442 64.873322
29.642059 64.875450
29.640163 64.878433
29.637236 64.883034
29.634130 64.887909
29.632690 64.890175
29.630754 64.894829
29.631590 64.897141
29.633179 64.901581
29.627804 64.901924
29.625002 64.908661
29.621979 64.915932
29.621067 64.918121
29.619284 64.922615
29.620190 64.925117
29.621780 64.929558
29.616392 64.929893
29.613655 64.936783
29.610840 64.943871
29.608007 64.950996
29.608780 64.953087
29.610380 64.957527
29.605862 64.957817
29.603027 64.967064
29.601521 64.971977
29.600245 64.976341
29.598175 64.983406
29.596260 64.989937
29.602335 64.994980
29.608381 65.000000
29.611139 65.002289
29.611710 65.002884
29.615808 65.002617
29.617409 65.007057
29.618437 65.009880
29.626520 65.018288
29.624537 65.026894
29.625399 65.029274
29.627001 65.033707
29.623770 65.033920
29.622904 65.033974
29.622124 65.037361
29.622587 65.051353
29.622879 65.052139
29.624479 65.056587
29.625570 65.059593
29.625689 65.059921
29.629091 65.060837
29.637617 65.063133
29.642790 65.064522
29.645117 65.064377
29.648750 65.064148
29.649551 65.066338
29.656475 65.068199
29.661470 65.069542
29.670204 65.071892
29.673412 65.072754
29.683899 65.075569
29.685350 65.075958
29.697561 65.079239
29.709261 65.082382
29.711271 65.082924
29.720030 65.082367
29.721210 65.085594
29.724958 65.086601
29.733164 65.088806
29.733812 65.090584
29.742058 65.090057
29.746271 65.090034
29.776690 65.089897
29.777590 65.092354
29.784739 65.091888
29.788130 65.091667
29.798670 65.091003
29.809210 65.090332
29.818909 65.089699
29.819187 65.089699
29.819752 65.089699
29.830280 65.088982
29.840818 65.088310
29.842098 65.091743
29.844597 65.092598
29.852999 65.092079
29.854443 65.095970
29.855824 65.096443
29.866800 65.100204
29.867430 65.100235
29.883463 65.101166
29.889269 65.102570
29.889559 65.103363
29.890127 65.104881
29.883675 65.108299
29.881102 65.109657
29.882309 65.112923
29.873903 65.113464
29.872084 65.114426
29.864119 65.118637
29.863049 65.119202
29.854328 65.123810
29.844978 65.128754
29.845049 65.128937
29.844555 65.128975
29.835941 65.133530
29.834751 65.134155
29.826912 65.138298
29.827230 65.139183
29.828871 65.143623
29.829521 65.145370
29.838549 65.152092
29.842720 65.151833
29.844360 65.156273
29.844442 65.156479
29.849792 65.160461
29.856569 65.160034
29.858217 65.164467
29.859385 65.167603
29.866667 65.173027
29.872089 65.172668
29.873289 65.175903
29.873739 65.177109
29.874344 65.178741
29.883514 65.185570
29.889305 65.189880
29.895647 65.194603
29.892353 65.198006
29.887001 65.203537
29.884525 65.206093
29.885319 65.208191
29.882311 65.208382
29.877592 65.213257
29.834961 65.218475
29.800707 65.222672
29.800526 65.222694
29.783428 65.224792
29.740620 65.228363
29.710911 65.229874
29.696077 65.229279
29.678988 65.228592
29.676069 65.228477
29.657688 65.227745
29.654566 65.228973
29.645754 65.232430
29.635515 65.236458
29.633179 65.237762
29.626602 65.241470
29.624107 65.242874
29.617605 65.246536
29.618059 65.247803
29.615019 65.247993
29.609524 65.251091
29.616217 65.267502
29.618616 65.273392
29.622374 65.274780
29.627760 65.274452
29.628731 65.277130
29.632900 65.278671
29.639992 65.278244
29.641281 65.281769
29.643429 65.282562
29.653847 65.286415
29.664438 65.290329
29.666395 65.291054
29.674969 65.294220
29.678341 65.293999
29.678972 65.295700
29.685493 65.298111
29.691544 65.300346
29.695982 65.301987
29.699099 65.303139
29.704269 65.305443
29.714333 65.309929
29.717279 65.311241
29.723288 65.313919
29.729010 65.313560
29.730289 65.317039
29.741180 65.321892
29.743303 65.322838
29.750095 65.325867
29.756344 65.328651
29.759054 65.329857
29.768579 65.334099
29.765184 65.338547
29.764252 65.339767
29.761696 65.343117
29.761770 65.343323
29.763399 65.347763
29.757895 65.348099
29.755428 65.351326
29.754608 65.353424
29.751179 65.362175
29.750374 65.364227
29.749228 65.368271
29.750349 65.371300
29.751999 65.375740
29.748329 65.375961
29.747021 65.376053
29.744497 65.384941
29.744629 65.385292
29.746279 65.389732
29.747169 65.392128
29.747919 65.394173
29.747019 65.394234
29.742758 65.394501
29.741947 65.407501
29.742199 65.408173
29.743849 65.412613
29.745289 65.416504
29.745489 65.417038
29.747150 65.421494
29.744549 65.421654
29.741558 65.421837
29.741978 65.433876
29.742397 65.438133
29.743069 65.439934
29.744720 65.444374
29.746380 65.448807
29.748020 65.453247
29.743387 65.453537
29.741976 65.466080
29.748665 65.471397
29.754629 65.471024
29.756279 65.475464
29.757351 65.478302
29.757940 65.479904
29.759590 65.484337
29.761250 65.488777
29.762909 65.493233
29.764559 65.497673
29.769081 65.497383
29.777399 65.502708
29.779032 65.503754
29.782291 65.505646
29.791430 65.510948
29.796425 65.513847
29.803322 65.513420
29.804989 65.517860
29.805445 65.519081
29.807102 65.520042
29.810492 65.522057
29.819538 65.527435
29.824333 65.530281
29.831400 65.529839
29.833078 65.534279
29.833654 65.535820
29.838173 65.538506
29.842136 65.538254
29.845470 65.538040
29.847149 65.542480
29.847815 65.544235
29.851988 65.546715
29.861963 65.552643
29.865824 65.554939
29.876131 65.561066
29.876989 65.563332
29.877699 65.565231
29.867910 65.568398
29.867710 65.568466
29.858120 65.571564
29.850271 65.574104
29.838547 65.577896
29.839102 65.579361
29.832809 65.579750
29.828758 65.581062
29.830038 65.584473
29.819309 65.585152
29.815979 65.585350
29.809387 65.588020
29.810240 65.590263
29.802649 65.590744
29.799862 65.591873
29.801182 65.595383
29.790440 65.596054
29.789371 65.596115
29.782110 65.599052
29.780846 65.599815
29.781359 65.601173
29.778290 65.601364
29.771894 65.605232
29.769915 65.606430
29.762928 65.610657
29.763210 65.611397
29.761526 65.611504
29.753960 65.616081
29.754122 65.616508
29.753153 65.616570
29.744995 65.621506
29.745039 65.621628
29.746700 65.626060
29.736406 65.626701
29.736017 65.626938
29.734413 65.627907
29.736574 65.628403
29.746359 65.630630
29.748367 65.630501
29.748611 65.631142
29.753843 65.632332
29.761999 65.634193
29.772673 65.636627
29.777710 65.637772
29.784721 65.639366
29.793320 65.641327
29.796400 65.641129
29.796770 65.642113
29.808842 65.644867
29.809029 65.644913
29.819590 65.644234
29.820469 65.646561
29.820862 65.647606
29.824615 65.648460
29.832920 65.650352
29.840290 65.652031
29.844467 65.651764
29.844980 65.653099
29.855968 65.655602
29.856920 65.655533
29.867680 65.654854
29.869099 65.658592
29.871584 65.659157
29.880131 65.658623
29.881161 65.661339
29.885160 65.662254
29.887251 65.662727
29.892590 65.662384
29.893232 65.664085
29.902868 65.666283
29.905310 65.666840
29.918438 65.669830
29.929483 65.672348
29.934074 65.673393
29.940739 65.672974
29.941563 65.675102
29.949680 65.676949
29.953630 65.677849
29.965279 65.680504
29.977835 65.683365
29.980885 65.684059
29.989929 65.686119
29.996506 65.687614
30.000002 65.688408
30.002026 65.688866
30.006630 65.689919
30.012999 65.688698
30.029728 65.685493
30.043829 65.682793
30.042789 65.680107
30.053560 65.679420
30.062250 65.678864
30.074451 65.676254
30.073372 65.673599
30.081699 65.673073
30.084127 65.672913
30.094900 65.672211
30.098804 65.671982
30.098900 65.671951
30.105080 65.670021
30.103930 65.667068
30.114689 65.666389
30.117222 65.666222
30.122854 65.665863
30.124500 65.665764
30.125448 65.665688
30.126369 65.668053
30.127190 65.670128
30.128920 65.674568
30.123753 65.674904
30.125717 65.694633
30.126684 65.704353
30.126926 65.711090
30.127514 65.727509
30.127777 65.734909
30.126818 65.738388
30.124287 65.747513
30.121677 65.756927
30.119699 65.764061
30.117825 65.770821
30.117743 65.771118
30.115154 65.780739
30.112839 65.789337
30.110636 65.797516
30.109747 65.800819
30.107845 65.807869
30.106115 65.814293
30.104111 65.821747
30.101608 65.831032
30.103329 65.835449
30.099703 65.835678
30.095747 65.844452
30.093367 65.849739
30.089809 65.857628
30.090361 65.859032
30.092100 65.863472
30.087027 65.863800
30.083872 65.870811
30.084740 65.873039
30.086477 65.877480
30.080698 65.877853
30.077917 65.884026
30.074371 65.891899
30.071981 65.897209
30.073469 65.901039
30.075218 65.905487
30.068043 65.905952
30.066025 65.910431
30.064693 65.913383
30.063044 65.915367
30.058800 65.920471
30.060438 65.924629
30.055056 65.924980
30.051237 65.929573
30.047079 65.934578
30.043667 65.938683
30.041698 65.941048
30.040628 65.944099
30.037806 65.952156
30.035734 65.958054
30.032536 65.967186
30.032598 65.967354
30.034342 65.971794
30.023449 65.972473
30.020050 65.972687
30.014900 65.979149
30.012413 65.982269
30.007410 65.988548
30.008617 65.991608
30.004765 65.991859
30.000002 65.997437
29.999809 65.997658
29.996553 66.001472
29.992140 66.006638
29.993750 66.010742
29.988344 66.011078
29.984482 66.015602
29.984098 66.016052
29.985933 66.019325
29.987865 66.022766
29.987467 66.023262
29.982319 66.029663
29.979950 66.032608
29.980610 66.034317
29.982340 66.038757
29.975218 66.039207
29.972786 66.042946
29.973160 66.043877
29.974890 66.048317
29.969049 66.048691
29.965796 66.053696
29.967440 66.057892
29.962872 66.058189
29.958796 66.064453
29.959970 66.067451
29.956709 66.067665
29.951801 66.075211
29.947454 66.081886
29.944799 66.085968
29.945040 66.086594
29.946779 66.091034
29.941280 66.091377
29.937799 66.096733
29.935122 66.100853
29.930799 66.107498
29.925871 66.115074
29.923765 66.118309
29.919708 66.124550
29.917574 66.127831
29.916538 66.128525
29.916840 66.129280
29.915264 66.129379
29.907640 66.134499
29.909340 66.138847
29.900307 66.139427
29.898752 66.140472
29.892876 66.144417
29.889843 66.146454
29.885424 66.149422
29.880947 66.152428
29.877954 66.154442
29.876093 66.155693
29.871992 66.158325
29.872391 66.159332
29.870213 66.159470
29.863010 66.164093
29.863140 66.164459
29.864870 66.168892
29.854549 66.169533
29.854013 66.169876
29.855612 66.174011
29.846712 66.174568
29.845011 66.175659
29.846359 66.179131
29.838881 66.179596
29.836000 66.181442
29.837099 66.184250
29.831034 66.184631
29.827000 66.187225
29.827841 66.189369
29.823214 66.189659
29.817991 66.193016
29.815376 66.194695
29.808990 66.198799
29.809299 66.199608
29.807554 66.199722
29.799969 66.204597
29.791920 66.209770
29.790960 66.210388
29.792461 66.214279
29.784098 66.214798
29.781937 66.216187
29.783180 66.219398
29.776262 66.219833
29.772915 66.221985
29.768452 66.224854
29.763882 66.227791
29.760635 66.229874
29.754868 66.233582
29.755310 66.234741
29.752823 66.234894
29.745829 66.239388
29.746010 66.239861
29.744984 66.239929
29.736794 66.245193
29.729366 66.249962
29.727755 66.250999
29.721529 66.254997
29.718716 66.256805
29.719799 66.259644
29.714949 66.259933
29.713717 66.260017
29.709681 66.262611
29.710150 66.263863
29.710489 66.264763
29.708927 66.264862
29.705908 66.265038
29.701492 66.267876
29.700666 66.268524
29.701170 66.269859
29.698793 66.270004
29.691999 66.275352
29.692989 66.277931
29.693560 66.279419
29.690981 66.279572
29.686211 66.279861
29.683271 66.282036
29.679501 66.284821
29.674480 66.288528
29.674900 66.289627
29.672815 66.289764
29.669851 66.291954
29.666969 66.298401
29.664513 66.303902
29.661970 66.309593
29.660755 66.311668
29.657042 66.318001
29.653927 66.323318
29.651518 66.327423
29.647079 66.334991
29.643227 66.341560
29.640230 66.346672
29.637695 66.350998
29.633392 66.358337
29.629416 66.365120
29.626535 66.370033
29.628168 66.374283
29.623795 66.374542
29.619490 66.381180
29.614582 66.388741
29.612358 66.392174
29.612820 66.393387
29.614519 66.397827
29.608452 66.398193
29.606289 66.401527
29.605085 66.402832
29.605139 66.402939
29.606840 66.407387
29.600523 66.407768
29.597069 66.411507
29.591637 66.417389
29.589045 66.420197
29.589760 66.422043
29.591459 66.426483
29.582764 66.427002
29.581024 66.428886
29.578316 66.431816
29.570957 66.432251
29.572670 66.436699
29.572992 66.437576
29.569435 66.441429
29.564960 66.446274
29.566639 66.450691
29.560604 66.451050
29.556908 66.454994
29.557220 66.455803
29.558258 66.458473
29.558929 66.460243
29.557650 66.460312
29.551661 66.460678
29.548870 66.463699
29.542799 66.470276
29.540834 66.472404
29.541800 66.474884
29.538351 66.475090
29.532784 66.481117
29.534050 66.484444
29.529469 66.484711
29.524727 66.489845
29.526320 66.493988
29.520597 66.494316
29.516674 66.498566
29.516882 66.499092
29.518560 66.503502
29.511711 66.503937
29.508610 66.507294
29.502836 66.513550
29.500553 66.516022
29.501377 66.518181
29.498400 66.518356
29.492483 66.524765
29.489519 66.527977
29.484406 66.533516
29.484840 66.534637
29.485847 66.537277
29.481730 66.537521
29.480650 66.537582
29.476803 66.541748
29.476299 66.542107
29.468958 66.547363
29.467327 66.548531
29.467979 66.550232
29.468620 66.551933
29.465979 66.552078
29.462061 66.552307
29.459635 66.554047
29.458328 66.554871
29.459150 66.557022
29.454493 66.557289
29.449129 66.560669
29.449680 66.562119
29.446539 66.562302
29.439922 66.566475
29.439159 66.566956
29.432520 66.572212
29.431105 66.573334
29.432409 66.576759
29.426308 66.577133
29.422321 66.580292
29.422918 66.581863
29.420130 66.582024
29.416634 66.584793
29.414360 66.586563
29.420473 66.585861
29.489031 66.590881
29.587259 66.605721
29.681850 66.612869
29.789045 66.621208
29.884048 66.615402
30.008781 66.615166
30.128094 66.611893
30.234110 66.615982
30.373180 66.621338
30.534208 66.627289
30.673187 66.647385
30.813831 66.645882
30.948862 66.641449
31.034021 66.637680
31.070688 66.636055
31.192480 66.639519
31.356846 66.651154
31.347401 66.631958
31.460150 66.637817
31.576399 66.626289
31.572182 66.597687
31.583469 66.578583
31.594484 66.546944
31.594858 66.521683
31.633360 66.513908
31.674025 66.513977
31.720318 66.504524
31.737694 66.496765
31.751312 66.472954
31.805733 66.423950
31.849424 66.381241
31.895237 66.384224
31.948057 66.385666
32.022083 66.386642
32.091152 66.384338
32.150055 66.375717
32.285496 66.375298
32.316071 66.393616
32.316650 66.418602
32.288174 66.445847
32.357525 66.430389
32.415718 66.421555
32.441319 66.424164
32.411175 66.443382
32.332256 66.465248
32.275558 66.482079
32.347244 66.481804
32.434532 66.488190
32.493336 66.491486
32.534454 66.527931
32.534332 66.565468
32.533596 66.590683
32.574219 66.602112
32.668877 66.600601
32.753338 66.592789
32.834003 66.589226
32.840240 66.587761
32.840385 66.587723
32.850586 66.586624
32.859501 66.585670
32.859985 66.585617
32.860397 66.585434
32.868385 66.581917
32.868240 66.581375
32.866684 66.575523
32.884029 66.574448
32.913776 66.572609
32.953785 66.566917
32.959583 66.568123
32.948685 66.574219
32.949795 66.574562
32.955185 66.576218
32.956051 66.576271
32.963184 66.576721
32.971085 66.573318
32.987026 66.571136
33.019585 66.560219
33.020721 66.560005
33.028187 66.558624
33.032166 66.558914
33.046333 66.560143
33.056389 66.557831
33.074306 66.557526
33.090473 66.554558
33.112999 66.554169
33.135357 66.550835
33.155586 66.547821
33.157887 66.545021
33.146286 66.541618
33.175587 66.539024
33.177986 66.536423
33.173557 66.534225
33.155586 66.535423
33.145386 66.536224
33.103886 66.531624
33.061344 66.533020
33.039112 66.533752
33.007473 66.533142
32.990582 66.528946
32.974983 66.529823
32.979584 66.524818
32.975582 66.523697
32.927082 66.523720
32.896641 66.523720
32.893044 66.524269
32.877529 66.526642
32.874695 66.526138
32.868111 66.524948
32.873474 66.522499
32.876484 66.522324
32.891083 66.521553
32.900665 66.519501
32.925484 66.519218
32.937683 66.516319
32.942085 66.516220
32.970783 66.515419
32.982418 66.515137
32.989250 66.512108
33.008587 66.511223
33.043167 66.503807
33.052971 66.506386
33.070084 66.507019
33.081783 66.510017
33.104687 66.507919
33.107773 66.509026
33.112278 66.510635
33.136971 66.507332
33.144138 66.509140
33.138279 66.513031
33.141186 66.515823
33.142815 66.516144
33.164722 66.520470
33.174583 66.520424
33.212017 66.525475
33.212383 66.525520
33.212776 66.525505
33.227684 66.524918
33.224277 66.518471
33.235611 66.512527
33.246223 66.510170
33.264584 66.511017
33.281384 66.509521
33.294769 66.504425
33.288986 66.501823
33.270695 66.501053
33.264332 66.498474
33.279385 66.483719
33.288685 66.482422
33.287987 66.476822
33.291054 66.474586
33.300884 66.473221
33.314484 66.467117
33.356285 66.467224
33.357513 66.465996
33.359085 66.464424
33.357529 66.460831
33.373249 66.458336
33.398117 66.458633
33.426304 66.458969
33.445499 66.453918
33.515686 66.442123
33.522186 66.443817
33.523785 66.446220
33.521278 66.452194
33.528500 66.457947
33.525776 66.464859
33.531685 66.470222
33.540787 66.473824
33.558784 66.471123
33.571972 66.470833
33.591785 66.474319
33.592529 66.474281
33.599483 66.473923
33.608250 66.468918
33.618778 66.466530
33.618286 66.466248
33.614086 66.463821
33.603443 66.462059
33.594467 66.461617
33.578484 66.460823
33.571953 66.453293
33.571285 66.452522
33.569756 66.452454
33.553585 66.451721
33.549084 66.449501
33.551640 66.445778
33.556484 66.438721
33.574112 66.436775
33.578186 66.429123
33.585285 66.428123
33.594261 66.429382
33.602612 66.430557
33.620167 66.428360
33.649387 66.418587
33.665386 66.415520
33.686749 66.414108
33.703526 66.413010
33.706486 66.412819
33.710686 66.409424
33.700111 66.406502
33.691967 66.406898
33.672886 66.407822
33.644985 66.403618
33.641987 66.407318
33.646145 66.410828
33.640484 66.411819
33.635376 66.409149
33.633785 66.408318
33.627384 66.408318
33.625935 66.409081
33.623184 66.410522
33.613087 66.406120
33.593784 66.401718
33.575916 66.400665
33.569252 66.398445
33.564384 66.396820
33.558681 66.397087
33.556999 66.397163
33.550999 66.400642
33.542194 66.400330
33.533249 66.398415
33.537483 66.394821
33.530834 66.393028
33.510166 66.393364
33.495972 66.391037
33.495895 66.390999
33.495190 66.390671
33.488483 66.387520
33.492485 66.382324
33.486084 66.378120
33.488777 66.375168
33.508888 66.374886
33.542000 66.377831
33.543430 66.377647
33.550194 66.376778
33.563583 66.371819
33.587387 66.369446
33.591084 66.355721
33.598221 66.351028
33.610027 66.348999
33.640514 66.349747
33.655586 66.350121
33.660084 66.344620
33.675976 66.337021
33.672791 66.332954
33.672684 66.332817
33.668194 66.332069
33.667286 66.331917
33.659485 66.330521
33.631805 66.331863
33.584721 66.328552
33.510384 66.328819
33.470585 66.327522
33.443085 66.323921
33.429100 66.320763
33.400185 66.314224
33.364555 66.312386
33.343586 66.311317
33.332333 66.308899
33.302185 66.302422
33.276886 66.301117
33.273998 66.299751
33.271832 66.293419
33.266785 66.289818
33.244122 66.285385
33.192684 66.275322
33.174835 66.272636
33.115406 66.272789
33.102184 66.272820
33.095428 66.272827
33.088665 66.272835
33.061222 66.266251
33.057190 66.265297
33.053486 66.264420
33.036385 66.262123
33.024284 66.259117
33.017834 66.257584
33.009884 66.253723
33.021984 66.252419
33.050751 66.253914
33.069687 66.259323
33.091187 66.262520
33.144184 66.266922
33.173885 66.266418
33.181042 66.266792
33.250584 66.270424
33.251434 66.270653
33.275082 66.276947
33.300499 66.281166
33.325584 66.281944
33.333721 66.283470
33.318417 66.286636
33.308140 66.290833
33.349583 66.301361
33.360554 66.300110
33.364086 66.296417
33.369484 66.295517
33.396286 66.296120
33.419186 66.302422
33.425686 66.302917
33.441383 66.295319
33.428783 66.289024
33.431583 66.287422
33.434685 66.288017
33.487984 66.298920
33.497784 66.299118
33.513084 66.294518
33.516472 66.295670
33.513084 66.301025
33.517471 66.304420
33.528610 66.306168
33.549835 66.307167
33.575703 66.306541
33.589184 66.306221
33.609486 66.304024
33.617085 66.301620
33.619083 66.298218
33.576786 66.281120
33.567783 66.275017
33.570286 66.272720
33.576485 66.271324
33.630184 66.277924
33.665184 66.277618
33.748360 66.271774
33.779186 66.264824
33.814693 66.246635
33.810139 66.244194
33.790886 66.241722
33.811749 66.240135
33.831276 66.242638
33.837139 66.240334
33.860638 66.238808
33.875484 66.232323
33.895638 66.231087
33.901085 66.227921
33.899883 66.224022
33.880474 66.215500
33.883083 66.209923
33.881527 66.196358
33.885971 66.196030
33.896805 66.199638
33.914665 66.202248
33.944386 66.218117
33.947117 66.218849
33.947361 66.218918
33.955471 66.221031
33.961460 66.220955
33.973778 66.220802
33.995686 66.217018
34.022110 66.214584
34.032444 66.217056
34.072384 66.221222
34.074627 66.221695
34.092785 66.225517
34.105885 66.224022
34.124786 66.214020
34.145683 66.210724
34.152576 66.200615
34.153187 66.199722
34.142986 66.193718
34.143276 66.190697
34.146286 66.189819
34.161686 66.194420
34.170284 66.191124
34.181885 66.187218
34.183224 66.183914
34.170486 66.181419
34.170486 66.175117
34.148685 66.165421
34.147785 66.162224
34.151585 66.161720
34.180389 66.168083
34.196083 66.169670
34.214169 66.167809
34.218086 66.164024
34.203484 66.158623
34.208279 66.154053
34.229885 66.162117
34.231556 66.166916
34.210186 66.173920
34.207485 66.178123
34.211285 66.180122
34.219685 66.179520
34.232384 66.177017
34.242332 66.175163
34.252724 66.170387
34.252983 66.162521
34.258484 66.159424
34.277824 66.157410
34.290184 66.156120
34.292984 66.154724
34.289783 66.150322
34.292286 66.145920
34.299885 66.143723
34.314484 66.144218
34.314484 66.140724
34.300785 66.137123
34.296185 66.132324
34.301987 66.130020
34.324863 66.134262
34.332184 66.135620
34.344185 66.135323
34.345665 66.130112
34.359783 66.122520
34.371586 66.120621
34.380360 66.117386
34.381233 66.116814
34.390385 66.110817
34.394985 66.110619
34.408943 66.103973
34.427383 66.098122
34.441998 66.096008
34.448784 66.095024
34.482986 66.083717
34.508785 66.080223
34.521416 66.076691
34.529186 66.069122
34.542358 66.061287
34.544987 66.059723
34.555984 66.053223
34.554333 66.048691
34.543785 66.043518
34.542187 66.040123
34.547787 66.038719
34.574486 66.046623
34.581272 66.047005
34.581585 66.047020
34.581654 66.046799
34.584984 66.036224
34.597084 66.035248
34.608776 66.032219
34.610222 66.029305
34.607185 66.027718
34.591385 66.030617
34.589287 66.028618
34.601944 66.019279
34.616184 66.012123
34.605816 66.007515
34.605385 66.007324
34.608749 66.004974
34.621883 66.003723
34.628384 65.999420
34.641361 65.995613
34.644886 65.995018
34.668861 65.991058
34.670860 65.986946
34.677185 65.985718
34.681271 65.986839
34.683834 65.987541
34.685696 65.988052
34.700668 65.982414
34.701096 65.980843
34.701885 65.977921
34.709583 65.976120
34.713684 65.972717
34.711361 65.968025
34.716557 65.961113
34.706684 65.957222
34.698784 65.956223
34.676037 65.958878
34.672283 65.959320
34.667286 65.956520
34.674549 65.950920
34.679348 65.947227
34.679485 65.947121
34.673450 65.945030
34.666485 65.942619
34.669285 65.940018
34.672436 65.939598
34.682083 65.938324
34.670948 65.931664
34.652485 65.920624
34.658684 65.919220
34.669106 65.921768
34.672195 65.922554
34.676617 65.920174
34.680786 65.917923
34.693787 65.914024
34.688187 65.907318
34.678528 65.908531
34.664940 65.899529
34.664783 65.899422
34.675285 65.899521
34.676155 65.899376
34.690285 65.897018
34.691284 65.890320
34.682186 65.881920
34.683277 65.878365
34.688889 65.868805
34.695446 65.870613
34.703484 65.875519
34.697029 65.883278
34.703556 65.892059
34.723362 65.894165
34.723057 65.886497
34.735786 65.889221
34.736504 65.889732
34.736683 65.889862
34.742748 65.894218
34.747719 65.893745
34.761784 65.892418
34.772579 65.888138
34.792786 65.880119
34.805984 65.882721
34.828285 65.883018
34.835186 65.872620
34.846748 65.863808
34.852585 65.859322
34.851250 65.855469
34.846111 65.853111
34.815784 65.849121
34.813084 65.847221
34.827484 65.845322
34.828194 65.842026
34.815083 65.832611
34.801086 65.829620
34.807587 65.827621
34.816166 65.827858
34.820751 65.824448
34.815613 65.822083
34.793888 65.822945
34.784737 65.820862
34.776684 65.819023
34.747185 65.819122
34.745686 65.816017
34.775486 65.813019
34.765221 65.808304
34.769585 65.806824
34.777683 65.807419
34.778645 65.807671
34.795383 65.812119
34.818184 65.807617
34.831886 65.811218
34.843250 65.801567
34.845886 65.799324
34.835186 65.794624
34.811695 65.798889
34.788185 65.801720
34.775139 65.801888
34.762886 65.804222
34.746445 65.805885
34.732285 65.810524
34.724285 65.810524
34.669884 65.800018
34.663807 65.797974
34.663784 65.793320
34.663185 65.788521
34.644985 65.782318
34.648785 65.779617
34.682014 65.776932
34.663616 65.775459
34.663185 65.775421
34.658165 65.773277
34.669884 65.768120
34.669029 65.762863
34.660221 65.757530
34.662529 65.752914
34.676384 65.740623
34.680683 65.740021
34.682556 65.733330
34.698891 65.729698
34.700886 65.726723
34.675598 65.711746
34.673183 65.710320
34.676807 65.708443
34.690498 65.708725
34.692471 65.705750
34.668499 65.695831
34.666138 65.692085
34.670784 65.690117
34.684250 65.696892
34.693916 65.697029
34.701389 65.704330
34.716026 65.707947
34.741055 65.701057
34.738251 65.696419
34.752918 65.695198
34.764484 65.687721
34.745686 65.684822
34.734280 65.677635
34.724087 65.679924
34.693985 65.672523
34.702721 65.669525
34.707306 65.664948
34.703388 65.663887
34.669186 65.663223
34.665886 65.660919
34.676785 65.659119
34.684784 65.658020
34.693085 65.658920
34.698685 65.656319
34.707684 65.656319
34.719784 65.659317
34.728985 65.658524
34.718971 65.649330
34.725166 65.641136
34.724751 65.633247
34.727360 65.631638
34.736362 65.631615
34.741783 65.630020
34.737484 65.626823
34.749195 65.609108
34.758083 65.607719
34.764885 65.604324
34.778786 65.593422
34.786884 65.589218
34.797684 65.586922
34.775784 65.572021
34.763798 65.574432
34.760384 65.575119
34.756916 65.585419
34.750637 65.588722
34.738415 65.589058
34.730972 65.582916
34.733383 65.573822
34.723251 65.566780
34.726185 65.564720
34.738384 65.562019
34.743999 65.558556
34.740471 65.553474
34.746284 65.545822
34.737885 65.541122
34.743687 65.537819
34.739697 65.527664
34.739285 65.526619
34.726307 65.520508
34.725685 65.520218
34.717056 65.513969
34.717724 65.509499
34.709984 65.505020
34.677193 65.505638
34.672138 65.504417
34.667721 65.501053
34.653526 65.497108
34.643784 65.488319
34.636139 65.487610
34.638683 65.484619
34.633587 65.482224
34.646252 65.470001
34.662785 65.465820
34.669945 65.449196
34.675205 65.447044
34.676987 65.446320
34.672184 65.442024
34.675591 65.437813
34.674721 65.437416
34.647285 65.425018
34.632687 65.428322
34.610386 65.426117
34.597984 65.423424
34.586613 65.427780
34.579987 65.434418
34.574303 65.436096
34.570187 65.437317
34.549686 65.432518
34.548252 65.432587
34.528984 65.433517
34.497486 65.438019
34.484985 65.435020
34.484695 65.432053
34.479362 65.430168
34.472424 65.429108
34.481586 65.425323
34.484016 65.417526
34.484486 65.416023
34.506973 65.412781
34.525585 65.407318
34.523384 65.404922
34.529884 65.399719
34.522083 65.399719
34.513943 65.404999
34.505184 65.406723
34.501686 65.407417
34.496334 65.403198
34.480083 65.408920
34.473885 65.409019
34.483383 65.400520
34.479862 65.398941
34.465027 65.399445
34.448586 65.409622
34.441826 65.410240
34.428780 65.411469
34.437550 65.403954
34.410885 65.402924
34.405884 65.399323
34.383270 65.403030
34.360184 65.406822
34.375183 65.395622
34.380184 65.394417
34.377918 65.389526
34.387527 65.389473
34.390686 65.389420
34.384640 65.384804
34.391285 65.382423
34.392139 65.382339
34.428185 65.378922
34.446110 65.370750
34.444557 65.367386
34.440586 65.366119
34.410332 65.368080
34.407284 65.369919
34.408188 65.370682
34.411884 65.373817
34.407185 65.375824
34.392159 65.378220
34.377686 65.380524
34.360786 65.381424
34.347786 65.379921
34.326111 65.381165
34.298832 65.377525
34.301167 65.372948
34.294777 65.371109
34.280685 65.370819
34.286251 65.363441
34.306526 65.362747
34.316750 65.365639
34.358921 65.362061
34.359386 65.362022
34.359917 65.361977
34.361786 65.361824
34.378487 65.356918
34.385056 65.351028
34.385284 65.350822
34.402340 65.348991
34.405785 65.348618
34.408100 65.347015
34.408386 65.346817
34.418083 65.350021
34.434685 65.347221
34.448891 65.347221
34.457985 65.347221
34.465687 65.339821
34.458778 65.338081
34.467983 65.333824
34.470779 65.329193
34.494884 65.328423
34.492584 65.324623
34.483383 65.322823
34.490086 65.320419
34.492554 65.316254
34.482445 65.312416
34.471527 65.312859
34.468498 65.314552
34.461388 65.318558
34.450806 65.317337
34.446556 65.308136
34.457886 65.309822
34.467361 65.308647
34.469986 65.308319
34.465137 65.301498
34.478184 65.293724
34.481277 65.288757
34.481983 65.287621
34.470387 65.282921
34.467030 65.273224
34.472485 65.268318
34.468613 65.267029
34.459946 65.267525
34.471195 65.257057
34.477306 65.246330
34.474472 65.242615
34.479687 65.239624
34.484783 65.239624
34.483528 65.244194
34.497887 65.250618
34.503784 65.253220
34.511387 65.252823
34.516224 65.250114
34.512684 65.243622
34.516186 65.243523
34.524883 65.248520
34.533184 65.250824
34.537739 65.250443
34.537987 65.250420
34.530186 65.239624
34.537277 65.235809
34.531986 65.220924
34.526184 65.215523
34.529285 65.212723
34.541786 65.219421
34.548985 65.219223
34.559383 65.222618
34.565384 65.223518
34.581585 65.222610
34.587749 65.223969
34.595528 65.222862
34.600666 65.219643
34.593918 65.213448
34.595943 65.210724
34.603527 65.209167
34.616917 65.202225
34.646011 65.194489
34.641785 65.192719
34.604385 65.194420
34.600586 65.192223
34.617786 65.185120
34.650276 65.182472
34.665886 65.175621
34.666985 65.172218
34.661972 65.166138
34.668056 65.160278
34.685486 65.156219
34.696499 65.150192
34.687984 65.146217
34.669685 65.150818
34.655987 65.152222
34.648285 65.148621
34.650917 65.144943
34.647972 65.140999
34.637184 65.139923
34.646305 65.135086
34.649185 65.130623
34.665165 65.126999
34.659485 65.116020
34.664284 65.115623
34.671211 65.118248
34.672985 65.118919
34.678391 65.116417
34.675186 65.113609
34.675083 65.113518
34.668335 65.110191
34.668686 65.103920
34.664783 65.101418
34.652786 65.098824
34.664387 65.095924
34.668186 65.088821
34.681885 65.076721
34.694687 65.074722
34.696423 65.075119
34.709526 65.078140
34.712418 65.072525
34.739086 65.077721
34.747486 65.076820
34.749985 65.071419
34.759884 65.076218
34.767086 65.076317
34.787186 65.069717
34.784832 65.058975
34.774769 65.053215
34.774803 65.052612
34.775185 65.045624
34.767784 65.036919
34.756184 65.037918
34.748184 65.033920
34.765285 65.029221
34.778786 65.029922
34.782185 65.027718
34.784222 65.023865
34.767029 65.003670
34.769665 65.001114
34.775284 65.002518
34.784683 65.009621
34.793785 65.012619
34.798286 65.011719
34.782684 65.000023
34.774902 64.994003
34.773884 64.993217
34.775284 64.989723
34.784084 64.992020
34.790073 64.998009
34.791084 64.999023
34.792061 65.000000
34.797585 65.005524
34.819084 65.017220
34.819267 65.017189
34.827785 65.015823
34.815884 65.000023
34.812183 64.995621
34.799473 64.985085
34.791683 64.982521
34.761784 64.978523
34.754585 64.973724
34.744785 64.973923
34.736885 64.972221
34.729916 64.966774
34.719555 64.966942
34.710583 64.964226
34.707973 64.960945
34.689785 64.963219
34.681583 64.960823
34.679279 64.958252
34.682362 64.953110
34.692585 64.949219
34.743385 64.945122
34.752750 64.945274
34.771641 64.950447
34.785137 64.939529
34.810555 64.928276
34.822086 64.919022
34.823986 64.896118
34.832386 64.898918
34.832165 64.908974
34.835972 64.912361
34.840500 64.911499
34.841187 64.907219
34.852390 64.900719
34.856087 64.896919
34.872055 64.893669
34.880283 64.896019
34.886684 64.895622
34.893002 64.891640
34.895916 64.885109
34.892284 64.879822
34.885807 64.877777
34.873684 64.873924
34.877583 64.870613
34.892986 64.865120
34.900284 64.859619
34.906986 64.858818
34.919186 64.853317
34.915886 64.849823
34.922279 64.842529
34.921913 64.839851
34.921185 64.834518
34.936501 64.832222
34.938301 64.832695
34.947140 64.835030
34.956005 64.833138
34.941513 64.826485
34.941383 64.826424
34.941029 64.814140
34.939388 64.812134
34.930485 64.801254
34.929886 64.800522
34.908787 64.795517
34.901989 64.790115
34.900887 64.789810
34.882427 64.784714
34.881386 64.784424
34.881138 64.784286
34.880619 64.783997
34.877384 64.782219
34.875633 64.781212
34.869884 64.777924
34.872181 64.771744
34.872486 64.770920
