45.745373 54.993126
45.778988 54.977283
45.803383 54.978893
45.828049 54.984787
45.871147 54.996014
45.908436 54.997478
45.937458 54.995026
45.976234 54.994232
46.021683 55.014572
46.112953 55.052635
46.123489 55.029873
46.132385 55.017513
46.138184 55.003841
46.140045 54.987339
46.176441 54.988235
46.195469 55.006214
46.198856 55.025799
46.210747 55.043182
46.222858 55.057022
46.232639 55.070583
46.250511 55.082706
46.283997 55.080196
46.304901 55.068195
46.320496 55.050537
46.331547 55.036392
46.341415 55.019470
46.325253 55.008396
46.306271 55.003899
46.285175 54.994083
46.269268 54.976879
46.276432 54.959423
46.298607 54.944164
46.337509 54.932018
46.380154 54.914341
46.417023 54.890770
46.430801 54.869537
46.443657 54.849823
46.437698 54.820576
46.446621 54.796509
46.455956 54.776279
46.480495 54.764145
46.474846 54.737633
46.481827 54.719147
46.512936 54.684048
46.547260 54.661163
46.551975 54.644459
46.554070 54.624161
46.532383 54.608242
46.491863 54.592983
46.454437 54.576462
46.463432 54.564861
46.494949 54.567093
46.533489 54.573982
46.551991 54.567524
46.571892 54.556709
46.575653 54.540493
46.575142 54.519169
46.550720 54.512375
46.512390 54.503994
46.493736 54.490906
46.511086 54.476574
46.532021 54.478764
46.556881 54.483227
46.586002 54.495380
46.607277 54.504395
46.631405 54.503803
46.645561 54.494732
46.645653 54.485580
46.637131 54.472347
46.603180 54.459965
46.570278 54.442451
46.565365 54.421101
46.588814 54.400211
46.603554 54.401821
46.633400 54.393894
46.666637 54.394623
46.695641 54.398579
46.702892 54.383892
46.713139 54.362377
46.704956 54.347874
46.702976 54.332897
46.692257 54.318863
46.653503 54.314827
46.601036 54.305107
46.564709 54.290154
46.506123 54.255737
46.457245 54.240536
46.417923 54.232330
46.369884 54.200344
46.274361 54.185032
46.177174 54.170120
46.124226 54.170067
46.082088 54.158436
46.006805 54.137028
45.978935 54.113853
45.954178 54.076523
45.922386 54.039577
45.881561 54.007343
45.867451 53.989918
45.848618 53.978012
45.813404 53.955719
45.783825 53.926647
45.746086 53.921562
45.693665 53.918743
45.658916 53.914951
45.607811 53.922073
45.564262 53.921608
45.516724 53.913395
45.421448 53.902023
45.339863 53.877892
45.291172 53.895267
45.272274 53.925888
45.265022 53.962463
45.185181 53.962734
45.169918 53.957394
45.103455 53.941368
45.040611 53.954330
44.980076 53.949303
44.945877 53.965099
44.891235 53.954277
44.847446 53.937618
44.805202 53.916096
44.781425 53.902618
44.750370 53.897087
44.723209 53.897232
44.699013 53.897724
44.678001 53.889626
44.647984 53.868332
44.636997 53.852833
44.638977 53.830791
44.660061 53.805122
44.690853 53.775093
44.721874 53.753723
44.761665 53.734848
44.779732 53.714699
44.774292 53.699085
44.750664 53.686123
44.687283 53.678802
44.653290 53.674976
44.598110 53.661179
44.577435 53.669094
44.558254 53.680031
44.542259 53.700974
44.521729 53.694122
44.458523 53.684658
44.383621 53.677670
44.323856 53.680431
44.284149 53.684162
44.260765 53.686367
44.207119 53.692043
44.149509 53.703648
44.098049 53.717663
44.067322 53.726013
44.042507 53.739803
44.001949 53.761002
43.981308 53.780258
43.977169 53.797924
43.983833 53.815182
43.988216 53.833603
43.980358 53.854229
43.960960 53.878094
43.930695 53.892216
43.851757 53.918663
43.771740 53.940201
43.706837 53.939270
43.659843 53.946198
43.652309 53.956402
43.639400 53.985302
43.617527 53.990986
43.584740 53.993286
43.543472 53.977448
43.485252 53.961323
43.465740 53.957634
43.430428 53.978474
43.416176 53.986874
43.376213 53.994217
43.317535 53.990723
43.300781 54.008537
43.267952 54.010231
43.254169 53.997787
43.223976 53.972843
43.190605 53.934727
43.186443 53.906834
43.229675 53.881039
43.252991 53.862720
43.252579 53.851009
43.241199 53.836369
43.226185 53.824120
43.211323 53.810364
43.190956 53.818573
43.157482 53.818573
43.128017 53.802242
43.064056 53.826164
43.026943 53.806953
42.953812 53.796967
42.875469 53.794506
42.764236 53.809040
42.704536 53.796787
42.626133 53.760578
42.588528 53.780018
42.593201 53.811172
42.569664 53.823326
42.504696 53.784927
42.500130 53.753761
42.539074 53.724056
42.523033 53.713161
42.500290 53.720173
42.443844 53.749245
42.360458 53.782509
42.353237 53.803802
42.400871 53.867123
42.474659 53.921543
42.524952 53.934010
42.493294 53.965061
42.372520 53.999447
42.376709 54.020153
42.283512 54.065212
42.303089 54.083889
42.333706 54.113052
42.375626 54.097164
42.355698 54.066387
42.387749 54.054283
42.464424 54.087143
42.490993 54.078083
42.507053 54.051807
42.555893 54.050571
42.577358 54.070908
42.537151 54.107914
42.603420 54.130898
42.723118 54.114182
42.735718 54.127632
42.721813 54.163261
42.695099 54.183586
42.619041 54.195976
42.563942 54.181026
42.537209 54.178066
42.482376 54.226578
42.444530 54.221497
42.383369 54.198704
42.408192 54.172909
42.298279 54.143364
42.258251 54.152653
42.242222 54.180195
42.199425 54.232868
42.298618 54.209446
42.354855 54.227100
42.402962 54.256599
42.462261 54.260315
42.508076 54.285809
42.524937 54.335884
42.565800 54.344685
42.645485 54.336311
42.662041 54.350231
42.632229 54.384254
42.618526 54.399891
42.551956 54.413570
42.588394 54.483566
42.651070 54.462536
42.672466 54.487682
42.650608 54.521385
42.690430 54.545162
42.734051 54.552799
42.717377 54.566769
42.660759 54.580750
42.642853 54.612049
42.665035 54.643417
42.647747 54.663242
42.600185 54.642071
42.560242 54.651241
42.538895 54.685940
42.508724 54.664913
42.442989 54.700012
42.403530 54.721012
42.393497 54.759129
42.348114 54.782280
42.403889 54.815475
42.468521 54.809708
42.459480 54.832764
42.515923 54.814751
42.532066 54.798298
42.562897 54.784897
42.578690 54.773762
42.608952 54.763958
42.650997 54.762466
42.662350 54.774342
42.679600 54.785183
42.709778 54.802856
42.747551 54.808254
42.785454 54.807388
42.801235 54.795708
42.808590 54.780182
42.817265 54.757843
42.836010 54.750847
42.865593 54.748817
42.908600 54.750092
42.939468 54.763161
42.973019 54.782944
42.996140 54.793682
43.029831 54.801983
43.049995 54.793259
43.077393 54.773293
43.099937 54.764370
43.125160 54.764957
43.142815 54.784672
43.154026 54.809540
43.141769 54.829498
43.168201 54.854317
43.196732 54.872868
43.235001 54.881241
43.313995 54.896305
43.331127 54.933041
43.406631 54.940807
43.433342 54.918201
43.480034 54.911247
43.517506 54.907551
43.541763 54.914417
43.574265 54.923294
43.629982 54.928020
43.640621 54.915833
43.627235 54.899658
43.609695 54.879787
43.601212 54.855850
43.623093 54.830776
43.663357 54.816433
43.723644 54.805222
43.806065 54.798958
43.908051 54.797001
43.972797 54.788609
43.985943 54.772202
43.973152 54.758091
43.966766 54.736774
44.003922 54.719486
44.025795 54.722073
44.075367 54.732597
44.121452 54.731789
44.152981 54.712509
44.152985 54.697487
44.139080 54.680077
44.132725 54.657753
44.155041 54.641804
44.180164 54.622871
44.218491 54.608086
44.256714 54.590469
44.284840 54.591194
44.334347 54.589893
44.384026 54.587051
44.424610 54.565159
44.461040 54.539604
44.495770 54.523148
44.548740 54.515472
44.577824 54.519974
44.603481 54.535568
44.629425 54.558296
44.698715 54.532639
44.692444 54.515984
44.679588 54.500427
44.633518 54.481579
44.636967 54.458794
44.680851 54.470966
44.732037 54.491421
44.815514 54.502903
44.858452 54.505325
44.893436 54.487507
44.938080 54.469372
44.959988 54.470314
45.004734 54.483932
45.077625 54.490185
45.096905 54.483204
45.129940 54.473152
45.152039 54.470516
45.173820 54.480320
45.184246 54.505157
45.171139 54.518108
45.151348 54.526913
45.127174 54.542465
45.107040 54.561142
45.089031 54.568420
45.044308 54.580795
45.032787 54.594284
45.047680 54.609818
45.074123 54.624043
45.098042 54.643562
45.121819 54.657753
45.115803 54.670319
45.100334 54.691925
45.097008 54.716782
45.096001 54.753624
45.121113 54.776947
45.140156 54.790798
45.156864 54.797077
45.180241 54.794353
45.190674 54.781803
45.208797 54.760784
45.222847 54.747799
45.237057 54.761292
45.248283 54.781322
45.255169 54.800743
45.266132 54.824318
45.272171 54.849598
45.290707 54.867226
45.329594 54.876774
45.368389 54.882008
45.413803 54.887573
45.452194 54.891468
45.475426 54.905579
45.470074 54.914902
45.457729 54.937851
45.448341 54.963108
45.440659 54.989449
45.436161 55.015564
45.444843 55.043911
45.465397 55.068905
45.504128 55.095947
45.528732 55.103943
45.569611 55.107609
45.581200 55.116680
45.608803 55.136414
45.648155 55.163162
45.689129 55.176682
45.738831 55.176605
45.788654 55.161983
45.773869 55.132847
45.776886 55.105911
45.775414 55.077927
45.763557 55.053112
45.741852 55.031719
45.724548 55.011402
45.745373 54.993126
