>
40.699684 66.487122
40.683987 66.482620
40.677723 66.483414
40.689499 66.493225
40.692101 66.493164
40.699501 66.492996
40.702187 66.491219
40.699684 66.487122
>
34.357029 66.611053
34.337986 66.610420
34.334888 66.613693
34.342609 66.616364
34.346249 66.620247
34.353584 66.622017
34.376385 66.623322
34.380085 66.617622
34.375778 66.614754
34.357029 66.611053
>
33.013485 66.706818
32.989685 66.701622
32.985001 66.703140
32.988483 66.707024
33.005386 66.713821
33.015884 66.712418
33.017586 66.709518
33.013485 66.706818
>
32.915089 66.709106
32.893486 66.706520
32.887474 66.707581
32.907307 66.714363
32.913746 66.710014
32.915089 66.709106
>
32.937832 66.772011
32.931110 66.770248
32.923885 66.775322
32.909683 66.777718
32.906487 66.780022
32.909168 66.781052
32.917751 66.784332
32.926888 66.783722
32.942486 66.778923
32.945583 66.775307
32.941685 66.773018
32.937832 66.772011
>
32.678185 66.990723
32.668983 66.990120
32.655685 66.998024
32.656986 67.002319
32.667286 67.003021
32.682484 66.992821
32.678185 66.990723
>
32.633804 67.017693
32.630486 67.016724
32.621284 67.017517
32.614750 67.020302
32.611485 67.026520
32.620186 67.032021
32.636284 67.023819
32.638386 67.020119
32.633804 67.017693
>
32.563583 67.026802
32.590687 67.015121
32.592587 67.012520
32.589485 67.010818
32.578484 67.010620
32.585613 67.000854
32.585785 67.000618
32.584785 66.996719
32.577057 66.995163
32.567585 66.997818
32.561619 67.004196
32.558109 67.007942
32.543686 67.013023
32.531685 67.024017
32.532146 67.024414
32.534389 67.026360
32.537430 67.025963
32.537785 67.025917
32.542835 67.021820
32.548386 67.017319
32.553585 67.018417
32.547359 67.028343
32.558056 67.032028
32.563583 67.026802
>
32.592110 67.039803
32.588585 67.038422
32.558384 67.039917
32.559486 67.047020
32.563583 67.048119
32.592884 67.046021
32.596886 67.042717
32.592110 67.039803
>
32.715889 67.066330
32.711487 67.065819
32.703278 67.068779
32.680183 67.073021
32.677166 67.075775
32.677185 67.080124
32.696285 67.087318
32.700787 67.086823
32.705784 67.076218
32.715889 67.066330
>
32.064083 67.104622
32.103085 67.099724
32.115284 67.100121
32.145287 67.101219
32.153584 67.101524
32.162086 67.100517
32.165585 67.097321
32.162586 67.095818
32.147301 67.088226
32.146484 67.087822
32.116695 67.087639
32.096584 67.087830
32.092484 67.089424
32.092838 67.089577
32.100967 67.093018
32.098927 67.093361
32.080418 67.096443
32.067390 67.093529
32.061222 67.094360
32.057587 67.101723
32.064083 67.104622
>
32.426685 67.072769
32.420784 67.072624
32.413486 67.075218
32.390083 67.079018
32.382473 67.082001
32.375984 67.092323
32.342686 67.093521
32.342419 67.093651
32.333286 67.098022
32.331306 67.100441
32.329277 67.102921
32.336285 67.105721
32.379185 67.105820
32.401386 67.100723
32.407585 67.092720
32.421783 67.088120
32.440685 67.086418
32.450165 67.082169
32.447109 67.080498
32.437241 67.079071
32.436184 67.078918
32.426685 67.072769
>
41.391270 67.104263
41.390385 67.104118
41.389118 67.107056
41.387390 67.111053
41.390972 67.115417
41.399639 67.113892
41.404186 67.111122
41.402332 67.106110
41.391270 67.104263
>
32.303284 67.119324
32.307789 67.112801
32.296684 67.113220
32.286484 67.119019
32.287586 67.121719
32.298183 67.121521
32.303284 67.119324
>
40.533890 67.816948
40.537556 67.811607
40.549385 67.806923
40.543785 67.798424
40.549305 67.793808
40.545284 67.792023
40.536640 67.792694
40.527943 67.798752
40.521626 67.798401
40.520000 67.798309
40.496685 67.797020
40.479885 67.798218
40.473583 67.802223
40.475777 67.807304
40.465786 67.816620
40.477783 67.823517
40.489685 67.824020
40.509884 67.815224
40.518417 67.814888
40.520386 67.819122
40.520023 67.819443
40.511971 67.826523
40.525166 67.828362
40.540195 67.826225
40.533890 67.816948
>
39.621471 68.057198
39.620750 68.052780
39.594784 68.059723
39.589748 68.062805
39.589085 68.066750
39.615425 68.059998
39.617287 68.059517
39.621471 68.057198
>
39.520985 68.072922
39.515530 68.071945
39.483986 68.080521
39.469185 68.082817
39.459415 68.086777
39.461140 68.090057
39.471802 68.089920
39.471886 68.089905
39.488415 68.087387
39.520985 68.072922
>
38.526085 68.347519
38.530167 68.343636
38.542168 68.348831
38.553165 68.349556
38.567101 68.345772
38.578087 68.342819
38.584141 68.337082
38.583889 68.336227
38.581486 68.328117
38.560722 68.317780
38.552784 68.316422
38.544277 68.317253
38.530834 68.321526
38.520885 68.326424
38.503166 68.340416
38.506584 68.344421
38.522385 68.351723
38.528484 68.351318
38.526085 68.347519
>
38.484985 68.350922
38.479195 68.345169
38.472778 68.346138
38.462685 68.355621
38.439484 68.368423
38.440586 68.371719
38.449284 68.372719
38.449215 68.374352
38.449028 68.378639
38.456585 68.384117
38.468987 68.386421
38.476486 68.383324
38.477814 68.382111
38.484283 68.376221
38.484501 68.369278
38.496284 68.367317
38.503586 68.362419
38.497887 68.356422
38.484985 68.350922
>
37.740486 68.692917
37.722687 68.688217
37.714638 68.689857
37.712666 68.693527
37.722786 68.695023
37.729000 68.698891
37.736721 68.699837
37.746334 68.697304
37.740486 68.692917
>
37.526279 68.762749
37.523945 68.759972
37.503056 68.760864
37.485332 68.763969
37.465889 68.775169
37.470028 68.776665
37.478848 68.775467
37.481384 68.775124
37.499985 68.768417
37.526279 68.762749
>
37.334057 68.818420
37.346722 68.815529
37.355026 68.815529
37.361946 68.813057
37.364861 68.804863
37.354362 68.801888
37.347286 68.801720
37.326168 68.806808
37.312584 68.807419
37.306686 68.811020
37.306686 68.815018
37.310555 68.816887
37.322250 68.818748
37.334057 68.818420
>
36.424484 69.059021
36.398109 69.057137
36.368526 69.059669
36.348804 69.064331
36.337250 69.069443
36.335251 69.072723
36.340687 69.076721
36.349785 69.078323
36.353161 69.076172
36.358887 69.072517
36.367638 69.070221
36.394638 69.068336
36.407333 69.064087
36.423885 69.061821
36.424484 69.059021
>
34.804668 69.240524
34.739685 69.238121
34.664944 69.246475
34.658886 69.249619
34.664486 69.252823
34.672485 69.254120
34.691784 69.254623
34.752785 69.250923
34.781483 69.248383
34.788986 69.247719
34.804283 69.244522
34.808186 69.242119
34.804668 69.240524
>
33.474884 69.297119
33.452972 69.292747
33.437386 69.293022
33.433777 69.296280
33.439083 69.300323
33.464142 69.307335
33.469582 69.308861
33.477974 69.306030
33.479916 69.299393
33.474884 69.297119
>
34.053555 69.382027
34.131084 69.382004
34.141186 69.382019
34.156883 69.378120
34.188583 69.376976
34.266285 69.358521
34.307484 69.350822
34.339085 69.341019
34.379486 69.335419
34.389332 69.330559
34.394054 69.315109
34.388885 69.312920
34.360386 69.310020
34.338917 69.311668
34.294056 69.319832
34.282139 69.319725
34.217251 69.307831
34.193668 69.304306
34.175472 69.303444
34.156986 69.305618
34.107445 69.321281
34.087944 69.325027
34.072285 69.328018
34.042614 69.330643
33.974884 69.336624
33.974609 69.350998
33.994751 69.358025
34.036304 69.378052
34.053555 69.382027
>
33.208611 69.413002
33.179585 69.410118
33.165684 69.411423
33.159416 69.416000
33.163185 69.418320
33.206985 69.419121
33.213585 69.415024
33.208611 69.413002
>
33.016666 69.373917
33.000805 69.372330
32.986687 69.374321
32.981583 69.378807
33.027786 69.402420
33.037987 69.405823
33.053486 69.406723
33.092983 69.416122
33.104252 69.421692
33.120609 69.425552
33.139278 69.432747
33.147835 69.432724
33.153984 69.430519
33.155087 69.424622
33.148605 69.418762
33.145683 69.416122
33.129112 69.407890
33.110786 69.404121
33.098152 69.403351
33.087784 69.402718
33.082794 69.397148
33.079185 69.393120
33.058784 69.385017
33.054970 69.384010
33.037186 69.379318
33.016666 69.373917
>
32.943279 69.456612
32.924885 69.452621
32.915886 69.453117
32.914585 69.455818
32.925583 69.462303
32.928371 69.462456
32.935749 69.462860
32.948528 69.457947
32.943279 69.456612
>
32.650986 69.471222
32.637138 69.466972
32.630184 69.467621
32.629986 69.471321
32.630383 69.471458
32.648804 69.477859
32.658859 69.476807
32.650986 69.471222
>
31.589684 69.830017
31.583639 69.828278
31.577385 69.829323
31.560207 69.837257
31.552221 69.840942
31.560684 69.845123
31.564323 69.845955
31.574001 69.848167
31.581469 69.847237
31.586685 69.846619
31.594885 69.832817
31.589684 69.830017
>
31.972193 69.928444
31.984472 69.927330
31.990885 69.927917
31.997084 69.928520
32.002857 69.929855
32.017361 69.933220
32.027805 69.934059
32.061916 69.942642
32.082722 69.941055
32.114750 69.934502
32.146385 69.925621
32.191055 69.921837
32.215443 69.908974
32.239185 69.902122
32.248783 69.887924
32.263222 69.884163
32.274612 69.885635
32.283813 69.885483
32.305885 69.885124
32.330784 69.882324
32.414185 69.862221
32.459526 69.841667
32.478638 69.837387
32.509087 69.831520
32.524487 69.825821
32.524685 69.821823
32.516663 69.816864
32.504784 69.809517
32.501862 69.803223
32.512390 69.795692
32.511986 69.792023
32.538193 69.790749
32.550884 69.792122
32.561184 69.795517
32.580486 69.789719
32.605057 69.787918
32.618473 69.779503
32.667686 69.774818
32.675186 69.776520
32.690140 69.783974
32.694221 69.788361
32.703861 69.790359
32.763248 69.782997
32.777779 69.784027
32.781090 69.783615
32.794807 69.781891
32.814732 69.777252
32.815285 69.777122
32.815842 69.777069
32.826138 69.776138
32.843166 69.778137
32.852917 69.773415
32.872887 69.773117
32.905987 69.775223
32.927284 69.773720
32.947285 69.769524
32.947498 69.765808
32.939484 69.761620
32.951248 69.755608
32.965786 69.753822
33.008785 69.754318
33.015289 69.753471
33.018784 69.753021
33.028721 69.748726
33.041363 69.735001
33.049187 69.733124
33.057285 69.733322
33.065186 69.735924
33.067883 69.741394
33.068150 69.741936
33.073502 69.744667
33.078888 69.744003
33.083584 69.743423
33.098785 69.730919
33.114468 69.724976
33.115685 69.724518
33.116386 69.721786
33.116585 69.721024
33.108860 69.716141
33.096359 69.712502
33.095284 69.707718
33.099686 69.704422
33.109486 69.697121
33.104183 69.693222
33.109890 69.686478
33.112984 69.682823
33.111084 69.678719
33.105652 69.676575
33.082985 69.667618
33.086971 69.660919
33.091305 69.658447
33.098385 69.654419
33.097721 69.650330
33.090752 69.644249
33.024082 69.615334
32.991055 69.597527
32.972252 69.587364
32.958862 69.580780
32.942684 69.577522
32.942215 69.577477
32.903687 69.573624
32.896091 69.571991
32.851986 69.562523
32.835056 69.567253
32.794582 69.569832
32.777584 69.573120
32.766392 69.573326
32.755886 69.573517
32.733986 69.572021
32.712418 69.573914
32.693985 69.579819
32.656784 69.581123
32.652386 69.582222
32.634285 69.586823
32.618584 69.588623
32.608784 69.594521
32.596985 69.594719
32.578785 69.592720
32.515785 69.598419
32.442184 69.627121
32.433483 69.626923
32.404385 69.618324
32.382668 69.615860
32.368889 69.616165
32.358528 69.618225
32.339684 69.621918
32.331745 69.622581
32.320484 69.623520
32.253685 69.620918
32.219723 69.623497
32.195473 69.628525
32.182884 69.632919
32.164986 69.647820
32.164585 69.660324
32.173786 69.676422
32.204140 69.683304
32.206985 69.684921
32.208977 69.686119
32.209557 69.686470
32.205185 69.694519
32.200584 69.699020
32.174915 69.711472
32.170193 69.724670
32.148777 69.734863
32.141785 69.741417
32.137184 69.743118
32.123283 69.743423
32.110683 69.740623
32.106686 69.737617
32.115185 69.731323
32.107685 69.729424
32.099483 69.732018
32.093685 69.730919
32.121601 69.714729
32.124886 69.712822
32.131287 69.710617
32.148384 69.708717
32.152637 69.704834
32.147530 69.691948
32.106388 69.651886
32.089386 69.641922
32.069248 69.635414
32.049026 69.631638
31.993280 69.636024
31.989035 69.635315
31.971085 69.632324
31.962942 69.628891
31.967976 69.625298
31.968784 69.624718
31.994184 69.621422
32.044186 69.607224
32.059685 69.597321
32.066002 69.586296
32.068684 69.581619
32.060684 69.574120
32.031418 69.561668
32.012028 69.549080
32.015484 69.546318
32.023785 69.547318
32.045784 69.544724
32.108139 69.579697
32.114555 69.580719
32.117355 69.579979
32.132286 69.576019
32.140686 69.577019
32.140285 69.582123
32.125687 69.588020
32.124744 69.589668
32.124222 69.590584
32.138889 69.592331
32.152679 69.586174
32.155483 69.584923
32.171684 69.587318
32.185684 69.586021
32.223331 69.578445
32.267723 69.565361
32.300529 69.563309
32.315987 69.560822
32.338085 69.560020
32.359486 69.562119
32.402885 69.559120
32.415916 69.558250
32.433971 69.551445
32.442585 69.550026
32.447361 69.546059
32.432945 69.536247
32.432705 69.536140
32.404884 69.523918
32.400360 69.519806
32.404385 69.515617
32.432945 69.513107
32.454384 69.503822
32.467087 69.502617
32.480785 69.503922
32.500389 69.500504
32.504410 69.501717
32.516472 69.505363
32.521473 69.500443
32.521774 69.497566
32.522686 69.488823
32.518177 69.484489
32.517586 69.483917
32.493885 69.482124
32.476486 69.477119
32.447887 69.478027
32.432167 69.472443
32.418919 69.470810
32.418186 69.470718
32.417641 69.470360
32.411686 69.466423
32.424583 69.460136
32.400806 69.451309
32.382187 69.451019
32.372185 69.455017
32.367287 69.452721
32.371445 69.446030
32.363888 69.443916
32.352684 69.443817
32.347000 69.440002
32.315987 69.433922
32.294586 69.433022
32.280685 69.428024
32.274185 69.425621
32.264187 69.423820
32.261417 69.422142
32.268250 69.418282
32.257885 69.415619
32.222443 69.415749
32.211193 69.414055
32.215168 69.412697
32.230186 69.412521
32.266666 69.408890
32.270805 69.409859
32.317986 69.420822
32.326046 69.421577
32.335087 69.422424
32.342186 69.417618
32.368385 69.424919
32.377281 69.428520
32.365139 69.435059
32.370667 69.437057
32.409027 69.434669
32.426571 69.428658
32.426685 69.428619
32.426830 69.428658
32.438641 69.431831
32.423584 69.442123
32.429184 69.444420
32.445385 69.446724
32.452751 69.449974
32.453289 69.450211
32.454185 69.463623
32.454250 69.467499
32.463196 69.469749
32.482807 69.467941
32.499985 69.468117
32.507984 69.467018
32.513973 69.462692
32.545971 69.484947
32.550945 69.483322
32.552784 69.482719
32.555485 69.471222
32.559917 69.470947
32.589668 69.479637
32.600666 69.479248
32.595974 69.467720
32.601444 69.456749
32.595833 69.451752
32.582550 69.445808
32.586685 69.444618
32.596584 69.443420
32.603287 69.430923
32.611000 69.427750
32.620918 69.427864
32.632584 69.440117
32.640186 69.442520
32.657085 69.434822
32.665684 69.436424
32.675785 69.442520
32.670685 69.445824
32.644001 69.450584
32.634884 69.453621
32.635487 69.456421
32.676666 69.468391
32.716194 69.473946
32.722858 69.473061
32.734806 69.471474
32.742287 69.471123
32.765083 69.469917
32.772446 69.467415
32.778286 69.460121
32.793194 69.454170
32.802696 69.453362
32.810501 69.454529
32.804527 69.464142
32.812946 69.468056
32.835945 69.459305
32.837486 69.458717
32.855915 69.459946
32.860806 69.456413
32.881683 69.457321
32.887379 69.456261
32.891384 69.455521
32.881195 69.448029
32.884270 69.443817
32.887184 69.439819
32.882286 69.438019
32.858685 69.436623
32.852444 69.434692
32.838184 69.423622
32.835785 69.421822
32.818684 69.413521
32.816917 69.394417
32.805584 69.379921
32.805607 69.379700
32.806084 69.375320
32.810387 69.374321
32.810780 69.374397
32.821587 69.376518
32.835587 69.386620
32.849194 69.402916
32.845165 69.411026
32.853279 69.417030
32.899685 69.435822
32.903484 69.437622
32.912472 69.441780
32.922832 69.444168
32.996887 69.452942
33.005974 69.452637
33.013748 69.449608
33.025986 69.449120
33.037556 69.451195
33.065250 69.452553
33.074501 69.449890
33.073483 69.447136
33.070484 69.439018
33.061806 69.431892
33.041584 69.425423
33.000000 69.417084
32.985683 69.406319
32.982834 69.405556
32.967224 69.400986
32.961884 69.399422
32.949085 69.389114
32.926483 69.383018
32.909752 69.381027
32.904610 69.378555
32.908749 69.374832
32.921001 69.372948
32.927361 69.369781
32.930084 69.365921
32.915085 69.359123
32.911911 69.355118
32.906685 69.348518
32.881359 69.328285
32.880283 69.327423
32.870529 69.323387
32.857384 69.324417
32.838387 69.326019
32.823986 69.325119
32.812778 69.324501
32.817848 69.320213
32.818787 69.319420
32.842178 69.318336
32.842587 69.318321
32.830059 69.290413
32.829884 69.290024
32.852684 69.289719
32.855827 69.290558
32.856785 69.290817
32.863888 69.298309
32.871334 69.301552
32.877583 69.300941
32.883915 69.297806
32.886185 69.292824
32.893223 69.288445
32.903946 69.293137
32.904686 69.298820
32.931885 69.316017
32.933918 69.325279
32.933994 69.325630
32.934036 69.325829
32.957485 69.353119
32.978054 69.361893
32.999485 69.366821
33.034607 69.370186
33.035252 69.370247
33.073887 69.376724
33.118687 69.389320
33.180885 69.398018
33.191307 69.399971
33.216362 69.404640
33.237278 69.407059
33.277416 69.404358
33.284885 69.406219
33.275784 69.414421
33.285217 69.417198
33.305111 69.423058
33.328602 69.421425
33.320889 69.415962
33.320686 69.415817
33.321083 69.412781
33.404667 69.412697
33.426483 69.419418
33.433186 69.419724
33.439083 69.418221
33.438927 69.413445
33.438885 69.412224
33.444786 69.407417
33.458736 69.405670
33.467186 69.404617
33.502686 69.391518
33.504086 69.389023
33.478352 69.379211
33.475487 69.378120
33.456284 69.367424
33.429028 69.361526
33.414917 69.354309
33.396484 69.350319
33.402557 69.345337
33.408985 69.345123
33.439632 69.353218
33.456684 69.357719
33.457142 69.357735
33.470627 69.358124
33.471558 69.357506
33.478584 69.352821
33.483223 69.342583
33.480785 69.327217
33.452843 69.316742
33.400784 69.297218
33.382484 69.293221
33.372696 69.288055
33.378330 69.285889
33.379284 69.285522
33.391640 69.286636
33.404160 69.285019
33.396286 69.280319
33.372383 69.275520
33.358124 69.274986
33.356384 69.274918
33.353085 69.275719
33.344284 69.277718
33.329884 69.281021
33.259987 69.281921
33.254486 69.282021
33.250584 69.279419
33.253124 69.277435
33.253784 69.276924
33.276604 69.273987
33.308186 69.269920
33.302498 69.267670
33.302383 69.267624
33.272984 69.267624
33.249786 69.257721
33.224785 69.250618
33.232193 69.247192
33.242683 69.245819
33.261486 69.247017
33.292694 69.254082
33.306389 69.257164
33.327362 69.257248
33.348083 69.255524
33.355274 69.257164
33.356159 69.257362
33.341686 69.263817
33.361557 69.265686
33.361984 69.265724
33.362278 69.265717
33.365833 69.265594
33.386086 69.264923
33.425861 69.259415
33.454784 69.258522
33.485973 69.251442
33.514668 69.248695
33.524586 69.245018
33.515530 69.236115
33.508286 69.234718
33.504684 69.236618
33.504562 69.237038
33.502586 69.243919
33.501663 69.244377
33.498783 69.245819
33.478786 69.247520
33.470886 69.246124
33.451778 69.236694
33.446686 69.235413
33.401684 69.224121
33.390472 69.222443
33.371193 69.224358
33.350750 69.222641
33.290165 69.221558
33.281925 69.217445
33.289986 69.213219
33.300640 69.212334
33.332054 69.213837
33.363556 69.210220
33.368984 69.210518
33.378883 69.210922
33.403385 69.215622
33.409786 69.215424
33.411556 69.212303
33.389584 69.193024
33.390778 69.184860
33.398529 69.183441
33.413418 69.187141
33.422112 69.192863
33.423416 69.202057
33.433334 69.208862
33.439278 69.210335
33.448471 69.210442
33.460835 69.206413
33.462048 69.206276
33.479385 69.204323
33.489086 69.201622
33.506184 69.194420
33.511185 69.192322
33.511585 69.189323
33.501385 69.184021
33.493984 69.180222
33.483887 69.170418
33.481483 69.162918
33.490986 69.153221
33.487526 69.150192
33.470783 69.146622
33.430862 69.143585
33.413383 69.139824
33.411835 69.136696
33.418385 69.130219
33.406586 69.126122
33.401218 69.119301
33.394386 69.110619
33.389526 69.108643
33.376286 69.109520
33.372078 69.108246
33.371685 69.108124
33.365696 69.102470
33.350861 69.097389
33.335785 69.095322
33.306984 69.091324
33.292862 69.092918
33.288307 69.091583
33.283485 69.085617
33.267685 69.081322
33.245586 69.078522
33.204693 69.079636
33.158195 69.074669
33.147640 69.071609
33.121185 69.074417
33.113964 69.072983
33.065994 69.063454
33.056786 69.061623
33.045887 69.056557
33.044998 69.050583
33.048401 69.049988
33.075485 69.045219
33.089985 69.049919
33.119129 69.052658
33.119785 69.052719
33.122093 69.053261
33.154083 69.060822
33.178612 69.059860
33.202484 69.058922
33.207169 69.053993
33.211384 69.053322
33.219486 69.059517
33.235683 69.056618
33.246395 69.057831
33.255527 69.058861
33.265335 69.052383
33.266785 69.051422
33.276859 69.050804
33.285751 69.054420
33.298985 69.070923
33.314484 69.073517
33.333229 69.075935
33.333591 69.075981
33.333885 69.076019
33.334530 69.075989
33.349686 69.075218
33.364285 69.069122
33.376286 69.068619
33.394684 69.075623
33.411686 69.078720
33.445686 69.080521
33.460087 69.080124
33.464287 69.080017
33.469486 69.084221
33.469299 69.085510
33.468784 69.089020
33.464584 69.092140
33.453110 69.100670
33.450638 69.106140
33.455612 69.110947
33.490383 69.115417
33.502983 69.120018
33.510975 69.127922
33.521725 69.138550
33.522709 69.139526
33.535984 69.145721
33.549286 69.147423
33.555958 69.142563
33.576885 69.127319
33.587086 69.135918
33.585884 69.142517
33.573456 69.155876
33.569786 69.159821
33.571751 69.170113
33.584583 69.187859
33.589352 69.186951
33.595284 69.185822
33.626785 69.174721
33.635445 69.174660
33.636684 69.174652
33.639385 69.179024
33.639286 69.179054
33.591686 69.194122
33.589245 69.195091
33.574783 69.200821
33.568863 69.205803
33.572685 69.218521
33.567348 69.227501
33.566422 69.229057
33.564186 69.232819
33.565865 69.233833
33.570751 69.236778
33.586185 69.241318
33.590786 69.243721
33.622185 69.259521
33.619083 69.262520
33.609783 69.263519
33.593784 69.260323
33.575722 69.251778
33.565384 69.249420
33.564137 69.249535
33.557251 69.250168
33.552586 69.253922
33.557980 69.274597
33.560284 69.283424
33.564751 69.289612
33.574276 69.292946
33.608944 69.297920
33.638306 69.295113
33.655582 69.296555
33.666973 69.296059
33.680611 69.289360
33.697987 69.295219
33.713184 69.295418
33.731483 69.299118
33.731922 69.299065
33.741585 69.297821
33.718620 69.286263
33.694485 69.274124
33.702984 69.270317
33.719501 69.273170
33.729866 69.265602
33.729984 69.265518
33.736721 69.264610
33.741684 69.265419
33.744610 69.268524
33.748417 69.281029
33.756786 69.284424
33.790695 69.289085
33.790985 69.289124
33.791279 69.289124
33.804985 69.289024
33.806686 69.284622
33.814610 69.282303
33.836185 69.267021
33.839481 69.262337
33.839985 69.261620
33.836285 69.255722
33.840786 69.251617
33.853085 69.250320
33.869286 69.251320
33.873386 69.252922
33.873886 69.256317
33.870926 69.259476
33.860386 69.270721
33.827785 69.287521
33.821484 69.293022
33.821983 69.300423
33.826183 69.303421
33.843185 69.303223
33.854885 69.300522
33.877186 69.295418
33.901985 69.295120
33.933109 69.300781
33.945251 69.307640
33.951778 69.308830
33.971973 69.307281
34.021885 69.299820
34.086834 69.293587
34.118389 69.299835
34.152390 69.297081
34.177555 69.297501
34.184177 69.298004
34.195332 69.298859
34.217388 69.293419
34.246685 69.290520
34.286686 69.289124
34.367474 69.289253
34.394611 69.292030
34.401222 69.290886
34.410286 69.285820
34.408859 69.280807
34.395584 69.274521
34.368286 69.266617
34.364586 69.264519
34.367386 69.261322
34.373821 69.261917
34.409485 69.265221
34.457787 69.261124
34.488224 69.251945
34.496666 69.249390
34.508686 69.249718
34.522484 69.254623
34.531315 69.254486
34.541985 69.254318
34.563026 69.251976
34.575485 69.247124
34.585983 69.245918
34.598984 69.248322
34.617386 69.247017
34.635086 69.238823
34.640587 69.226318
34.647785 69.225121
34.660446 69.238388
34.670166 69.239334
34.732666 69.227943
34.781082 69.223114
34.795185 69.220222
34.799084 69.216721
34.792984 69.213821
34.792057 69.209969
34.814861 69.215553
34.873859 69.217857
34.887917 69.216858
34.896557 69.216225
34.907749 69.212860
34.909611 69.206886
34.906185 69.199722
34.908283 69.193024
34.914055 69.190498
34.920086 69.191917
34.936283 69.204323
34.949387 69.199623
34.953415 69.200943
34.953945 69.205330
34.959885 69.210022
34.967285 69.211624
34.974785 69.210823
34.979687 69.209023
34.978222 69.201942
34.968582 69.193085
34.945385 69.186821
34.934277 69.181114
34.924667 69.171997
34.924583 69.171921
34.924583 69.168320
34.924786 69.164322
34.929249 69.160721
34.935417 69.160057
34.938557 69.160698
34.942081 69.161446
35.000000 69.201057
35.008778 69.203941
35.014584 69.205818
35.022480 69.206543
35.033184 69.207520
35.033657 69.207497
35.050484 69.206718
35.062584 69.199303
35.073284 69.197319
35.088684 69.199066
35.093586 69.199623
35.113686 69.199318
35.127884 69.195419
35.132999 69.190636
35.128056 69.163971
35.128109 69.163864
35.149487 69.120621
35.158806 69.120888
35.162483 69.122719
35.164387 69.139618
35.163128 69.141220
35.151184 69.156418
35.152786 69.160324
35.168026 69.164803
35.174187 69.166618
35.177486 69.170120
35.173336 69.171150
35.161385 69.174118
35.154484 69.177917
35.174786 69.181320
35.185486 69.186317
35.202084 69.190018
35.213287 69.188843
35.218185 69.188324
35.237278 69.180641
35.248085 69.178886
35.252884 69.180420
35.254086 69.183823
35.254631 69.183952
35.269390 69.187363
35.275833 69.193863
35.268684 69.203018
35.259083 69.206779
35.220184 69.213120
35.177521 69.225967
35.151417 69.233833
35.150684 69.237122
35.157684 69.241318
35.166084 69.242119
35.175552 69.242104
35.199520 69.242073
35.230415 69.242027
35.237446 69.246170
35.253719 69.243729
35.267784 69.241623
35.279686 69.239822
35.289757 69.240761
35.293587 69.241119
35.303284 69.239624
35.349583 69.227806
35.369083 69.217522
35.382084 69.216019
35.399361 69.222000
35.406307 69.222641
35.446835 69.220055
35.462582 69.215614
35.473862 69.218025
35.480404 69.217690
35.503185 69.216522
35.537086 69.211624
35.560974 69.201477
35.561863 69.201279
35.595886 69.193619
35.615891 69.199554
35.655247 69.194984
35.664387 69.193924
35.668941 69.191864
35.679886 69.186920
35.685883 69.188042
35.701286 69.190918
35.738285 69.183624
35.741795 69.181740
35.757084 69.173523
35.781750 69.170914
35.786285 69.168724
35.786484 69.164719
35.797585 69.155922
35.788486 69.152817
35.772305 69.153168
35.764915 69.150948
35.770557 69.144890
35.761784 69.139023
35.757137 69.128166
35.743446 69.113113
35.743286 69.106323
35.755444 69.088585
35.774086 69.074020
35.775860 69.068275
35.778084 69.060120
35.774445 69.047607
35.778885 69.029022
35.772083 69.022087
35.763386 69.018524
35.732285 69.012321
35.724586 69.009117
35.727306 69.006142
35.780087 69.015823
35.788784 69.021721
35.791885 69.030121
35.791443 69.061691
35.801586 69.069717
35.806526 69.073608
35.807587 69.078621
35.771778 69.098274
35.768387 69.103424
35.795685 69.142021
35.802502 69.145691
35.819973 69.148552
35.825279 69.151863
35.811085 69.165123
35.811657 69.165604
35.816418 69.169609
35.805485 69.178619
35.812916 69.181305
35.818943 69.183441
35.824799 69.180855
35.843185 69.172722
35.874786 69.165321
35.889385 69.159019
35.914917 69.139725
35.925385 69.137520
35.938984 69.143723
35.957684 69.137817
35.999985 69.128021
36.016918 69.126358
36.023335 69.123749
36.036388 69.115555
36.039196 69.112526
36.041611 69.109947
36.043968 69.100380
36.043839 69.099892
36.040684 69.088120
36.045776 69.082726
36.052086 69.083420
36.066082 69.091583
36.067886 69.098824
36.069221 69.104500
36.046284 69.131218
36.048138 69.133583
36.060307 69.135750
36.079166 69.130836
36.082695 69.127892
36.080284 69.120621
36.078835 69.116142
36.082668 69.113609
36.099384 69.110321
36.112640 69.109779
36.115685 69.114822
36.151585 69.115120
36.165684 69.108719
36.183167 69.105919
36.199890 69.098000
36.210484 69.097221
36.209084 69.106781
36.214066 69.107033
36.216167 69.107140
36.226166 69.101891
36.231087 69.093018
36.244484 69.094124
36.254185 69.097519
36.258976 69.097839
36.259094 69.097847
36.261723 69.098053
36.271862 69.096252
36.285484 69.096924
36.299786 69.092018
36.305168 69.088837
36.320000 69.080170
36.318474 69.074417
36.306862 69.074112
36.277863 69.081055
36.262581 69.082176
36.261971 69.082222
36.248917 69.078781
36.252983 69.076721
36.276085 69.073921
36.304184 69.065620
36.313446 69.059753
36.326221 69.056335
36.336056 69.051277
36.351185 69.035820
36.356804 69.036636
36.361946 69.041054
36.372986 69.041321
36.365639 69.050583
36.370102 69.050812
36.372723 69.050941
36.383221 69.047554
36.407722 69.027557
36.430332 69.035553
36.456444 69.028557
36.477917 69.028221
36.492485 69.024521
36.507862 69.016693
36.525185 69.014824
36.529945 69.012581
36.530685 69.009422
36.521778 68.998306
36.532833 69.000359
36.551086 69.009018
36.555984 69.009323
36.575386 69.010521
36.585785 69.001617
36.616306 68.999191
36.624184 68.996422
36.637787 68.983818
36.682785 68.981422
36.725586 68.968620
36.723446 68.965698
36.708485 68.962723
36.700668 68.958916
36.710686 68.955322
36.741684 68.951820
36.768860 68.945473
36.773785 68.940819
36.773361 68.934998
36.778332 68.933167
36.800110 68.937836
36.809834 68.931747
36.821232 68.915077
36.821884 68.914124
36.840057 68.922028
36.845806 68.922668
36.860500 68.920364
36.878860 68.913719
36.876640 68.908974
36.894485 68.907921
36.904785 68.901619
36.923389 68.901253
36.938194 68.898781
37.011086 68.878418
37.021084 68.874519
37.016361 68.867363
37.036686 68.868721
37.052486 68.865524
37.062683 68.862022
37.064640 68.856750
37.084805 68.855469
37.091362 68.858559
37.098946 68.856918
37.103249 68.854225
37.101444 68.848694
37.104885 68.845520
37.112499 68.843887
37.149986 68.842323
37.160984 68.838524
37.175686 68.838020
37.185986 68.835518
37.221138 68.814499
37.226486 68.804123
37.251286 68.799324
37.284584 68.799118
37.294472 68.796280
37.301785 68.790222
37.303001 68.783081
37.297684 68.777718
37.304222 68.773972
37.313484 68.773224
37.317684 68.781624
37.331184 68.783020
37.342186 68.781120
37.356972 68.775444
37.373333 68.775833
37.383038 68.767647
37.386860 68.764420
37.407585 68.757919
37.435333 68.735748
37.448055 68.733665
37.482277 68.735558
37.488415 68.733391
37.495384 68.726723
37.503586 68.724922
37.513683 68.726624
37.524784 68.724419
37.531185 68.724724
37.539886 68.727921
37.569286 68.718422
37.571945 68.710640
37.557335 68.710167
37.557415 68.706970
37.564610 68.702888
37.558987 68.690117
37.561684 68.688118
37.572918 68.690697
37.590137 68.709526
37.602196 68.706612
37.606884 68.699921
37.624584 68.696808
37.628185 68.688118
37.636890 68.688309
37.640610 68.690552
37.647499 68.691055
37.676998 68.682640
37.679974 68.681808
37.687286 68.672318
37.719887 68.664818
37.727665 68.660614
37.729485 68.655121
37.737389 68.651695
37.749386 68.649719
37.754417 68.650429
37.762184 68.651520
37.769264 68.651222
37.771687 68.651123
37.783638 68.645195
37.797184 68.643524
37.801529 68.641472
37.793785 68.634521
37.777248 68.630554
37.756748 68.628891
37.748985 68.625923
37.773384 68.625519
37.779686 68.626923
37.791985 68.629623
37.801785 68.629723
37.821987 68.622986
37.823086 68.622620
37.829285 68.616020
37.830055 68.607498
37.816486 68.593918
37.821388 68.590919
37.843277 68.603249
37.850445 68.604164
37.866611 68.601501
37.877884 68.596718
37.877251 68.593864
37.883389 68.590500
37.899185 68.591621
37.923786 68.585320
37.952667 68.574196
37.959583 68.572121
37.985695 68.564331
37.994110 68.559723
37.993984 68.554718
38.007946 68.543724
38.003723 68.538223
38.006485 68.536018
38.027748 68.532913
38.030785 68.530319
38.026585 68.523621
38.055832 68.521889
38.070984 68.516724
38.070332 68.513916
38.061386 68.510124
38.083286 68.501419
38.090168 68.489334
38.089169 68.479668
38.094284 68.476021
38.108486 68.482224
38.123386 68.478622
38.132057 68.469276
38.139084 68.470360
38.146687 68.475624
38.150177 68.476395
38.152584 68.476921
38.164986 68.473923
38.212833 68.440918
38.213985 68.427017
38.221416 68.424141
38.228985 68.426323
38.238403 68.436897
38.238686 68.437218
38.265484 68.431122
38.277111 68.424393
38.282284 68.418518
38.277390 68.411026
38.280472 68.409248
38.291027 68.409775
38.299168 68.418335
38.311638 68.419357
38.328030 68.415886
38.331783 68.413818
38.330086 68.406517
38.364784 68.392517
38.366684 68.386421
38.358986 68.371719
38.361660 68.361984
38.361786 68.361519
38.362999 68.357224
38.371593 68.359482
38.371696 68.359512
38.374683 68.363022
38.381886 68.371323
38.382587 68.373245
38.385750 68.381920
38.394627 68.376549
38.413784 68.364922
38.412987 68.358818
38.422943 68.352943
38.424973 68.348892
38.414177 68.340683
38.407387 68.335518
38.414970 68.331055
38.414833 68.327026
38.405945 68.321053
38.414471 68.318031
38.410515 68.307632
38.409786 68.305717
38.413776 68.301025
38.427029 68.299332
38.436722 68.292831
38.444286 68.290520
38.446636 68.295891
38.449612 68.302696
38.448185 68.311920
38.429985 68.323723
38.437012 68.333534
38.440472 68.338364
38.454029 68.345863
38.459278 68.341835
38.455750 68.332611
38.461185 68.330421
38.515785 68.321320
38.525723 68.316612
38.529785 68.308319
38.536945 68.306999
38.548573 68.308289
38.550724 68.308525
38.560173 68.307022
38.561089 68.306511
38.569084 68.302017
38.581783 68.302422
38.589451 68.297142
38.595585 68.292923
38.619751 68.290802
38.628487 68.284019
38.634285 68.283218
38.649086 68.284821
38.659084 68.283119
38.677383 68.275322
38.698029 68.271530
38.704304 68.268555
38.689999 68.264809
38.700584 68.261520
38.710220 68.258583
38.720528 68.257248
38.733166 68.258919
38.740223 68.256584
38.734386 68.249817
38.737686 68.245224
38.753693 68.237526
38.779888 68.244446
38.787167 68.248337
38.783283 68.254219
38.770527 68.260582
38.747890 68.264053
38.744686 68.267220
38.747383 68.271820
38.736721 68.278275
38.718384 68.285019
38.691696 68.291222
38.678986 68.292923
38.664028 68.294975
38.633694 68.295334
38.618832 68.297142
38.604168 68.301720
38.585724 68.314056
38.582748 68.319054
38.589287 68.324417
38.600330 68.327812
38.608486 68.330322
38.618221 68.335777
38.616684 68.352219
38.608944 68.356888
38.609695 68.359726
38.625183 68.360123
38.634884 68.367821
38.643585 68.367821
38.649284 68.365021
38.641685 68.359520
38.646385 68.357323
38.663887 68.349388
38.686485 68.345123
38.706486 68.332924
38.724983 68.329117
38.743702 68.316711
38.758762 68.312485
38.758984 68.312424
38.781666 68.299973
38.788307 68.299614
38.800385 68.306923
38.808937 68.307549
38.813984 68.307922
38.828587 68.305420
38.846359 68.298637
38.859684 68.301117
38.868286 68.300117
38.876884 68.296623
38.881001 68.296776
38.894917 68.297226
38.898151 68.295853
38.898323 68.295776
38.902985 68.293823
38.902485 68.289322
38.925388 68.280693
38.937584 68.277718
38.950584 68.279747
38.956333 68.275528
38.974972 68.271362
38.978668 68.269218
38.974640 68.266357
38.947586 68.270119
38.925186 68.270920
38.902786 68.269417
38.905140 68.265640
38.949806 68.249611
38.970581 68.236237
38.971386 68.235718
39.044685 68.220123
39.054283 68.214523
39.051193 68.208580
39.071384 68.202118
39.081085 68.196121
39.086555 68.186752
39.084972 68.183281
39.074284 68.175117
39.089584 68.172226
39.093140 68.176025
39.105915 68.179642
39.118862 68.178276
39.130112 68.189751
39.134987 68.191818
39.144444 68.192612
39.144737 68.192635
39.147415 68.192863
39.163860 68.188530
39.170807 68.181610
39.189785 68.177620
39.183140 68.173447
39.188110 68.170753
39.247166 68.157387
39.254986 68.149719
39.290722 68.139252
39.299000 68.132805
39.324085 68.126823
39.327610 68.120308
39.332787 68.118217
39.348557 68.116447
39.364582 68.110474
39.384686 68.105019
39.419483 68.085617
39.462639 68.076027
39.481777 68.070053
39.564667 68.037804
39.579685 68.033920
39.598499 68.033333
39.606030 68.027885
39.611687 68.023819
39.641884 68.019119
39.655384 68.010124
39.665943 68.010223
39.665184 68.015518
39.643684 68.023621
39.622723 68.036224
39.620186 68.040817
39.628284 68.047722
39.647778 68.048080
39.654026 68.053253
39.661530 68.053108
39.686787 68.042717
39.697472 68.032837
39.727139 68.028084
39.752384 68.026024
39.759472 68.025665
39.773418 68.032669
39.789276 68.034027
39.817081 68.031136
39.844635 68.033096
39.832287 68.045120
39.818668 68.061943
39.812527 68.069527
39.786888 68.101059
39.783485 68.115120
39.773277 68.125084
39.752285 68.135323
39.748486 68.139320
39.743999 68.159302
39.753250 68.160057
39.763313 68.157166
39.774586 68.153923
39.781971 68.149246
39.783943 68.141029
39.791195 68.139221
39.795986 68.138023
39.826946 68.130302
39.837086 68.122917
39.838360 68.118668
39.832722 68.110779
39.840286 68.106819
39.860001 68.104248
39.868332 68.100975
39.917286 68.064919
39.935501 68.045776
39.943287 68.035423
39.975582 67.992531
39.984306 67.985695
39.995884 67.980820
39.999985 67.980118
40.008484 67.978622
40.022221 67.978584
40.031277 67.980919
40.034485 67.984619
40.026886 67.991417
40.031811 67.991684
40.034637 67.991837
40.044834 67.986473
40.061184 67.981720
40.073185 67.965523
40.085884 67.960518
40.133965 67.942581
40.155285 67.934624
40.164387 67.934120
40.167885 67.935921
40.169746 67.935974
40.175194 67.936142
40.182587 67.933456
40.185139 67.932526
40.198486 67.933319
40.199146 67.933014
40.203087 67.931221
40.199387 67.926018
40.202278 67.924194
40.221584 67.924721
40.225388 67.920586
40.232285 67.918022
40.223186 67.911919
40.227386 67.909424
40.248386 67.912224
40.256084 67.915222
40.263485 67.915024
40.255833 67.908058
40.252220 67.896637
40.252087 67.896217
40.221863 67.880722
40.220886 67.880219
40.237583 67.881821
40.257484 67.888718
40.264397 67.889198
40.272778 67.889778
40.281860 67.897247
40.289028 67.899055
40.300251 67.898697
40.307285 67.895721
40.303780 67.889969
40.292545 67.881401
40.289684 67.879219
40.294586 67.877518
40.302784 67.878220
40.303291 67.878433
40.309986 67.881218
40.326786 67.891724
40.334286 67.891319
40.355305 67.885002
40.370724 67.887253
40.379543 67.885475
40.380283 67.885323
40.390785 67.880623
40.387310 67.872757
40.382786 67.862518
40.387554 67.859833
40.399189 67.861633
40.399918 67.861748
40.411861 67.854279
40.403484 67.851624
40.408184 67.846321
40.405029 67.843781
40.395683 67.843422
40.380749 67.838806
40.388287 67.833122
40.384285 67.830124
40.370785 67.827118
40.366386 67.830017
40.369362 67.835777
40.363483 67.837418
40.361740 67.838547
40.348484 67.847122
40.335472 67.845558
40.316917 67.849831
40.314980 67.849518
40.307556 67.848305
40.301785 67.845123
40.301674 67.844757
40.299885 67.838722
40.284721 67.838448
40.278973 67.837135
40.308250 67.824532
40.349724 67.801109
40.378685 67.787918
40.400784 67.773323
40.411945 67.757690
40.412285 67.757217
40.425049 67.751884
40.425186 67.751823
40.425335 67.751831
40.432285 67.752022
40.446140 67.760582
40.448772 67.761284
40.452778 67.762360
40.456413 67.756706
40.462383 67.747421
40.478184 67.744324
40.492279 67.736641
40.491112 67.731934
40.490887 67.731018
40.478214 67.722374
40.471386 67.717720
40.492527 67.718781
40.503307 67.721970
40.516109 67.729248
40.523056 67.728836
40.545502 67.720970
40.547916 67.724113
40.544785 67.733421
40.530186 67.738617
40.573685 67.754524
40.577885 67.761124
40.564186 67.765320
40.570526 67.771774
40.571087 67.778320
40.555435 67.789589
40.554985 67.789917
40.555321 67.790131
40.558777 67.792358
40.574085 67.793419
40.580860 67.796165
40.590889 67.797333
40.593304 67.793892
40.587486 67.790024
40.590485 67.787621
40.607685 67.794518
40.616085 67.794624
40.624485 67.787918
40.625721 67.780640
40.629139 67.778641
40.635883 67.778824
40.638584 67.785324
40.632084 67.791122
40.630283 67.794418
40.634304 67.797585
40.653168 67.797638
40.664555 67.795280
40.675785 67.789124
40.692749 67.769890
40.692982 67.769089
40.693050 67.768852
40.696186 67.758118
40.702137 67.753754
40.720966 67.754265
40.723362 67.754333
40.724133 67.752617
40.727184 67.745819
40.738651 67.745049
40.746487 67.744522
40.754585 67.742523
40.755112 67.740364
40.757385 67.731018
40.778751 67.721695
40.803986 67.717918
40.820286 67.715424
40.835484 67.716621
40.872349 67.723938
40.882637 67.725975
40.896328 67.726715
40.898499 67.726830
40.906193 67.724472
40.909786 67.720322
40.907429 67.710495
40.907387 67.710320
40.916183 67.704819
40.918636 67.706215
40.931686 67.713623
40.940483 67.706917
40.953335 67.706024
40.965286 67.703323
40.963284 67.699020
40.974110 67.696442
40.971554 67.685196
40.974384 67.680420
40.985985 67.675819
40.989834 67.669724
41.005085 67.665222
41.006584 67.656921
41.015530 67.655251
41.021332 67.652191
41.024586 67.643417
41.037083 67.637779
41.042385 67.624817
41.013584 67.593117
41.022362 67.586281
41.017487 67.577118
40.997585 67.564919
40.991512 67.562813
40.980583 67.559021
40.977165 67.554306
40.978184 67.550819
40.978439 67.550652
40.980545 67.549255
41.002586 67.534622
41.004581 67.530609
40.998386 67.513817
41.010029 67.507530
40.993446 67.482445
40.976646 67.465210
40.975487 67.464020
40.985138 67.458809
40.963387 67.450523
40.950985 67.442322
40.959187 67.438423
40.995686 67.455421
40.999767 67.456085
41.004887 67.456917
41.015484 67.454918
41.043335 67.443726
41.065056 67.442139
41.080139 67.437584
41.085186 67.430923
41.087086 67.415817
41.109985 67.409317
41.113186 67.404922
41.112686 67.401321
41.110683 67.387520
41.102833 67.362526
41.112167 67.343803
41.112286 67.336517
41.087284 67.307823
41.095886 67.300919
41.092861 67.286697
41.087383 67.279121
41.078785 67.269119
41.078197 67.267090
41.077286 67.263924
41.075184 67.256218
41.081444 67.251808
41.100586 67.246918
41.104492 67.242668
41.114086 67.232224
41.131386 67.222618
41.163883 67.216019
41.208668 67.210724
41.225418 67.206665
41.246193 67.198448
41.256786 67.198822
41.266685 67.203918
41.267502 67.207497
41.255249 67.217247
41.251884 67.219917
41.253586 67.223824
41.263885 67.223518
41.272556 67.220642
41.277363 67.212776
41.286972 67.213081
41.293327 67.217102
41.298248 67.220222
41.304527 67.219780
41.310184 67.218323
41.317184 67.208519
41.338360 67.201942
41.341778 67.196587
41.338978 67.190063
41.336987 67.185417
41.328556 67.176086
41.298786 67.153519
41.292751 67.141724
41.324417 67.125359
41.334084 67.122498
41.352486 67.123718
41.361885 67.121620
41.370499 67.121666
41.373722 67.115303
41.381184 67.112724
41.378685 67.108223
41.362499 67.102219
41.364685 67.098923
41.354473 67.094696
41.341984 67.079323
41.323776 67.077805
41.326687 67.068024
41.339630 67.049347
41.339787 67.049118
41.345985 67.021324
41.336834 67.004059
41.336582 66.981476
41.331585 66.979820
41.325787 66.982124
41.303375 66.981125
41.297001 66.978943
41.287498 66.985359
41.277306 66.983360
41.272694 66.982666
41.259972 66.980751
41.254696 66.978470
41.255833 66.975166
41.269417 66.968170
41.290249 66.950470
41.289139 66.946442
41.267361 66.933609
41.253586 66.921219
41.249786 66.910324
41.230385 66.892220
41.229286 66.888222
41.240086 66.883423
41.232883 66.872322
41.232445 66.856277
41.200684 66.817719
41.156284 66.795517
41.110085 66.762817
41.104332 66.760750
41.083694 66.749695
41.078384 66.742119
41.045784 66.733719
41.024750 66.721054
40.994640 66.714226
40.981888 66.707970
40.950447 66.687355
40.925983 66.671318
40.902668 66.666862
40.871082 66.651970
40.837166 66.634003
40.828087 66.624718
40.814251 66.616028
40.777443 66.598053
40.756973 66.591309
40.728321 66.585533
40.726784 66.585220
40.710384 66.577118
40.700287 66.567818
40.697285 66.557320
40.698212 66.547348
40.698986 66.539024
40.690987 66.528419
40.677193 66.521248
40.651165 66.517754
40.628269 66.509666
40.620785 66.507019
40.594986 66.508522
40.581085 66.492424
40.568394 66.485237
40.565884 66.483818
40.568787 66.478622
40.564285 66.468018
40.567814 66.466637
40.577084 66.463020
40.549686 66.444717
40.531834 66.435524
40.509785 66.428024
40.503555 66.426620
40.502686 66.426422
40.470123 66.410667
40.468586 66.409920
40.436485 66.401817
40.388805 66.382698
40.372684 66.378319
40.352783 66.378723
40.336796 66.380646
40.332001 66.381226
40.319283 66.379738
40.324486 66.376221
40.320084 66.372124
40.309750 66.372108
40.306416 66.375664
40.309986 66.380417
40.299984 66.383423
40.294785 66.380119
40.286304 66.375252
40.284973 66.368416
40.273483 66.363518
40.260971 66.361359
40.255020 66.358498
40.242184 66.352318
40.229786 66.348724
40.217751 66.347778
40.225685 66.341324
40.218166 66.337692
40.191586 66.336220
40.179863 66.333336
40.166000 66.328308
40.154884 66.318619
40.143028 66.312363
40.124210 66.308266
40.118484 66.307022
40.110806 66.302612
40.109982 66.301437
40.101887 66.289917
40.091915 66.283943
40.056446 66.277557
40.023277 66.260361
40.000000 66.252724
39.993984 66.250717
39.986286 66.250420
39.976086 66.252617
39.968487 66.251923
39.954384 66.246422
39.939083 66.244019
39.922401 66.243187
39.907185 66.242424
39.864285 66.231522
39.840786 66.229820
39.839920 66.229599
39.799686 66.219421
39.734585 66.205223
39.728184 66.205124
39.663418 66.199913
39.620483 66.194321
39.582386 66.187622
39.524185 66.184319
39.493687 66.179619
39.472687 66.178024
39.466187 66.180618
39.462486 66.176521
39.427822 66.167923
39.398785 66.160721
39.339611 66.152916
39.292187 66.144119
39.255184 66.135124
39.198193 66.127052
39.186554 66.117500
39.175571 66.112297
39.172684 66.110924
39.156029 66.109612
39.139687 66.103317
39.120609 66.095970
39.106785 66.092819
39.065083 66.098473
39.031113 66.101059
39.000168 66.101059
38.923897 66.098198
38.918045 66.097984
38.894886 66.097122
38.845779 66.090446
38.831444 66.088417
38.812519 66.078438
38.799984 66.071823
38.726086 66.060318
38.675083 66.053619
38.668385 66.055519
38.654785 66.052917
38.644283 66.055519
38.639187 66.054924
38.605862 66.052696
38.602783 66.052719
38.548286 66.053024
38.533985 66.048820
38.522861 66.048553
38.492363 66.055252
38.474972 66.053558
38.461693 66.050392
38.454304 66.050415
38.432278 66.055748
38.426895 66.052345
38.426682 66.052208
38.421585 66.049019
38.415222 66.047920
38.403557 66.049835
38.387386 66.046623
38.354183 66.051521
38.343086 66.050117
38.337685 66.047821
38.325554 66.048752
38.316971 66.043915
38.296223 66.046333
38.280109 66.045113
38.225784 66.056519
38.185642 66.062386
38.134087 66.069923
38.109585 66.068619
38.103485 66.065918
38.092587 66.066124
38.043640 66.074280
38.036057 66.075531
38.016724 66.074837
38.004333 66.070892
37.982586 66.074219
37.954784 66.072823
37.937984 66.078117
37.927185 66.075821
37.916721 66.076225
37.897984 66.080521
37.891003 66.082283
37.884483 66.083923
37.870285 66.081818
37.827484 66.098221
37.809082 66.096558
37.764721 66.106834
37.752388 66.107864
37.739166 66.104614
37.747383 66.100822
37.744415 66.098831
37.735683 66.098518
37.690987 66.109619
37.678391 66.106972
37.665638 66.111969
37.651417 66.112831
37.611252 66.130417
37.593056 66.135330
37.570721 66.132553
37.554111 66.134224
37.549278 66.140030
37.536785 66.143417
37.531166 66.147781
37.502388 66.159058
37.396641 66.184525
37.350685 66.195518
37.321693 66.200996
37.285667 66.204636
37.217186 66.217621
37.165611 66.231194
37.120586 66.240623
37.112083 66.241821
37.096786 66.240723
37.060684 66.250122
36.929695 66.268776
36.922333 66.269554
36.907249 66.268890
36.876884 66.275520
36.820751 66.280197
36.768547 66.282494
36.706055 66.285248
36.686695 66.284248
36.624138 66.280998
36.581444 66.283554
36.537388 66.279335
36.492683 66.282822
36.444386 66.290123
36.382526 66.294693
36.363785 66.296021
36.217331 66.314919
36.181686 66.319519
36.155186 66.318718
36.088486 66.332520
36.037918 66.338974
36.028610 66.339668
36.023304 66.340057
35.998985 66.335617
35.968807 66.341003
35.938885 66.346924
35.919006 66.348534
35.909286 66.349319
35.862999 66.347557
35.827785 66.350121
35.804222 66.358307
35.755283 66.361420
35.726086 66.367722
35.694286 66.369324
35.668285 66.370621
35.642284 66.370018
35.603386 66.375519
35.587185 66.376923
35.576286 66.375923
35.527161 66.381760
35.519886 66.382622
35.477943 66.389275
35.462086 66.393417
35.450611 66.399536
35.437084 66.406754
35.422695 66.408226
35.419052 66.407959
35.414230 66.407608
35.410187 66.407318
35.403332 66.406807
35.383587 66.409119
35.362583 66.414719
35.350998 66.421829
35.349384 66.422821
35.348667 66.422981
35.342587 66.424324
35.342594 66.425941
35.342609 66.429916
35.347687 66.436218
35.335918 66.457306
35.326416 66.462555
35.307083 66.459030
35.281784 66.460922
35.279697 66.461533
35.264431 66.465973
35.254986 66.468719
35.246559 66.468956
35.242863 66.469055
35.217888 66.462502
35.210983 66.463821
35.186417 66.478455
35.183784 66.480019
35.172787 66.492622
35.165985 66.495323
35.156555 66.496277
35.147861 66.500969
35.130280 66.501945
35.097584 66.508820
35.097397 66.508934
35.091385 66.512619
35.091316 66.513420
35.090973 66.517555
35.082806 66.521027
35.066887 66.525322
35.015186 66.546623
35.000000 66.551613
34.970165 66.561447
34.925083 66.584419
34.908638 66.587891
34.866486 66.588921
34.849667 66.591698
34.829418 66.597969
34.815334 66.597946
34.788418 66.595665
34.766285 66.597221
34.717686 66.591019
34.711815 66.590141
34.711723 66.590126
34.711380 66.589813
34.705585 66.584518
34.706196 66.575165
34.699139 66.569221
34.691185 66.569618
34.686184 66.567917
34.684784 66.563820
34.645916 66.555031
34.623055 66.547752
34.602943 66.546082
34.568985 66.545921
34.526703 66.537811
34.525185 66.537521
34.496185 66.535622
34.483612 66.537247
34.474586 66.542618
34.469833 66.552086
34.459785 66.555717
34.451973 66.558586
34.430000 66.569832
34.418587 66.578819
34.405750 66.580086
34.398140 66.584862
34.394917 66.602333
34.387085 66.610321
34.388248 66.617500
34.394527 66.631668
34.428249 66.632332
34.428425 66.632294
34.439884 66.629822
34.451984 66.631920
34.479485 66.627022
34.485985 66.626823
34.489285 66.626617
34.489960 66.626717
34.509514 66.629639
34.434471 66.645111
34.396305 66.647362
34.397587 66.653519
34.381279 66.661087
34.377384 66.666023
34.379486 66.669121
34.384304 66.676140
34.384621 66.676598
34.378185 66.685120
34.377747 66.685081
34.373585 66.684723
34.373249 66.678497
34.372986 66.670723
34.372803 66.670532
34.361286 66.658623
34.354137 66.657112
34.342983 66.657021
34.333786 66.662422
34.312984 66.664223
34.303085 66.666618
34.278584 66.663322
34.259140 66.665527
34.248112 66.664497
34.245087 66.666824
34.246555 66.677193
34.260082 66.684525
34.257751 66.687057
34.246918 66.686470
34.233891 66.682587
34.225487 66.676018
34.224297 66.670326
34.224087 66.669319
34.219139 66.666473
34.209084 66.667519
34.207287 66.676018
34.202805 66.678886
34.190109 66.680557
34.185780 66.686226
34.160610 66.685081
34.160187 66.681618
34.164639 66.677582
34.169186 66.673523
34.160057 66.671638
34.147221 66.674248
34.119686 66.673019
34.110886 66.675323
34.136585 66.683891
34.144279 66.687721
34.161221 66.708527
34.174786 66.718422
34.182983 66.732018
34.196499 66.741692
34.197586 66.747620
34.195675 66.749123
34.187786 66.755318
34.186184 66.759521
34.182888 66.767586
34.180984 66.772423
34.177284 66.781517
34.169086 66.784019
34.168983 66.775017
34.168884 66.769623
34.168610 66.750999
34.172077 66.744774
34.172386 66.744217
34.170586 66.740417
34.162415 66.736732
34.154186 66.733017
34.152905 66.728767
34.147186 66.709824
34.141693 66.703247
34.134602 66.700272
34.127087 66.697121
34.120785 66.696220
34.112083 66.697823
34.095886 66.708122
34.092186 66.705322
34.105835 66.695381
34.106186 66.695122
34.109665 66.692642
34.106918 66.689362
34.077805 66.679916
34.071556 66.685280
34.070168 66.700943
34.062485 66.709419
34.067055 66.714195
34.080486 66.720123
34.077385 66.724823
34.071445 66.728523
34.057888 66.736969
34.052891 66.737556
34.049641 66.735725
34.063526 66.722832
34.063168 66.719582
34.048485 66.708321
34.049557 66.701080
34.049713 66.700066
34.051186 66.690521
34.048084 66.687721
34.037140 66.684525
34.036503 66.684494
33.998283 66.682823
33.984734 66.683502
33.978249 66.683830
33.962387 66.681305
33.948471 66.685364
33.933250 66.684135
33.928684 66.685623
33.919987 66.692123
33.918186 66.702019
33.912785 66.706818
33.917694 66.711082
33.913971 66.716942
33.915279 66.724747
33.907665 66.728554
33.899773 66.724808
33.897888 66.723915
33.898384 66.717422
33.890686 66.714722
33.869785 66.714119
33.868279 66.710777
33.875084 66.705620
33.881306 66.699722
33.878284 66.697021
33.868183 66.699120
33.850250 66.714890
33.834141 66.718140
33.828278 66.732056
33.822529 66.737358
33.833687 66.743721
33.833385 66.746819
33.822987 66.752220
33.834435 66.757729
33.842609 66.761665
33.834057 66.763443
33.825275 66.762009
33.808613 66.759277
33.785610 66.766747
33.780083 66.766220
33.787884 66.758331
33.788784 66.757423
33.783386 66.751823
33.775684 66.752823
33.761417 66.765610
33.739384 66.771019
33.729973 66.776108
33.721485 66.786919
33.701752 66.797890
33.698383 66.804619
33.698917 66.805161
33.706085 66.812424
33.705585 66.816422
33.695786 66.816917
33.689083 66.813919
33.683735 66.804092
33.681686 66.800323
33.675686 66.798820
33.660278 66.801109
33.649086 66.808823
33.644108 66.817924
33.635685 66.833321
33.631779 66.840416
33.626083 66.844017
33.621487 66.844719
33.615986 66.843521
33.620014 66.828415
33.623184 66.816521
33.614056 66.805580
33.613785 66.801117
33.627834 66.790665
33.624695 66.787636
33.615696 66.785942
33.600285 66.794724
33.578583 66.797417
33.585983 66.804520
33.586208 66.806320
33.586685 66.810120
33.578587 66.818123
33.554787 66.824219
33.549885 66.822418
33.547832 66.819115
33.554184 66.809822
33.553196 66.801086
33.559284 66.799019
33.559776 66.792252
33.571251 66.787720
33.577526 66.773109
33.596886 66.757622
33.604687 66.754021
33.610786 66.754524
33.605385 66.760719
33.606552 66.761322
33.609283 66.762718
33.619549 66.754929
33.619686 66.754822
33.642384 66.747818
33.638474 66.741837
33.643501 66.738693
33.634686 66.737518
33.622841 66.739677
33.622585 66.739723
33.622311 66.739838
33.616562 66.742172
33.597485 66.749924
33.566784 66.768822
33.556286 66.771622
33.552685 66.770020
33.568554 66.759834
33.584389 66.742920
33.593086 66.741318
33.612850 66.733665
33.613483 66.733421
33.612610 66.733292
33.607224 66.732475
33.596287 66.734123
33.589787 66.738121
33.573986 66.739517
33.550667 66.755081
33.542915 66.760246
33.538944 66.760559
33.536888 66.758614
33.570484 66.730423
33.584526 66.726418
33.606186 66.722961
33.610184 66.722321
33.634686 66.714218
33.639194 66.709969
33.636189 66.705811
33.623486 66.707619
33.611984 66.711922
33.602909 66.717659
33.598278 66.720581
33.583946 66.722527
33.569557 66.727028
33.561916 66.725723
33.567417 66.719559
33.567986 66.718918
33.561985 66.716919
33.541386 66.719322
33.539173 66.718658
33.537384 66.718117
33.537643 66.717812
33.539684 66.715424
33.526054 66.712502
33.516972 66.713142
33.502724 66.725754
33.486183 66.730621
33.463985 66.733620
33.461445 66.740974
33.450863 66.742165
33.441528 66.740280
33.437286 66.739418
33.427776 66.739166
33.390785 66.754723
33.323582 66.778000
33.308556 66.786469
33.276085 66.794022
33.199387 66.817223
33.190483 66.819923
33.164986 66.833023
33.125084 66.858917
33.109783 66.865723
33.050186 66.883018
33.026653 66.887711
33.009998 66.891029
32.990082 66.898140
32.977917 66.904442
32.851784 66.969421
32.800694 67.008583
32.791584 67.015556
32.786785 67.026520
32.790585 67.055023
32.795284 67.056320
32.816277 67.055389
32.827999 67.060669
32.842686 67.064323
32.938213 67.078156
32.951557 67.080086
32.955727 67.082695
32.963196 67.087364
32.958000 67.086777
32.921997 67.082550
32.869785 67.076424
32.827721 67.073891
32.789028 67.073608
32.761684 67.074921
32.741360 67.078804
32.714287 67.091919
32.703167 67.093781
32.694984 67.098221
32.692284 67.100319
32.672806 67.103844
32.671722 67.104042
32.629860 67.117249
32.617416 67.118752
32.578957 67.116837
32.576721 67.116722
32.554985 67.117424
32.527485 67.112617
32.514252 67.115135
32.505779 67.114754
32.515915 67.104836
32.509777 67.104309
32.491501 67.108948
32.476917 67.109642
32.437084 67.116722
32.426285 67.125320
32.413784 67.126518
32.402084 67.128220
32.401291 67.128906
32.385185 67.142822
32.382339 67.144539
32.368973 67.152611
32.367966 67.153221
32.359783 67.153923
32.349686 67.154221
32.345184 67.154320
32.327888 67.153725
32.327583 67.153717
32.314484 67.147217
32.321472 67.139252
32.316151 67.135315
32.315483 67.134819
32.309185 67.133820
32.305984 67.134224
32.296185 67.135521
32.290497 67.137352
32.289551 67.137657
32.280384 67.140617
32.276333 67.137886
32.281883 67.129623
32.277748 67.126694
32.251385 67.127518
32.241360 67.127777
32.227833 67.129639
32.169304 67.137749
32.153446 67.138252
32.150028 67.137085
32.138084 67.114624
32.133778 67.112198
32.128883 67.109421
32.118999 67.108444
32.115833 67.106392
32.111786 67.103821
32.104584 67.104919
32.097694 67.109108
32.093987 67.111320
32.077686 67.112122
32.063984 67.110420
32.050472 67.110725
31.994944 67.124947
31.930084 67.136620
31.889559 67.137764
31.887783 67.137817
31.872442 67.133858
31.871944 67.133728
31.870247 67.133293
31.854088 67.129120
31.863186 67.127922
31.873882 67.129623
31.882385 67.128624
31.887415 67.126274
31.888754 67.126266
31.900446 67.126198
31.915478 67.127258
31.932194 67.128441
31.939499 67.127861
31.942587 67.127617
31.946686 67.122917
31.961914 67.114891
31.957685 67.113541
31.954485 67.112518
31.944082 67.111809
31.937084 67.109024
31.941385 67.106422
31.999481 67.103882
32.023685 67.102821
32.043804 67.092575
32.049786 67.089523
32.118286 67.081520
32.123577 67.081337
32.123878 67.081329
32.124084 67.081322
32.138363 67.081108
32.148087 67.083420
32.159286 67.086121
32.181484 67.088219
32.196384 67.095619
32.192001 67.099586
32.178806 67.103638
32.172195 67.109360
32.159386 67.111519
32.153385 67.114220
32.155651 67.115189
32.165554 67.119469
32.175583 67.119331
32.189751 67.116142
32.223083 67.112473
32.227283 67.112022
32.237110 67.108109
32.238087 67.107719
32.263233 67.104019
32.266586 67.103523
32.270878 67.101974
32.290386 67.094917
32.294785 67.092522
32.304054 67.087585
32.346886 67.076118
32.348167 67.075172
32.353683 67.071121
32.348885 67.069519
32.340000 67.069908
32.298222 67.071747
32.284473 67.071442
32.277584 67.069115
32.280483 67.067520
32.294224 67.066223
32.300285 67.059319
32.317806 67.051331
32.323250 67.044281
32.328884 67.042122
32.346886 67.042824
32.393986 67.039124
32.403111 67.041336
32.411686 67.043419
32.427486 67.040123
32.465786 67.026520
32.490776 67.025414
32.513485 67.020317
32.527985 67.009422
32.544987 67.000420
32.544807 66.988670
32.549194 66.979584
32.550449 66.976967
32.559383 66.958321
32.556751 66.956192
32.545086 66.956520
32.532185 66.952423
32.522110 66.955170
32.517418 66.953835
32.527973 66.945053
32.528027 66.940887
32.516384 66.935623
32.477333 66.936722
32.462784 66.939919
32.448059 66.941452
32.437786 66.942520
32.437309 66.942192
32.425083 66.933723
32.474785 66.933121
32.478806 66.933136
32.484917 66.927887
32.510529 66.929970
32.526138 66.929192
32.534985 66.927719
32.547279 66.921837
32.550415 66.913780
32.543499 66.909805
32.523987 66.914024
32.518230 66.914581
32.473583 66.918922
32.463783 66.917320
32.467579 66.914429
32.495285 66.911522
32.498985 66.906120
32.486362 66.905586
32.494583 66.901123
32.488499 66.897835
32.473110 66.897636
32.459473 66.888779
32.476486 66.887222
32.478359 66.884583
32.471184 66.881523
32.455585 66.882118
32.438778 66.885696
32.435051 66.885826
32.428722 66.886055
32.408138 66.876198
32.428185 66.877121
32.468884 66.874321
32.515663 66.877342
32.516785 66.877419
32.517250 66.877388
32.517773 66.877357
32.537884 66.876122
32.546276 66.873749
32.575054 66.859413
32.595284 66.857124
32.610054 66.851585
32.651184 66.829018
32.671886 66.826523
32.683685 66.818123
32.704189 66.813019
32.685284 66.810822
32.676987 66.807617
32.687500 66.799942
32.696751 66.793167
32.732082 66.786446
32.762638 66.775414
32.778786 66.763718
32.783619 66.762917
32.785984 66.762520
32.787422 66.763695
32.788612 66.764664
32.773586 66.774918
32.775387 66.777817
32.780186 66.778221
32.801285 66.775124
32.822445 66.774002
32.867416 66.774948
32.880806 66.766418
32.891384 66.762924
32.911751 66.757858
32.919529 66.754112
32.921185 66.750923
32.906277 66.745026
32.911236 66.742256
32.911484 66.742119
32.929916 66.739975
32.938686 66.737320
32.943085 66.733719
32.934139 66.729248
32.923695 66.728111
32.907082 66.728996
32.891804 66.733025
32.876167 66.731972
32.873783 66.730522
32.885918 66.725998
32.888863 66.723915
32.893085 66.720924
32.878029 66.718414
32.839027 66.721725
32.815384 66.728119
32.811863 66.729973
32.787987 66.742218
32.791222 66.742935
32.796986 66.744217
32.803284 66.743423
32.811485 66.742523
32.812744 66.742668
32.821983 66.743721
32.843685 66.738319
32.845547 66.738449
32.853985 66.739021
32.849087 66.742821
32.827423 66.745567
32.819084 66.746620
32.796131 66.757957
32.791943 66.760025
32.791496 66.759796
32.781487 66.754723
32.760086 66.755417
32.753986 66.754524
32.740784 66.752518
32.696861 66.751251
32.691360 66.749275
32.697987 66.746323
32.717484 66.737617
32.771084 66.738251
32.782471 66.731941
32.790554 66.730247
32.800888 66.721474
32.821686 66.719421
32.832584 66.710518
32.851986 66.710922
32.870087 66.705322
32.869884 66.702019
32.865833 66.700691
32.889084 66.698921
32.938885 66.695122
32.956184 66.700020
33.044987 66.674019
33.081985 66.674324
33.094887 66.670418
33.114056 66.674194
33.130444 66.674225
33.150082 66.676361
33.168221 66.673721
33.172085 66.674164
33.179306 66.675026
33.191418 66.673279
33.210785 66.664024
33.228832 66.662582
33.247971 66.664970
33.255795 66.662842
33.251373 66.660385
33.246586 66.657722
33.259884 66.653519
33.263885 66.650620
33.263519 66.647652
33.263184 66.644920
33.275986 66.643524
33.276806 66.643738
33.287193 66.646469
33.299278 66.644691
33.304832 66.642853
33.312485 66.640320
33.314384 66.637817
33.295082 66.633858
33.290501 66.631386
33.298584 66.624519
33.293304 66.620529
33.301582 66.618080
33.304485 66.615318
33.300220 66.612389
33.293385 66.614517
33.287987 66.616318
33.280201 66.614708
33.267403 66.617630
33.266418 66.621696
33.248833 66.626862
33.243999 66.637169
33.232307 66.638443
33.211445 66.634804
33.202835 66.635170
33.198750 66.640526
33.181484 66.641022
33.175144 66.646072
33.174084 66.646919
33.164284 66.648521
33.144886 66.644218
33.121666 66.645859
33.113888 66.644058
33.125805 66.636528
33.114529 66.626549
33.114384 66.626419
33.113686 66.623123
33.109985 66.606819
33.105484 66.604324
33.076389 66.604446
33.068054 66.601303
33.057484 66.593018
33.066387 66.591141
33.076485 66.589020
33.067486 66.586517
33.041084 66.586021
33.028084 66.584122
33.013386 66.586517
32.972687 66.597618
32.962887 66.597824
32.949085 66.594124
32.939022 66.595085
32.933384 66.595619
32.927883 66.593620
32.918285 66.595123
32.886890 66.599892
32.881886 66.606018
32.846863 66.612778
32.834583 66.613831
32.829193 66.612335
32.836075 66.608551
32.836861 66.608414
32.854183 66.605324
32.856304 66.603333
32.842415 66.600807
32.842384 66.596123
32.842030 66.596130
32.826637 66.596527
32.821686 66.593018
32.840240 66.587761
32.834003 66.589226
32.753338 66.592789
32.668877 66.600601
32.574219 66.602112
32.533596 66.590683
32.534332 66.565468
32.534454 66.527931
32.493336 66.491486
32.434532 66.488190
32.347244 66.481804
32.275558 66.482079
32.332256 66.465248
32.411175 66.443382
32.441319 66.424164
32.415718 66.421555
32.357525 66.430389
32.288174 66.445847
32.316650 66.418602
32.316071 66.393616
32.285496 66.375298
32.150055 66.375717
32.091152 66.384338
32.022083 66.386642
31.948057 66.385666
31.895237 66.384224
31.849424 66.381241
31.805733 66.423950
31.751312 66.472954
31.737694 66.496765
31.720318 66.504524
31.674025 66.513977
31.633360 66.513908
31.594858 66.521683
31.594484 66.546944
31.583469 66.578583
31.572182 66.597687
31.576399 66.626289
31.460150 66.637817
31.347401 66.631958
31.356846 66.651154
31.192480 66.639519
31.070688 66.636055
31.034021 66.637680
30.948862 66.641449
30.813831 66.645882
30.673187 66.647385
30.534208 66.627289
30.373180 66.621338
30.234110 66.615982
30.128094 66.611893
30.008781 66.615166
29.884048 66.615402
29.789045 66.621208
29.681850 66.612869
29.587259 66.605721
29.489031 66.590881
29.420473 66.585861
29.414360 66.586563
29.413528 66.587212
29.415119 66.591400
29.406973 66.591881
29.404297 66.592995
29.405619 66.596497
29.394447 66.597153
29.394201 66.597176
29.384550 66.601173
29.384417 66.601227
29.382734 66.602371
29.377171 66.606155
29.376198 66.609352
29.375393 66.611984
29.370857 66.616684
29.368473 66.619156
29.366222 66.621490
29.364716 66.623055
29.360979 66.629593
29.361450 66.630867
29.363119 66.635323
29.354635 66.635811
29.352510 66.637489
29.353600 66.640404
29.347775 66.640739
29.343340 66.643509
29.339735 66.645752
29.334059 66.649292
29.327700 66.653259
29.334902 66.651497
29.335913 66.654205
29.336222 66.655037
29.334272 66.655144
29.326487 66.659584
29.325405 66.660202
29.317060 66.664963
29.316570 66.665245
29.307631 66.670341
29.309282 66.674759
29.299879 66.675301
29.298401 66.676308
29.299740 66.679848
29.292589 66.680267
29.289288 66.682518
29.290190 66.684944
29.285240 66.685234
29.280079 66.688553
29.277494 66.690216
29.270847 66.694489
29.269764 66.695190
29.261600 66.700439
29.261290 66.700638
29.255880 66.705063
29.252815 66.707573
29.249912 66.709953
29.244350 66.714508
29.244015 66.714737
29.236576 66.719810
29.234877 66.720970
29.236139 66.724373
29.229324 66.724762
29.225725 66.727219
29.226559 66.729454
29.222069 66.729713
29.216572 66.733467
29.216970 66.734543
29.214832 66.734657
29.207422 66.739716
29.200310 66.744568
29.198267 66.745964
29.193052 66.749519
29.189108 66.752213
29.185797 66.754471
29.179937 66.758469
29.180260 66.759323
29.178549 66.759422
29.170769 66.764732
29.172310 66.768852
29.164049 66.769318
29.162556 66.770340
29.161633 66.771034
29.162699 66.773933
29.157379 66.774231
29.152632 66.777802
29.150841 66.779144
29.143633 66.784561
29.145119 66.788551
29.137781 66.788956
29.134640 66.791313
29.135500 66.793617
29.131245 66.793869
29.125648 66.798073
29.125879 66.798714
29.127529 66.803162
29.118176 66.803696
29.117393 66.804283
29.116613 66.804787
29.110584 66.808655
29.107315 66.810753
29.102846 66.813622
29.098009 66.816727
29.098631 66.818398
29.095087 66.818604
29.088701 66.822708
29.086283 66.824265
29.085272 66.828232
29.082796 66.837952
29.082674 66.838440
29.079008 66.842201
29.074539 66.846794
29.074610 66.846977
29.076248 66.851440
29.069654 66.851807
29.067717 66.853798
29.066172 66.855400
29.062189 66.859520
29.060358 66.861412
29.057829 66.864029
29.055731 66.866203
29.049471 66.872681
29.050537 66.875572
29.051500 66.878181
29.052179 66.880028
29.050388 66.880127
29.044935 66.880432
29.042524 66.885162
29.040173 66.889771
29.035776 66.898392
29.036100 66.899078
29.037739 66.903534
29.039379 66.907982
29.032467 66.908363
29.030329 66.914803
29.029739 66.916580
29.030403 66.931190
29.030993 66.944099
29.039173 66.960754
29.043957 66.966774
29.049379 66.966484
29.051027 66.970932
29.051567 66.972397
29.052670 66.975388
29.053629 66.977989
29.062052 66.983948
29.069355 66.989113
29.076078 66.993866
29.080620 66.996552
29.084570 66.998886
29.094664 67.004860
29.099447 67.007690
29.104309 67.010567
29.107752 67.013237
29.115297 67.019089
29.124146 67.025955
29.126188 67.027542
29.131584 67.031609
29.137430 67.036011
29.141605 67.038620
29.145727 67.038399
29.147121 67.042068
29.154945 67.046959
29.160460 67.046661
29.162130 67.051109
29.162296 67.051552
29.168325 67.055321
29.175192 67.054932
29.176870 67.059380
29.177505 67.061058
29.188364 67.067841
29.192701 67.070549
29.201687 67.076164
29.207947 67.080078
29.215036 67.084511
29.223192 67.089607
29.235056 67.097023
29.238461 67.099152
29.248423 67.105377
29.252390 67.105164
29.253744 67.108704
29.261772 67.113724
29.267187 67.113419
29.268890 67.117874
29.269033 67.118263
29.275120 67.122063
29.282000 67.121674
29.283697 67.126122
29.284348 67.127831
29.295120 67.134567
29.298529 67.134384
29.299688 67.137421
29.308479 67.142914
29.315096 67.147049
29.321823 67.151253
29.330421 67.156624
29.341862 67.163773
29.345783 67.166222
29.355192 67.172104
29.359629 67.171852
29.361176 67.175842
29.368534 67.180443
29.374519 67.180099
29.376230 67.184547
29.376579 67.185471
29.388542 67.192947
29.392023 67.195122
29.401878 67.201279
29.406040 67.201050
29.407482 67.204781
29.415224 67.209618
29.422956 67.214447
29.435232 67.222122
29.438457 67.224136
29.448559 67.230446
29.452547 67.230232
29.453955 67.233818
29.461899 67.238785
29.467489 67.238472
29.469240 67.242920
29.469481 67.243523
29.475245 67.247124
29.482449 67.246719
29.484201 67.251167
29.485022 67.253235
29.495253 67.259628
29.500551 67.262939
29.508581 67.267960
29.514149 67.267647
29.515909 67.272102
29.516136 67.272682
29.521915 67.276291
29.531717 67.282417
29.540232 67.287735
29.538893 67.296997
29.538939 67.297440
29.539392 67.301735
29.539700 67.302574
29.539911 67.303070
29.546087 67.304947
29.558741 67.306007
29.563814 67.306435
29.564869 67.306717
29.575594 67.309601
29.577719 67.309479
29.578033 67.310257
29.581350 67.311150
29.583773 67.312218
29.586687 67.313507
29.590313 67.315109
29.592716 67.320984
29.596062 67.327957
29.596937 67.328201
29.598080 67.331047
29.607212 67.330521
29.609591 67.330391
29.619991 67.329796
29.621090 67.329727
29.623972 67.329559
29.626787 67.330910
29.634260 67.333183
29.635172 67.333458
29.645889 67.332840
29.647141 67.335953
29.647669 67.337288
29.649462 67.341728
29.650190 67.343559
29.646864 67.345627
29.645603 67.346512
29.641968 67.349075
29.642159 67.352921
29.642586 67.353951
29.647585 67.357559
29.651857 67.359779
29.656132 67.362000
29.658073 67.363167
29.666227 67.368057
29.671701 67.367737
29.673500 67.372177
29.673634 67.372498
29.680071 67.376358
29.689182 67.381821
29.693914 67.384659
29.701929 67.384193
29.703730 67.388634
29.704742 67.391151
29.712034 67.395523
29.714933 67.397079
29.720083 67.399841
29.730217 67.405281
29.734011 67.405067
29.735189 67.407951
29.745520 67.413498
29.749170 67.413292
29.750307 67.416069
29.760798 67.421700
29.764341 67.421501
29.765442 67.424194
29.776096 67.429916
29.779509 67.429718
29.780573 67.432320
29.787733 67.436165
29.791842 67.438110
29.794699 67.437950
29.795485 67.439835
29.800385 67.442154
29.810165 67.446785
29.817457 67.450241
29.823280 67.449913
29.824867 67.453751
29.834578 67.458344
29.838499 67.458122
29.839567 67.460709
29.843115 67.462387
29.854284 67.467674
29.860228 67.470490
29.869026 67.474655
29.877321 67.478584
29.883749 67.481628
29.894419 67.486679
29.897619 67.486504
29.898493 67.488609
29.902990 67.490738
29.911039 67.490273
29.912889 67.494713
29.913265 67.495605
29.920082 67.498833
29.928038 67.502602
29.937155 67.506920
29.941599 67.506660
29.942822 67.509605
29.954235 67.515007
29.957621 67.516609
29.959158 67.517334
29.962189 67.524788
29.968044 67.540855
29.973694 67.554825
29.975492 67.559280
29.977308 67.563766
29.977558 67.564339
29.979229 67.568184
29.981100 67.572617
29.982969 67.577057
29.984840 67.581497
29.986710 67.585953
29.988569 67.590401
29.990107 67.594017
30.000002 67.610909
30.004337 67.618317
30.009256 67.625587
30.012918 67.631004
30.018059 67.632011
30.018959 67.634117
30.020847 67.638573
30.022718 67.643013
30.024097 67.646271
30.024599 67.647453
30.025545 67.649666
30.025608 67.649765
30.027908 67.654816
30.034531 67.669365
30.034166 67.670021
30.035900 67.674110
30.031771 67.674362
30.027409 67.682259
30.027340 67.682381
30.021296 67.684090
30.006098 67.688393
30.006580 67.689514
30.001001 67.689835
30.000002 67.690117
29.995420 67.691414
29.980598 67.695602
29.974047 67.697456
29.975319 67.700478
29.963640 67.701157
29.960236 67.701363
29.955851 67.702606
29.952747 67.703690
29.943539 67.706902
29.931866 67.710976
29.927841 67.712379
29.921436 67.714615
29.922539 67.717239
29.912138 67.717857
29.900549 67.721901
29.896473 67.723320
29.890110 67.725540
29.891220 67.728180
29.880781 67.728798
29.869207 67.732834
29.865114 67.734261
29.858761 67.736481
29.849434 67.739731
29.837854 67.743774
29.838329 67.744934
29.833717 67.745216
29.827387 67.747429
29.818085 67.750671
29.806465 67.754723
29.806929 67.755852
29.802456 67.756119
29.795986 67.758377
29.786837 67.761566
29.775038 67.765686
29.775499 67.766777
29.771139 67.767044
29.764559 67.769318
29.765629 67.771904
29.755486 67.772484
29.743612 67.776627
29.739862 67.777931
29.733110 67.780289
29.724253 67.783379
29.712143 67.787605
29.712559 67.788597
29.708632 67.788826
29.701649 67.791260
29.694523 67.793747
29.693909 67.794220
29.691601 67.796013
29.687572 67.799141
29.682512 67.803070
29.674910 67.808968
29.673410 67.810127
29.674809 67.813507
29.668583 67.813873
29.664309 67.817192
29.662258 67.818779
29.655199 67.824257
29.656830 67.828194
29.649603 67.828606
29.646090 67.831329
29.643270 67.833519
29.636967 67.838409
29.638807 67.842873
29.630611 67.843338
29.627842 67.845490
29.624292 67.848244
29.618729 67.852562
29.618950 67.853104
29.620770 67.857544
29.611643 67.858063
29.609591 67.859657
29.605309 67.862976
29.605083 67.863152
29.599974 67.865509
29.600889 67.867767
29.594284 67.868141
29.589849 67.870193
29.590952 67.872879
29.583080 67.873322
29.579727 67.874870
29.573666 67.877678
29.572769 67.878448
29.570087 67.880768
29.571039 67.883102
29.567120 67.883324
29.561176 67.888451
29.555838 67.893059
29.552269 67.896141
29.552938 67.897781
29.550194 67.897934
29.543358 67.903831
29.544788 67.907333
29.538919 67.907654
29.534388 67.911423
29.527176 67.917412
29.525385 67.918900
29.521313 67.922287
29.516373 67.926392
29.516659 67.927101
29.518480 67.931557
29.509562 67.932053
29.507359 67.933884
29.503708 67.936920
29.498341 67.941383
29.498489 67.941757
29.500299 67.946213
29.491976 67.946678
29.489313 67.948891
29.487625 67.950294
29.485439 67.951591
29.479719 67.954987
29.480299 67.956421
29.476978 67.956612
29.469973 67.960770
29.468521 67.961632
29.463341 67.964706
29.460726 67.967743
29.457642 67.971321
29.456139 67.973068
29.452192 67.976501
29.453871 67.980637
29.447014 67.981003
29.443254 67.984276
29.441433 67.985863
29.434313 67.992058
29.435631 67.995293
29.430243 67.995598
29.425365 67.999840
29.419088 68.005302
29.418001 68.006248
29.419996 68.014671
29.408073 68.016945
29.409109 68.019508
29.401581 68.019920
29.398270 68.022629
29.395636 68.024788
29.389170 68.030083
29.390812 68.034149
29.383726 68.034546
29.380066 68.037544
29.377771 68.039421
29.370937 68.045013
29.372480 68.048813
29.365864 68.049164
29.361830 68.052467
29.359909 68.054039
29.352711 68.059937
29.348011 68.063782
29.343588 68.067406
29.344049 68.068550
29.345840 68.072998
29.339773 68.073326
29.336096 68.073540
29.334667 68.074707
29.323141 68.076904
29.309361 68.079529
29.289322 68.083344
29.276031 68.085876
29.255463 68.089798
29.242661 68.092239
29.221617 68.096252
29.222250 68.097878
29.210360 68.098518
29.209393 68.098579
29.188631 68.102531
29.187719 68.102692
29.188339 68.104240
29.176439 68.104881
29.174635 68.104980
29.153639 68.108658
29.137321 68.111511
29.119547 68.114624
29.120461 68.116951
29.108549 68.117577
29.100048 68.118034
29.099951 68.118050
29.085417 68.120590
29.086489 68.123299
29.074577 68.123917
29.062574 68.124588
29.051308 68.126564
29.025642 68.131058
29.005777 68.134537
29.006590 68.136589
28.994671 68.137207
28.988701 68.137527
28.971632 68.140518
28.951712 68.144005
28.937464 68.146500
28.914673 68.150490
28.903273 68.152489
28.878038 68.156906
28.857674 68.160469
28.841253 68.163345
28.823462 68.166458
28.824339 68.168762
28.812399 68.169373
28.804527 68.169769
28.789230 68.172447
28.790220 68.175041
28.778269 68.175644
28.767969 68.176170
28.754990 68.178444
28.731358 68.182579
28.709309 68.186440
28.694899 68.188965
28.675030 68.192444
28.663601 68.194443
28.659792 68.195107
28.659697 68.195267
28.654814 68.203491
28.655220 68.204582
28.656898 68.209038
28.651350 68.209320
28.647348 68.216057
28.643003 68.223373
28.639872 68.228645
28.634663 68.237411
28.632387 68.241241
28.632679 68.242050
28.634369 68.246513
28.629101 68.246773
28.624891 68.253860
28.620762 68.260811
28.617409 68.266457
28.618729 68.269997
28.620407 68.274467
28.612423 68.274857
28.609913 68.279083
28.610079 68.279518
28.611750 68.283974
28.606867 68.284210
28.602409 68.291710
28.603081 68.293488
28.604752 68.297951
28.598518 68.298264
28.594912 68.304337
28.590178 68.312309
28.587408 68.316971
28.581842 68.326340
28.579889 68.329628
28.576281 68.335709
28.572372 68.342285
28.567944 68.349747
28.564844 68.354958
28.566320 68.358902
28.567989 68.363373
28.559605 68.363777
28.557318 68.367630
28.557610 68.368423
28.559280 68.372879
28.554045 68.373138
28.549786 68.380310
28.550560 68.382393
28.552229 68.386848
28.545704 68.387184
28.542250 68.392998
28.537373 68.401207
28.534698 68.405708
28.531815 68.410561
28.527151 68.418411
28.523474 68.424599
28.519596 68.431122
28.515135 68.438637
28.512035 68.443855
28.513519 68.447792
28.514570 68.450592
28.515190 68.452263
28.513330 68.452339
28.506802 68.452660
28.504478 68.456573
28.501240 68.462029
28.496906 68.469322
28.497648 68.471283
28.498480 68.473518
28.499319 68.475739
28.496840 68.475861
28.492908 68.476051
28.489334 68.482063
28.490440 68.484978
28.490538 68.485252
28.492201 68.489723
28.486940 68.489967
28.484571 68.490082
28.481775 68.494789
28.479021 68.499420
28.474182 68.507568
28.470678 68.513474
28.466600 68.520340
28.467480 68.522713
28.469149 68.527168
28.462345 68.527504
28.459009 68.533119
28.454016 68.541527
28.451410 68.545914
28.450369 68.547668
28.452604 68.549110
28.461433 68.554794
28.468884 68.559593
28.474552 68.563248
28.485180 68.570091
28.494228 68.575920
28.501501 68.580605
28.507343 68.584366
28.515150 68.583977
28.516830 68.588448
28.517839 68.591125
28.527021 68.597038
28.528240 68.597824
28.534349 68.602081
28.545395 68.609772
28.549580 68.609573
28.551167 68.613792
28.557594 68.618271
28.565130 68.617897
28.566820 68.622360
28.568022 68.625534
28.575859 68.630997
28.585186 68.638046
28.592745 68.643799
28.602663 68.651352
28.609560 68.656601
28.616959 68.656258
28.618670 68.660713
28.620195 68.664696
28.626423 68.669434
28.637741 68.678047
28.648846 68.686501
28.653330 68.686279
28.655027 68.690727
28.655291 68.691406
28.665661 68.699303
28.672909 68.704819
28.682501 68.712120
28.688080 68.711838
28.689800 68.716293
28.690552 68.718246
28.699299 68.724907
28.708220 68.731697
28.716124 68.737717
28.722900 68.737381
28.724630 68.741844
28.726360 68.746300
28.728100 68.750763
28.729830 68.755219
28.731543 68.759697
28.731646 68.759857
28.737062 68.768532
28.748066 68.786140
28.754250 68.785828
28.755989 68.790291
28.757740 68.794754
28.759480 68.799210
28.761230 68.803673
28.762970 68.808128
28.764719 68.812584
28.764931 68.813133
28.777803 68.833755
28.781109 68.839050
28.787500 68.838730
28.789257 68.843193
28.791012 68.847649
28.792759 68.852112
28.794519 68.856567
28.794710 68.857048
28.796270 68.861031
28.798029 68.865479
28.798677 68.867180
28.803528 68.874947
28.765533 68.878578
28.766369 68.880692
28.754059 68.881302
28.741730 68.881897
28.729420 68.882530
28.718948 68.883041
28.718662 68.883057
28.706451 68.884209
28.675913 68.887131
28.618530 68.887917
28.606209 68.888527
28.593887 68.889130
28.581560 68.889717
28.580820 68.887794
28.559111 68.886269
28.555187 68.886459
28.542870 68.887047
28.542120 68.885071
28.520779 68.883568
28.516521 68.883774
28.504179 68.884361
28.491871 68.884949
28.491560 68.884964
28.481333 68.888130
28.480640 68.888428
28.481239 68.889999
28.476530 68.890221
28.469877 68.893120
28.464821 68.895317
28.459097 68.897812
28.459970 68.900101
28.453049 68.900444
28.448322 68.902504
28.449329 68.905151
28.441397 68.905518
28.437544 68.907196
28.434746 68.908417
28.438431 68.909531
28.440344 68.910110
28.452608 68.913826
28.466270 68.917961
28.466820 68.918129
28.479280 68.921898
28.481014 68.922424
28.492239 68.925819
28.495228 68.926727
28.505165 68.929733
28.509445 68.931030
28.518143 68.933662
28.523684 68.935341
28.531099 68.937584
28.537010 68.937317
28.537899 68.939644
28.544109 68.941521
28.552147 68.943954
28.557020 68.945427
28.566395 68.948265
28.569956 68.949341
28.580643 68.952576
28.582935 68.953270
28.584900 68.953194
28.593309 68.952782
28.594479 68.955803
28.594910 68.956894
28.601084 68.958755
28.608917 68.961121
28.609100 68.961174
28.621798 68.965019
28.623434 68.965515
28.634775 68.968948
28.637726 68.969841
28.647690 68.972862
28.652008 68.974167
28.660658 68.976784
28.666286 68.978485
28.673586 68.980698
28.680593 68.982819
28.686537 68.984619
28.694904 68.987152
28.699419 68.988518
28.709225 68.991486
28.712402 68.992447
28.723522 68.995811
28.751158 69.004181
28.752192 69.004494
28.764132 69.008110
28.766533 69.008835
28.777018 69.012009
28.780884 69.013176
28.789936 69.015915
28.795235 69.017517
28.802868 69.019829
28.808668 69.019554
28.809605 69.021866
28.815748 69.023727
28.823986 69.026222
28.828663 69.027634
28.838364 69.030571
28.841543 69.031532
28.852732 69.034920
28.854465 69.035446
28.867117 69.039276
28.880320 69.043274
28.881018 69.043488
28.881527 69.043640
28.882900 69.044052
28.893206 69.047173
28.895927 69.047997
28.906109 69.051079
28.909740 69.050911
28.910336 69.052361
28.916538 69.054237
28.919031 69.054993
28.924753 69.056725
28.926945 69.057388
28.935402 69.054176
28.946527 69.049942
28.947250 69.049767
28.951147 69.048820
28.958776 69.046974
28.966831 69.045029
28.979698 69.042862
28.979805 69.042847
28.994080 69.040436
28.992941 69.037643
29.005337 69.037018
29.008327 69.036865
29.015900 69.031906
29.023382 69.027008
29.024664 69.026169
29.025885 69.025368
29.029417 69.023056
29.030298 69.022102
29.031614 69.020699
29.035215 69.016846
29.036697 69.017235
29.046082 69.019691
29.049191 69.020508
29.051205 69.021034
29.063354 69.024231
29.065735 69.024857
29.074917 69.027275
29.077520 69.027962
29.080273 69.028679
29.091696 69.031670
29.093805 69.032219
29.103361 69.036591
29.106312 69.036438
29.107077 69.038292
29.112297 69.040680
29.118279 69.043419
29.122667 69.045433
29.130207 69.048882
29.136620 69.048546
29.138277 69.052574
29.148083 69.057060
29.152943 69.059280
29.153898 69.059692
29.157248 69.061134
29.169325 69.066345
29.174194 69.068443
29.176125 69.069275
29.184763 69.072998
29.185612 69.073364
29.191414 69.077599
29.199190 69.077187
29.201048 69.081642
29.202831 69.085930
29.214701 69.094589
29.221092 69.099258
29.232166 69.107346
29.237068 69.107094
29.238945 69.111549
29.247192 69.114975
29.248676 69.115593
29.249746 69.116035
29.254328 69.117935
29.255178 69.118286
29.258862 69.119812
29.264940 69.137779
29.269409 69.150993
29.269917 69.152443
29.273691 69.155251
29.282576 69.154808
29.284456 69.159264
29.286343 69.163719
29.286938 69.165123
29.296558 69.172287
29.302574 69.171982
29.304461 69.176437
29.305529 69.178970
29.309750 69.182114
29.310505 69.190674
29.311953 69.207062
29.327305 69.232635
29.327347 69.242752
29.306303 69.243835
29.304686 69.244705
29.300915 69.246719
29.296932 69.248863
29.294703 69.250061
29.295029 69.250526
29.300749 69.258774
29.301119 69.259636
29.306053 69.271194
29.304895 69.281120
29.304602 69.283638
29.303591 69.292336
29.303473 69.293358
29.310394 69.299042
29.314947 69.302780
29.320601 69.304375
29.330366 69.307121
29.335169 69.308464
29.342110 69.310417
29.346157 69.310852
29.348946 69.310715
29.361485 69.310066
29.362583 69.312614
29.374746 69.313927
29.375938 69.313866
29.388481 69.313217
29.389467 69.315506
29.390402 69.317673
29.402943 69.317017
29.415482 69.316360
29.426880 69.315765
29.427082 69.315765
29.428024 69.315765
29.440563 69.315056
29.453104 69.314400
29.454655 69.317993
29.457169 69.318748
29.469410 69.322426
29.482988 69.326508
29.486944 69.327698
29.500887 69.328476
29.513521 69.324883
29.520897 69.322784
29.524332 69.321808
29.533150 69.319290
29.543709 69.316277
29.542809 69.314232
29.555346 69.313568
29.557304 69.317993
29.571499 69.321823
29.571840 69.321915
29.585625 69.325630
29.586399 69.325836
29.599749 69.329430
29.600965 69.329758
29.613894 69.333237
29.615538 69.333672
29.616638 69.333969
29.625130 69.337189
29.630903 69.339378
29.635658 69.341187
29.644342 69.340729
29.646345 69.345238
29.656736 69.349174
29.661795 69.351089
29.665222 69.352386
29.666958 69.353188
29.677794 69.358162
29.684734 69.361351
29.693960 69.365593
29.702511 69.369522
29.704639 69.370499
29.710087 69.372894
29.718472 69.376587
29.721203 69.377625
29.722477 69.378105
29.725870 69.379410
29.731665 69.381622
29.741405 69.385345
29.752588 69.389610
29.755280 69.390640
29.756931 69.391228
29.763527 69.393570
29.765194 69.394165
29.768944 69.395500
29.772278 69.396690
29.774630 69.397530
29.780611 69.399666
29.787144 69.401085
29.787249 69.401108
29.788343 69.401344
29.801430 69.404190
29.801805 69.404274
29.811930 69.409187
29.817905 69.412094
29.818333 69.412300
29.819447 69.412888
29.828016 69.417435
29.830360 69.418663
29.833965 69.419052
29.849983 69.420799
29.861094 69.422012
29.862305 69.422142
29.884220 69.422470
29.898895 69.422691
29.901112 69.422722
29.902611 69.422485
29.924261 69.419060
29.923223 69.416801
29.935806 69.416115
29.946709 69.415512
29.948389 69.415421
29.960972 69.414726
29.973555 69.414040
29.978676 69.413757
29.986135 69.413345
29.987343 69.415970
29.993362 69.417503
30.000002 69.419197
30.001974 69.419701
30.008036 69.421257
30.016603 69.423462
30.017195 69.423615
30.020891 69.425117
30.032457 69.429810
30.040663 69.433144
30.048372 69.436272
30.049360 69.436668
30.056887 69.441360
30.066422 69.447311
30.075554 69.453003
30.078547 69.453850
30.082985 69.455109
30.091982 69.457657
30.097895 69.459328
30.105431 69.461464
30.109886 69.462723
30.113411 69.464844
30.118193 69.467720
30.121492 69.469696
30.129169 69.474304
30.134119 69.481407
30.136526 69.484863
30.140194 69.490135
30.139645 69.493164
30.137438 69.505302
30.137386 69.505585
30.137194 69.506668
30.143862 69.514069
30.149347 69.513763
30.151445 69.518211
30.153542 69.522652
30.154730 69.525200
30.159637 69.526886
30.170219 69.530525
30.171061 69.530815
30.173056 69.531502
30.184715 69.533707
30.191860 69.535057
30.194664 69.546776
30.192753 69.550667
30.193558 69.552361
30.195665 69.556801
30.189564 69.557144
30.186804 69.562752
30.186474 69.564827
30.185207 69.572708
30.184729 69.575668
30.184278 69.578476
30.181602 69.581955
30.179176 69.585106
30.173548 69.592415
30.172222 69.594139
30.171597 69.594650
30.164391 69.600525
30.159569 69.604454
30.157497 69.606140
30.155703 69.609680
30.151169 69.618607
30.151110 69.618721
30.151340 69.627953
30.151419 69.630997
30.151970 69.635246
30.152109 69.636360
30.152180 69.636803
30.152224 69.637123
30.148117 69.640121
30.143110 69.643776
30.120001 69.643890
30.116497 69.643341
30.107389 69.641914
30.104008 69.648598
30.100471 69.655586
30.109339 69.661995
30.115147 69.661667
30.116558 69.664650
30.121670 69.665871
30.129974 69.665413
30.131279 69.668175
30.134863 69.669029
30.137184 69.669586
30.145369 69.671532
30.189863 69.666649
30.195000 69.666084
30.206875 69.662384
30.211809 69.660851
30.218241 69.658844
30.216883 69.656013
30.229593 69.655296
30.240963 69.651779
30.247614 69.649712
30.252321 69.648247
30.260805 69.645615
30.266611 69.644096
30.269079 69.643448
30.275326 69.641808
30.288763 69.638283
30.298492 69.635735
30.310913 69.632477
30.319221 69.630302
30.321629 69.629623
30.320543 69.627373
30.331823 69.626732
30.344570 69.623123
30.351963 69.621025
30.365776 69.617111
30.367432 69.616486
30.370239 69.615425
30.378447 69.612320
30.377537 69.610443
30.384451 69.610046
30.389458 69.608147
30.388063 69.605278
30.398199 69.604698
30.400305 69.603653
30.408569 69.599541
30.410795 69.598434
30.418955 69.594376
30.421284 69.593216
30.419613 69.589783
30.429308 69.589226
30.431767 69.588005
30.430119 69.584610
30.439699 69.584061
30.442251 69.582794
30.440619 69.579445
30.450075 69.578903
30.452726 69.577583
30.460463 69.573738
30.463203 69.572372
30.470844 69.568573
30.473671 69.567169
30.481237 69.563408
30.484138 69.561966
30.482578 69.558769
30.491613 69.558250
30.494602 69.556763
30.493055 69.553596
30.502394 69.553062
30.505297 69.552048
30.518019 69.547592
30.527491 69.544273
30.526632 69.542526
30.533661 69.542114
30.539268 69.541794
30.543333 69.541550
30.551907 69.541061
30.564543 69.540329
30.577175 69.539597
30.578312 69.541901
30.610537 69.542221
30.616171 69.542274
30.630901 69.543098
30.631277 69.543121
30.652733 69.544319
30.669359 69.545250
30.714081 69.541725
30.734224 69.541710
30.735382 69.544029
30.748016 69.543282
30.760645 69.542534
30.773275 69.541786
30.774918 69.541687
30.812229 69.541672
30.820139 69.541664
30.825628 69.543259
30.826099 69.543396
30.838640 69.547043
30.841358 69.547836
30.851665 69.550835
30.856623 69.552261
30.857445 69.552498
30.866335 69.554535
30.871353 69.555664
30.882261 69.558151
30.886066 69.559006
30.898195 69.561768
30.900414 69.561638
30.900780 69.562355
30.901691 69.562561
30.905611 69.563942
30.910381 69.565620
30.916565 69.567787
30.921501 69.569519
30.929361 69.572281
30.933853 69.576149
30.945555 69.586220
30.944778 69.595726
30.944624 69.597221
30.944277 69.600647
30.943392 69.609344
30.942917 69.614029
30.943508 69.620567
30.944975 69.636688
30.945002 69.636993
30.945389 69.641335
30.942345 69.643791
30.939415 69.646156
30.933096 69.651260
30.935301 69.655556
30.927177 69.656036
30.925917 69.657059
30.924782 69.660553
30.923859 69.663391
30.930220 69.683296
30.931332 69.686775
30.914370 69.691338
30.904570 69.693970
30.897829 69.695778
30.892467 69.699745
30.886454 69.704201
30.882963 69.706779
30.881474 69.707886
30.879564 69.713753
30.878502 69.717026
30.882637 69.723969
30.889496 69.731445
30.895407 69.731094
30.897680 69.735527
30.893202 69.735802
30.887283 69.740860
30.881710 69.745621
30.878153 69.748665
30.879019 69.750351
30.875965 69.750534
30.869017 69.756477
30.870813 69.759987
30.864473 69.760361
30.859879 69.764290
30.860331 69.765175
30.862600 69.769615
30.852982 69.770187
30.850945 69.771927
30.850735 69.772110
30.847244 69.775085
30.841570 69.779938
30.836060 69.784653
30.835388 69.785225
30.842749 69.786026
30.859503 69.781082
30.873056 69.783447
30.883322 69.782600
30.905306 69.780777
30.916685 69.775818
30.924694 69.764168
30.929171 69.763023
30.933485 69.761917
30.935047 69.762077
30.942890 69.762886
30.951784 69.771919
30.969788 69.772018
31.004383 69.777023
31.015783 69.777420
31.042887 69.759918
31.049473 69.761497
31.047186 69.764122
31.047611 69.764534
31.050385 69.767220
31.105684 69.765724
31.122786 69.760017
31.141056 69.757530
31.157331 69.751663
31.174221 69.749001
31.188286 69.742523
31.209225 69.738525
31.207859 69.733528
31.214945 69.717415
31.224787 69.708824
31.229586 69.708221
31.228786 69.716423
31.219284 69.723618
31.222485 69.730324
31.217985 69.738823
31.222485 69.741821
31.241184 69.745323
31.252287 69.744720
31.261286 69.740623
31.276985 69.740021
31.286053 69.736137
31.307943 69.734390
31.324684 69.726418
31.350485 69.723022
31.368275 69.709694
31.395584 69.705124
31.392685 69.710823
31.394667 69.711304
31.394751 69.711327
31.396360 69.711746
31.407139 69.710724
31.411055 69.710335
31.427591 69.704552
31.427687 69.704521
31.421785 69.699417
31.442085 69.693817
31.441385 69.684120
31.439325 69.680840
31.427883 69.662621
31.417667 69.658775
31.407482 69.650322
31.398085 69.648224
31.377666 69.646942
31.369612 69.643417
31.371784 69.637520
31.359415 69.631470
31.359167 69.625969
31.347307 69.616386
31.332384 69.607918
31.328384 69.605621
31.304186 69.596420
31.265917 69.588387
31.253485 69.583923
31.251167 69.579666
31.256001 69.573669
31.280556 69.578918
31.297638 69.580360
31.325804 69.587944
31.345501 69.597336
31.365484 69.618721
31.384384 69.627724
31.393885 69.630020
31.392185 69.635620
31.399084 69.637817
31.403023 69.637733
31.412886 69.637520
31.426285 69.634819
31.456860 69.644585
31.452139 69.654053
31.457888 69.658020
31.461445 69.660500
31.459053 69.667526
31.476286 69.675423
31.475439 69.678535
31.474686 69.681320
31.480385 69.683823
31.487106 69.683891
31.490417 69.683945
31.493359 69.679886
31.492491 69.678741
31.488985 69.674118
31.507385 69.669022
31.513109 69.657196
31.527985 69.650017
31.532185 69.633118
31.544485 69.633919
31.550083 69.637817
31.542528 69.646698
31.541389 69.656670
31.528278 69.664665
31.518684 69.670517
31.512573 69.678963
31.511086 69.681023
31.516985 69.684021
31.522785 69.683517
31.527452 69.679176
31.532785 69.674217
31.540186 69.674324
31.550184 69.679321
31.552013 69.679466
31.559061 69.680008
31.559458 69.680038
31.583834 69.681969
31.587452 69.680672
31.598785 69.676620
31.643986 69.676819
31.661688 69.668320
31.669085 69.666924
31.683081 69.667168
31.705973 69.671059
31.714500 69.670830
31.725250 69.663361
31.736975 69.659752
31.772682 69.662521
31.777985 69.657822
31.794582 69.654892
31.795788 69.650017
31.803276 69.648888
31.815998 69.650749
31.822111 69.654137
31.805586 69.666557
31.760984 69.687820
31.756784 69.688423
31.737778 69.691109
31.721083 69.698669
31.709085 69.700218
31.705910 69.702354
31.702389 69.704720
31.692287 69.705917
31.689283 69.708839
31.688484 69.709618
31.692694 69.714691
31.686485 69.725121
31.711306 69.741196
31.709585 69.763618
31.720184 69.798622
31.722183 69.805519
31.729391 69.809853
31.734861 69.813141
31.762585 69.821617
31.781586 69.831520
31.858482 69.816124
31.909750 69.800552
31.942862 69.795334
31.953306 69.791779
31.966593 69.779366
31.967285 69.778717
31.979671 69.772293
31.980585 69.771820
32.008999 69.768250
32.010860 69.764915
32.003319 69.759865
32.037586 69.748520
32.058884 69.746819
32.061684 69.750221
32.037109 69.766975
32.040474 69.770058
32.069626 69.764610
32.078667 69.762917
32.089779 69.763916
32.091583 69.766319
32.077595 69.776321
32.072285 69.780121
32.062885 69.789719
32.024986 69.828423
31.994486 69.842720
31.971785 69.848824
31.950384 69.852020
31.945385 69.855721
31.966864 69.864731
31.983986 69.871918
31.985485 69.875122
31.964886 69.880119
31.964537 69.880707
31.958183 69.891418
31.957251 69.891594
31.928387 69.896904
31.915030 69.899361
31.901527 69.903748
31.896185 69.910019
31.901485 69.919022
31.901323 69.922935
31.901045 69.929825
31.900862 69.934280
31.903528 69.943359
31.914583 69.948517
31.940886 69.953423
31.958687 69.954117
31.961002 69.953217
31.968487 69.950317
31.988890 69.946281
31.990286 69.941818
31.976759 69.935349
31.971485 69.932823
31.972193 69.928444
