>
33.297889709472713 59.288463592529524
33.341648101806697 59.280521392822379
33.378528594970987 59.286602020263786
33.399597167969034 59.299041748047102
33.422092437744311 59.329338073730526
33.443485260009822 59.343349456787109
33.484489440918253 59.334556579589957
33.53403472900402 59.326362609863395
33.569274902343807 59.329113006591911
33.621864318847827 59.345954895019759
33.650939941406307 59.354515075683651
33.692619323730639 59.34622955322277
33.72268295288103 59.320358276367188
33.754943847656534 59.291549682617188
33.785839080810604 59.261077880859602
33.837543487548885 59.234066009521541
33.862674713134936 59.207538604736328
33.871849060058878 59.178936004638672
33.894630432129077 59.16339111328125
33.945182800293139 59.160125732421875
33.982555389404411 59.156467437744368
34.028572082519588 59.133293151855696
34.078563690185547 59.114753723144531
34.148799896240234 59.102375030517692
34.17363357543951 59.128444671630916
34.197940826415959 59.146560668945312
34.244239807129077 59.158760070800781
34.298805236816577 59.161338806152571
34.362628936767635 59.159957885742188
34.421405792236385 59.146446228027571
34.475154876709041 59.127693176269531
34.541782379150504 59.115798950195426
34.601898193359432 59.10945129394554
34.645824432373217 59.086986541748047
34.684612274169979 59.080425262451286
34.746311187744084 59.076038360595817
34.801040649414119 59.090866088867188
34.856147766113338 59.070892333984432
34.941761016845817 59.057491302490291
34.967208862304744 59.057121276855469
35.003684997558878 59.039333343505916
34.964382171630859 59.035869598388672
34.946037292480526 59.015876770019645
34.988224029541016 58.995998382568359
35.049922943115519 58.977817535400504
35.120326995849894 58.978733062744254
35.198089599609546 58.972427368164062
35.238353729248161 58.957557678222656
35.231288909912223 58.933345794677848
35.222610473632926 58.91424560546875
35.200019836425952 58.891292572021484
35.194126129150675 58.848857879638786
35.200355529785099 58.815345764160384
35.219806671142635 58.817012786865348
35.260139465332088 58.846752166748161
35.29111480712919 58.844173431396484
35.289794921875284 58.817886352539176
35.284465789794979 58.78857421875
35.310638427734546 58.769882202148438
35.35025787353544 58.786403656005859
35.376831054687671 58.812290191650391
35.389678955078182 58.834342956542969
35.408180236816463 58.854274749755859
35.443908691406534 58.867801666259766
35.529418945312671 58.867214202880803
35.605957031250057 58.847480773925781
35.666885375976506 58.829067230224553
35.706710815429972 58.814083099365462
35.749740600585994 58.820259094238281
35.761940002441406 58.829109191894645
35.810565948486612 58.801807403564453
35.832408905029467 58.780052185058821
35.86725997924799 58.780338287353743
35.919063568115291 58.77412414550804
35.962741851806697 58.76200103759777
36.023242950439737 58.743442535400391
36.075569152832088 58.718948364257812
36.135402679443644 58.718563079834041
36.170639038085938 58.700500488281477
36.203342437744141 58.674427032470703
36.203838348388729 58.656211853027344
36.209934234619197 58.635791778564567
36.213035583496151 58.625591278076172
36.252162933349553 58.610477447509709
36.280174255371151 58.599670410156364
36.283664703369311 58.571254730224609
36.288188934326456 58.555961608886776
36.339916229248047 58.531414031982649
36.396762847900561 58.522880554199219
36.471992492675781 58.522487640380916
36.404453277587947 58.489356994629134
36.381961822509822 58.505428314208984
36.309513092041129 58.499103546142578
36.283420562744425 58.505432128906364
36.219497680664233 58.470878601074446
36.166679382324219 58.487331390380859
36.094573974609546 58.442539215088118
36.004909515380973 58.461982727050895
35.980499267578296 58.39838790893549
35.877723693847713 58.403640747070312
35.780944824218693 58.423233032226676
35.69349288940424 58.435924530029411
35.611900329589957 58.434272766113338
35.497974395752237 58.39399719238304
35.403720855713004 58.363735198974609
35.370361328125 58.370632171631087
35.344268798828182 58.353878021240291
35.331802368164233 58.345870971679688
35.376628875732536 58.319168090820312
35.375591278076342 58.298652648925838
35.343254089355639 58.265617370605526
35.279991149902401 58.238651275634993
35.25870513916044 58.223514556884766
35.237789154053019 58.208694458007756
35.175800323486612 58.201728820801009
35.135112762451229 58.19859695434593
35.094562530517862 58.172420501708984
35.015869140625284 58.195518493652457
34.99930572509794 58.212596893310661
34.953651428222713 58.199436187744254
34.905838012695597 58.206451416015625
34.850944519042969 58.228973388671875
34.768749237060604 58.184638977050895
34.783252716064567 58.161857604980526
34.762611389160099 58.130912780761719
34.777740478515796 58.115291595459098
34.806400299072266 58.091995239257812
34.742275238037394 58.056179046630973
34.686706542968693 58.073261260986385
34.620136260986385 58.086647033691406
34.578754425048885 58.094940185547102
34.533195495605639 58.121768951416129
34.495491027832088 58.111423492431868
34.459869384765739 58.110244750976676
34.416347503662109 58.145000457763899
34.375885009765682 58.145828247070369
34.331916809082315 58.144462585449219
34.278865814209155 58.164688110351562
34.238243103027628 58.190521240234489
34.11977767944353 58.180671691894531
34.11008453369169 58.205890655517692
34.085186004638956 58.204837799072266
34.061725616455362 58.189971923828239
34.031948089599723 58.167732238769531
33.990928649902514 58.136005401611385
33.948493957519588 58.112545013427791
33.917720794678019 58.111263275146541
33.873023986816349 58.122837066650391
33.818817138672159 58.136680603027401
33.763889312744311 58.128005981445426
33.732570648193359 58.111083984375
33.724472045898608 58.087631225585938
33.691078186035156 58.076461791992301
33.657745361328296 58.061077117920149
33.630088806152514 58.044548034668026
33.625041961669922 58.041530609130859
33.600116729736385 58.010517120361555
33.644012451172046 57.983879089355469
33.67674636840826 57.981517791748104
33.730834960937557 57.967712402343977
33.757919311523494 57.940631866455078
33.727695465087947 57.907970428466911
33.749568939209155 57.888236999511832
33.732810974121378 57.853202819824219
33.674694061279354 57.838459014892635
33.619136810302791 57.810028076171989
33.6289710998538 57.796451568603516
33.614883422851619 57.774658203125057
33.591590881347713 57.757240295410156
33.603439331054744 57.739177703857536
33.631935119628849 57.733463287353629
33.647655487060831 57.718803405761946
33.636642456054744 57.70582580566429
33.599193572998331 57.703865051269531
33.575721740722827 57.689090728759766
33.569664001464901 57.67144775390625
33.51266098022478 57.687591552734489
33.483234405517862 57.689739227294979
33.448528289795206 57.680397033691406
33.417179107666072 57.666996002197322
33.35576248168951 57.664871215820426
33.395751953125114 57.637870788574219
33.371475219726619 57.620861053467024
33.356693267822322 57.593391418456974
33.384849548339901 57.57289123535179
33.387847900390796 57.550552368164119
33.366161346435547 57.535694122314396
33.333492279053019 57.529960632324446
33.304359436035213 57.537151336669979
33.292140960693303 57.516639709472713
33.277050018310831 57.498821258545036
33.274394989013956 57.460662841796875
33.352241516113338 57.431282043457031
33.322929382324503 57.379772186279524
33.267559051513672 57.400413513183594
33.275352478027401 57.405891418456974
33.262176513671932 57.42138671875
33.24355697631853 57.434818267822266
33.219287872314396 57.447582244873047
33.190921783447436 57.445537567138672
33.145786285400447 57.434204101562557
33.13217926025419 57.414463043212947
33.093727111816577 57.401317596435774
33.083793640136889 57.40927886962902
33.048812866211051 57.427227020263672
33.018291473388842 57.43861007690424
32.987075805664062 57.427707672119254
32.972286224365178 57.408851623535384
32.933372497558651 57.423381805419922
32.905014038086222 57.431076049804631
32.856307983398494 57.419937133789119
32.801464080810604 57.396846771240234
32.783264160156307 57.381076812744197
32.758598327636889 57.359706878662109
32.709999084472713 57.313823699951286
32.714881896972599 57.292751312255859
32.676265716552678 57.286830902099609
32.635959625244254 57.288597106933537
32.60710525512701 57.29510498046875
32.575649261474666 57.285076141357422
32.578617095947266 57.260040283203125
32.547527313232422 57.247375488281364
32.457118988037109 57.249000549316463
32.450084686279467 57.220474243164176
32.374427795410099 57.214752197265739
32.324829101562443 57.228717803955305
32.305179595947322 57.207729339599837
32.334152221679972 57.169208526611555
32.312049865722599 57.148132324218977
32.217029571533374 57.158748626709098
32.188938140869084 57.12993240356451
32.07868576049799 57.113372802734375
32.08488845825201 57.079421997070312
32.035335540771598 57.075229644775504
32.0589599609375 57.039459228515739
32.017356872558878 57.030181884765625
31.976026535034237 57.084239959716797
31.904251098633097 57.075813293457088
31.882347106933594 57.053031921386662
31.869228363037394 57.042980194091911
31.862571716308651 57.04332351684593
31.847255706787166 57.044109344482536
31.814226150512809 57.058921813964957
31.763221740722713 57.006443023681641
31.736356735229776 56.997886657714957
31.779102325439624 56.970371246337891
31.711561203003214 56.960536956787337
31.656005859375057 56.889533996582145
31.456211090087947 56.893299102783146
31.42102432251005 56.917808532714787
31.30950736999506 56.920074462890739
31.289045333862418 56.901100158691463
31.246309280395678 56.882846832275391
31.085039138794002 56.933807373046989
31.013320922851847 56.941478729248104
30.965705871582202 56.954891204834098
30.931566238403263 56.942996978759993
30.890489578247127 56.931114196777457
30.842266082763729 56.917984008789176
30.785226821899698 56.93149566650402
30.741592407226733 56.954559326171989
30.711296081543026 56.984214782714844
30.702302932739201 57.009815216064567
30.718618392944336 57.039958953857536
30.750738143920955 57.070926666259766
30.764127731323299 57.098075866699219
30.772872924804858 57.144859313964901
30.807945251465014 57.162128448486555
30.856025695800952 57.184120178222656
30.844980239868164 57.208225250244141
30.820951461792049 57.225479125976562
30.780801773071346 57.235771179199219
30.734292984008903 57.251251220703125
30.660619735717717 57.270900726318473
30.593643188476619 57.295433044433707
30.52414512634283 57.320663452148438
30.480541229248047 57.345027923584041
30.490852355957088 57.365020751953239
30.524560928344897 57.404678344726619
30.543489456176815 57.438549041748161
30.507921218872355 57.457977294921875
30.534078598022518 57.475669860839957
30.571136474609432 57.494560241699332
30.661579132080249 57.530311584472656
30.664672851562443 57.532291412353516
30.714042663574503 57.583724975585938
30.674942016601847 57.582878112793082
30.669750213623047 57.582767486572379
30.617439270019531 57.585391998291243
30.539445877075366 57.608562469482422
30.507642745971964 57.628013610840071
30.508966445922908 57.647006988525447
30.539455413818303 57.672908782959041
30.554866790771769 57.693031311035213
30.574491500854549 57.721412658691406
30.554927825927734 57.728519439697209
30.511432647705078 57.735805511474609
30.485948562622184 57.746356964111555
30.504861831665323 57.763767242431754
30.539829254150675 57.782611846924055
30.565851211547908 57.805751800537223
30.57925987243658 57.840152740478516
30.573408126831168 57.868709564208928
30.54988288879423 57.874526977539006
30.509569168090877 57.867168426513786
30.473127365112248 57.86406326293951
30.438835144043253 57.868095397949219
30.384429931640739 57.878116607666016
30.341789245605639 57.875965118408146
30.308898925781364 57.870914459228743
30.263198852539062 57.877040863037166
30.209810256958292 57.889541625976676
30.157430648803995 57.910385131835881
30.126804351806697 57.918598175049055
30.091728210449219 57.918224334717024
30.060165405273494 57.90985107421875
30.022321701049862 57.918090820312557
30.0089244842531 57.93559646606451
30.017620086669922 57.955638885498161
30.011287689209269 57.972255706787223
29.980560302734546 57.9886474609375
29.947004318237362 58.000907897949446
29.909284591675089 58.021362304687614
29.871746063232592 58.039699554443587
29.822780609130916 58.052707672119197
29.771343231201456 58.058189392089957
29.730730056762866 58.055637359619084
29.730052947998104 58.055881500244141
29.729375839233455 58.056121826171875
29.695144653320597 58.068340301513729
29.699148178100586 58.082294464111442
29.701333999633789 58.089920043945312
29.71372032165533 58.119533538818303
29.723617553711108 58.139244079589957
29.718318939209269 58.153888702392578
29.669029235840128 58.18692779541027
29.688882827759073 58.205383300781307
29.723562240600586 58.22328186035179
29.805612564087198 58.242271423339787
29.869232177734432 58.261253356933821
29.928386688232592 58.28647613525402
29.944992065429972 58.313667297363281
29.949365615844783 58.352649688720703
29.94290924072294 58.398097991943587
29.928283691406421 58.440502166748161
29.974428176880167 58.438682556152457
30.014303207397518 58.429668426513615
30.035612106323413 58.419376373291016
30.098701477050838 58.426231384277571
30.156940460205135 58.464096069335881
30.170963287353459 58.500370025634879
30.15921783447294 58.546607971191463
30.111862182617244 58.580017089843864
30.109523773193644 58.617698669433594
30.167987823486385 58.667133331298771
30.131750106811694 58.686222076416016
30.129301071166992 58.700920104980526
30.160173416137809 58.72995758056652
30.190319061279354 58.740634918212947
30.27729988098173 58.720481872558594
30.318294525146541 58.701198577880916
30.384458541870117 58.67791748046875
30.431339263916186 58.679973602294922
30.461599349975643 58.694309234619368
30.517658233642692 58.725502014160384
30.554433822632006 58.730926513671818
30.623266220092944 58.730251312255973
30.672929763793888 58.709899902343864
30.729013442993164 58.721996307373104
30.760351181030558 58.750072479248161
30.760105133056925 58.796142578125114
30.771928787231445 58.826641082763672
30.804025650024414 58.848712921142521
30.873432159423771 58.86693191528343
30.914253234863338 58.882705688476676
30.95574951171875 58.906204223632926
30.976177215576229 58.930915832519759
30.985774993896428 58.961303710937614
31.002750396728459 58.985816955566406
31.010383605957088 59.016681671142635
31.049226760864542 59.039031982421875
31.102682113647518 59.045227050781364
31.158384323120231 59.037635803222599
31.207920074462947 59.018413543701286
31.275175094604435 58.99430084228527
31.333677291870231 59.001873016357365
31.406171798706339 59.021141052246321
31.447032928466967 59.049831390381087
31.463752746582088 59.089942932128906
31.527120590210245 59.120361328125114
31.547491073608512 59.154838562011946
31.528394699096737 59.174278259277401
31.581050872803019 59.187416076660156
31.60256385803217 59.202651977539062
31.574846267700252 59.222434997558707
31.566371917724553 59.245632171630803
31.564254760742244 59.278099060058707
31.552156448364371 59.31510162353527
31.547933578491211 59.340991973876896
31.585077285766772 59.344997406005803
31.646451950073299 59.338851928710938
31.688385009765796 59.333488464355469
31.736204147339038 59.314144134521484
31.763809204101619 59.282424926757869
31.784927368164062 59.271862030029524
31.836515426635742 59.268924713134766
31.888818740845011 59.27622222900402
31.897739410400561 59.291156768798942
31.909032821655444 59.320503234863281
31.92380714416521 59.365116119384993
31.936693191528605 59.379703521728629
31.989185333252067 59.386997222900391
32.028751373291186 59.372074127197379
32.094642639160327 59.346706390380973
32.128456115722713 59.334735870361328
32.1950111389163 59.314067840576286
32.272045135498161 59.290973663330192
32.319576263428019 59.268821716308594
32.341007232666186 59.223506927490178
32.34068679809576 59.184032440185547
32.363765716552791 59.155895233154524
32.41502761840826 59.132072448730469
32.488662719726847 59.125736236572322
32.509483337402344 59.111686706542969
32.600849151611385 59.078620910644645
32.668266296386776 59.061843872070426
32.720314025878963 59.064178466796875
32.761631011962947 59.08038330078125
32.797065734863565 59.104782104492188
32.823257446289233 59.138023376464844
32.813468933105753 59.172401428222884
32.782531738281307 59.202800750732649
32.780315399169979 59.230987548828239
32.810691833496264 59.26338195800804
32.87985992431669 59.292541503906477
32.92350006103527 59.313602447509822
32.974121093750171 59.329952239990234
33.004150390625057 59.348941802978572
33.033359527588061 59.380050659179688
33.06755447387701 59.406257629394588
33.091800689697322 59.384189605713118
33.127540588378963 59.356391906738281
33.173309326171932 59.351268768310661
33.224945068359546 59.331974029541129
33.25468826293951 59.308975219726619
33.297889709472713 59.288463592529524
