>
76.257225036621264 57.204673767089787
76.426559448242188 57.186805725097656
76.560226440429972 57.191757202148438
76.681373596191349 57.201873779296875
76.761177062988338 57.17966461181652
76.788253784179744 57.163635253906364
76.892440795898494 57.155788421630859
77.16733551025419 57.150573730468807
77.614387512207145 57.147232055664176
78.017707824707202 57.138107299804631
78.361877441406364 57.153560638427962
78.395683288574503 57.139526367187727
78.433265686035099 57.093555450439567
78.487312316894531 57.07832336425804
78.548248291015909 57.066219329834041
78.741012573242244 57.036403656005859
78.941612243652514 57.016300201416129
79.140388488769531 56.989875793457145
79.292335510253849 56.981842041015739
79.479133605957031 56.902389526367188
79.565216064453182 56.894222259521598
79.733703613281193 56.835231781006087
79.845993041992301 56.750556945800781
80.003700256347713 56.622142791748104
80.26486968994169 56.419040679931868
80.40219879150419 56.425418853759709
80.471649169921818 56.428607940673942
80.589393615722827 56.442195892334098
80.931427001953182 56.497371673583984
81.099739074706974 56.517475128173885
81.14511871337919 56.523666381836165
81.206001281738281 56.510555267333984
81.260330200195597 56.4671630859375
81.324867248535327 56.42724609375
81.377182006835994 56.380699157714787
81.462127685547159 56.324150085449446
81.543754577637003 56.260448455810547
81.617370605469034 56.248241424560547
81.732803344726562 56.258373260498047
81.82181549072277 56.283153533935547
81.895133972168139 56.301765441894531
81.963325500488338 56.310157775878906
82.060951232910213 56.311557769775334
82.171577453613338 56.338336944580135
82.296020507812784 56.348220825195426
82.384231567382869 56.368652343750114
82.519660949707088 56.380840301513672
82.622131347656364 56.390010833740234
82.693321228027628 56.378646850585938
82.780326843261719 56.391101837158203
82.840103149414119 56.431480407714844
82.837234497070369 56.483589172363509
82.904991149902457 56.504425048828239
82.96604156494169 56.492397308349609
83.030677795410213 56.508987426757869
83.063163757324162 56.531314849853516
83.110000610351619 56.523796081542969
83.133575439453296 56.499889373779354
83.181793212890909 56.449432373046932
83.23370361328125 56.420112609863338
83.231208801269474 56.396343231201399
83.211212158203296 56.376712799072322
83.160957336425895 56.355686187744197
83.134414672851619 56.317310333251953
83.138732910156421 56.275764465332145
83.076797485351619 56.239929199218693
83.08963775634794 56.216464996338118
83.132972717285099 56.204715728759879
83.182678222656307 56.190139770507926
83.18682861328125 56.152351379394645
83.169288635253963 56.113391876220703
83.204200744628963 56.086479187011946
83.217796325683707 56.086490631103459
83.249069213867244 56.096477508544979
83.271705627441406 56.07718658447277
83.270805358886776 56.053661346435661
83.259933471679744 56.022190093994254
83.261833190918026 55.996276855468977
83.289382934570256 55.966442108154354
83.304496765136889 55.930233001709098
83.341293334961108 55.883907318115348
83.354034423828068 55.841747283935661
83.306427001953182 55.808952331543026
83.313896179199276 55.778224945068473
83.276016235351847 55.743000030517578
83.208541870117358 55.727878570556754
83.234664916992358 55.700729370117131
83.279045104980753 55.674266815185661
83.321151733398494 55.674575805664176
83.384193420410156 55.688045501708928
83.407737731933651 55.666114807129134
83.464935302734432 55.670337677001953
83.519340515136776 55.669467926025447
83.563804626465128 55.664424896240234
83.604331970215014 55.671867370605582
83.624572753906307 55.705436706543082
83.646499633789062 55.739269256592024
83.721321105957088 55.771915435791129
83.778541564941463 55.825431823730582
83.798164367675838 55.871955871582145
83.850997924804744 55.886539459228629
83.894416809082202 55.929718017578352
83.941825866699332 55.960376739502067
83.969345092773381 55.990173339843977
84.017921447753963 55.999427795410156
84.050796508789006 56.005691528320426
84.092636108398494 56.014961242676009
84.143608093261776 56.022647857666016
84.211692810058651 55.987808227539062
84.27587890625 55.965461730956974
84.360061645507869 55.97089767456049
84.420761108398551 56.003025054931697
84.459220886230469 56.020111083984602
84.506294250488452 56.009437561035384
84.55069732666044 56.00492095947277
84.543548583984432 55.974205017089957
84.538635253906364 55.950286865234432
84.57529449462919 55.912162780761946
84.553245544433764 55.892524719238509
84.530937194824219 55.877574920654411
84.567970275878963 55.842338562011946
84.573890686035213 55.824474334716797
84.587623596191463 55.780632019043082
84.592750549316463 55.764560699462891
84.562431335449276 55.748561859130859
84.568138122558651 55.735309600830192
84.609962463378963 55.708160400390568
84.643173217773722 55.685451507568416
84.659912109375057 55.645782470703239
84.703681945800724 55.633731842041016
84.778106689453296 55.616333007812727
84.814994812011776 55.568050384521598
84.819107055664233 55.52210617065424
84.802429199218864 55.509780883789176
84.773963928222713 55.485694885253963
84.78641510009794 55.44359207153326
84.748428344726619 55.414562225341797
84.673461914062557 55.402084350585938
84.639625549316577 55.379146575927962
84.703918457031421 55.380970001220703
84.782882690429858 55.383701324462947
84.844062805175724 55.385044097900447
84.881912231445369 55.374118804931641
84.888656616211222 55.341545104980582
84.89743804931669 55.312023162842024
84.896102905273722 55.266391754150391
84.873962402344034 55.239410400390682
84.884948730468807 55.196258544921875
84.909759521484432 55.147472381591911
84.930221557617301 55.109279632568416
84.927108764648494 55.068077087402344
84.915885925293026 55.030452728271484
84.877929687500057 54.985649108886832
84.909011840820369 54.96184158325201
84.947639465332031 54.94364166259777
84.989952087402628 54.920322418213004
85.037666320800781 54.879180908203239
85.079010009765909 54.800113677978629
85.063629150390796 54.776836395263729
85.031791687011889 54.757930755615462
84.954162597656421 54.7432861328125
84.935440063476562 54.691719055175895
84.992668151855639 54.662979125976562
85.040626525878963 54.645072937011719
85.050331115722713 54.628738403320426
85.038497924804744 54.613315582275391
84.978240966796932 54.584186553955135
84.974052429199276 54.566020965576229
84.990562438964844 54.536666870117131
85.024887084960938 54.482757568359375
85.085792541503963 54.406341552734489
85.080627441406421 54.382495880126953
85.013175964355526 54.376529693603629
84.903640747070369 54.362251281738509
84.797187805175952 54.332477569580192
84.698104858398722 54.304489135742301
84.615524291992472 54.280490875244197
84.540191650390909 54.242565155029524
84.540733337402457 54.209201812744197
84.484985351562557 54.167339324951172
84.418998718261776 54.135177612304631
84.401962280273608 54.156990051269588
84.377418518066463 54.165725708007812
84.337242126465128 54.161151885986442
84.290046691894588 54.165866851806697
84.239051818847599 54.187641143799055
84.166938781738565 54.166564941406477
84.061172485351619 54.133274078369368
83.993728637695597 54.112796783447266
83.953712463378849 54.100574493408203
83.889755249023551 54.099025726318303
83.854522705078068 54.117332458496321
83.803108215332088 54.116539001464844
83.686149597168139 54.102722167968864
83.585670471191463 54.095794677734602
83.484085083008097 54.087650299072266
83.480285644531534 54.047966003418082
83.498504638671932 54.002124786377067
83.445083618164062 53.965465545654411
83.406791687011776 53.942180633544979
83.327598571777401 53.961334228515852
83.305015563964787 53.998142242431641
83.287788391113338 54.033863067626953
83.241340637207202 54.043846130371094
83.156623840331974 54.041610717773665
83.070007324219034 54.014762878418082
83.046943664551065 53.979564666748104
82.938415527344034 53.937141418457145
82.885124206543026 53.908512115478516
82.812858581543026 53.872337341308537
82.752616882324503 53.841621398925895
82.701866149902457 53.801082611084269
82.720809936523438 53.745014190673942
82.708724975586051 53.711345672607479
82.632568359375057 53.674316406250114
82.652259826660213 53.634296417236385
82.6268310546875 53.616291046142578
82.553878784179972 53.583389282226562
82.526000976562614 53.560260772705078
82.5577392578125 53.536197662353516
82.525794982910213 53.529315948486328
82.452880859375 53.514122009277628
82.353057861328068 53.526428222656307
82.306854248046989 53.56413650512701
82.259132385253963 53.580909729003906
82.156471252441577 53.612358093261832
82.187561035156421 53.662406921386719
82.134727478027514 53.679275512695426
82.021003723144531 53.678798675537223
81.955039978027514 53.702911376953239
81.871871948242358 53.722267150878906
81.816627502441463 53.706695556640852
81.784194946289119 53.723972320556697
81.750480651855582 53.760742187500284
81.717788696289062 53.798641204833984
81.716285705566463 53.828495025634822
81.756118774414233 53.846294403076286
81.819915771484659 53.867958068847599
81.815864562988338 53.90020751953125
81.828475952148494 53.921051025390682
81.787910461425724 53.931385040283203
81.713378906250171 53.918258666992301
81.678176879882869 53.934123992919979
81.623840332031534 53.939342498779411
81.567489624023438 53.925357818603743
81.559455871582202 53.948497772216911
81.557434082031307 53.979198455810661
81.562965393066463 54.017765045166129
81.473190307617472 54.051864624023438
81.447654724121094 54.087188720703182
81.423385620117472 54.086948394775447
81.352073669433878 54.079818725586051
81.280151367187784 54.083847045898551
81.242156982421932 54.114227294921875
81.209259033203296 54.124732971191406
81.111061096191406 54.115802764892692
81.096069335937614 54.135898590087891
81.093193054199276 54.174041748046989
81.078178405762003 54.194137573242188
81.028091430664062 54.225307464599609
80.948471069336222 54.26935958862299
80.923248291015682 54.318847656249943
80.913009643554631 54.361434936523438
80.856918334961222 54.36515045166027
80.801849365234546 54.344467163085938
80.781311035156307 54.317386627197379
80.817352294921932 54.279159545898551
80.819076538085994 54.250202178955305
80.748817443847827 54.246715545654297
80.655441284179744 54.227836608886832
80.628921508789119 54.206306457519645
80.577789306640682 54.206935882568473
80.507926940918139 54.168361663818587
80.528800964355526 54.121913909912053
80.462501525878849 54.101875305175838
80.410209655762003 54.114482879638615
80.346611022949276 54.076850891113281
80.290832519531193 54.067993164062614
80.245552062988338 54.036361694336051
80.185768127441577 54.025814056396484
80.165672302246378 54.039257049560604
80.146163940429744 54.069892883300895
80.100189208984432 54.057949066162166
80.037940979003906 54.030735015869254
80.065956115722599 53.990322113037109
79.945671081542969 53.946987152099723
79.846481323242358 53.91015625
79.843811035156421 53.872707366943416
79.820915222168139 53.848655700683707
79.759452819824162 53.82703781127924
79.720428466796932 53.836067199707145
79.669639587402514 53.827743530273438
79.600837707519588 53.807563781738338
79.580589294433764 53.758262634277628
79.533439636230469 53.731540679931641
79.491760253906307 53.727638244628906
79.461929321289233 53.707874298095703
79.366119384765909 53.684371948242415
79.310798645019815 53.711120605468864
79.264961242675838 53.717739105224723
79.259727478027287 53.697780609130859
79.18265533447294 53.678565979003906
79.088203430175895 53.670253753662053
79.028388977050952 53.696052551269645
78.997200012207088 53.658744812011719
78.959579467773494 53.664916992187727
78.926528930664062 53.683391571045036
78.888885498046989 53.678123474121207
78.776893615722713 53.666217803955192
78.693328857421932 53.65587234497093
78.640083312988452 53.63226318359375
78.614242553711222 53.597682952881087
78.628959655761662 53.56046295166027
78.590530395507869 53.528213500976676
78.526779174804858 53.523437500000114
78.445083618164347 53.516052246093693
78.365409851074389 53.493736267089787
78.290588378906534 53.482833862304801
78.207511901855526 53.505622863769531
78.178421020508097 53.536182403564453
78.196182250976506 53.592277526855526
78.172569274902514 53.610557556152571
78.128852844238224 53.596149444580135
78.099609375000057 53.562637329101733
78.052925109863565 53.553352355957259
78.022003173828409 53.567256927490178
77.95584869384794 53.557872772216911
77.958732604980469 53.486660003662166
77.978836059570369 53.474445343017635
78.058731079101562 53.465541839599723
78.062950134277401 53.450088500976562
78.042282104492188 53.438297271728629
77.960205078125284 53.434318542480696
77.942489624023722 53.420230865478516
77.979087829590128 53.388313293457031
77.957313537597713 53.361911773681697
77.915832519531421 53.371765136718977
77.886802673340128 53.327583312988565
77.886535644531307 53.327724456787109
77.871688842773551 53.306472778320312
77.858909606933707 53.315437316894531
77.783180236816463 53.35904693603527
77.768104553222713 53.367729187011776
77.626594543457145 53.448825836181641
77.616363525390625 53.454689025878906
77.570335388183707 53.480957031249943
77.45627593994152 53.536212921142578
77.401458740234375 53.56287765502924
77.391990661621207 53.569133758545036
77.356330871582145 53.584659576416016
77.342803955078409 53.590549468994141
77.341491699219034 53.591121673583984
77.339553833008097 53.591964721679631
77.332138061523722 53.59519195556652
77.327766418456974 53.598548889160384
77.326812744140568 53.599006652832145
77.183982849121264 53.667591094970646
77.183174133301065 53.667980194091797
77.175224304199389 53.673332214355526
77.163253784179744 53.678375244140625
77.141845703125171 53.687393188476562
77.054336547851619 53.729156494140625
76.997322082519588 53.756366729736385
76.973091125488338 53.768009185791243
76.955665588378906 53.776386260986385
76.902656555175952 53.801860809326115
76.762023925781534 53.86912918090826
76.739067077636776 53.881874084472599
76.583824157714901 53.967754364013786
76.574531555176065 53.973999023437443
76.547149658203296 53.992393493652401
76.527427673340128 54.016181945800781
76.506698608398608 54.037208557128963
76.500572204589844 54.048038482666072
76.497825622558707 54.078819274902571
76.465026855468864 54.104820251464957
76.440345764160156 54.124351501464844
76.431045532226619 54.131713867187614
76.423118591308537 54.151638031005973
76.423576354980526 54.162387847900391
76.426696777344034 54.168167114257756
76.435768127441406 54.172256469726619
76.457168579101619 54.172500610351676
76.509559631347827 54.168857574462891
76.516578674316349 54.166873931884879
76.523826599121037 54.164825439453352
76.533920288086222 54.159103393554915
76.551330566406421 54.154453277588118
76.574386596679688 54.152889251709041
76.587081909179744 54.155216217041243
76.597267150878906 54.160453796386946
76.608535766601733 54.160690307617301
76.617019653320369 54.155616760253906
76.631561279297159 54.13679504394554
76.635604858398438 54.131561279296875
76.645217895507869 54.126960754394645
76.654586791992244 54.126243591308594
76.670860290527628 54.133213043212891
76.680770874023722 54.137454986572493
76.717918395996151 54.153343200683594
76.73453521728527 54.155273437500057
76.748634338378963 54.160350799560774
76.756004333496264 54.174201965332088
76.757247924804972 54.192955017089957
76.770477294922046 54.199840545654524
76.801223754882869 54.207065582275447
76.820320129394588 54.218315124511832
76.826477050781534 54.221939086914176
76.842521667480753 54.234580993652344
76.846466064453182 54.247673034668082
76.839523315429858 54.280883789062614
76.861923217773494 54.299121856689453
76.867622375488338 54.305347442627067
76.871490478515909 54.309577941894588
76.86639404296875 54.3330078125
76.862030029297046 54.353019714355469
76.850875854492301 54.363769531250227
76.840827941894474 54.368602752685547
76.829376220703068 54.370670318603516
76.816101074218807 54.369754791259822
76.788093566894588 54.367820739746207
76.783691406250057 54.369560241699332
76.782417297363565 54.377986907959212
76.832481384277514 54.391735076904354
76.847656250000284 54.396533966064567
76.86029052734375 54.400524139404411
76.887847900390682 54.409221649169922
76.912452697753963 54.417209625244141
76.933502197265909 54.426044464111555
76.937965393066577 54.430465698242188
76.936141967773551 54.449611663818359
76.931465148925952 54.456378936767805
76.928245544433594 54.457916259765625
76.912971496582202 54.457866668701172
76.874351501465128 54.448410034179688
76.858474731445369 54.444522857666072
76.850013732910327 54.441555023193473
76.840583801269645 54.438247680664006
76.788215637207202 54.419887542724609
76.745162963867244 54.419731140136832
76.742240905761889 54.418979644775618
76.735519409179972 54.417255401611385
76.731658935546932 54.413986206054801
76.72806549072294 54.410942077636832
76.718711853027628 54.390430450439567
76.712135314941577 54.383907318115462
76.708374023437557 54.380176544189396
76.68704986572294 54.363986968994141
76.662498474121094 54.349788665771598
76.658523559570483 54.348522186279297
76.651763916015909 54.346370697021598
76.628715515137003 54.346122741699162
76.584022521972713 54.348388671875114
76.557899475097713 54.347377777099609
76.532432556152514 54.336376190185604
76.520622253418139 54.331275939941406
76.504112243652401 54.326805114746207
76.455375671386889 54.325283050537109
76.400985717773381 54.326580047607365
76.347198486328068 54.330379486084098
76.327850341796932 54.333358764648438
76.323738098144474 54.334411621093977
76.300003051757869 54.340480804443473
76.242500305175781 54.357852935790959
76.234024047851619 54.356052398681868
76.227539062500057 54.342258453369141
76.215347290039176 54.316314697265739
76.205436706543082 54.307395935058707
76.205650329590128 54.301689147949162
76.214630126953409 54.293453216552734
76.230979919433651 54.283107757568359
76.232467651367244 54.278575897216797
76.227302551269588 54.274337768554744
76.200698852539347 54.266975402831974
76.077781677246151 54.232963562011832
76.070243835449503 54.23103332519554
75.960769653320256 54.202995300293196
75.794326782226562 54.157844543457145
75.751731872558537 54.14622879028343
75.706573486328296 54.133914947509879
75.698616027832088 54.131568908691406
75.697509765625114 54.134403228759993
75.667961120605753 54.214866638183707
75.665031433105526 54.318527221679688
75.668609619140796 54.433219909668026
75.669372558593921 54.459476470947379
75.681518554687784 54.512317657470817
75.685684204101676 54.531581878662223
75.715347290039233 54.550518035888672
75.796791076660327 54.557498931884879
75.816452026367188 54.583911895751953
75.808341979980753 54.62946701049799
75.793807983398494 54.666873931884766
75.757743835449276 54.688083648681641
75.69998931884777 54.695926666259993
75.687644958496037 54.742507934570312
75.669754028320483 54.782131195068416
75.625801086426065 54.812271118164176
75.580772399902457 54.83636474609375
75.560462951660327 54.818428039550781
75.556175231933707 54.781772613525618
75.518745422363338 54.824886322021712
75.496368408203296 54.860622406005973
75.491752624511662 54.875102996826286
75.492485046387003 54.891716003418196
75.427032470703182 54.890087127685604
75.353538513183594 54.882812500000114
75.313362121582145 54.881767272949219
75.302925109863224 54.892059326171875
75.297615051269702 54.907371520996321
75.329895019531307 54.932804107666072
75.371543884277457 54.979618072509879
75.386917114257812 55.0274658203125
75.356025695800838 55.065307617187727
75.310127258300895 55.099842071533203
75.270919799804858 55.102005004882756
75.237953186035156 55.102577209472599
75.243583679199503 55.144485473632926
75.270767211914119 55.164905548095703
75.282104492187784 55.193534851074332
75.241744995117358 55.232223510742301
75.225730895996264 55.252975463867415
75.190811157226733 55.268634796142578
75.177803039550724 55.307491302490348
75.178810119629077 55.330970764160213
75.137748718261662 55.327877044677848
75.099739074707145 55.342857360839957
75.144592285156534 55.360401153564453
75.173217773437784 55.384094238281364
75.193008422851676 55.420383453369254
75.220207214355639 55.443733215332088
75.250259399414347 55.462814331054744
75.287567138671932 55.468952178955078
75.32730865478544 55.471687316894531
75.343971252441577 55.480121612548942
75.307609558105526 55.505245208740291
75.248680114746151 55.517772674560547
75.202491760253963 55.52426910400402
75.157638549804858 55.538810729980469
75.131690979004077 55.571041107177962
75.128494262695369 55.595573425293082
75.153213500976562 55.612575531005859
75.170555114746037 55.625053405761719
75.123771667480582 55.654724121093864
75.095443725586108 55.677719116210994
75.085197448730526 55.699771881103743
75.094993591308878 55.723258972167969
75.128265380859546 55.730480194092024
75.199607849121264 55.710918426513786
75.253341674804631 55.708885192871207
75.28125 55.71391677856451
75.323852539062614 55.727905273437727
75.334114074707088 55.753376007080305
75.315620422363338 55.795013427734375
75.297889709472713 55.828086853027457
75.290443420410213 55.848808288574276
75.321533203125057 55.871971130371207
75.374549865722713 55.893928527832145
75.431762695312557 55.922592163085938
75.478225708007812 55.969268798828239
75.490516662597713 55.997127532959212
75.464706420898608 56.026569366455192
75.516784667968921 56.045333862304801
75.570732116699219 56.046012878417969
75.614219665527344 56.041591644287166
75.652984619140796 56.064262390136662
75.688995361328125 56.091194152832031
75.764968872070369 56.090595245361555
75.821708679199503 56.089794158935547
75.889938354492244 56.110740661621151
75.937820434570369 56.133228302001953
76.004844665527344 56.150932312011776
76.062263488769531 56.149192810058594
76.126045227050838 56.130332946777401
76.183029174804858 56.126510620117188
76.265167236328409 56.145221710205192
76.298492431640682 56.163589477539176
76.290962219238452 56.185222625732479
76.277091979980526 56.216255187988395
76.207672119140682 56.251441955566406
76.156539916992244 56.274894714355469
76.104598999023438 56.302009582519759
76.093711853027287 56.356903076171875
76.087928771972713 56.388610839843977
76.092231750488452 56.403068542480469
76.122787475585994 56.410236358642635
76.127090454101506 56.432441711425781
76.080718994140909 56.458812713623047
76.037765502929744 56.472324371338004
76.008438110351847 56.463443756103516
75.949249267578182 56.438716888427848
75.903892517090128 56.411937713623047
75.866806030273438 56.409156799316406
75.823837280273438 56.43037414550804
75.814498901367188 56.464317321777401
75.842559814453296 56.490493774414119
75.932548522949162 56.535114288330078
75.972625732422046 56.549137115478572
75.986434936523494 56.57038497924799
76.023345947265625 56.602092742919922
76.067611694336108 56.602416992187727
76.118568420410327 56.613693237304915
76.169609069824503 56.640487670898438
76.240623474121264 56.687755584716854
76.244277954101619 56.739791870117301
76.232841491699276 56.795616149902401
76.245498657226847 56.858211517333984
76.240516662597713 56.912467956542912
76.214523315429744 56.937294006347656
76.173248291015568 56.958110809326286
76.178985595703125 57.043598175048771
76.150619506835938 57.136871337890852
76.104385375976847 57.229522705078125
76.185211181640739 57.206844329834098
76.257225036621264 57.204673767089787
