36.019684 53.635109
36.039612 53.572643
36.096615 53.582901
36.142509 53.557472
36.285393 53.531933
36.298759 53.516094
36.310913 53.483398
36.340931 53.461193
36.369793 53.447739
36.423077 53.422821
36.500736 53.390541
36.570805 53.399506
36.685242 53.410133
36.664207 53.392025
36.701767 53.382820
36.750298 53.305328
36.933372 53.274014
36.977165 53.298885
36.993992 53.279629
37.010136 53.278744
37.121025 53.272682
37.198555 53.239212
37.292427 53.258724
37.298855 53.305023
37.423180 53.303761
37.452793 53.280682
37.507137 53.270794
37.518307 53.289707
37.579636 53.278137
37.572281 53.189987
37.580914 53.142403
37.607063 53.131397
37.663658 53.107498
37.719910 53.141392
37.779118 53.112495
37.816040 53.060558
37.857853 53.017464
37.835133 52.985462
37.852249 52.961777
37.825367 52.943043
37.872147 52.908352
37.882221 52.900856
37.873425 52.881329
37.853275 52.864994
37.842041 52.829811
37.868553 52.802502
37.887234 52.770607
37.867317 52.744495
37.820633 52.710621
37.799248 52.701881
37.801292 52.663151
37.775478 52.644466
37.720215 52.640793
37.697308 52.641918
37.702099 52.606007
37.786934 52.610916
37.812199 52.583652
37.847088 52.588688
37.862461 52.565754
37.908936 52.545898
37.850655 52.524261
37.866955 52.499554
37.913857 52.505035
37.937576 52.482765
37.958546 52.495602
37.983795 52.477032
37.934200 52.448105
37.958073 52.413452
38.021206 52.414806
38.040359 52.399326
38.013172 52.381298
38.087318 52.345558
38.091129 52.321842
38.060738 52.309223
38.063328 52.268829
38.014450 52.247189
37.963745 52.262913
37.906643 52.243118
37.909210 52.223942
37.888931 52.207745
37.845135 52.210308
37.814236 52.186493
37.771492 52.170971
37.757450 52.155476
37.769024 52.134228
37.778763 52.114578
37.771912 52.087639
37.772266 52.051216
37.730873 52.057323
37.708668 52.040333
37.688950 52.023563
37.687206 51.985874
37.652161 51.979855
37.625835 52.001244
37.586990 52.029980
37.533146 52.043430
37.496677 52.037472
37.467934 52.002090
37.445587 51.963142
37.402744 51.954723
37.377827 51.964230
37.347069 51.980438
37.301773 52.014709
37.253258 52.038239
37.216351 52.062122
37.200710 52.081440
37.191845 52.092430
37.140270 52.108501
37.073318 52.110306
37.002743 52.110092
36.967999 52.115059
36.894917 52.125504
36.828445 52.146595
36.751404 52.192474
36.719841 52.197182
36.661343 52.197803
36.649464 52.196301
36.627571 52.205570
36.641205 52.218922
36.614010 52.235668
36.547474 52.233021
36.481743 52.248493
36.436718 52.271671
36.438526 52.284214
36.413696 52.317673
36.380192 52.356899
36.341969 52.387661
36.284512 52.398262
36.259644 52.396557
36.201027 52.381157
36.139877 52.365967
36.104080 52.353615
36.056004 52.364983
36.010506 52.363556
35.960690 52.344032
35.922241 52.326687
35.911255 52.321739
35.867115 52.321888
35.817841 52.328857
35.747684 52.320248
35.678680 52.292633
35.632389 52.286358
35.612560 52.289856
35.588776 52.301605
35.589451 52.341351
35.563934 52.393940
35.540684 52.418053
35.515263 52.434002
35.530155 52.465382
35.494728 52.472778
35.460609 52.479900
35.439487 52.428772
35.391533 52.462452
35.346252 52.459316
35.336510 52.406208
35.258430 52.409939
35.258278 52.427162
35.186604 52.437649
35.142616 52.397568
35.009544 52.388607
34.955387 52.376114
34.891514 52.417938
34.834843 52.409412
34.839355 52.467430
34.890987 52.475872
34.871819 52.498932
34.935848 52.503250
34.936607 52.532478
35.026798 52.558872
34.957653 52.595497
34.996063 52.628929
34.954128 52.681141
34.969616 52.690834
35.016277 52.668793
35.050327 52.698402
35.004169 52.743809
35.037968 52.771851
35.036537 52.787384
34.963448 52.780956
34.934902 52.811935
34.898693 52.826305
34.854618 52.795471
34.836491 52.822197
34.808552 52.863243
34.770889 52.888752
34.845451 52.899052
34.875633 52.909782
34.863441 52.961193
34.892765 52.963707
34.919914 52.947014
34.960537 52.951881
34.975597 52.998959
35.025795 52.949566
35.049812 52.962307
35.142551 52.971275
35.139595 53.025578
35.208042 53.027084
35.246964 53.026550
35.282925 53.066727
35.264061 53.094402
35.183815 53.111271
35.162235 53.132282
35.090450 53.150818
35.139721 53.171627
35.123394 53.199017
35.126225 53.284885
35.211349 53.307377
35.264252 53.290310
35.257668 53.334072
35.342407 53.365273
35.389969 53.361420
35.421364 53.428867
35.463036 53.475475
35.530155 53.488777
35.482014 53.427525
35.530109 53.419132
35.542847 53.438030
35.599419 53.522274
35.639107 53.521969
35.678452 53.554031
35.711716 53.518814
35.808350 53.524052
35.842365 53.568653
35.997677 53.638332
36.019684 53.635109
