43.300781 54.008537
43.317535 53.990723
43.376213 53.994217
43.416176 53.986874
43.430428 53.978474
43.465740 53.957634
43.485252 53.961323
43.543472 53.977448
43.584740 53.993286
43.617527 53.990986
43.639400 53.985302
43.652309 53.956402
43.659843 53.946198
43.706837 53.939270
43.771740 53.940201
43.851757 53.918663
43.930695 53.892216
43.960960 53.878094
43.980358 53.854229
43.988216 53.833603
43.983833 53.815182
43.977169 53.797924
43.981308 53.780258
44.001949 53.761002
44.042507 53.739803
44.067322 53.726013
44.098049 53.717663
44.149509 53.703648
44.207119 53.692043
44.260765 53.686367
44.284149 53.684162
44.323856 53.680431
44.383621 53.677670
44.458523 53.684658
44.521729 53.694122
44.542259 53.700974
44.558254 53.680031
44.577435 53.669094
44.598110 53.661179
44.653290 53.674976
44.687283 53.678802
44.750664 53.686123
44.774292 53.699085
44.779732 53.714699
44.761665 53.734848
44.721874 53.753723
44.690853 53.775093
44.660061 53.805122
44.638977 53.830791
44.636997 53.852833
44.647984 53.868332
44.678001 53.889626
44.699013 53.897724
44.723209 53.897232
44.750370 53.897087
44.781425 53.902618
44.805202 53.916096
44.847446 53.937618
44.891235 53.954277
44.945877 53.965099
44.980076 53.949303
45.040611 53.954330
45.103455 53.941368
45.169918 53.957394
45.185181 53.962734
45.265022 53.962463
45.272274 53.925888
45.291172 53.895267
45.339863 53.877892
45.421448 53.902023
45.516724 53.913395
45.564262 53.921608
45.607811 53.922073
45.658916 53.914951
45.693665 53.918743
45.746086 53.921562
45.783825 53.926647
45.813404 53.955719
45.848618 53.978012
45.893707 53.965778
45.958393 53.989391
46.045391 53.995136
46.107311 53.959503
46.159859 53.949543
46.226124 53.901024
46.226719 53.870178
46.218407 53.849602
46.254028 53.803493
46.315250 53.767803
46.332916 53.747322
46.367859 53.721798
46.389748 53.698753
46.447685 53.664722
46.468056 53.652760
46.498577 53.624592
46.503162 53.591209
46.486275 53.555222
46.482204 53.521847
46.491077 53.496178
46.542805 53.470619
46.602863 53.470749
46.675735 53.493961
46.723022 53.486305
46.736015 53.447796
46.808872 53.429852
46.821682 53.406723
46.885887 53.388714
46.920059 53.368153
46.919952 53.337341
46.954033 53.311646
46.949581 53.283394
46.923836 53.257778
46.906670 53.232109
46.910851 53.214157
46.944721 53.178173
46.965866 53.160194
46.961445 53.131962
46.935760 53.096081
46.939697 53.047279
46.926682 52.998554
46.922153 52.954918
46.913513 52.924145
46.925915 52.880497
46.959503 52.844505
46.984535 52.813637
46.967297 52.767464
46.929317 52.754700
46.887005 52.729122
46.827930 52.698376
46.802483 52.641922
46.760456 52.647060
46.688995 52.665039
46.680649 52.690678
46.680653 52.706081
46.646961 52.731747
46.588009 52.726521
46.550198 52.708515
46.524956 52.693077
46.503979 52.685303
46.449200 52.703148
46.394535 52.695286
46.340080 52.666866
46.315098 52.635994
46.306808 52.615440
46.243874 52.617737
46.193398 52.617493
46.180981 52.609715
46.147602 52.589031
46.122780 52.558113
46.055817 52.552582
46.001732 52.524025
46.027397 52.488300
46.040253 52.460178
46.053169 52.437172
46.020149 52.406193
45.974236 52.403309
45.931587 52.423229
45.898441 52.438663
45.843788 52.461311
45.789165 52.473663
45.755226 52.498978
45.725529 52.516647
45.679451 52.518742
45.634052 52.490101
45.576637 52.443352
45.531406 52.414635
45.464649 52.413883
45.384892 52.430832
45.318913 52.404343
45.247910 52.405933
45.209820 52.423309
45.143600 52.406971
45.115768 52.368137
45.075188 52.336769
45.028767 52.353947
44.981918 52.381351
44.951061 52.424393
44.891060 52.464340
44.835979 52.481293
44.778244 52.464863
44.727936 52.469051
44.676422 52.498772
44.629814 52.510662
44.588055 52.509823
44.576969 52.481400
44.582287 52.458450
44.543175 52.406387
44.497761 52.397751
44.444561 52.378704
44.420975 52.352551
44.405930 52.321476
44.357189 52.299900
44.307678 52.293633
44.239223 52.327911
44.170925 52.357021
44.087105 52.365139
44.024605 52.366127
43.965725 52.374840
43.922810 52.394207
43.866566 52.420753
43.814968 52.445122
43.732384 52.432568
43.700172 52.416271
43.637577 52.417004
43.559399 52.401897
43.520279 52.369953
43.467201 52.355495
43.403416 52.371479
43.342140 52.405487
43.318863 52.432983
43.283733 52.452362
43.217041 52.450233
43.186012 52.423557
43.158932 52.399544
43.115215 52.396954
43.115807 52.416809
43.116230 52.442837
43.120003 52.457092
43.138744 52.469067
43.134365 52.486851
43.118706 52.497768
43.134178 52.514130
43.155758 52.538509
43.183151 52.546722
43.213421 52.562740
43.249866 52.576603
43.282326 52.611416
43.297215 52.634029
43.289539 52.651604
43.276665 52.674992
43.226467 52.717102
43.200287 52.743263
43.189610 52.753933
43.144711 52.790558
43.098476 52.819923
43.035576 52.858646
42.981709 52.902550
42.954281 52.917564
42.911407 52.933632
42.846470 52.964806
42.802673 52.984329
42.763527 53.008556
42.743050 53.023808
42.719311 53.042393
42.700790 53.066738
42.672543 53.075558
42.625137 53.090775
42.591297 53.112251
42.591515 53.131721
42.599232 53.154552
42.599434 53.182259
42.573215 53.197357
42.542873 53.215279
42.526936 53.230080
42.511051 53.248478
42.489632 53.272652
42.459606 53.298550
42.441563 53.312424
42.415852 53.315617
42.412403 53.316044
42.369141 53.317177
42.329124 53.315384
42.302464 53.325108
42.286255 53.339859
42.289078 53.354439
42.297264 53.370167
42.309498 53.387184
42.321175 53.420330
42.309147 53.435429
42.290951 53.445744
42.262665 53.452480
42.236336 53.457844
42.204185 53.466358
42.167206 53.474827
42.139187 53.487762
42.121391 53.506798
42.120075 53.527786
42.108215 53.553177
42.111576 53.576511
42.132565 53.598560
42.139782 53.626041
42.139637 53.653255
42.125839 53.671852
42.122482 53.691917
42.129471 53.722214
42.143932 53.739147
42.149616 53.761902
42.114376 53.781242
42.271957 53.785954
42.297817 53.809181
42.353237 53.803802
42.360458 53.782509
42.443844 53.749245
42.500290 53.720173
42.523033 53.713161
42.539074 53.724056
42.500130 53.753761
42.504696 53.784927
42.569664 53.823326
42.593201 53.811172
42.588528 53.780018
42.626133 53.760578
42.704536 53.796787
42.764236 53.809040
42.875469 53.794506
42.953812 53.796967
43.026943 53.806953
43.064056 53.826164
43.128017 53.802242
43.157482 53.818573
43.190956 53.818573
43.211323 53.810364
43.226185 53.824120
43.241199 53.836369
43.252579 53.851009
43.252991 53.862720
43.229675 53.881039
43.186443 53.906834
43.190605 53.934727
43.223976 53.972843
43.254169 53.997787
43.267952 54.010231
43.300781 54.008537
