>
48.401920318603629 52.796188354492301
48.401134490966854 52.775630950927962
48.353210449219034 52.737743377685661
48.313880920410213 52.699722290039062
48.300422668457031 52.676761627197266
48.299446105956974 52.651065826416243
48.328163146972713 52.632621765136719
48.39654541015625 52.662487030029354
48.469581604003849 52.699947357177848
48.523944854736385 52.691360473632983
48.565757751465014 52.685512542724609
48.598503112793253 52.664367675781364
48.62273025512701 52.643375396728516
48.690231323242472 52.647338867187557
48.739063262939453 52.615562438964957
48.746292114257926 52.589653015136662
48.770725250244141 52.573745727539119
48.85303115844755 52.541271209716911
48.894168853759822 52.525016784667969
48.906047821045206 52.511852264404354
48.963100433349894 52.479778289794979
49.051261901855526 52.485702514648381
49.110324859619425 52.494747161865348
49.182075500488338 52.506076812744141
49.231002807617131 52.502819061279467
49.298809051513615 52.498256683349609
49.348358154297046 52.486766815185547
49.401279449463061 52.462303161621094
49.420978546142635 52.443748474121094
49.381828308105753 52.416275024414006
49.434650421142749 52.391777038574446
49.470478057861328 52.36247634887701
49.540714263916186 52.352939605712947
49.560501098632869 52.404102325439567
49.610858917236328 52.407978057861271
49.670925140380803 52.367656707763729
49.660903930664347 52.342079162597599
49.667621612548885 52.316043853759709
49.670383453369311 52.292697906494197
49.685325622558537 52.266445159912053
49.75069808959978 52.249149322509766
49.803535461425895 52.229614257812557
49.863212585449276 52.189083099365291
49.908592224121151 52.185203552246321
49.987724304199276 52.190658569335938
50.016490936279411 52.187187194824332
50.052234649658374 52.162853240966911
50.084270477294922 52.146327972412109
50.171218872070369 52.146251678466911
50.219684600830078 52.129169464111499
50.193111419677848 52.104087829590014
50.25522613525419 52.04509353637701
50.303524017334041 52.027938842773381
50.374874114990348 52.043769836425724
50.407428741455135 52.037502288818416
50.447074890136832 52.015438079833928
50.507915496826342 52.00037765502924
50.634735107421932 51.988182067871321
50.655082702636889 51.984848022460938
50.722366333007812 51.948673248291129
50.740318298340014 51.91421127319353
50.754753112793253 51.887714385986328
50.764873504638729 51.858692169189453
50.862777709961108 51.795181274414176
50.852668762207202 51.769508361816406
50.83658599853544 51.74708557128929
50.804225921630973 51.756607055664119
50.771343231201172 51.766265869140625
50.754066467285327 51.766597747802734
50.743095397949332 51.764850616455078
50.735408782959269 51.751296997070369
50.731014251709269 51.725944519043082
50.734096527099609 51.697608947753906
50.737659454345817 51.687442779541016
50.756584167480526 51.673763275146541
50.773368835449276 51.669612884521598
50.779548645019815 51.668083190917969
50.793018341064396 51.661384582519531
50.793334960937671 51.655570983886832
50.788108825683707 51.648475646972884
50.780738830566406 51.598503112793196
50.778003692627124 51.593875885009879
50.776973724365519 51.592136383056697
50.762992858886719 51.588111877441406
50.754585266113224 51.577922821044922
50.724147796631144 51.574916839599666
50.689743041992131 51.571506500244368
50.665836334228686 51.571441650390682
50.662315368652514 51.574157714844034
50.668548583984659 51.579536437988281
50.690208435058651 51.589675903320483
50.717510223388672 51.609363555908146
50.716922760009709 51.625522613525504
50.716815948486385 51.628440856933821
50.689651489257869 51.630249023437443
50.669498443603572 51.631591796874943
50.646118164062671 51.634796142578239
50.623432159424112 51.642086029052962
50.591873168945597 51.644161224365291
50.567649841308878 51.642440795898722
50.561283111572209 51.636241912842081
50.557720184326172 51.615158081054801
50.557411193847827 51.613334655761719
50.547454833984318 51.601581573486328
50.54282379150419 51.599243164062727
50.538745880127237 51.597187042236328
50.529197692871264 51.603599548340014
50.521316528320256 51.60411453247076
50.514194488525561 51.601268768310774
50.500198364257983 51.57323074340843
50.499565124512003 51.560092926025447
50.499126434326342 51.550971984863281
50.490730285644588 51.532493591308651
50.490535736084155 51.523410797119141
50.505573272705362 51.501796722412053
50.514041900634766 51.489624023437784
50.511577606201229 51.474895477294865
50.486682891845987 51.476516723632756
50.463859558105753 51.474689483642862
50.462364196777628 51.465690612792969
50.466110229492244 51.456352233886889
50.464477539062443 51.446533203125114
50.460632324219034 51.439338684082202
50.448440551758097 51.437648773193644
50.410541534423942 51.437187194824332
50.362255096435604 51.436580657959155
50.349803924560717 51.433242797851733
50.371219635009822 51.418640136718977
50.372226715088175 51.408653259277344
50.363304138183651 51.402610778808821
50.337478637695483 51.390205383300838
50.333793640137003 51.383823394775618
50.336383819580362 51.375389099121207
50.344734191894702 51.369895935058537
50.346012115478572 51.361545562744425
50.353824615478516 51.352775573730469
50.372222900390796 51.344154357910099
50.367633819580362 51.340312957763899
50.303256988525561 51.320884704589787
50.288509368896769 51.316425323486328
50.270076751709155 51.308502197265796
50.232917785644815 51.297885894775504
50.226272583007983 51.295989990234602
50.220306396484659 51.294284820556811
50.196285247802791 51.292488098144531
50.155815124511832 51.286754608154524
50.116897583007869 51.277885437011946
50.000000000000284 51.251136779785156
49.984977722167912 51.247699737548942
49.952278137207088 51.240596771240462
49.934185028076342 51.234256744384766
49.867946624756144 51.196933746337947
49.837905883789347 51.17229080200201
49.800704956054972 51.152198791503963
49.791751861572322 51.1466064453125
49.749984741210881 51.120506286621151
49.735996246338061 51.114719390869197
49.695049285888729 51.112998962402514
49.630817413330192 51.122528076172046
49.613780975341854 51.123512268066406
49.594367980957202 51.124637603759822
49.544422149658487 51.115119934082031
49.52513504028326 51.108791351318587
49.504077911377124 51.108341217041016
49.45909500122076 51.124107360839844
49.426181793213175 51.128780364990234
49.420497894287053 51.129589080810774
49.415542602539119 51.122432708740405
49.4151039123538 51.110069274902628
49.401279449463061 51.107887268066406
49.384235382080362 51.105194091796875
49.371253967285156 51.096836090088004
49.375740051269815 51.063552856445426
49.37640380859375 51.061798095703182
49.378604888916072 51.055961608886889
49.373664855956974 51.048805236816634
49.355232238769531 51.031158447265568
49.345691680908487 51.022014617920149
49.331302642822322 51.008224487304801
49.323322296142635 50.997932434082145
49.324775695800838 50.989593505859375
49.339096069336051 50.979713439941406
49.352916717529411 50.975639343261832
49.370082855224723 50.958164215088004
49.391941070556811 50.926208496093864
49.412342071533374 50.896331787109375
49.421455383300838 50.877647399902344
49.418190002441463 50.863792419433821
49.410907745361442 50.858425140381144
49.374347686767578 50.848922729492415
49.33414459228544 50.841262817382869
49.332687377929858 50.841224670410156
49.29356765747076 50.840217590332145
49.273704528808878 50.838012695312557
49.251644134521598 50.82932281494152
49.242641448974666 50.820735931396484
49.228584289550781 50.813251495361328
49.151908874511719 50.802539825439737
49.143573760986499 50.801376342773438
49.119190216064624 50.794441223144645
49.092971801757812 50.783470153808651
49.071502685547159 50.768939971923942
49.009674072265682 50.718971252441577
49.008659362793139 50.718151092529354
49.001567840576229 50.712409973144645
48.983058929443416 50.700183868408374
48.968971252441577 50.686050415039119
48.948665618896655 50.665679931640739
48.938678741455362 50.658779144287109
48.867816925048885 50.632770538330192
48.839305877685831 50.612792968750227
48.824748992919979 50.600337982177848
48.811866760253963 50.601001739502124
48.795578002929858 50.609745025634766
48.777870178222827 50.619251251220817
48.721115112304801 50.620494842529354
48.720951080322322 50.620498657226506
48.700534820556641 50.623184204101562
48.675975799560604 50.634319305420036
48.673461914062784 50.635982513427791
48.632793426513842 50.662883758545036
48.6287269592288 50.663490295410213
48.599651336669979 50.667831420898438
48.578399658203182 50.663932800293082
48.558338165283487 50.648422241210994
48.559318542480526 50.635173797607479
48.567478179931754 50.625240325927734
48.570613861084155 50.621417999267578
48.611423492431811 50.606880187988509
48.635215759277401 50.598407745361385
48.638748168945597 50.585033416748274
48.650211334228572 50.572906494140682
48.636066436767578 50.542263031005859
48.638843536377237 50.533802032470817
48.658634185791072 50.473480224609375
48.673683166503906 50.418910980224837
48.685375213623331 50.376426696777344
48.689739227295036 50.328353881835938
48.690948486328182 50.323997497558651
48.699142456054744 50.294498443603516
48.700431823730639 50.289859771728459
48.716831207275675 50.256023406982649
48.747776031494084 50.223426818847656
48.764583587646655 50.205722808838004
48.779060363769588 50.180763244629134
48.779380798340014 50.180210113525391
48.776710510254077 50.158897399902457
48.768939971923771 50.137844085693303
48.757507324218807 50.128536224365234
48.757019042968693 50.12462234497076
48.755256652832145 50.110500335693416
48.761886596679744 50.101909637451399
48.789100646972827 50.093902587890625
48.799041748047046 50.093006134033487
48.832218170166129 50.090007781982422
48.852188110351847 50.085662841797159
48.854793548583984 50.065723419189567
48.867275238037166 50.042484283447209
48.877548217773722 50.023353576660156
48.874008178710938 50.015205383301009
48.862796783447266 50.007545471191406
48.850860595703068 50.000000000000114
48.744590759277628 49.932830810546932
48.73499679565424 49.926750183105582
48.644641876220874 49.898376464843693
48.570846557617472 49.877353668213061
48.433258056640682 49.837982177734375
48.429187774658317 49.824989318847656
48.432723999023551 49.811622619628906
48.430889129638729 49.810600280761832
48.424545288086222 49.807075500488281
48.405883789062443 49.812221527099723
48.398540496826115 49.81424713134794
48.394897460937557 49.815116882324276
48.394519805908487 49.818778991699276
48.393695831298885 49.826717376709098
48.377090454101562 49.837417602539119
48.369522094726619 49.833206176757812
48.368915557861442 49.832866668701115
48.34806060791044 49.828926086425895
48.343559265136889 49.834091186523551
48.339996337890682 49.847454071045149
48.332763671875057 49.851100921630916
48.325153350830249 49.851467132568587
48.320285797119254 49.857711791992301
48.311809539795092 49.868595123291016
48.294235229492244 49.87108230590826
48.286190032958928 49.868461608886719
48.280982971191577 49.866767883300952
48.275630950927791 49.863780975341797
48.272811889648438 49.862209320068473
48.242916107177734 49.868572235107422
48.235301971435717 49.868930816650391
48.23004150390625 49.867527008056754
48.21790695190424 49.873046875
48.22446441650419 49.885929107666016
48.223403930664233 49.899169921875
48.216892242431697 49.909370422363338
48.189716339111499 49.940322875976847
48.175693511962947 49.947040557861385
48.163036346435717 49.953105926513729
48.151599884033203 49.965179443359375
48.150520324707202 49.978420257568359
48.14834213256853 49.981819152832088
48.129257202148551 49.994243621826172
48.129898071289062 50.000000000000114
48.130168914794865 50.002445220947266
48.116889953613565 50.044277191162166
48.110851287841911 50.055027008056754
48.108440399169922 50.059322357177734
48.099681854248217 50.082798004150447
48.096481323242472 50.091381072998104
48.08481597900402 50.101806640625227
48.061985015869197 50.106372833251896
48.04216384887701 50.110336303711108
48.02627182006853 50.129192352294979
48.009117126465128 50.136558532714957
47.991104125976619 50.148200988769645
47.989933013916129 50.148956298828239
47.986068725585881 50.160671234130916
47.987136840820369 50.170516967773551
47.985290527344034 50.177192687988395
47.973400115966797 50.185966491699332
47.95859527587919 50.191570281982479
47.954120635986271 50.197204589843864
47.951808929443644 50.200115203857479
47.951301574707145 50.201744079590071
47.946903228759936 50.215858459472884
47.946079254150675 50.218505859375057
47.933933258056811 50.22596359252924
47.931613922119084 50.227386474609489
47.931110382080078 50.228160858154524
47.924991607666186 50.237571716308594
47.904712677002237 50.254173278808651
47.903713226318473 50.254993438720703
47.882747650146769 50.265830993652571
47.879333496093807 50.267597198486499
47.850513458252237 50.286983489990519
47.842792510986499 50.294849395751953
47.831920623779467 50.305923461914176
47.819965362548885 50.314682006835994
47.816562652588175 50.331314086914176
47.803913116455135 50.333503723144531
47.791149139404354 50.334049224853572
47.77827072143549 50.334602355957031
47.775703430175781 50.336013793945369
47.768524169921932 50.339962005615291
47.746799468994084 50.354072570800781
47.735328674316463 50.367744445800895
47.741878509521655 50.375976562499943
47.744213104248104 50.378910064697379
47.73214340209978 50.384262084960994
47.719558715820426 50.389839172363338
47.680786132812557 50.401454925537109
47.662002563476847 50.407081604003906
47.649658203125171 50.41606521606451
47.642787933349723 50.421066284179744
47.627620697021655 50.434917449951399
47.623886108398438 50.438327789306697
47.589214324951456 50.452938079833928
47.551460266113338 50.462715148925895
47.509498596191463 50.456165313720987
47.490280151367244 50.443191528320369
47.468032836914006 50.428153991699446
47.443622589111385 50.415939331054915
47.433624267578182 50.396598815917969
47.372859954834041 50.386272430419979
47.293205261230526 50.388362884521541
47.253448486328409 50.416019439697322
47.225135803222713 50.446266174316634
47.220188140869141 50.481670379638729
47.15149307251005 50.486312866210994
47.10482406616228 50.480998992919922
47.080245971679972 50.460643768310604
47.016128540039176 50.488269805908203
46.967414855957202 50.521236419677734
46.933517456054744 50.544048309326229
46.907543182373331 50.566844940185547
46.912281036377067 50.579536437988281
46.913887023925838 50.604904174804688
46.891361236572266 50.620063781738395
46.858314514160327 50.641166687011719
46.801147460937557 50.646877288818473
46.714794158935547 50.676227569580135
46.673664093017692 50.692127227783146
46.621063232421932 50.674293518066349
46.613315582275561 50.658779144287109
46.601913452148381 50.625068664550895
46.594562530517521 50.593933105468864
46.546531677246151 50.563091278076399
46.494293212890909 50.540046691894531
46.437015533447209 50.545593261718921
46.404220581054744 50.55620193481451
46.354942321777514 50.566856384277457
46.32700347900402 50.54881668090826
46.282627105712947 50.536033630371094
46.234390258789233 50.515502929687727
46.169448852539119 50.510593414306811
46.127670288085994 50.541858673095703
46.122364044189624 50.580749511718977
46.141609191894645 50.619621276855526
46.140678405762003 50.650691986084098
46.090885162353686 50.681877136230582
46.045669555664176 50.694896697998274
46.000518798828068 50.707878112792969
45.979759216308764 50.720817565918082
45.954711914062784 50.74153137207054
45.892959594726562 50.764766693115348
45.811332702636719 50.769840240478572
45.758903503418139 50.751670837402457
45.718978881836222 50.725776672363395
45.711803436279581 50.694747924804858
45.74966049194353 50.656093597412109
45.791820526123217 50.609603881836051
45.756286621093807 50.575977325439453
45.727897644043026 50.573364257812614
45.642265319824332 50.580955505371151
45.544437408447436 50.591045379638672
45.450931549072266 50.593265533447379
45.410839080810831 50.577594757080305
45.354797363281307 50.556701660156477
45.294033050537166 50.553806304931754
45.248043060302734 50.592163085937557
45.247467041015909 50.607620239257869
45.237892150878963 50.648727416992131
45.228477478027514 50.684684753418196
45.248527526855526 50.69254302978527
45.292575836181925 50.710903167724666
45.336139678955249 50.744663238525447
45.359195709228516 50.785984039306641
45.357582092285327 50.837436676025504
45.35993576049799 50.891475677490234
45.326854705810604 50.911773681640625
45.289699554443473 50.929462432861328
45.268795013427905 50.947242736816406
45.260009765625057 50.9677162170413
45.259132385253849 50.998527526855582
45.237770080566349 51.031703948974666
45.208568572998104 51.054531097412109
45.142707824707088 51.0794677734375
45.134078979492188 51.094753265380973
45.108844757080135 51.120105743408317
45.039470672607706 51.126956939697379
44.990707397460994 51.126354217529354
44.941028594970817 51.151275634765739
44.895298004150675 51.183929443359318
44.822280883789119 51.177715301513956
44.77346420288103 51.176929473877067
44.716247558593864 51.186271667480639
44.644634246826286 51.144126892089844
44.607856750488338 51.151145935058594
44.557266235351733 51.201351165771598
44.443630218506144 51.199157714843864
44.395431518554801 51.187976837158317
44.375289916992188 51.185028076171989
44.334564208984432 51.189266204834041
44.310501098632869 51.183631896972713
44.29076004028326 51.170413970947322
44.267330169677791 51.149482727050838
44.231868743896541 51.125728607177734
44.196292877197436 51.107051849365291
44.123592376708928 51.105392456054688
44.079948425293026 51.086490631103572
44.050693511963175 51.108753204345703
44.066127777099723 51.124462127685661
44.084335327148494 51.168262481689453
44.051311492919865 51.182785034179631
43.987144470214844 51.170982360839844
43.967987060546932 51.147533416748104
43.912479400634936 51.125694274902401
43.822959899902514 51.138626098632869
43.763729095459155 51.114070892333984
43.716941833496151 51.08215713501005
43.669418334961108 51.065494537353743
43.629219055175838 51.064361572265625
43.597290039062671 51.058288574218921
43.577896118164119 51.044986724853459
43.542690277099666 51.026103973388615
43.506973266601619 51.017379760742301
43.454357147216967 51.023391723632812
43.392864227295206 51.044391632080362
43.330474853515796 51.080570220947493
43.296791076660213 51.104938507080078
43.275936126709269 51.116985321045149
43.189136505127067 51.152263641357479
43.139614105224609 51.170921325683707
43.08548736572294 51.197044372558707
43.031417846679688 51.235202789306641
43.009941101074332 51.240200042724837
42.976501464843807 51.240505218505859
42.969970703125171 51.24400711059576
42.9524574279788 51.253402709960938
42.954647064208984 51.275306701660156
42.927005767822322 51.303646087646484
42.925445556640739 51.329818725586051
42.935279846191577 51.357620239257869
42.938228607177905 51.390739440918139
42.919898986816463 51.417995452880916
42.889682769775504 51.445659637451286
42.843532562256144 51.481826782226676
42.773860931396541 51.494709014892692
42.706439971923771 51.501373291015625
42.650047302246378 51.518970489501953
42.617176055908146 51.540863037109375
42.591732025146541 51.561786651611555
42.580078124999943 51.573581695556697
42.545032501220987 51.628513336181697
42.564212799072266 51.685577392578125
42.624198913574219 51.744266510009936
42.696811676025447 51.800880432129134
42.733951568603686 51.843276977539176
42.735900878906193 51.909980773926009
42.783813476562671 51.970718383789006
42.813758850097827 52.002620697021598
42.843822479248217 52.034488677978629
42.855579376220987 52.062217712402457
42.853511810302734 52.08574295043968
42.852146148681925 52.121799468994197
42.875255584716797 52.145317077636776
42.896148681640796 52.172237396240234
42.932392120361385 52.203540802001953
42.955379486084155 52.228050231933594
42.97948074340826 52.253906250000114
42.979915618896769 52.284496307373104
42.982135772705135 52.2879638671875
43.004749298095646 52.322376251220703
43.013359069824276 52.348949432373274
43.049076080322322 52.356246948242188
43.076213836670036 52.362670898437443
43.1002845764163 52.374782562255803
43.115089416503849 52.394615173339901
43.115215301513842 52.396953582763672
43.158931732177791 52.399543762207031
43.18601226806669 52.423557281494254
43.217041015625057 52.450233459472656
43.283733367920036 52.452362060546875
43.318862915039119 52.432983398437557
43.342140197753963 52.405487060546932
43.403415679931811 52.371479034423885
43.467201232910156 52.355495452880973
43.520278930664119 52.369953155517635
43.55939865112299 52.401897430419922
43.63757705688505 52.417003631591797
43.700172424316463 52.416271209717024
43.732383728027401 52.432567596435661
43.814968109131144 52.445121765136889
43.86656570434576 52.420753479004134
43.922809600830249 52.394207000732536
43.96572494506853 52.374839782714957
44.024604797363338 52.366127014160156
44.087104797363452 52.365139007568416
44.17092514038103 52.357021331787223
44.23922348022478 52.327911376953239
44.307678222656307 52.293632507324162
44.357189178466911 52.299900054931697
44.405929565429801 52.321475982666243
44.420974731445369 52.352550506591854
44.444561004638956 52.378704071045149
44.497760772705192 52.397750854492472
44.543174743652514 52.406387329101562
44.582286834717081 52.458450317382812
44.576969146728459 52.481399536132869
44.588054656982422 52.509822845458928
44.629814147949276 52.510662078857479
44.676422119140909 52.498771667480696
44.727935791015568 52.469051361083984
44.778244018554801 52.464862823486499
44.835979461670206 52.481292724609659
44.891059875488452 52.464340209960881
44.951061248779467 52.42439270019554
44.981918334960994 52.381351470947322
45.028766632080192 52.353946685791129
45.075187683105526 52.336769104003906
45.115768432617188 52.368137359619141
45.143600463867358 52.406970977783317
45.209819793701456 52.423309326172159
45.247909545898608 52.405933380126953
45.3189125061038 52.404342651367244
45.38489151001005 52.430831909179688
45.464649200439396 52.413883209228459
45.531406402587834 52.414634704589901
45.576637268066463 52.443351745605412
45.634052276611499 52.49010086059593
45.679450988769588 52.518741607666129
45.725528717041129 52.516647338867358
45.75522613525419 52.498977661132869
45.789165496826229 52.473663330078409
45.843788146972827 52.461311340332031
45.898441314697436 52.4386634826663
45.931587219238338 52.42322921752924
45.974235534668139 52.40330886840843
46.020149230957315 52.406192779541072
46.053169250488224 52.437171936035384
46.040252685547046 52.460178375244254
46.027397155762003 52.488300323486328
46.001731872558594 52.52402496337902
46.055816650390909 52.552581787109432
46.122779846191349 52.558113098144588
46.147602081298885 52.589031219482592
46.180980682373104 52.609714508056754
46.193397521972827 52.617492675781193
46.24387359619169 52.617736816406421
46.306808471679972 52.615440368652344
46.315097808838175 52.635993957519474
46.340080261230639 52.666866302490234
46.394535064697436 52.695285797119141
46.449199676513956 52.703147888183594
46.503978729248047 52.685302734375227
46.524955749511776 52.693077087402514
46.550197601318416 52.708515167236442
46.588008880615291 52.726520538330078
46.646961212158317 52.731746673584212
46.680652618408203 52.706081390380973
46.680648803711222 52.690677642822266
46.688995361328182 52.665039062500171
46.760456085205192 52.647060394287337
46.802482604980526 52.641921997070312
46.840190887451456 52.623901367187727
46.865383148193644 52.613613128662109
46.920082092285327 52.631504058838004
46.970661163330362 52.65193176269554
47.021072387695369 52.646671295166072
47.05034255981451 52.628585815429688
47.071113586425724 52.605411529541016
47.079269409179801 52.579711914062784
47.121391296386776 52.589836120605412
47.150993347168253 52.607692718505859
47.192966461181641 52.607513427734432
47.242938995361328 52.576473236084041
47.314476013183878 52.583786010742358
47.389762878418026 52.567909240722599
47.427352905273551 52.559963226318473
47.469726562500284 52.580230712890682
47.529254913330135 52.615802764892635
47.596786499023381 52.630687713623104
47.659603118896769 52.622459411621037
47.697277069091854 52.614402770996207
47.776252746582315 52.580226898193359
47.827293395996151 52.605426788330078
47.819717407226847 52.636341094970703
47.791149139404354 52.670066833496151
47.774723052978572 52.685649871826286
47.796607971191463 52.718860626220817
47.848148345947322 52.754302978515796
47.885978698730639 52.751365661621207
47.918952941894531 52.725299835205192
47.943801879882869 52.709606170654354
48.024135589599609 52.721542358398665
48.059494018554972 52.772541046142635
48.085659027099666 52.797939300537337
48.178028106689737 52.78648757934593
48.293720245361385 52.83378982543968
48.327533721923942 52.833297729492244
48.385471343994197 52.806732177734375
48.401920318603629 52.796188354492301
