>
44.888744354248104 43.726741790771484
44.89822006225603 43.705169677734489
44.910137176513786 43.686775207519531
44.933040618896769 43.668617248535156
44.960529327392862 43.643440246582031
44.950042724609432 43.635990142822493
44.947723388672046 43.610679626464844
44.948879241943644 43.577587127685547
44.942760467529581 43.5528564453125
44.928157806396655 43.535919189453182
44.909172058105639 43.533222198486442
44.892753601074219 43.54350662231451
44.886047363281534 43.560379028320369
44.876552581787166 43.572834014892635
44.85094070434576 43.573749542236328
44.829246520996264 43.574901580810717
44.816551208496151 43.558109283447266
44.826797485351733 43.530948638916129
44.826026916504077 43.507400512695426
44.818233489990519 43.486690521240348
44.790744781494425 43.4765625
44.758167266845646 43.475883483886776
44.735046386718921 43.483474731445369
44.723499298095874 43.501739501953125
44.72732162475603 43.525157928466854
44.710220336914062 43.538368225097656
44.673759460449503 43.536884307861442
44.645069122314396 43.541393280029524
44.61225509643549 43.534942626953296
44.597927093506144 43.527099609375
44.596286773681811 43.507587432861328
44.597408294677905 43.477844238281534
44.602241516113224 43.45574951171875
44.594352722168026 43.424774169921932
44.583942413330135 43.398376464843921
44.595939636230753 43.375797271728572
44.612102508545092 43.362094879150618
44.635631561279354 43.354255676269645
44.661403656005916 43.346134185791129
44.656455993652514 43.319557189941349
44.657417297363452 43.289669036865348
44.664173126220874 43.256683349609432
44.661979675293139 43.228416442871094
44.662349700927791 43.204257965087834
44.644100189209269 43.182109832763956
44.67716217041044 43.173007965087891
44.703514099121378 43.182495117187557
44.730800628662166 43.181976318359489
44.750400543213061 43.178794860839787
44.763748168945426 43.159976959228629
44.775020599365234 43.133666992187557
44.791782379150561 43.119968414306641
44.815685272216854 43.110839843750114
44.836235046387003 43.105476379394588
44.862304687500057 43.08531570434576
44.885856628418253 43.072471618652571
44.907661437988452 43.058734893798828
44.929515838623047 43.044570922851562
44.939445495605753 43.020114898681868
44.946331024169979 42.99430084228527
44.942455291748217 42.967971801757926
44.941791534423942 42.956306457519759
44.963863372802791 42.936012268066406
44.974933624267635 42.907733917236385
44.980396270751953 42.885375976562557
44.946445465087891 42.856487274170036
44.920089721679744 42.836887359619254
44.914031982421932 42.817352294921818
44.880001068115348 42.795429229736555
44.851608276367244 42.78882980346674
44.79410552978544 42.789524078369197
44.750961303711051 42.805809020996321
44.731685638427905 42.819015502929801
44.724578857421932 42.833713531494141
44.738365173339901 42.849361419677734
44.714462280273438 42.856151580810661
44.688632965087947 42.833896636963061
44.674488067627124 42.790512084960938
44.679374694824276 42.752838134765739
44.677108764648494 42.747947692871094
44.674518585205135 42.748458862304801
44.662147521972656 42.750251770019531
44.656673431396769 42.749813079834041
44.645332336426065 42.748908996582031
44.635978698730753 42.747112274170092
44.628780364990291 42.745727539062727
44.623115539550838 42.745231628418253
44.618709564209269 42.744846343994197
44.613208770751896 42.744361877441406
44.602630615234318 42.743831634521484
44.580013275146769 42.745773315429801
44.546977996826286 42.748920440673942
44.532085418701229 42.750339508056641
44.523315429687671 42.751174926757812
44.506244659423999 42.751647949218977
44.491271972656421 42.749336242675838
44.47403717041044 42.743625640869084
44.456424713134709 42.735164642334041
44.446472167968921 42.729152679443359
44.435291290283374 42.722400665283317
44.424297332763729 42.717510223388672
44.413028717041072 42.713768005371207
44.404914855957088 42.712043762207315
44.394626617431584 42.71235656738304
44.391887664794979 42.712440490722599
44.359062194824162 42.715843200683707
44.34416580200201 42.716033935546989
44.33956527709978 42.715446472168082
44.322990417480753 42.713325500488338
44.299560546875 42.706974029541129
44.278919219970703 42.700126647949276
44.266670227050838 42.69386291503929
44.256622314453409 42.688716888427734
44.248996734619197 42.680793762207031
44.239433288574503 42.669227600097713
44.229835510253963 42.656059265136776
44.223934173583984 42.64036941528326
44.223575592041186 42.639415740966854
44.22127914428728 42.633716583252067
44.217185974121264 42.630790710449503
44.209037780761776 42.626762390136832
44.187854766845987 42.623249053955192
44.175441741943644 42.621189117431641
44.169509887695483 42.619194030761719
44.15854644775402 42.61381912231451
44.148891448974666 42.611408233642692
44.140815734863565 42.610580444336051
44.134613037109546 42.610416412353743
44.127838134765739 42.612552642822379
44.119827270507926 42.61470031738304
44.119609832763672 42.614711761474609
44.113323211670092 42.614997863769531
44.104003906250284 42.613952636718807
44.088241577148608 42.609275817871094
44.086860656738565 42.60886383056652
44.060089111328182 42.602725982666186
44.046371459960994 42.603824615478459
44.043693542480526 42.604038238525391
44.042064666748104 42.604221343994141
44.034725189208984 42.605041503906534
44.025993347168253 42.601924896240234
44.024734497070483 42.601108551025504
44.016269683838061 42.595607757568473
44.001190185546989 42.584304809570312
43.989891052246151 42.576171875000227
43.986591339111442 42.573303222656477
43.980766296386776 42.568244934081974
43.971050262451342 42.561695098876953
43.963279724121037 42.560165405273494
43.955818176269815 42.558403015136776
43.948078155517862 42.558475494384936
43.942485809326229 42.560466766357536
43.938846588134822 42.561763763427962
43.935802459716854 42.562969207763786
43.931159973144588 42.56480789184576
43.908542633056697 42.569961547851506
43.907096862793026 42.57028961181652
43.892925262451229 42.574764251709041
43.882087707519702 42.574855804443359
43.875907897949503 42.575595855712834
43.863979339599894 42.584857940674055
43.857810974121037 42.586509704589957
43.850662231445369 42.585197448730582
43.842517852783203 42.579311370849837
43.836997985840128 42.5780029296875
43.835056304931811 42.577541351318359
43.827342987060831 42.579433441162109
43.821548461914347 42.585205078125284
43.812999725341854 42.593288421630973
43.806503295898381 42.594024658203125
43.800296783447209 42.593387603759766
43.785675048828409 42.589149475097884
43.78100967407255 42.587810516357422
43.776046752929688 42.587390899658317
43.770164489746151 42.587665557861328
43.76128005981451 42.594600677490291
43.731380462646541 42.627563476562443
43.730815887451286 42.631458282470987
43.730251312255973 42.635581970214787
43.73092269897478 42.639240264892692
43.733139038085994 42.64243316650402
43.734722137451342 42.643825531005973
43.735942840576229 42.644897460937614
43.737533569335994 42.646293640136719
43.739986419678019 42.649127960205305
43.740463256836222 42.649677276611385
43.742259979248161 42.651752471923828
43.745803833008097 42.652721405029354
43.748798370361271 42.653537750244197
43.755355834961222 42.656692504882926
43.760993957519588 42.660545349121378
43.766937255859432 42.66416168212902
43.771697998046932 42.671455383300781
43.782516479492358 42.687294006347656
43.803737640380803 42.71837234497093
43.805133819580078 42.728435516357422
43.803684234619254 42.735317230224666
43.801734924316349 42.738273620605526
43.799129486084269 42.742221832275447
43.790863037109318 42.750072479248161
43.774204254150561 42.757755279541016
43.722545623779297 42.773246765136832
43.719158172607479 42.775074005127067
43.708354949951456 42.780902862548885
43.699466705322266 42.790122985840014
43.688983917236385 42.79637527465843
43.680004119873217 42.798957824707259
43.670387268066463 42.800395965576229
43.655426025390909 42.797286987304801
43.649845123291186 42.798240661621207
43.646209716796932 42.7994384765625
43.644889831543082 42.799873352050838
43.643074035644702 42.801746368408317
43.639980316162166 42.804943084716854
43.632602691650675 42.811630249023381
43.629814147949276 42.813636779785384
43.624591827392862 42.817401885986442
43.616561889648608 42.822032928466797
43.612262725830249 42.82663726806652
43.610446929931697 42.830772399902401
43.609077453613565 42.834812164306641
43.608345031738281 42.836967468261832
43.604679107666072 42.842483520507926
43.598201751709041 42.847103118896712
43.57780838012701 42.859355926513786
43.561706542968807 42.866088867187727
43.552082061767635 42.868206024169922
43.54368972778326 42.869167327880859
43.517562866211108 42.870452880859432
43.506385803222713 42.872798919677734
43.497406005859432 42.877426147460881
43.489372253417969 42.883190155029411
43.476028442382869 42.88737869262701
43.465167999267862 42.890865325927848
43.428779602050838 42.89447021484375
43.417610168457031 42.895111083984489
43.416000366210994 42.8988685607913
43.427421569824276 42.901050567626953
43.456153869629077 42.923786163330305
43.485858917236385 42.938289642334212
43.516155242920092 42.937088012695426
43.540348052978516 42.922210693359489
43.565406799316349 42.902233123779524
43.592723846435661 42.902927398681641
43.623405456542969 42.912223815918026
43.656600952148438 42.931732177734489
43.673351287841854 42.962787628173771
43.71209716796875 42.999645233154467
43.751907348633097 43.038604736328068
43.795696258545206 43.075267791748161
43.851882934570597 43.130386352539062
43.882171630859489 43.170688629150334
43.890010833740234 43.209125518799055
43.917850494384936 43.256393432617301
43.933029174804744 43.265140533447266
43.962440490722713 43.231700897217081
43.968025207519815 43.215057373046875
43.987499237060604 43.203197479248104
44.00199127197294 43.211376190185547
44.054222106933878 43.227481842041129
44.09157943725603 43.19364166259777
44.041000366210994 43.187850952148665
44.061302185058878 43.163402557373161
44.082130432128906 43.16124343872093
44.113536834716967 43.156166076660213
44.144542694092081 43.177993774414176
44.166542053222713 43.201122283935774
44.174175262451342 43.222431182861328
44.170944213867301 43.243930816650334
44.156723022461108 43.266143798828068
44.144325256347827 43.307247161865178
44.158695220947209 43.32335281372076
44.18294906616228 43.340549468994368
44.217716217041072 43.349040985107422
44.23447418212919 43.336456298828182
44.245601654052791 43.321838378906193
44.267669677734659 43.310985565185774
44.283439636230526 43.304969787597884
44.312351226806697 43.319526672363395
44.346248626708984 43.346900939941463
44.383674621582031 43.356075286865178
44.42699050903326 43.358722686767692
44.453392028808651 43.34289932251005
44.475517272949276 43.327610015869254
44.505344390869197 43.346992492675895
44.522533416748104 43.369678497314453
44.50894927978544 43.392906188965071
44.506393432617244 43.397537231445426
44.493602752685831 43.421237945556697
44.520450592041072 43.45545578002924
44.534721374511662 43.501205444335994
44.531486511230412 43.521141052246378
44.522193908691577 43.542259216308651
44.531444549560717 43.574180603027287
44.522731781005916 43.596824645996207
44.500518798828182 43.615905761718864
44.474441528320597 43.631271362304688
44.436744689941577 43.637443542480526
44.414577484130916 43.653530120849837
44.403461456298999 43.673328399658203
44.412033081054801 43.684112548828125
44.425228118896541 43.70390701293951
44.424270629883097 43.730358123779297
44.443977355957202 43.713871002197379
44.469944000244425 43.70867919921875
44.513099670410213 43.714496612548828
44.583454132080021 43.734210968017805
44.662765502929858 43.750873565673942
44.712490081787166 43.759857177734432
44.784423828125171 43.751724243164176
44.848785400390682 43.74430084228544
44.888744354248104 43.726741790771484
