37.091621 58.842762
37.150219 58.813171
37.177601 58.803059
37.188129 58.799168
37.181980 58.787666
37.178604 58.786186
37.181023 58.772900
37.186001 58.768139
37.194012 58.762077
37.215229 58.752117
37.225407 58.747787
37.229301 58.744537
37.233631 58.742374
37.245106 58.737179
37.250088 58.733280
37.256149 58.729168
37.263943 58.724621
37.274769 58.717258
37.282345 58.708817
37.285591 58.704918
37.289272 58.702320
37.292522 58.700371
37.295986 58.696907
37.308758 58.685432
37.317417 58.679588
37.321533 58.674824
37.330193 58.668762
37.336472 58.665733
37.340801 58.663567
37.347729 58.659237
37.354008 58.654907
37.374790 58.644081
37.379337 58.641052
37.390812 58.633255
37.406185 58.622433
37.410084 58.618317
37.417877 58.612690
37.433029 58.601429
37.444939 58.595802
37.454033 58.594284
37.464642 58.590820
37.481960 58.584976
37.482941 58.584782
37.496868 58.573627
37.511711 58.568981
37.512054 58.568737
37.522232 58.558781
37.523964 58.553581
37.536518 58.540375
37.541065 58.537128
37.547344 58.533665
37.554272 58.531498
37.565964 58.527821
37.577835 58.523720
37.578575 58.522411
37.594986 58.515633
37.595627 58.514179
37.618572 58.499241
37.626152 58.489933
37.626854 58.490074
37.639622 58.476013
37.648273 58.466473
37.650932 58.460930
37.655148 58.457378
37.657589 58.452057
37.656921 58.445179
37.653927 58.438816
37.666332 58.429390
37.644447 58.400261
37.590965 58.404877
37.549995 58.373997
37.493034 58.383499
37.427784 58.333836
37.491493 58.295944
37.472099 58.276592
37.361481 58.227158
37.437561 58.216644
37.444683 58.190842
37.475990 58.166965
37.529182 58.173050
37.568375 58.161266
37.600891 58.164921
37.628670 58.131657
37.708984 58.083099
37.729336 58.061069
37.703777 58.053898
37.614330 58.052944
37.601513 58.033340
37.585915 58.009491
37.576530 57.995148
37.574875 57.987450
37.543499 57.979378
37.473160 57.977985
37.414043 57.969017
37.384968 57.949764
37.374752 57.913399
37.508331 57.919811
37.568974 57.890732
37.425976 57.890362
37.428230 57.856960
37.488102 57.855999
37.421310 57.825062
37.409531 57.799393
37.436214 57.782986
37.473591 57.780693
37.554817 57.771793
37.604462 57.762081
37.681053 57.715248
37.698196 57.686798
37.730644 57.645298
37.741264 57.632317
37.800842 57.617245
37.834110 57.598793
37.870579 57.578579
37.884319 57.549614
37.868690 57.532520
37.872665 57.499538
37.901337 57.469383
37.893604 57.434952
37.944626 57.398548
38.000961 57.363064
38.072655 57.326378
38.144421 57.314133
38.225636 57.327618
38.254848 57.360725
38.334629 57.360882
38.374878 57.279991
38.300659 57.222748
38.226089 57.230446
38.223431 57.173386
38.258392 57.159969
38.253407 57.136921
38.313854 57.126232
38.309704 57.098381
38.266647 57.088734
38.309940 57.052673
38.326649 57.017384
38.288780 56.987427
38.244884 56.977734
38.185951 56.974876
38.151123 56.963333
38.236969 56.939781
38.239773 56.920776
38.191078 56.871658
38.186569 56.867111
38.196880 56.861774
38.205444 56.857338
38.224743 56.847347
38.224415 56.798836
38.235283 56.794876
38.272133 56.802479
38.322556 56.759403
38.320442 56.759262
38.311275 56.763054
38.306816 56.765190
38.301182 56.767605
38.296818 56.769779
38.295094 56.770351
38.294025 56.770538
38.292858 56.770599
38.291981 56.770470
38.290993 56.770020
38.290649 56.769680
38.290318 56.768944
38.290215 56.767731
38.290405 56.762383
38.290436 56.757252
38.229736 56.753185
38.185268 56.753239
38.181065 56.753139
38.179443 56.752979
38.178024 56.752705
38.173466 56.751282
38.171654 56.750546
38.168461 56.749081
38.093559 56.744061
38.094444 56.745522
38.094788 56.746342
38.094994 56.748020
38.094814 56.748840
38.094311 56.749626
38.093502 56.750221
38.092422 56.750668
38.090874 56.750969
38.089237 56.751091
38.087543 56.751122
38.083847 56.751087
38.071400 56.768616
38.044456 56.796753
38.028004 56.815815
38.027920 56.817299
38.027607 56.818710
38.026443 56.821007
38.026081 56.822891
38.026062 56.829460
38.025921 56.831478
38.025612 56.832634
38.024494 56.835064
38.024181 56.836288
38.024059 56.837978
38.024193 56.842709
38.024117 56.844395
38.023922 56.845219
38.023499 56.846016
38.022751 56.846752
38.021786 56.847408
38.019501 56.848522
38.016659 56.849453
38.013298 56.850746
38.010498 56.851650
38.007168 56.852966
38.004383 56.853882
38.001057 56.855202
37.998272 56.856121
37.994946 56.857445
37.992168 56.858356
37.988819 56.859680
37.983398 56.861382
37.981724 56.862091
37.977299 56.863609
37.975193 56.864491
37.971233 56.865879
37.969143 56.866776
37.966553 56.867599
37.965401 56.867859
37.964252 56.868019
37.962395 56.868076
37.960621 56.867867
37.959435 56.867611
37.956577 56.866795
37.955444 56.866428
37.951550 56.864895
37.945850 56.863209
37.941353 56.861504
37.932884 56.858864
37.931667 56.858643
37.930439 56.858585
37.929234 56.858700
37.928661 56.858826
37.928116 56.859020
37.927280 56.859512
37.925755 56.860966
37.922783 56.864494
37.916645 56.871204
37.914520 56.873093
37.911545 56.876232
37.909424 56.878120
37.907330 56.880348
37.904613 56.883560
37.902874 56.885433
37.902195 56.886005
37.901306 56.886501
37.900246 56.886864
37.899651 56.886971
37.898449 56.887009
37.897312 56.886936
37.892433 56.886314
37.886669 56.885422
37.882336 56.885044
37.877968 56.884472
37.876091 56.884457
37.875477 56.884541
37.874268 56.884857
37.873192 56.885303
37.872223 56.885826
37.870625 56.887039
37.868095 56.889877
37.867424 56.890480
37.866016 56.891277
37.864849 56.891674
37.864185 56.891811
37.862797 56.891972
37.861378 56.892025
37.859222 56.891983
37.857807 56.891880
37.852673 56.891113
37.847630 56.890633
37.843220 56.889973
37.841961 56.889843
37.840088 56.889866
37.838875 56.890060
37.838284 56.890236
37.837753 56.890453
37.836864 56.890987
37.834797 56.893139
37.832138 56.897472
37.831001 56.899120
37.829624 56.900761
37.826008 56.906418
37.823704 56.909298
37.823143 56.909855
37.822334 56.910370
37.821800 56.910580
37.820698 56.910820
37.820511 56.910862
37.817665 56.911034
37.794785 56.910854
37.793369 56.910950
37.792023 56.911198
37.791451 56.911396
37.790520 56.911919
37.790184 56.912239
37.789848 56.912899
37.789890 56.913906
37.791233 56.916271
37.792019 56.920517
37.793503 56.923702
37.793861 56.925636
37.793823 56.927189
37.793457 56.928318
37.792881 56.929012
37.791553 56.929863
37.790455 56.930294
37.788155 56.930840
37.778942 56.932465
37.776554 56.932964
37.774151 56.933598
37.771137 56.934223
37.771011 56.934250
37.769035 56.941933
37.755375 56.937458
37.754807 56.937580
37.748119 56.938869
37.745659 56.939236
37.744408 56.939304
37.743156 56.939255
37.741943 56.939053
37.741356 56.938873
37.740353 56.938404
37.738220 56.936687
37.734276 56.934063
37.732948 56.933006
37.731899 56.932343
37.730591 56.931290
37.728149 56.929588
37.726841 56.928535
37.725792 56.927876
37.725563 56.927692
37.716732 56.924801
37.700615 56.922810
37.696568 56.923599
37.693478 56.924118
37.690945 56.924282
37.689690 56.924236
37.688484 56.924065
37.687378 56.923695
37.686924 56.923431
37.686317 56.922859
37.685562 56.921547
37.685455 56.920937
37.650440 56.916611
37.645428 56.907040
37.638157 56.905602
37.634579 56.904701
37.624874 56.902782
37.621296 56.901886
37.611588 56.899967
37.608593 56.899200
37.601376 56.897705
37.597797 56.896809
37.587456 56.894794
37.582272 56.893463
37.581299 56.893135
37.580490 56.892689
37.579319 56.891548
37.577244 56.888992
37.568638 56.874889
37.566040 56.870846
37.565311 56.869518
37.565063 56.868828
37.565037 56.868149
37.565247 56.867496
37.565464 56.867188
37.566166 56.866638
37.568470 56.865528
37.572956 56.864067
37.575085 56.863209
37.580540 56.861526
37.583920 56.860195
37.586689 56.859295
37.590019 56.857979
37.592819 56.857067
37.595284 56.853142
37.596134 56.846226
37.595306 56.846054
37.591640 56.845478
37.589153 56.844940
37.585461 56.844425
37.576172 56.842873
37.573345 56.842186
37.572369 56.841713
37.571980 56.841427
37.571503 56.840775
37.571430 56.840107
37.572140 56.838474
37.574207 56.835510
37.575893 56.833557
37.578606 56.829605
37.579937 56.828053
37.582474 56.824329
37.583935 56.822701
37.586025 56.819859
37.586472 56.818924
37.586418 56.818771
37.583515 56.816532
37.581219 56.815575
37.575150 56.813690
37.573021 56.812813
37.568588 56.811287
37.566917 56.810570
37.561478 56.808857
37.558117 56.807537
37.555298 56.806629
37.550663 56.804672
37.549873 56.804214
37.547890 56.802471
37.532890 56.785809
37.530777 56.783581
37.528641 56.781681
37.526527 56.779453
37.512459 56.763935
37.487122 56.770744
37.486752 56.771137
37.483742 56.774662
37.481812 56.776382
37.480797 56.776833
37.479485 56.777100
37.477367 56.777187
37.475231 56.777031
37.468365 56.775780
37.457268 56.778763
37.422562 56.767963
37.408653 56.765381
37.405556 56.764858
37.401852 56.764339
37.398762 56.763699
37.395664 56.763287
37.392567 56.762768
37.383350 56.761120
37.380424 56.760422
37.379337 56.759983
37.378395 56.759441
37.377415 56.758484
37.375465 56.754383
37.374722 56.752308
37.373508 56.749870
37.372841 56.748150
37.371754 56.746445
37.370911 56.744854
37.370277 56.744255
37.369835 56.743992
37.368736 56.743599
37.368145 56.743496
37.367538 56.743446
37.366306 56.743496
37.363964 56.743847
37.361008 56.744499
37.358040 56.745296
37.348335 56.747196
37.344761 56.748081
37.338123 56.749409
37.335129 56.750164
37.327908 56.751625
37.324333 56.752525
37.318867 56.753635
37.316448 56.754021
37.315189 56.754150
37.313354 56.754116
37.312206 56.753918
37.311203 56.753536
37.308826 56.752029
37.305489 56.749405
37.304249 56.748230
37.269012 56.759022
37.269371 56.760330
37.270714 56.763123
37.270920 56.763874
37.270931 56.764618
37.270676 56.765320
37.269989 56.765949
37.268806 56.766346
37.266754 56.766541
37.258144 56.766449
37.253410 56.766254
37.247707 56.765549
37.220524 56.773872
37.180988 56.760845
37.169289 56.756981
37.156670 56.754623
37.151184 56.753532
37.148159 56.752804
37.144531 56.752182
37.142086 56.751583
37.139053 56.750957
37.131119 56.749561
37.128883 56.749035
37.127911 56.748646
37.127186 56.748104
37.126976 56.747784
37.126896 56.747456
37.126987 56.746834
37.127247 56.746220
37.129147 56.743343
37.129452 56.742702
37.129570 56.742027
37.129333 56.741367
37.129047 56.741039
37.128670 56.740746
37.127705 56.740269
37.124893 56.739559
37.109531 56.736786
37.103954 56.735844
37.099609 56.735252
37.096985 56.734493
37.095798 56.733925
37.095364 56.733532
37.095192 56.733059
37.095249 56.732731
37.095558 56.732204
37.096527 56.731361
37.098576 56.730198
37.101421 56.728851
37.103947 56.727875
37.106171 56.726788
37.109184 56.725121
37.111382 56.724030
37.113281 56.723282
37.114929 56.722519
37.128620 56.715172
37.130592 56.714233
37.132710 56.713417
37.140034 56.709560
37.141907 56.708851
37.143932 56.707909
37.148426 56.705482
37.151131 56.695335
37.157867 56.657436
37.120583 56.626522
37.134106 56.593925
37.126366 56.545353
37.131432 56.526482
37.129631 56.524639
37.127899 56.523453
37.126339 56.522724
37.125126 56.522388
37.124504 56.522301
37.123241 56.522282
37.120831 56.522655
37.119663 56.522980
37.116398 56.524319
37.113628 56.525246
37.110321 56.526611
37.107540 56.527550
37.104317 56.528900
37.103195 56.529217
37.102119 56.529423
37.100986 56.529537
37.100430 56.529514
37.099388 56.529263
37.098999 56.529034
37.098534 56.528503
37.097019 56.525242
37.096302 56.523144
37.093410 56.518127
37.085423 56.518654
37.079475 56.519394
37.073223 56.519726
37.067238 56.520458
37.060986 56.520790
37.055000 56.521523
37.048748 56.521854
37.042763 56.522583
37.036510 56.522915
37.030521 56.523643
37.029705 56.523689
37.008598 56.544003
37.005573 56.544392
37.004475 56.544823
37.003139 56.545052
36.998940 56.545368
36.991444 56.546257
36.986275 56.547005
36.982521 56.547432
36.978081 56.548061
36.974781 56.548351
36.971478 56.548775
36.969173 56.549168
36.966969 56.549355
36.926277 56.554588
36.925949 56.554688
36.924583 56.555477
36.918324 56.561749
36.915993 56.563835
36.915237 56.564358
36.914749 56.564579
36.913418 56.564930
36.912315 56.564999
36.911221 56.564838
36.910137 56.564449
36.908817 56.563641
36.907890 56.562679
36.906574 56.560379
36.905899 56.559448
36.905308 56.558910
36.904861 56.558666
36.904331 56.558472
36.903191 56.558285
36.901402 56.558369
36.899677 56.558624
36.896725 56.559261
36.894337 56.559921
36.889603 56.560986
36.883095 56.562710
36.875290 56.564285
36.868778 56.565998
36.860973 56.567577
36.854458 56.569290
36.846653 56.570866
36.840149 56.572598
36.832954 56.574268
36.830994 56.574539
36.829124 56.574673
36.828022 56.574715
36.827076 56.574619
36.826096 56.574200
36.825584 56.573635
36.825485 56.573177
36.825653 56.572556
36.827404 56.568913
36.830853 56.563114
36.831642 56.561413
36.833076 56.559391
36.834320 56.556725
36.834473 56.555771
36.834202 56.555107
36.833542 56.554520
36.832634 56.554024
36.831593 56.553646
36.825920 56.551991
36.821972 56.550476
36.812199 56.547619
36.807720 56.545887
36.797939 56.543049
36.789421 56.540127
36.783703 56.538452
36.775177 56.535530
36.768894 56.533672
36.760941 56.530930
36.754639 56.529072
36.746708 56.526333
36.740982 56.524662
36.732471 56.521729
36.722691 56.518894
36.718220 56.517147
36.708454 56.514290
36.703983 56.512543
36.694218 56.509686
36.689747 56.507942
36.679909 56.505123
36.674603 56.503059
36.673771 56.502586
36.673458 56.502281
36.673176 56.501644
36.673252 56.500980
36.673679 56.500019
36.676346 56.495823
36.651184 56.490238
36.648388 56.491150
36.643787 56.492981
36.642601 56.493561
36.637501 56.495644
36.636330 56.495983
36.633907 56.496433
36.632038 56.496494
36.630829 56.496349
36.629719 56.495995
36.628910 56.495480
36.625984 56.492393
36.623638 56.490520
36.622021 56.488960
36.619556 56.487080
36.617867 56.485462
36.615734 56.483692
36.612896 56.480888
36.611748 56.480106
36.610641 56.479698
36.608139 56.479237
36.606277 56.479111
36.601940 56.479305
36.597675 56.479374
36.566597 56.479259
36.565018 56.479160
36.563763 56.478977
36.562588 56.478619
36.562073 56.478371
36.561268 56.477764
36.560974 56.477371
36.560658 56.476555
36.560555 56.475704
36.561020 56.459240
36.542175 56.451908
36.528976 56.451809
36.525028 56.451939
36.523525 56.452099
36.520252 56.452648
36.516308 56.452835
36.484364 56.452587
36.479954 56.452526
36.477409 56.453133
36.474957 56.452461
36.472061 56.452423
36.469677 56.452454
36.468147 56.452557
36.466797 56.452770
36.465694 56.453041
36.464729 56.453396
36.463966 56.453865
36.462593 56.454990
36.461109 56.456528
36.456715 56.460655
36.454971 56.462528
36.453369 56.463875
36.452347 56.464275
36.451180 56.464436
36.449364 56.464302
36.447674 56.463928
36.446411 56.463459
36.444672 56.462585
36.435638 56.457436
36.433926 56.456600
36.432022 56.455803
36.424683 56.451839
36.422226 56.450790
36.420532 56.449932
36.409267 56.443657
36.407578 56.442837
36.405685 56.442047
36.398342 56.438080
36.396442 56.437283
36.394726 56.436451
36.385014 56.431053
36.377602 56.427597
36.374928 56.426895
36.366402 56.425251
36.363304 56.424713
36.360218 56.424271
36.357121 56.423618
36.350948 56.422634
36.339920 56.420509
36.336834 56.419964
36.333748 56.419525
36.330658 56.418869
36.324482 56.417885
36.314686 56.416054
36.309853 56.415043
36.308731 56.414726
36.307636 56.414284
36.306675 56.413750
36.305870 56.413151
36.304058 56.411259
36.301048 56.407677
36.291847 56.397228
36.288887 56.393654
36.287319 56.392170
36.286480 56.391659
36.285938 56.391445
36.284679 56.391159
36.283329 56.391026
36.281933 56.390984
36.279812 56.391045
36.278763 56.391140
36.278419 56.391171
36.273277 56.391876
36.266865 56.392250
36.261761 56.392967
36.260342 56.393085
36.258911 56.393108
36.257504 56.393021
36.256149 56.392761
36.255573 56.392555
36.254627 56.392017
36.254272 56.391693
36.253990 56.391308
36.253704 56.390495
36.253654 56.388794
36.254040 56.384865
36.253891 56.383263
36.253437 56.382545
36.253014 56.382229
36.251915 56.381832
36.250671 56.381657
36.249348 56.381603
36.247280 56.381668
36.245903 56.381798
36.241486 56.382484
36.233288 56.383556
36.228271 56.383980
36.224358 56.384632
36.220085 56.385029
36.216175 56.385681
36.211155 56.386101
36.206711 56.386719
36.202953 56.387127
36.198528 56.387768
36.194775 56.388180
36.190346 56.388821
36.187210 56.389156
36.182159 56.389874
36.178406 56.390285
36.165096 56.392109
36.162964 56.392223
36.160835 56.392197
36.158794 56.391972
36.157558 56.391621
36.157024 56.391380
36.156162 56.390808
36.154903 56.389214
36.151527 56.383087
36.142609 56.367741
36.138805 56.362114
36.137611 56.361023
36.136578 56.360607
36.135918 56.360481
36.135227 56.360416
36.133816 56.360435
36.130840 56.360855
36.123444 56.362240
36.118568 56.362854
36.116875 56.362949
36.115700 56.362873
36.115124 56.362743
36.114140 56.362331
36.113426 56.361790
36.112705 56.360889
36.111847 56.359203
36.111507 56.357944
36.111378 56.352417
36.111080 56.351086
36.110039 56.348602
36.109806 56.347721
36.109459 56.341774
36.107948 56.337532
36.107601 56.331581
36.106094 56.327362
36.105934 56.325596
36.105907 56.321556
36.105724 56.320240
36.105434 56.319397
36.104454 56.317566
36.103680 56.314495
36.103443 56.314011
36.088116 56.317734
36.075111 56.326107
36.075085 56.326649
36.075130 56.327969
36.075439 56.329224
36.075989 56.329990
36.076363 56.330292
36.077271 56.330765
36.079922 56.331654
36.083321 56.332558
36.085777 56.333427
36.086178 56.333683
36.086685 56.334293
36.086777 56.334610
36.086674 56.335243
36.086113 56.336067
36.085529 56.336533
36.082821 56.338104
36.080879 56.339424
36.077366 56.341549
36.075481 56.342892
36.072392 56.344757
36.070553 56.346111
36.065845 56.349079
36.064552 56.349712
36.062305 56.350254
36.059978 56.350460
36.057533 56.350494
36.043232 56.350266
36.038227 56.350262
36.037529 56.350300
36.034031 56.352551
35.918179 56.354790
35.834900 56.381733
35.822304 56.376911
35.821918 56.377224
35.820972 56.377678
35.819328 56.378117
35.817955 56.378326
35.816410 56.378418
35.814037 56.378399
35.811672 56.378220
35.809021 56.377712
35.807205 56.377178
35.805420 56.376392
35.802094 56.374733
35.796474 56.372265
35.792587 56.370327
35.786324 56.367611
35.778366 56.363712
35.749043 56.377354
35.763252 56.432854
35.719849 56.439896
35.679810 56.460480
35.634029 56.443192
35.632000 56.425316
35.630909 56.425625
35.630100 56.426144
35.629814 56.426476
35.628838 56.429050
35.627838 56.430828
35.627056 56.434368
35.625610 56.437588
35.624920 56.441147
35.623043 56.445782
35.622528 56.446423
35.622108 56.446705
35.620922 56.447079
35.619564 56.447239
35.617348 56.447285
35.607014 56.447037
35.605507 56.446903
35.604172 56.446678
35.602573 56.446270
35.601711 56.445919
35.599907 56.445011
35.595974 56.442699
35.594002 56.441452
35.591713 56.439743
35.589638 56.438473
35.572014 56.428349
35.570080 56.427078
35.568714 56.426006
35.565132 56.423843
35.539967 56.440365
35.506531 56.403732
35.507580 56.399399
35.503708 56.399349
35.500534 56.399368
35.498230 56.399540
35.496246 56.399960
35.492249 56.401173
35.488312 56.402676
35.485474 56.403568
35.482620 56.404621
35.479218 56.405594
35.476727 56.406467
35.475990 56.406937
35.475376 56.407795
35.475311 56.408470
35.475735 56.409424
35.476349 56.410099
35.477280 56.410774
35.481731 56.413277
35.483143 56.414272
35.483738 56.415031
35.483833 56.415379
35.483723 56.416069
35.483479 56.416454
35.482731 56.417133
35.479271 56.419426
35.475739 56.421459
35.473877 56.422810
35.469124 56.425781
35.467834 56.426411
35.465580 56.426945
35.464085 56.427101
35.462524 56.427155
35.448631 56.426956
35.438805 56.426907
35.436424 56.426834
35.434898 56.426697
35.433453 56.426407
35.432873 56.426208
35.431885 56.425701
35.430916 56.424801
35.430027 56.423485
35.429356 56.422104
35.428638 56.420013
35.427505 56.417530
35.427269 56.416698
35.427120 56.415424
35.427162 56.414146
35.427319 56.413307
35.427662 56.412498
35.428265 56.411781
35.429516 56.410938
35.431774 56.409981
35.437302 56.407310
35.439236 56.406559
35.440975 56.405769
35.452110 56.400078
35.453114 56.399490
35.453915 56.398869
35.454254 56.398457
35.454456 56.397827
35.454243 56.397346
35.453735 56.396961
35.452766 56.396595
35.451447 56.396385
35.448475 56.396297
35.438763 56.396358
35.436409 56.396263
35.434898 56.396080
35.433563 56.395737
35.432484 56.395267
35.431599 56.394688
35.430733 56.393723
35.430035 56.392273
35.429722 56.388046
35.429523 56.387226
35.428391 56.384323
35.427853 56.380116
35.427574 56.379307
35.426617 56.377491
35.426346 56.376247
35.425957 56.372875
35.424679 56.369568
35.424217 56.365345
35.424000 56.364525
35.422859 56.361664
35.422295 56.357430
35.422035 56.356579
35.420788 56.353729
35.420673 56.352547
35.420841 56.351776
35.421322 56.351032
35.421692 56.350716
35.422657 56.350197
35.423985 56.349831
35.425552 56.349659
35.428852 56.349625
35.433121 56.349754
35.436504 56.349945
35.438923 56.350231
35.442234 56.350842
35.445522 56.351089
35.452354 56.351231
35.478142 56.351467
35.480633 56.351555
35.483009 56.351833
35.484333 56.352203
35.485344 56.352692
35.486126 56.353249
35.488010 56.354942
35.488808 56.355728
35.495514 56.363586
35.496605 56.364559
35.499157 56.366615
35.500000 56.367123
35.501183 56.367500
35.502552 56.367687
35.504700 56.367722
35.506775 56.367504
35.509190 56.367050
35.511604 56.366417
35.514637 56.365803
35.515751 56.365623
35.517349 56.359016
35.521694 56.355240
35.520306 56.353706
35.514336 56.346844
35.506023 56.337009
35.505390 56.336388
35.504585 56.335823
35.503647 56.335350
35.502556 56.335026
35.501312 56.334965
35.500210 56.335148
35.498367 56.335789
35.496025 56.337448
35.493950 56.338631
35.492760 56.339092
35.491344 56.339401
35.490223 56.339447
35.489113 56.339268
35.488049 56.338840
35.487232 56.338264
35.486927 56.337925
35.486546 56.337124
35.486423 56.336288
35.486687 56.331451
35.486633 56.329262
35.486343 56.327995
35.485275 56.325516
35.484982 56.324253
35.484913 56.316784
35.484619 56.315521
35.483547 56.313038
35.483257 56.311798
35.483223 56.303585
35.482948 56.302338
35.481937 56.300533
35.481529 56.299294
35.481312 56.296253
35.481537 56.294102
35.481861 56.293270
35.482487 56.292488
35.483387 56.291798
35.484447 56.291183
35.485626 56.290638
35.486908 56.290180
35.496353 56.287827
35.498028 56.287266
35.499008 56.286777
35.499802 56.286201
35.500389 56.285427
35.500492 56.284805
35.500198 56.284191
35.499485 56.283588
35.498528 56.283100
35.497429 56.282738
35.495083 56.282211
35.477871 56.279015
35.474358 56.278244
35.473110 56.277790
35.472279 56.277283
35.472103 56.277050
35.471794 56.276646
35.471745 56.276302
35.471874 56.275753
35.472179 56.275204
35.473545 56.273670
35.476048 56.271885
35.477825 56.270374
35.486179 56.264435
35.488338 56.262611
35.490894 56.260815
35.493668 56.258457
35.494190 56.257824
35.494331 56.257458
35.494251 56.256710
35.493607 56.256039
35.493107 56.255795
35.491825 56.255482
35.488956 56.255341
35.480499 56.255436
35.479122 56.255344
35.477871 56.255089
35.477325 56.254841
35.476738 56.254261
35.476578 56.253632
35.476906 56.252693
35.477901 56.251610
35.482822 56.248226
35.484604 56.246693
35.488712 56.244049
35.490852 56.242222
35.494671 56.239418
35.495731 56.238766
35.497066 56.237717
35.506287 56.231239
35.508636 56.229130
35.509159 56.228474
35.509289 56.228138
35.509289 56.227463
35.508751 56.226509
35.507763 56.225731
35.502274 56.223103
35.496212 56.220509
35.491619 56.218208
35.485603 56.215607
35.481525 56.213539
35.476990 56.211544
35.453300 56.220364
35.437733 56.212433
35.428543 56.213997
35.421158 56.215351
35.417477 56.215847
35.416222 56.215847
35.414993 56.215706
35.413822 56.215378
35.412861 56.214867
35.412189 56.214264
35.410927 56.212601
35.409164 56.210773
35.404922 56.209724
35.398216 56.208366
35.395725 56.207928
35.391991 56.207428
35.381485 56.205471
35.377754 56.204964
35.375263 56.204521
35.367249 56.203003
35.362873 56.202381
35.353016 56.200535
35.348640 56.199913
35.338779 56.198067
35.335041 56.197559
35.327579 56.196205
35.322147 56.195328
35.321022 56.195049
35.319988 56.194584
35.319572 56.194294
35.319016 56.193634
35.318813 56.192951
35.318954 56.191917
35.322556 56.185040
35.323418 56.182964
35.324661 56.180515
35.325516 56.177731
35.327621 56.174332
35.328648 56.173393
35.329590 56.172859
35.331215 56.172249
35.334690 56.171291
35.340565 56.169842
35.344654 56.168732
35.348141 56.167595
35.352234 56.166485
35.362232 56.163967
35.363880 56.163322
35.365204 56.162502
35.365776 56.161839
35.365917 56.161144
35.365833 56.160797
35.365383 56.160130
35.363464 56.158440
35.358212 56.154736
35.355965 56.153000
35.355312 56.152157
35.355045 56.151501
35.355083 56.150826
35.355236 56.150490
35.355511 56.150135
35.356289 56.149487
35.357777 56.148609
35.362728 56.146099
35.363689 56.145512
35.364460 56.144875
35.364803 56.144413
35.365032 56.143730
35.364830 56.143044
35.364182 56.142273
35.363384 56.141716
35.362465 56.141232
35.360668 56.140503
35.357288 56.138805
35.354847 56.137764
35.349422 56.134869
35.346405 56.133556
35.343155 56.131802
35.340210 56.130486
35.334774 56.127575
35.332359 56.126530
35.329056 56.124794
35.326130 56.123486
35.319176 56.119648
35.316250 56.118343
35.312931 56.116619
35.311039 56.115845
35.309387 56.115063
35.306652 56.113613
35.304642 56.112404
35.303501 56.111408
35.303181 56.110680
35.303307 56.109978
35.303898 56.109264
35.304756 56.108643
35.306293 56.107777
35.315403 56.103191
35.317966 56.101738
35.318729 56.101101
35.319210 56.100327
35.319263 56.099983
35.319008 56.099319
35.318237 56.098618
35.317318 56.098190
35.311825 56.096481
35.307888 56.094933
35.303864 56.093685
35.294025 56.090866
35.292896 56.090466
35.290020 56.089169
35.289322 56.088573
35.288940 56.087830
35.288780 56.086620
35.288948 56.084942
35.289345 56.083706
35.290768 56.080837
35.291553 56.076183
35.292923 56.072906
35.293518 56.069836
35.293980 56.069138
35.294788 56.068569
35.295887 56.068188
35.296474 56.068092
35.297665 56.068058
35.303211 56.068832
35.308907 56.069290
35.314030 56.070095
35.316166 56.070309
35.319118 56.070454
35.322845 56.070526
35.325054 56.070496
35.327202 56.070309
35.328564 56.070011
35.330383 56.069321
35.335884 56.066517
35.338879 56.065277
35.341137 56.064201
35.345886 56.061882
35.346436 56.061420
35.346783 56.060902
35.346840 56.060215
35.346397 56.059418
35.345715 56.058788
35.344360 56.057938
35.342228 56.056934
35.338863 56.055763
35.330479 56.052284
35.328850 56.051441
35.327866 56.050831
35.326748 56.049812
35.326496 56.049171
35.326794 56.048241
35.327454 56.047482
35.329243 56.045990
35.330456 56.044338
35.330814 56.043140
35.330822 56.042324
35.330647 56.041512
35.330257 56.040760
35.326843 56.035698
35.325268 56.033684
35.322933 56.029942
35.321655 56.028236
35.319809 56.025291
35.318928 56.024467
35.317940 56.024029
35.317322 56.023891
35.315994 56.023758
35.313919 56.023853
35.312614 56.024105
35.309753 56.025024
35.297226 56.028660
35.296608 56.028755
35.295376 56.028774
35.294762 56.028698
35.293591 56.028358
35.292625 56.027870
35.291840 56.027275
35.290150 56.025368
35.288036 56.022675
35.286228 56.020000
35.281170 56.014030
35.279369 56.011353
35.275856 56.007069
35.274788 56.006195
35.273827 56.005737
35.273277 56.005569
35.272060 56.005417
35.270908 56.005470
35.269768 56.005627
35.266884 56.006336
35.259678 56.007805
35.256664 56.008553
35.248146 56.010151
35.246201 56.010361
35.244480 56.010391
35.243675 56.010223
35.243031 56.009914
35.242405 56.009338
35.242222 56.008999
35.242085 56.008286
35.242161 56.007549
35.242413 56.006813
35.243942 56.003994
35.244701 56.001579
35.246284 55.998352
35.246449 55.997135
35.246212 55.995922
35.245457 55.994839
35.244125 55.993538
35.241150 55.990326
35.238113 55.987782
35.233215 55.982243
35.230244 55.979671
35.228977 55.978233
35.227413 55.976456
35.226627 55.975845
35.225655 55.975323
35.224495 55.974926
35.223267 55.974724
35.222004 55.974667
35.220753 55.974724
35.219788 55.974854
35.215683 55.975403
35.209980 55.975700
35.206783 55.976009
35.205032 55.976067
35.204418 55.976025
35.203243 55.975761
35.202190 55.975334
35.200787 55.974529
35.199635 55.973587
35.194874 55.968006
35.191856 55.965454
35.186954 55.959915
35.183933 55.957363
35.179070 55.951817
35.174339 55.947300
35.171146 55.943722
35.166088 55.938877
35.161228 55.933327
35.158203 55.930775
35.157166 55.929623
35.103985 55.946205
35.043888 55.930019
34.941975 55.947678
34.883949 55.928562
34.818466 55.944363
34.787636 55.927692
34.741188 55.882790
34.699398 55.890312
34.655567 55.904537
34.621555 55.908348
34.568752 55.918083
34.531151 55.946720
34.495342 55.971188
34.435421 55.984673
34.400860 55.968430
34.386913 55.943939
34.367535 55.927822
34.347767 55.955051
34.325832 55.990314
34.328430 56.011597
34.284405 56.030342
34.231792 56.039749
34.204681 56.030632
34.183517 56.013424
34.138134 56.015949
34.068932 56.009407
34.017448 56.039577
33.980835 56.039814
33.932991 56.032833
33.908447 56.001900
33.884972 55.987152
33.864147 55.981331
33.893604 55.966236
33.941288 55.950687
33.897919 55.921696
33.913307 55.894981
33.898392 55.873867
33.861500 55.869038
33.859581 55.885868
33.858299 55.905899
33.814808 55.925117
33.774048 55.908882
33.752815 55.937199
33.713787 55.893929
33.748676 55.873123
33.756813 55.846497
33.725319 55.833786
33.726807 55.803905
33.685467 55.788357
33.613899 55.793556
33.621868 55.761478
33.622303 55.739239
33.579174 55.721317
33.527130 55.719257
33.529709 55.702217
33.496712 55.697289
33.458607 55.698368
33.403122 55.708462
33.373806 55.692001
33.337376 55.673843
33.298798 55.678387
33.261627 55.633423
33.231392 55.599972
33.208935 55.597633
33.179604 55.643349
33.126484 55.606476
33.067635 55.641605
33.012291 55.586914
32.942024 55.611595
32.869926 55.613625
32.819466 55.621288
32.759987 55.628170
32.676983 55.628334
32.663261 55.601902
32.650902 55.586395
32.605377 55.593887
32.606869 55.617764
32.662918 55.655441
32.589722 55.675671
32.552238 55.608597
32.536865 55.637341
32.492611 55.657806
32.443695 55.658779
32.419479 55.651901
32.394375 55.629749
32.311016 55.631428
32.289505 55.649128
32.254871 55.630997
32.195660 55.611073
32.153378 55.623859
32.132473 55.637245
32.183693 55.644806
32.223507 55.663700
32.152069 55.667549
32.123249 55.666702
32.135700 55.693089
32.126507 55.712921
32.095715 55.722755
32.018936 55.722363
31.993622 55.713959
31.917646 55.704956
31.904455 55.685944
31.908339 55.644108
31.856134 55.670563
31.793097 55.672634
31.719980 55.720116
31.664751 55.706604
31.582764 55.716133
31.522701 55.724697
31.457376 55.751324
31.460716 55.784721
31.412479 55.842110
31.393269 55.872028
31.425203 55.916477
31.389923 55.937866
31.396374 55.979118
31.515722 56.023300
31.539179 56.059738
31.481955 56.108662
31.474169 56.160061
31.548246 56.200233
31.539261 56.217724
31.478937 56.233990
31.484573 56.283978
31.560698 56.290501
31.506720 56.317863
31.452538 56.317089
31.396391 56.324657
31.335455 56.317738
31.240875 56.354862
31.286762 56.385818
31.250479 56.437294
31.197807 56.445950
31.124254 56.450218
31.041821 56.464798
31.039150 56.477806
31.034969 56.497311
31.056969 56.560486
31.071173 56.614857
30.930990 56.664196
30.894423 56.665131
30.831148 56.713367
30.895596 56.747486
30.817799 56.751099
30.842312 56.773872
30.842455 56.773823
30.867474 56.797245
30.908278 56.799725
30.911879 56.824005
30.931198 56.856022
30.962458 56.877525
30.974796 56.934944
31.013321 56.941479
31.085039 56.933807
31.246309 56.882847
31.289045 56.901100
31.309507 56.920074
31.421024 56.917809
31.456211 56.893299
31.656006 56.889534
31.711561 56.960537
31.779102 56.970371
31.736357 56.997887
31.763222 57.006443
31.814226 57.058922
31.847256 57.044109
31.862572 57.043324
31.869228 57.042980
31.882347 57.053032
31.904251 57.075813
31.976027 57.084240
32.017357 57.030182
32.058960 57.039459
32.035336 57.075230
32.084888 57.079422
32.078686 57.113373
32.188938 57.129932
32.217030 57.158749
32.312050 57.148132
32.334152 57.169209
32.305180 57.207729
32.324829 57.228718
32.374428 57.214752
32.450085 57.220474
32.457119 57.249001
32.547527 57.247375
32.578617 57.260040
32.575649 57.285076
32.607105 57.295105
32.635960 57.288597
32.676266 57.286831
32.714882 57.292751
32.709999 57.313824
32.758598 57.359707
32.783264 57.381077
32.801464 57.396847
32.856308 57.419937
32.905014 57.431076
32.933372 57.423382
32.972286 57.408852
32.987076 57.427708
33.018291 57.438610
33.048813 57.427227
33.083794 57.409279
33.093727 57.401318
33.132179 57.414463
33.145786 57.434204
33.190922 57.445538
33.219288 57.447582
33.243557 57.434818
33.262177 57.421387
33.275352 57.405891
33.267559 57.400414
33.322929 57.379772
33.352242 57.431282
33.274395 57.460663
33.277050 57.498821
33.292141 57.516640
33.304359 57.537151
33.333492 57.529961
33.366161 57.535694
33.387848 57.550552
33.384850 57.572891
33.356693 57.593391
33.371475 57.620861
33.395752 57.637871
33.355762 57.664871
33.417179 57.666996
33.448528 57.680397
33.483234 57.689739
33.512661 57.687592
33.569664 57.671448
33.575722 57.689091
33.599194 57.703865
33.636642 57.705826
33.647655 57.718803
33.631935 57.733463
33.603439 57.739178
33.591591 57.757240
33.614883 57.774658
33.628971 57.796452
33.619137 57.810028
33.674694 57.838459
33.732811 57.853203
33.749569 57.888237
33.727695 57.907970
33.757919 57.940632
33.730835 57.967712
33.676746 57.981518
33.644012 57.983879
33.600117 58.010517
33.625042 58.041531
33.630089 58.044548
33.657745 58.061077
33.691078 58.076462
33.724472 58.087631
33.732571 58.111084
33.763889 58.128006
33.818817 58.136681
33.873024 58.122837
33.917721 58.111263
33.948494 58.112545
33.990929 58.136005
34.031948 58.167732
34.061726 58.189972
34.085186 58.204838
34.110085 58.205891
34.119778 58.180672
34.238243 58.190521
34.278866 58.164688
34.331917 58.144463
34.375885 58.145828
34.416348 58.145000
34.459869 58.110245
34.495491 58.111423
34.533195 58.121769
34.578754 58.094940
34.620136 58.086647
34.686707 58.073261
34.742275 58.056179
34.806400 58.091995
34.777740 58.115292
34.762611 58.130913
34.783253 58.161858
34.768749 58.184639
34.850945 58.228973
34.905838 58.206451
34.953651 58.199436
34.999306 58.212597
35.015869 58.195518
35.094563 58.172421
35.135113 58.198597
35.175800 58.201729
35.237789 58.208694
35.258705 58.223515
35.279991 58.238651
35.343254 58.265617
35.375591 58.298653
35.376629 58.319168
35.331802 58.345871
35.344269 58.353878
35.370361 58.370632
35.403721 58.363735
35.497974 58.393997
35.611900 58.434273
35.693493 58.435925
35.780945 58.423233
35.877724 58.403641
35.980499 58.398388
36.004910 58.461983
36.094574 58.442539
36.166679 58.487331
36.219498 58.470879
36.283421 58.505432
36.309513 58.499104
36.381962 58.505428
36.404453 58.489357
36.471992 58.522488
36.492851 58.520771
36.553467 58.515781
36.577728 58.536102
36.567955 58.568783
36.639420 58.626186
36.693676 58.628460
36.695557 58.687019
36.725346 58.705746
36.763889 58.718250
36.799786 58.712215
36.811047 58.705448
36.915180 58.729698
36.874924 58.762196
36.841843 58.798218
36.919750 58.817165
36.956902 58.838562
36.986607 58.839211
37.019650 58.822182
37.054367 58.813850
37.072411 58.824089
37.091621 58.842762
