53.231915 58.424377
53.384422 58.418831
53.396427 58.456913
53.437546 58.465008
53.473034 58.442429
53.551910 58.466473
53.618683 58.452446
53.669182 58.483158
53.774754 58.490101
53.815838 58.446423
53.811871 58.426029
53.856792 58.402771
53.880062 58.370457
53.888165 58.336418
53.880070 58.295551
53.834957 58.267223
53.816887 58.250195
53.840065 58.217873
53.892437 58.183838
53.938248 58.142433
53.946178 58.108402
54.006912 58.068657
54.063160 58.031738
54.118202 57.989735
54.135555 57.955097
54.131420 57.911484
54.159424 57.881382
54.183025 57.854111
54.192738 57.830299
54.169365 57.787857
54.125767 57.741486
54.140854 57.696686
54.128181 57.658733
54.097591 57.627094
54.062695 57.598225
54.072357 57.574398
54.126427 57.555672
54.178314 57.549877
54.206932 57.524914
54.255550 57.503841
54.279751 57.458508
54.230099 57.428051
54.198483 57.414520
54.170021 57.346649
54.198425 57.321701
54.258381 57.333466
54.304565 57.325424
54.311817 57.291431
54.304287 57.255817
54.330353 57.220673
54.343777 57.194023
54.339466 57.173695
54.306866 57.155094
54.331738 57.114880
54.416286 57.109539
54.434822 57.085190
54.418041 57.073353
54.385521 57.054783
54.331253 57.045341
54.275917 57.030750
54.202927 56.999241
54.171604 56.962543
54.164047 56.939789
54.159000 56.924660
54.133961 56.895302
54.102757 56.858582
54.065468 56.837711
53.998169 56.831459
53.955669 56.831459
53.892551 56.822372
53.864548 56.824024
53.845066 56.796886
53.848309 56.765789
53.892864 56.729687
53.873390 56.702538
53.882771 56.655682
53.905548 56.628613
53.944656 56.613411
53.961105 56.671593
54.019844 56.683468
54.061096 56.701553
54.118778 56.685165
54.093987 56.655807
54.092827 56.627586
54.109249 56.616280
54.159451 56.587471
54.214672 56.560913
54.256256 56.514622
54.283943 56.512878
54.327785 56.499836
54.346233 56.498722
54.348869 56.467697
54.356567 56.438942
54.370537 56.417500
54.402428 56.371796
54.419239 56.342484
54.388039 56.305946
54.304230 56.282970
54.242073 56.273991
54.200096 56.250942
54.188522 56.224983
54.182323 56.210972
54.138321 56.177757
54.101334 56.133831
54.049385 56.106224
53.968147 56.070103
53.893181 56.041241
53.850739 56.036076
53.839603 56.026493
53.816200 56.002262
53.797928 55.980274
53.738667 55.969063
53.552921 55.925251
53.385319 55.874928
53.319386 55.891914
53.259033 55.939590
53.278809 55.972004
53.338440 55.994236
53.383938 56.014713
53.423393 56.027775
53.442451 56.055088
53.426723 56.094902
53.498623 56.131851
53.561798 56.146023
53.585033 56.170467
53.564171 56.208035
53.569077 56.233662
53.569092 56.237293
53.568897 56.257015
53.485573 56.285606
53.428261 56.296524
53.404400 56.301071
53.339676 56.305042
53.306370 56.275974
53.351444 56.216187
53.376617 56.175747
53.323116 56.137596
53.232040 56.148361
53.137161 56.190353
53.080376 56.211884
53.029495 56.240818
53.014740 56.290939
53.024208 56.318897
53.026451 56.386215
52.999657 56.421501
53.024384 56.456383
53.072887 56.492428
53.110470 56.534718
53.099758 56.553288
53.065334 56.570518
53.015385 56.552612
52.982273 56.523514
52.945168 56.525455
52.918961 56.508827
52.954086 56.468452
52.933643 56.430988
52.881340 56.397739
52.804935 56.386242
52.738583 56.379337
52.697483 56.355743
52.679825 56.333500
52.636276 56.322857
52.571003 56.292721
52.572708 56.274677
52.683998 56.246044
52.796768 56.227539
52.852535 56.201584
52.875736 56.174744
52.850418 56.135017
52.810501 56.144745
52.766445 56.157249
52.735554 56.166508
52.704617 56.147556
52.741108 56.089306
52.771687 56.051857
52.738449 56.032364
52.699158 56.019047
52.665775 56.041618
52.650799 56.063202
52.621449 56.082924
52.583809 56.079823
52.542900 56.056217
52.483669 56.033573
52.440166 56.051502
52.431503 56.085613
52.366020 56.112438
52.332569 56.108139
52.294933 56.103298
52.234951 56.075417
52.224579 56.037125
52.249443 55.986652
52.261627 55.944633
52.258469 55.924072
52.208797 55.900826
52.157188 55.895752
52.117336 55.927826
52.042839 55.966290
51.974293 55.972385
51.922012 55.962082
51.860493 55.952183
51.788403 55.966095
51.736763 55.960838
51.670216 55.982124
51.603069 55.964611
51.521976 55.945137
51.476650 55.952419
51.429615 55.983036
51.437798 56.011078
51.505226 56.067474
51.536827 56.097073
51.582104 56.123436
51.664989 56.153145
51.689804 56.164928
51.640629 56.180222
51.548393 56.150890
51.498432 56.160973
51.426758 56.146137
51.421978 56.150822
51.456795 56.161587
51.499386 56.202805
51.474190 56.214943
51.433605 56.229176
51.398594 56.244690
51.408344 56.260910
51.447472 56.284260
51.496952 56.308743
51.448139 56.320946
51.394455 56.338940
51.330860 56.372280
51.309086 56.403900
51.304966 56.428265
51.235001 56.452843
51.188316 56.479156
51.153297 56.510693
51.163761 56.534103
51.189407 56.556679
51.183010 56.587254
51.159046 56.623779
51.165127 56.658043
51.193703 56.676746
51.243671 56.686527
51.295723 56.680912
51.336548 56.666492
51.363369 56.672703
51.381050 56.700943
51.384876 56.730141
51.410889 56.765240
51.426762 56.781063
51.478771 56.798298
51.517296 56.815308
51.531479 56.864334
51.522255 56.877201
51.471752 56.894852
51.429489 56.914494
51.407440 56.935192
51.388359 56.965496
51.359695 57.007107
51.294151 57.061478
51.268166 57.090988
51.265205 57.124275
51.222324 57.185272
51.169090 57.240944
51.112736 57.295151
51.125530 57.326942
51.135189 57.355225
51.168606 57.396347
51.215572 57.429813
51.296715 57.461094
51.375305 57.468388
51.447727 57.471264
51.467010 57.464298
51.523079 57.451843
51.586967 57.462177
51.611790 57.468895
51.607513 57.510239
51.686813 57.527634
51.743221 57.553646
51.758999 57.599297
51.805992 57.625664
51.852360 57.646912
51.868504 57.659107
51.874802 57.705193
51.887302 57.725243
51.924175 57.746834
51.923965 57.780308
51.917648 57.839813
51.904469 57.849594
51.873528 57.872532
51.886391 57.931190
51.949387 57.998062
51.926888 58.011868
51.877583 58.008797
51.836346 58.028507
51.850235 58.058811
51.830421 58.093105
51.799538 58.117531
51.763275 58.139591
51.715145 58.146675
51.669765 58.174179
51.677017 58.191921
51.748367 58.248272
51.779457 58.295944
51.796204 58.346729
51.848106 58.365219
51.896255 58.391567
51.931446 58.431297
51.988827 58.452076
52.064430 58.461788
52.100761 58.473118
52.130512 58.473557
52.190090 58.474434
52.300571 58.451553
52.343620 58.441883
52.434258 58.419743
52.522659 58.415695
52.616348 58.413883
52.706440 58.419891
52.788593 58.408169
52.842113 58.402977
52.891060 58.428925
52.913887 58.505150
52.996967 58.526737
53.114216 58.543983
53.231915 58.424377
