39.885384 56.765003
39.894058 56.698624
39.822338 56.611221
39.911640 56.607044
39.984112 56.533558
39.969906 56.489552
40.006744 56.463833
40.132854 56.449127
40.200943 56.417591
40.224258 56.408535
40.250271 56.448456
40.314201 56.509899
40.363789 56.501869
40.383137 56.530563
40.481316 56.533974
40.503998 56.562607
40.585197 56.580597
40.625751 56.571312
40.723091 56.595192
40.765076 56.587879
40.814762 56.579182
40.840374 56.538193
40.849789 56.503757
40.919395 56.478867
40.930565 56.499279
41.032791 56.477947
41.049137 56.451885
41.099117 56.443287
41.125191 56.475067
41.227051 56.498039
41.260147 56.470921
41.352390 56.459713
41.469810 56.464504
41.532398 56.415852
41.608524 56.449997
41.767715 56.460495
41.815800 56.474258
41.849812 56.483494
41.900421 56.497211
41.931114 56.445255
41.932549 56.404572
41.933781 56.368713
42.059521 56.339920
42.122307 56.378151
42.181831 56.398754
42.188267 56.441544
42.233410 56.438873
42.281521 56.456268
42.425903 56.438854
42.449932 56.398441
42.516788 56.401684
42.547020 56.390728
42.620476 56.404953
42.678837 56.386192
42.714916 56.353783
42.727245 56.296104
42.744324 56.243313
42.815258 56.215378
42.933548 56.200752
42.927277 56.159561
42.887344 56.140491
42.835117 56.100834
42.718239 56.086342
42.666771 56.052086
42.704250 56.027390
42.691494 55.977165
42.644531 55.948372
42.621464 55.934227
42.583912 55.919792
42.511974 55.925240
42.471439 55.909840
42.451431 55.838017
42.424583 55.792610
42.379749 55.776363
42.329014 55.757904
42.292664 55.749943
42.262371 55.743309
42.218166 55.697231
42.128815 55.642979
42.116615 55.625057
42.088711 55.608093
42.084499 55.533165
42.085407 55.531738
42.084442 55.532089
42.082497 55.497509
42.115410 55.465820
42.126301 55.436268
42.136467 55.408932
42.129604 55.399982
42.112297 55.377422
42.029144 55.334705
41.980118 55.334503
41.958462 55.276978
41.962418 55.251633
41.922325 55.222000
41.936848 55.201061
41.892208 55.174492
41.874668 55.131786
41.803688 55.115955
41.713577 55.124062
41.679394 55.102852
41.623703 55.144363
41.562855 55.123379
41.524281 55.137733
41.453217 55.109402
41.388603 55.131859
41.365917 55.165562
41.325066 55.181740
41.268047 55.206123
41.206951 55.210812
41.152939 55.194408
41.127644 55.166443
41.128857 55.117367
41.082214 55.122398
41.064281 55.145584
41.046440 55.193863
41.013550 55.208153
40.997105 55.241112
40.902435 55.247841
40.877453 55.187401
40.831467 55.182880
40.821003 55.206272
40.784763 55.211056
40.755459 55.181217
40.604900 55.178177
40.546944 55.240829
40.563362 55.299480
40.504681 55.309593
40.438961 55.259079
40.357540 55.257362
40.328217 55.289352
40.396095 55.301712
40.375343 55.325867
40.246494 55.313072
40.239014 55.317451
40.220188 55.328480
40.220596 55.329014
40.220886 55.329792
40.220978 55.331001
40.220734 55.332211
40.219593 55.334682
40.218819 55.336773
40.215786 55.342670
40.215050 55.344761
40.212055 55.350662
40.211319 55.352753
40.210648 55.354153
40.208321 55.358654
40.207417 55.361107
40.204571 55.366642
40.203720 55.368710
40.202660 55.370441
40.200214 55.376369
40.198051 55.380108
40.197346 55.380814
40.196476 55.381474
40.191097 55.384857
40.189362 55.386215
40.186466 55.388100
40.184372 55.389721
40.177963 55.393703
40.175694 55.395412
40.170780 55.398415
40.169262 55.399750
40.168404 55.400688
40.168091 55.401371
40.168064 55.402050
40.169262 55.405312
40.169701 55.408291
40.191368 55.419952
40.181843 55.443996
40.182053 55.444012
40.183369 55.443977
40.184544 55.443859
40.189545 55.443054
40.193554 55.442638
40.198689 55.441879
40.205509 55.441311
40.210510 55.440521
40.212868 55.440350
40.214432 55.440403
40.215942 55.440670
40.216511 55.440865
40.217457 55.441387
40.218151 55.442112
40.218510 55.442978
40.218678 55.444344
40.218681 55.451057
40.219151 55.466415
40.219616 55.468700
40.220860 55.470955
40.221226 55.472263
40.221615 55.476364
40.221504 55.478600
40.221207 55.479458
40.220634 55.480213
40.219845 55.480820
40.218342 55.481541
40.215538 55.482273
40.208454 55.483673
40.201004 55.485432
40.199001 55.486099
40.197903 55.486828
40.196915 55.488056
40.196148 55.489868
40.195763 55.493988
40.195499 55.494869
40.194607 55.496735
40.194584 55.496861
40.197273 55.500935
40.194126 55.500423
40.194042 55.501305
40.193043 55.504250
40.192413 55.506550
40.191936 55.507278
40.191170 55.507881
40.190132 55.508343
40.189499 55.508514
40.188152 55.508720
40.186749 55.508812
40.184563 55.508842
40.182091 55.508774
40.179649 55.508583
40.175583 55.507919
40.173950 55.507790
40.171429 55.507713
40.141380 55.507969
40.137123 55.507954
40.133823 55.507771
40.130543 55.507244
40.128948 55.507076
40.125610 55.506950
40.097267 55.507179
40.092117 55.507156
40.088791 55.506989
40.087246 55.506798
40.084892 55.506386
40.083488 55.506306
40.082085 55.506416
40.081409 55.506565
40.080364 55.506996
40.079601 55.507587
40.079304 55.507984
40.078995 55.508823
40.078693 55.511932
40.078453 55.512810
40.077610 55.514702
40.077332 55.516594
40.077946 55.539074
40.077721 55.541458
40.077427 55.542366
40.076515 55.544228
40.076202 55.546089
40.076359 55.554794
40.076321 55.560577
40.076408 55.561478
40.076672 55.562336
40.077305 55.563129
40.078255 55.563641
40.079651 55.563946
40.081123 55.564007
40.082607 55.563900
40.085541 55.563377
40.091419 55.562054
40.096668 55.560738
40.098145 55.560509
40.100334 55.560364
40.102203 55.560455
40.103306 55.560760
40.104210 55.561234
40.105316 55.562244
40.106323 55.563892
40.107121 55.565964
40.109146 55.570515
40.110397 55.572968
40.113403 55.579552
40.114746 55.581997
40.116161 55.584957
40.116203 55.585468
40.117783 55.586021
40.085449 55.624638
40.114784 55.641804
40.063553 55.654896
40.061871 55.656246
40.060867 55.656921
40.059620 55.657993
40.057266 55.659733
40.056026 55.660812
40.055031 55.661491
40.051525 55.664391
40.050289 55.665577
40.049458 55.666142
40.048435 55.666603
40.047344 55.666912
40.045544 55.667274
40.042866 55.667480
40.036621 55.667561
40.035408 55.667637
40.035267 55.667648
40.033955 55.667824
40.029926 55.668922
40.028313 55.669617
40.026875 55.670441
40.025623 55.671349
40.024059 55.672920
40.021767 55.674793
40.020210 55.676365
40.017891 55.678226
40.016319 55.679794
40.013996 55.681656
40.012424 55.683224
40.010101 55.685085
40.008530 55.686649
40.006203 55.688511
40.004631 55.690079
40.002304 55.691940
40.000736 55.693504
39.998409 55.695366
39.996841 55.696938
39.994530 55.698811
39.992645 55.700718
39.989796 55.703075
39.988983 55.703571
39.988457 55.703773
39.987328 55.703999
39.986130 55.704067
39.984924 55.704006
39.981945 55.703533
39.975319 55.702255
39.972610 55.701981
39.970520 55.701962
39.968506 55.702118
39.967270 55.702400
39.966290 55.702858
39.962688 55.705795
39.961163 55.707382
39.958855 55.709255
39.957283 55.710823
39.954956 55.712685
39.953384 55.714249
39.951054 55.716110
39.949482 55.717674
39.947151 55.719536
39.946198 55.720486
39.956493 55.743683
39.945980 55.784035
39.945679 55.784321
39.945606 55.784546
39.943993 55.787609
39.942108 55.790649
39.940769 55.792313
39.939682 55.793987
39.934357 55.803493
39.933273 55.805164
39.932167 55.806507
39.931080 55.808220
39.928513 55.812946
39.927826 55.813927
39.927158 55.814613
39.925655 55.815594
39.924423 55.816116
39.922993 55.816479
39.920673 55.816708
39.911728 55.816769
39.906940 55.821346
39.889004 55.818047
39.887882 55.818054
39.884621 55.818180
39.882290 55.818432
39.879063 55.819012
39.876686 55.819202
39.862625 55.819447
39.860252 55.819660
39.855888 55.820335
39.854317 55.820503
39.851894 55.820621
39.849491 55.820610
39.847229 55.820393
39.846546 55.820236
39.845547 55.819870
39.841465 55.817577
39.839512 55.816322
39.837151 55.814548
39.834454 55.812912
39.833332 55.812340
39.833298 55.812328
39.827770 55.813591
39.827724 55.815067
39.828220 55.820660
39.828129 55.822002
39.827854 55.822849
39.827156 55.823792
39.826481 55.824318
39.825569 55.824715
39.824516 55.825008
39.822422 55.825317
39.820042 55.825413
39.800861 55.825462
39.777691 55.825703
39.774639 55.825638
39.772457 55.825336
39.771294 55.824951
39.769863 55.824173
39.769157 55.823574
39.767406 55.821663
39.764755 55.817661
39.763378 55.816006
39.761429 55.813190
39.746845 55.810547
39.728287 55.789978
39.688858 55.777664
39.687283 55.778683
39.682774 55.782169
39.676025 55.786663
39.674671 55.787216
39.673607 55.787457
39.672424 55.787575
39.670631 55.787430
39.667828 55.786732
39.663914 55.785385
39.660519 55.784370
39.646183 55.780403
39.642769 55.779251
39.641941 55.779011
39.603622 55.786480
39.577160 55.773743
39.574856 55.773724
39.563309 55.773911
39.561630 55.773846
39.560017 55.773647
39.558689 55.773262
39.557747 55.772739
39.557377 55.772427
39.556793 55.771549
39.556488 55.770138
39.556496 55.763794
39.554443 55.762806
39.556355 55.755451
39.556015 55.739796
39.556019 55.739609
39.527233 55.729889
39.522648 55.730011
39.519268 55.730247
39.511902 55.731186
39.508904 55.731701
39.506657 55.732273
39.505630 55.732685
39.504765 55.733242
39.504139 55.733963
39.503819 55.734795
39.503704 55.735657
39.503918 55.738304
39.504303 55.739601
39.505581 55.741837
39.505844 55.742714
39.506046 55.744072
39.506535 55.757042
39.506313 55.758339
39.505821 55.759155
39.505470 55.759476
39.504547 55.760010
39.503284 55.760391
39.501789 55.760590
39.499432 55.760677
39.480381 55.760651
39.477943 55.760555
39.476372 55.760414
39.473137 55.759815
39.471661 55.759632
39.469402 55.759525
39.467224 55.759640
39.465897 55.759933
39.465389 55.760147
39.464634 55.760685
39.464409 55.760998
39.464298 55.761971
39.464760 55.764687
39.464722 55.764984
39.464466 55.765408
39.463974 55.765766
39.463024 55.766129
39.462418 55.766243
39.461143 55.766312
39.459885 55.766209
39.457577 55.765820
39.454647 55.765160
39.452274 55.764507
39.449310 55.763855
39.440918 55.762260
39.433224 55.760521
39.433155 55.760509
39.428699 55.766434
39.381836 55.755428
39.379055 55.755684
39.373974 55.756382
39.367161 55.756847
39.365845 55.757111
39.364746 55.757450
39.363785 55.757816
39.362965 55.758255
39.362301 55.758930
39.361336 55.760731
39.360619 55.762470
39.360420 55.763321
39.360310 55.765526
39.360626 55.776733
39.360592 55.779396
39.360279 55.781116
39.359329 55.782932
39.359051 55.783772
39.358734 55.787739
39.358566 55.788609
39.358204 55.789444
39.357666 55.790134
39.353458 55.794594
39.350487 55.797104
39.345589 55.802551
39.342640 55.805065
39.339680 55.808239
39.336727 55.810753
39.333729 55.813911
39.330734 55.816399
39.329689 55.818073
39.329563 55.819130
39.329960 55.820183
39.330639 55.820889
39.332005 55.821827
39.334633 55.823288
39.338993 55.825527
39.341942 55.826759
39.347260 55.829521
39.349117 55.830269
39.350712 55.831024
39.359276 55.835606
39.362198 55.836845
39.367584 55.839584
39.369457 55.840294
39.370995 55.840992
39.372421 55.841785
39.373234 55.842369
39.373901 55.843147
39.374123 55.843842
39.373917 55.844532
39.373272 55.845299
39.372486 55.845856
39.371578 55.846340
39.369823 55.847080
39.366566 55.848671
39.365166 55.848999
39.364086 55.849094
39.362999 55.849010
39.361568 55.848701
39.359955 55.848057
39.354641 55.846317
39.351337 55.844986
39.348564 55.844070
39.345268 55.842735
39.342495 55.841824
39.339188 55.840508
39.333836 55.838814
39.331722 55.837944
39.326370 55.836250
39.323067 55.834934
39.320293 55.834023
39.316998 55.832691
39.314232 55.831779
39.310944 55.830448
39.308189 55.829529
39.304909 55.828197
39.300331 55.826859
39.297935 55.826405
39.295849 55.826164
39.293610 55.826084
39.289810 55.826077
39.286003 55.826130
39.283020 55.826263
39.275848 55.827202
39.264954 55.827492
39.263569 55.827625
39.259212 55.828278
39.257114 55.828453
39.249084 55.828602
39.246929 55.828701
39.239799 55.829617
39.237648 55.829716
39.231068 55.829823
39.228935 55.829948
39.227573 55.830116
39.225109 55.830608
39.223045 55.830833
39.212883 55.831108
39.205750 55.832027
39.194859 55.832310
39.193485 55.832443
39.189106 55.833099
39.187008 55.833279
39.178970 55.833412
39.176815 55.833508
39.175426 55.833645
39.171078 55.834305
39.168980 55.834480
39.158772 55.834694
39.157375 55.834824
39.153011 55.835449
39.148060 55.835964
39.146854 55.836262
39.145737 55.836697
39.144245 55.837486
39.142967 55.838379
39.141380 55.839943
39.139072 55.841820
39.137112 55.843693
39.129589 55.849468
39.127224 55.851646
39.119698 55.857418
39.117718 55.859287
39.115356 55.861153
39.113754 55.862713
39.105846 55.868793
39.103477 55.870972
39.095947 55.876740
39.093964 55.878609
39.091606 55.880474
39.090004 55.882034
39.082085 55.888111
39.080078 55.889977
39.075405 55.893478
39.074875 55.894005
39.074070 55.895119
39.073807 55.896011
39.073971 55.896683
39.074425 55.897484
39.075779 55.899067
39.078239 55.900883
39.079952 55.902412
39.082333 55.904255
39.082924 55.904903
39.083595 55.905903
39.084229 55.907284
39.085262 55.907505
39.086250 55.907822
39.088814 55.909283
39.092548 55.912113
39.094200 55.913666
39.096661 55.915501
39.098370 55.917030
39.100395 55.918518
39.101318 55.919472
39.101669 55.920109
39.101864 55.920803
39.101746 55.921505
39.101242 55.922489
39.100590 55.923149
39.099346 55.924026
39.097958 55.924767
39.096935 55.925125
39.096355 55.925232
39.095718 55.925259
39.095089 55.925182
39.094086 55.924816
39.093399 55.924305
39.092064 55.922817
39.090012 55.919827
39.088863 55.918484
39.086941 55.915863
39.083496 55.911961
39.082573 55.910233
39.082241 55.908424
39.079720 55.908623
39.077892 55.908962
39.067074 55.912216
39.057350 55.914871
39.054192 55.915939
39.053303 55.916409
39.052940 55.916710
39.052639 55.917076
39.052292 55.917866
39.052116 55.919125
39.052120 55.922203
39.052231 55.924355
39.052578 55.925537
39.052826 55.925900
39.053566 55.926476
39.055492 55.927216
39.056683 55.927513
39.058002 55.927681
39.064957 55.927856
39.066315 55.927967
39.071430 55.928608
39.077084 55.928791
39.079079 55.928986
39.081272 55.929432
39.082211 55.929878
39.082779 55.930511
39.082790 55.931042
39.082584 55.931385
39.082264 55.931679
39.081398 55.932140
39.079563 55.932682
39.074898 55.933620
39.071915 55.934368
39.064766 55.935818
39.061836 55.936485
39.058914 55.937267
39.056496 55.937702
39.055248 55.937805
39.053986 55.937809
39.052094 55.937630
39.049114 55.937023
39.039322 55.934238
39.001293 55.923752
38.990913 55.920795
38.988544 55.920349
38.986656 55.920177
38.984772 55.920261
38.983543 55.920475
38.980110 55.921371
38.977791 55.922070
38.973164 55.923164
38.949139 55.930004
38.938892 55.933037
38.937180 55.933361
38.935947 55.933506
38.934719 55.933491
38.934109 55.933411
38.933464 55.933270
38.932289 55.932858
38.930157 55.931793
38.921173 55.926693
38.907616 55.919178
38.874992 55.915581
38.864628 55.913254
38.861855 55.916340
38.858833 55.918839
38.855579 55.922344
38.853237 55.924210
38.851604 55.925755
38.850319 55.926617
38.849045 55.927288
38.847984 55.927723
38.847050 55.928104
38.843819 55.929779
38.841045 55.930950
38.834301 55.934631
38.832851 55.935329
38.831039 55.936058
38.825863 55.938862
38.824051 55.939590
38.822601 55.940289
38.815857 55.943970
38.813084 55.945141
38.809868 55.946823
38.807095 55.947998
38.800350 55.951675
38.798901 55.952370
38.797092 55.953098
38.791878 55.955906
38.788979 55.957172
38.782055 55.960915
38.779152 55.962181
38.775883 55.963875
38.773499 55.964901
38.769119 55.967133
38.767315 55.967842
38.759754 55.969749
38.749584 55.971737
38.746628 55.972385
38.744270 55.973042
38.741325 55.973709
38.737160 55.974464
38.735313 55.974689
38.734097 55.974720
38.732853 55.974636
38.728477 55.974068
38.724197 55.973721
38.718403 55.972923
38.713417 55.972515
38.708324 55.971809
38.704041 55.971481
38.698257 55.970711
38.692654 55.970379
38.691303 55.970215
38.688137 55.969658
38.681175 55.969177
38.675919 55.968357
38.670853 55.967690
38.665607 55.967064
38.660645 55.966305
38.656952 55.965851
38.655327 55.966228
38.630692 55.970848
38.630493 55.971008
38.627460 55.974022
38.625908 55.975204
38.623203 55.977657
38.621941 55.978592
38.619198 55.981277
38.616051 55.983738
38.613888 55.985825
38.613487 55.986473
38.613487 55.987125
38.613934 55.987755
38.614311 55.988018
38.615166 55.988407
38.619946 55.990223
38.625687 55.991837
38.634174 55.994686
38.639854 55.996330
38.647827 55.998962
38.653370 56.000542
38.654320 56.000950
38.655163 56.001637
38.655510 56.002300
38.655464 56.002819
38.654980 56.003483
38.654202 56.004044
38.653244 56.004536
38.652149 56.004948
38.648109 56.006039
38.640343 56.007614
38.632328 56.009708
38.630394 56.010403
38.629650 56.010956
38.629406 56.011311
38.629131 56.012070
38.629017 56.013298
38.629242 56.019863
38.629444 56.035667
38.629597 56.037403
38.629864 56.038658
38.630749 56.040401
38.630924 56.041069
38.630756 56.041737
38.630188 56.042385
38.629345 56.042931
38.628304 56.043369
38.625446 56.044048
38.619335 56.045071
38.615673 56.045570
38.613220 56.046101
38.607113 56.047035
38.597424 56.048786
38.593945 56.049526
38.592918 56.049843
38.592022 56.050224
38.590759 56.051292
38.588467 56.054176
38.584099 56.061623
38.580841 56.066856
38.573879 56.079304
38.573082 56.081367
38.571949 56.083824
38.571716 56.084663
38.571533 56.087284
38.571659 56.093487
38.572086 56.095619
38.573353 56.097801
38.573700 56.099007
38.573887 56.101505
38.573730 56.102745
38.573433 56.103546
38.573189 56.103935
38.572441 56.104679
38.570450 56.105934
38.567467 56.107208
38.564075 56.108845
38.561623 56.109829
38.558407 56.111519
38.557461 56.112152
38.556671 56.112843
38.556374 56.113220
38.556072 56.113914
38.556007 56.114620
38.556133 56.115314
38.557243 56.117733
38.557594 56.118931
38.557957 56.122677
38.558197 56.123898
38.559452 56.126759
38.559689 56.127552
38.560226 56.132523
38.561890 56.136547
38.562050 56.138535
38.561710 56.140099
38.560940 56.141476
38.560436 56.142139
38.552734 56.150837
38.550350 56.153389
38.545567 56.157806
38.541424 56.162292
38.539566 56.164524
38.539085 56.165813
38.539085 56.166153
38.539337 56.166813
38.540352 56.168396
38.541573 56.170025
38.557178 56.187096
38.559174 56.189362
38.561142 56.191975
38.564423 56.195503
38.565079 56.196884
38.565140 56.197193
38.565022 56.197735
38.564312 56.198326
38.563313 56.198685
38.561459 56.198879
38.561256 56.198872
38.559490 56.198803
38.546398 56.196835
38.542679 56.196396
38.537693 56.195633
38.534592 56.195278
38.530216 56.194599
38.526501 56.194164
38.525875 56.194065
38.522125 56.193481
38.518410 56.193047
38.514042 56.192356
38.513905 56.192341
38.510571 56.212410
38.507439 56.211655
38.486774 56.206684
38.484978 56.208977
38.483494 56.211304
38.480980 56.213017
38.479000 56.214214
38.463104 56.223213
38.461784 56.224094
38.460457 56.225132
38.458469 56.226334
38.455414 56.227959
38.453823 56.228954
38.453209 56.229427
38.452518 56.230316
38.452164 56.231014
38.451927 56.232147
38.451950 56.234913
38.452328 56.236847
38.453739 56.239647
38.453960 56.240345
38.454033 56.241417
38.453747 56.242485
38.453243 56.243176
38.452053 56.244118
38.446701 56.247215
38.444477 56.248787
38.441505 56.250607
38.440796 56.251411
38.440392 56.252384
38.440468 56.253040
38.440620 56.253376
38.441025 56.253971
38.441551 56.254498
38.443527 56.255692
38.446674 56.257313
38.448673 56.258526
38.450230 56.259857
38.452263 56.260979
38.453411 56.262177
38.453831 56.262939
38.453907 56.263721
38.453312 56.264923
38.454700 56.266388
38.456181 56.267521
38.458973 56.269199
38.468254 56.274307
38.469723 56.275345
38.470669 56.276352
38.471390 56.277359
38.472279 56.279079
38.473141 56.282932
38.474331 56.285156
38.475101 56.288589
38.476559 56.291862
38.477283 56.294250
38.478451 56.296669
38.478683 56.297825
38.478451 56.298615
38.478176 56.298992
38.477829 56.299294
38.476959 56.299763
38.474377 56.300640
38.468063 56.302345
38.464607 56.303493
38.457733 56.305466
38.454201 56.306839
38.453419 56.307407
38.452957 56.308132
38.452816 56.309292
38.453167 56.310448
38.454338 56.312199
38.456448 56.316254
38.457283 56.318317
38.458519 56.320755
38.459347 56.322823
38.460583 56.325256
38.461407 56.327324
38.463398 56.331387
38.464798 56.333561
38.466816 56.337624
38.467686 56.339680
38.468937 56.342117
38.469204 56.342964
38.469330 56.344265
38.469242 56.345135
38.468956 56.345985
38.468704 56.346397
38.467949 56.347168
38.466988 56.347862
38.465351 56.348843
38.454876 56.354481
38.453655 56.355465
38.453384 56.355907
38.453331 56.356575
38.453842 56.357204
38.454735 56.357662
38.455887 56.357956
38.458920 56.358433
38.462204 56.358814
38.468472 56.359100
38.473671 56.359779
38.478680 56.360188
38.483845 56.360825
38.489880 56.361168
38.491295 56.361435
38.492374 56.361874
38.493183 56.362469
38.493652 56.363213
38.493813 56.363991
38.493679 56.365170
38.490234 56.372486
38.489506 56.374565
38.487846 56.378159
38.487297 56.378902
38.486488 56.379486
38.485424 56.379929
38.484123 56.380207
38.479992 56.380596
38.474873 56.381245
38.468502 56.381596
38.462715 56.382362
38.457088 56.382721
38.455734 56.382885
38.452564 56.383453
38.446255 56.383881
38.440624 56.384621
38.440914 56.386589
38.432316 56.398304
38.433964 56.400120
38.438957 56.406658
38.444210 56.412476
38.449245 56.419006
38.452484 56.422550
38.453362 56.424217
38.453369 56.425243
38.452744 56.426586
38.450249 56.429871
38.447689 56.433868
38.446110 56.435844
38.443478 56.440220
38.442345 56.441864
38.440811 56.443340
38.439972 56.443848
38.439434 56.444057
38.438786 56.444229
38.437397 56.444424
38.435192 56.444515
38.432926 56.444473
38.430676 56.444324
38.425518 56.443588
38.424049 56.443451
38.416485 56.443146
38.410595 56.442394
38.402294 56.442036
38.397125 56.441322
38.394413 56.441097
38.390511 56.440983
38.387478 56.441021
38.385368 56.441288
38.384216 56.441719
38.383797 56.442005
38.383232 56.442726
38.382999 56.443504
38.382919 56.444736
38.383076 56.447746
38.383362 56.449886
38.383797 56.451103
38.384853 56.452900
38.385269 56.455063
38.385487 56.463116
38.385277 56.464355
38.384869 56.465111
38.384518 56.465446
38.383286 56.466087
38.381187 56.466835
38.370800 56.469620
38.367371 56.470619
38.363953 56.471790
38.359936 56.472958
38.355019 56.474289
38.346718 56.481060
38.348572 56.481915
38.351677 56.483189
38.358566 56.486774
38.361603 56.488071
38.364971 56.489738
38.367832 56.490948
38.372494 56.493328
38.374050 56.494045
38.375931 56.494778
38.379898 56.496807
38.380867 56.497486
38.381924 56.498550
38.382126 56.499184
38.381821 56.499817
38.381271 56.500191
38.380241 56.500546
38.379028 56.500721
38.377743 56.500767
38.375748 56.500687
38.374420 56.500549
38.371284 56.499920
38.369892 56.499737
38.366959 56.499584
38.343544 56.499550
38.340626 56.499645
38.338650 56.499908
38.336613 56.500458
38.334793 56.501408
38.332672 56.502968
38.330723 56.504192
38.325043 56.507332
38.320984 56.515545
38.323513 56.518253
38.328476 56.524780
38.329784 56.526009
38.330803 56.526779
38.335213 56.528725
38.340805 56.530930
38.343899 56.532272
38.345810 56.532990
38.347019 56.533562
38.352146 56.535614
38.355480 56.536766
38.359768 56.538738
38.363640 56.540134
38.367928 56.542107
38.371258 56.543255
38.376389 56.545307
38.377598 56.545879
38.384518 56.548660
38.385731 56.549232
38.392666 56.552013
38.393879 56.552589
38.404514 56.556831
38.406467 56.557869
38.407684 56.558788
38.408237 56.559505
38.408592 56.560673
38.408615 56.561859
38.408390 56.563030
38.407074 56.565849
38.406830 56.566669
38.406670 56.567947
38.406590 56.571842
38.406399 56.573112
38.404526 56.577644
38.404114 56.578293
38.403297 56.579159
38.402538 56.579632
38.401630 56.580006
38.400059 56.580578
38.397316 56.581406
38.393948 56.582706
38.387684 56.584564
38.383213 56.586254
38.376900 56.588062
38.375286 56.588764
38.373901 56.589588
38.373188 56.590214
38.372795 56.590900
38.372890 56.591942
38.373650 56.593235
38.376968 56.596748
38.378910 56.599346
38.380081 56.600662
38.382004 56.603275
38.387409 56.609028
38.388424 56.610691
38.388569 56.611732
38.388374 56.612423
38.387867 56.613098
38.387070 56.613689
38.386097 56.614193
38.383415 56.615108
38.380074 56.616398
38.377258 56.617294
38.374924 56.618210
38.384651 56.635567
38.377888 56.652153
38.350632 56.674309
38.350697 56.676888
38.350937 56.678154
38.351078 56.678436
38.372471 56.674522
38.432846 56.688965
38.542747 56.632751
38.556629 56.558624
38.621826 56.547218
38.679585 56.584122
38.749477 56.578434
38.782562 56.607082
38.863407 56.599892
38.904503 56.573582
38.945114 56.548733
39.089264 56.549908
39.140747 56.585777
39.197720 56.571625
39.203312 56.554409
39.254608 56.549767
39.277592 56.529812
39.348095 56.543270
39.333286 56.575611
39.371304 56.581913
39.399364 56.631702
39.366352 56.633217
39.356884 56.687752
39.390877 56.703453
39.395023 56.736530
39.438263 56.760612
39.494038 56.755962
39.546124 56.789867
39.635307 56.807865
39.706993 56.807365
39.821350 56.780266
39.885384 56.765003
