39.038677 58.948032
39.100460 58.925182
39.154640 58.954811
39.237045 58.921543
39.317017 58.926857
39.528080 58.872055
39.604553 58.875404
39.661015 58.889439
39.698559 58.868050
39.691624 58.846130
39.727108 58.815079
39.840660 58.829964
39.865074 58.811012
39.846680 58.793255
39.882378 58.768379
39.931519 58.760929
40.073498 58.676601
40.137421 58.662666
40.149422 58.632614
40.088894 58.624153
40.119171 58.589420
40.184505 58.585312
40.203934 58.558590
40.322365 58.527706
40.358173 58.553455
40.462616 58.520744
40.519527 58.559891
40.564053 58.538387
40.610813 58.557297
40.788597 58.558083
40.840469 58.547203
40.839779 58.513794
40.866562 58.528053
40.975082 58.526821
41.037895 58.514538
41.086781 58.498299
41.095032 58.460575
41.113781 58.417126
41.155331 58.382973
41.217621 58.347557
41.144989 58.297543
41.043896 58.280331
40.999729 58.251709
41.001644 58.230568
40.950172 58.198174
40.880150 58.177605
40.921181 58.123043
40.853615 58.091854
40.759953 58.061565
40.762283 58.034779
40.787483 57.997482
40.771320 57.953133
40.703396 57.923641
40.620869 57.892883
40.639511 57.853359
40.698654 57.792171
40.627666 57.736042
40.610256 57.698776
40.639645 57.664371
40.694160 57.616974
40.664616 57.587139
40.593460 57.607536
40.569012 57.576981
40.523590 57.599831
40.534767 57.551903
40.454807 57.540661
40.475163 57.497238
40.414948 57.478539
40.446587 57.398762
40.405834 57.396252
40.445919 57.362370
40.432240 57.329166
40.488235 57.300472
40.499481 57.283325
40.418331 57.258125
40.369377 57.272430
40.315628 57.256184
40.237541 57.277664
40.207680 57.271507
40.175247 57.270493
40.194756 57.259583
40.240486 57.253521
40.276714 57.237362
40.252838 57.214977
40.225433 57.223320
40.207527 57.212563
40.217934 57.193108
40.208729 57.181454
40.158848 57.176933
40.134617 57.185707
40.120476 57.198547
40.088612 57.213688
40.045883 57.204266
39.999695 57.185329
39.969963 57.160397
39.913738 57.158398
39.883640 57.121384
39.818645 57.088993
39.793224 57.102745
39.647644 57.055309
39.653278 57.025276
39.598164 57.026016
39.538704 56.991821
39.618237 56.947357
39.609383 56.931068
39.556705 56.932243
39.531879 56.900372
39.490128 56.904610
39.466351 56.888741
39.499447 56.867687
39.466213 56.836773
39.413673 56.837284
39.438263 56.760612
39.395023 56.736530
39.390877 56.703453
39.356884 56.687752
39.366352 56.633217
39.399364 56.631702
39.371304 56.581913
39.333286 56.575611
39.348095 56.543270
39.277592 56.529812
39.254608 56.549767
39.203312 56.554409
39.197720 56.571625
39.140747 56.585777
39.089264 56.549908
38.945114 56.548733
38.904503 56.573582
38.863407 56.599892
38.782562 56.607082
38.749477 56.578434
38.679585 56.584122
38.621826 56.547218
38.556629 56.558624
38.542747 56.632751
38.432846 56.688965
38.390266 56.717312
38.352261 56.740940
38.353001 56.742287
38.353046 56.743511
38.352501 56.744564
38.351978 56.745132
38.351254 56.745625
38.345947 56.748119
38.339657 56.750710
38.335197 56.752838
38.328964 56.755447
38.328785 56.755531
38.322556 56.759403
38.272133 56.802479
38.235283 56.794876
38.224415 56.798836
38.224743 56.847347
38.205444 56.857338
38.196880 56.861774
38.186569 56.867111
38.191078 56.871658
38.239773 56.920776
38.236969 56.939781
38.151123 56.963333
38.185951 56.974876
38.244884 56.977734
38.288780 56.987427
38.326649 57.017384
38.309940 57.052673
38.266647 57.088734
38.309704 57.098381
38.313854 57.126232
38.253407 57.136921
38.258392 57.159969
38.223431 57.173386
38.226089 57.230446
38.300659 57.222748
38.374878 57.279991
38.334629 57.360882
38.254848 57.360725
38.225636 57.327618
38.144421 57.314133
38.072655 57.326378
38.000961 57.363064
37.944626 57.398548
37.893604 57.434952
37.901337 57.469383
37.872665 57.499538
37.868690 57.532520
37.884319 57.549614
37.870579 57.578579
37.834110 57.598793
37.800842 57.617245
37.741264 57.632317
37.730644 57.645298
37.698196 57.686798
37.681053 57.715248
37.604462 57.762081
37.554817 57.771793
37.473591 57.780693
37.436214 57.782986
37.409531 57.799393
37.421310 57.825062
37.488102 57.855999
37.428230 57.856960
37.425976 57.890362
37.568974 57.890732
37.508331 57.919811
37.374752 57.913399
37.384968 57.949764
37.414043 57.969017
37.473160 57.977985
37.543499 57.979378
37.574875 57.987450
37.576530 57.995148
37.585915 58.009491
37.601513 58.033340
37.614330 58.052944
37.703777 58.053898
37.729336 58.061069
37.708984 58.083099
37.628670 58.131657
37.600891 58.164921
37.568375 58.161266
37.529182 58.173050
37.475990 58.166965
37.444683 58.190842
37.437561 58.216644
37.361481 58.227158
37.472099 58.276592
37.491493 58.295944
37.427784 58.333836
37.493034 58.383499
37.549995 58.373997
37.590965 58.404877
37.644447 58.400261
37.666332 58.429390
37.653927 58.438816
37.656921 58.445179
37.657589 58.452057
37.655148 58.457378
37.650932 58.460930
37.648273 58.466473
37.639622 58.476013
37.626854 58.490074
37.635677 58.491879
37.648018 58.499023
37.653214 58.504005
37.662308 58.509415
37.663952 58.511242
37.679703 58.496185
37.705158 58.491898
37.705235 58.512424
37.724644 58.535892
37.704227 58.541389
37.698463 58.542984
37.711987 58.600941
37.715729 58.610035
37.717777 58.607693
37.745510 58.642822
37.910728 58.619583
37.898361 58.600109
37.949509 58.582390
37.984333 58.622402
37.967918 58.624641
37.956470 58.639759
37.986309 58.649021
38.013680 58.644848
38.037926 58.651283
38.020458 58.663822
37.972683 58.685993
37.957676 58.717693
37.968662 58.723801
38.002930 58.702297
38.018219 58.722179
38.024899 58.723721
38.037521 58.734447
38.046986 58.735081
38.281120 58.719299
38.433846 58.709202
38.465721 58.709202
38.465012 58.709782
38.537048 58.718891
38.580788 58.728561
38.587204 58.765320
38.629566 58.762432
38.665890 58.767361
38.712055 58.761112
38.706390 58.740730
38.757736 58.733891
38.833347 58.753693
38.918022 58.729641
38.973267 58.753765
38.954704 58.783630
38.982273 58.804615
39.013111 58.838764
39.021935 58.872013
39.005688 58.897446
38.966484 58.928101
39.017956 58.960159
39.038677 58.948032
