> dominican_rep. 0
        -70.825600         18.330399
        -70.829002         18.331930
        -70.818192         18.342272
        -70.816437         18.339325
        -70.825600         18.330399
> dominican_rep. 1
        -70.853767         18.321510
        -70.854790         18.324015
        -70.852509         18.329117
        -70.839119         18.332397
        -70.836662         18.330154
        -70.853767         18.321510
> dominican_rep. 2
        -71.470810         17.587397
        -71.465782         17.587526
        -71.464989         17.584791
        -71.465668         17.583397
        -71.468781         17.583317
        -71.472839         17.574490
        -71.490822         17.558643
        -71.507065         17.548811
        -71.517570         17.547850
        -71.525352         17.543745
        -71.538979         17.543159
        -71.547951         17.547056
        -71.550209         17.550442
        -71.549911         17.556877
        -71.547852         17.560144
        -71.547073         17.566364
        -71.546745         17.567146
        -71.539230         17.584934
        -71.538078         17.594835
        -71.525230         17.606192
        -71.524284         17.614939
        -71.520370         17.620550
        -71.516792         17.620874
        -71.511116         17.615051
        -71.506981         17.612864
        -71.498108         17.612404
        -71.495422         17.610638
        -71.489464         17.603445
        -71.484322         17.590952
        -71.479187         17.587410
        -71.470810         17.587397
> dominican_rep. 3
        -71.637146         17.470091
        -71.640297         17.471384
        -71.644753         17.476315
        -71.644356         17.479309
        -71.638924         17.481750
        -71.630043         17.480839
        -71.626335         17.476807
        -71.627708         17.474703
        -71.637146         17.470091
> dominican_rep. 4
        -69.182472         19.008574
        -69.184669         19.009924
        -69.185440         19.013128
        -69.179947         19.017790
        -69.177528         19.017361
        -69.176231         19.010946
        -69.177406         19.009096
        -69.182472         19.008574
> dominican_rep. 5
        -68.992615         18.342196
        -69.000076         18.342569
        -69.016029         18.348354
        -69.021393         18.353802
        -69.021423         18.356556
        -69.016678         18.361204
        -69.016602         18.373602
        -69.013786         18.379375
        -69.010429         18.380102
        -69.006561         18.378771
        -68.993103         18.361246
        -68.987869         18.347301
        -68.989037         18.344303
        -68.992615         18.342196
> dominican_rep. 6
        -68.770187         18.161861
        -68.777962         18.168898
        -68.781685         18.178961
        -68.779922         18.192984
        -68.777573         18.197140
        -68.773621         18.198622
        -68.772545         18.199028
        -68.767258         18.199081
        -68.761681         18.194548
        -68.751358         18.195341
        -68.745575         18.194021
        -68.737335         18.187906
        -68.720192         18.180960
        -68.705193         18.171696
        -68.698204         18.169928
        -68.688843         18.171167
        -68.684082         18.174658
        -68.677109         18.174725
        -68.669632         18.172043
        -68.662819         18.163843
        -68.656273         18.163515
        -68.655121         18.163458
        -68.645218         18.158503
        -68.600327         18.161907
        -68.593582         18.160133
        -68.574402         18.140566
        -68.567291         18.127087
        -68.566513         18.121584
        -68.567841         18.110552
        -68.573822         18.108202
        -68.578072         18.111423
        -68.583992         18.115915
        -68.605659         18.120995
        -68.614304         18.124331
        -68.614304         18.124331
        -68.618446         18.125927
        -68.640327         18.128244
        -68.647049         18.127493
        -68.670296         18.120583
        -68.670296         18.120583
        -68.690140         18.114679
        -68.703468         18.120173
        -68.717888         18.126116
        -68.730949         18.127024
        -68.730949         18.127024
        -68.732315         18.127119
        -68.745377         18.134792
        -68.750420         18.135201
        -68.761482         18.156439
        -68.765129         18.160534
        -68.770187         18.161861
> dominican_rep. 7
        -71.438347         19.883928
        -71.436783         19.882479
        -71.424286         19.878887
        -71.401665         19.869347
        -71.396187         19.864429
        -71.396187         19.864429
        -71.383141         19.865021
        -71.369911         19.854517
        -71.353104         19.852636
        -71.345711         19.848913
        -71.325745         19.847107
        -71.321075         19.845222
        -71.319847         19.844725
        -71.315224         19.844379
        -71.308525         19.847990
        -71.302963         19.848814
        -71.294121         19.845354
        -71.285866         19.845556
        -71.279945         19.833296
        -71.271103         19.831917
        -71.265259         19.829287
        -71.248047         19.830393
        -71.244858         19.829090
        -71.228203         19.832937
        -71.215004         19.838766
        -71.211731         19.842205
        -71.211731         19.842205
        -71.210754         19.843233
        -71.209465         19.850611
        -71.206551         19.867224
        -71.201469         19.868034
        -71.182869         19.853775
        -71.174622         19.854429
        -71.171585         19.849909
        -71.175247         19.841551
        -71.181282         19.840031
        -71.179016         19.837097
        -71.171974         19.837265
        -71.167305         19.844038
        -71.162460         19.844610
        -71.161430         19.851526
        -71.159775         19.853174
        -71.144424         19.851469
        -71.142792         19.853804
        -71.144279         19.855146
        -71.146599         19.855225
        -71.152306         19.855417
        -71.161613         19.858183
        -71.170013         19.854540
        -71.171562         19.857948
        -71.164444         19.864319
        -71.148277         19.859188
        -71.132179         19.856810
        -71.126877         19.858313
        -71.124565         19.862501
        -71.116867         19.865438
        -71.099396         19.866076
        -71.079636         19.881235
        -71.077110         19.887035
        -71.079529         19.895708
        -71.076530         19.901979
        -71.068878         19.906521
        -71.057243         19.916897
        -71.054466         19.918308
        -71.038300         19.926519
        -71.022835         19.929859
        -70.989754         19.928545
        -70.967133         19.918261
        -70.945930         19.906332
        -70.947571         19.903769
        -70.954063         19.901098
        -70.956871         19.896900
        -70.956406         19.896074
        -70.955597         19.894630
        -70.941628         19.899309
        -70.937325         19.892513
        -70.929054         19.892239
        -70.928375         19.894093
        -70.930664         19.898176
        -70.938843         19.904425
        -70.939156         19.907404
        -70.933266         19.914427
        -70.928169         19.914770
        -70.904625         19.906105
        -70.886627         19.905355
        -70.882195         19.902925
        -70.876839         19.902584
        -70.871559         19.905228
        -70.866219         19.904486
        -70.861565         19.903839
        -70.852661         19.907249
        -70.843460         19.908600
        -70.835335         19.904182
        -70.833374         19.893660
        -70.825424         19.886482
        -70.815865         19.883015
        -70.810173         19.879004
        -70.794731         19.863258
        -70.797821         19.860435
        -70.796547         19.858166
        -70.790443         19.856918
        -70.786644         19.850569
        -70.780190         19.844736
        -70.779396         19.841997
        -70.782455         19.837887
        -70.783394         19.836628
        -70.781120         19.833231
        -70.776497         19.832642
        -70.767891         19.838339
        -70.744118         19.839535
        -70.738213         19.836216
        -70.733917         19.829416
        -70.726738         19.823597
        -70.714722         19.817503
        -70.702591         19.808947
        -70.701080         19.806911
        -70.703697         19.804558
        -70.703644         19.802263
        -70.699730         19.800966
        -70.694702         19.804058
        -70.679962         19.797304
        -70.674576         19.794834
        -70.667892         19.789461
        -70.659546         19.785500
        -70.651108         19.777636
        -70.647171         19.775650
        -70.635963         19.773815
        -70.633110         19.766064
        -70.629921         19.764523
        -70.625778         19.763918
        -70.619141         19.770718
        -70.606056         19.761339
        -70.593849         19.758373
        -70.581978         19.759075
        -70.568977         19.765249
        -70.567329         19.766033
        -70.559105         19.767118
        -70.548424         19.756769
        -70.544769         19.756153
        -70.533661         19.758675
        -70.529732         19.756456
        -70.524132         19.755878
        -70.519142         19.760344
        -70.518639         19.770460
        -70.515350         19.775349
        -70.507973         19.781698
        -70.500053         19.785761
        -70.492088         19.787756
        -70.467514         19.785486
        -70.461739         19.787437
        -70.460800         19.787359
        -70.452736         19.786695
        -70.442902         19.781147
        -70.432007         19.771482
        -70.415283         19.761702
        -70.410240         19.753073
        -70.407074         19.752445
        -70.398376         19.754450
        -70.395912         19.752661
        -70.383972         19.739340
        -70.369362         19.714815
        -70.368523         19.709778
        -70.362503         19.700706
        -70.358047         19.696886
        -70.350456         19.693586
        -70.330231         19.678122
        -70.312416         19.662151
        -70.303314         19.656120
        -70.269859         19.645264
        -70.250168         19.643103
        -70.240753         19.645344
        -70.223251         19.643368
        -70.209007         19.634901
        -70.208168         19.634998
        -70.201988         19.635719
        -70.187492         19.631563
        -70.187492         19.631563
        -70.184669         19.630753
        -70.171921         19.624092
        -70.161499         19.624510
        -70.153465         19.622816
        -70.129707         19.623241
        -70.124657         19.625399
        -70.111595         19.627008
        -70.107048         19.629845
        -70.099304         19.630671
        -70.089668         19.634056
        -70.082275         19.640158
        -70.082275         19.640158
        -70.077209         19.653797
        -70.060799         19.670391
        -70.050941         19.674698
        -70.047607         19.677971
        -70.036201         19.677479
        -70.029449         19.679663
        -70.028038         19.681984
        -70.020782         19.682798
        -70.013680         19.679476
        -70.000595         19.680159
        -70.000000         19.680332
        -69.983948         19.685036
        -69.972641         19.684763
        -69.967201         19.684631
        -69.956177         19.679075
        -69.946915         19.676704
        -69.935867         19.669769
        -69.934280         19.662905
        -69.927338         19.654984
        -69.918381         19.656050
        -69.910767         19.650665
        -69.902473         19.648506
        -69.898293         19.645359
        -69.891464         19.630543
        -69.884033         19.621939
        -69.883354         19.611614
        -69.883461         19.609644
        -69.883888         19.601500
        -69.895317         19.577196
        -69.893501         19.571026
        -69.894127         19.565733
        -69.900452         19.553684
        -69.901176         19.540812
        -69.897873         19.532827
        -69.886765         19.521986
        -69.877014         19.518932
        -69.871361         19.514660
        -69.868111         19.509432
        -69.870071         19.502556
        -69.871521         19.497433
        -69.875504         19.489788
        -69.884201         19.488728
        -69.886803         19.485239
        -69.886490         19.481340
        -69.877808         19.483549
        -69.874199         19.477854
        -69.874825         19.453512
        -69.870125         19.435215
        -69.847610         19.396540
        -69.843437         19.380529
        -69.832664         19.364285
        -69.831985         19.363260
        -69.814781         19.349070
        -69.811234         19.340399
        -69.805321         19.334982
        -69.798546         19.321539
        -69.778824         19.301643
        -69.765854         19.293581
        -69.759293         19.292307
        -69.748497         19.283979
        -69.740982         19.283178
        -69.739494         19.280905
        -69.737091         19.282091
        -69.723213         19.277025
        -69.715462         19.276686
        -69.687752         19.283085
        -69.679268         19.282295
        -69.673485         19.283993
        -69.662491         19.291739
        -69.655754         19.294138
        -69.645340         19.293377
        -69.637390         19.295334
        -69.632278         19.293802
        -69.612587         19.294779
        -69.605682         19.295120
        -69.589531         19.298805
        -69.582077         19.301670
        -69.577797         19.306097
        -69.573822         19.314653
        -69.564377         19.314102
        -69.562225         19.315514
        -69.561096         19.320810
        -69.552475         19.325991
        -69.545212         19.325867
        -69.538620         19.322517
        -69.533554         19.323738
        -69.529022         19.327478
        -69.524612         19.324556
        -69.520027         19.325083
        -69.514992         19.327909
        -69.499657         19.325613
        -69.492546         19.324547
        -69.492546         19.324547
        -69.491211         19.324347
        -69.488503         19.321400
        -69.473038         19.322767
        -69.458817         19.326641
        -69.450516         19.321936
        -69.445908         19.321541
        -69.442474         19.324060
        -69.442474         19.324060
        -69.438217         19.324863
        -69.433571         19.321941
        -69.427399         19.314220
        -69.424500         19.314720
        -69.418716         19.316177
        -69.416611         19.320570
        -69.411537         19.321558
        -69.405197         19.318430
        -69.397102         19.311422
        -69.388367         19.309706
        -69.380150         19.310736
        -69.368378         19.300560
        -69.358017         19.303457
        -69.352928         19.303066
        -69.348915         19.293703
        -69.341347         19.289442
        -69.335541         19.289520
        -69.331802         19.282221
        -69.325783         19.284138
        -69.322945         19.288769
        -69.321930         19.301414
        -69.320076         19.306950
        -69.319504         19.307333
        -69.288445         19.328035
        -69.273964         19.330521
        -69.266510         19.334063
        -69.263237         19.341684
        -69.258690         19.345188
        -69.254837         19.346386
        -69.249947         19.343462
        -69.247063         19.344877
        -69.238335         19.360147
        -69.234230         19.361118
        -69.229393         19.361410
        -69.223526         19.357580
        -69.218727         19.360397
        -69.215324         19.359291
        -69.214996         19.358656
        -69.213577         19.355869
        -69.214226         19.350578
        -69.219421         19.341328
        -69.230614         19.329012
        -69.236969         19.316530
        -69.245293         19.306778
        -69.250481         19.297297
        -69.249947         19.293858
        -69.245995         19.288168
        -69.243301         19.286366
        -69.226334         19.284285
        -69.220306         19.285740
        -69.209282         19.292999
        -69.202995         19.293537
        -69.193756         19.290438
        -69.183136         19.292408
        -69.175270         19.300316
        -69.170219         19.302904
        -69.162964         19.303223
        -69.158340         19.301214
        -69.151093         19.302221
        -69.148804         19.294212
        -69.149887         19.285471
        -69.155266         19.271856
        -69.161201         19.263975
        -69.182503         19.247635
        -69.186523         19.245983
        -69.188271         19.245266
        -69.201416         19.234306
        -69.213364         19.207058
        -69.212563         19.202246
        -69.213715         19.197866
        -69.219841         19.186766
        -69.226509         19.179790
        -69.234230         19.178545
        -69.251419         19.180161
        -69.260658         19.183716
        -69.272537         19.185400
        -69.274757         19.186327
        -69.283730         19.190077
        -69.294350         19.189018
        -69.301933         19.194889
        -69.305092         19.195766
        -69.313286         19.193821
        -69.324982         19.199408
        -69.332954         19.199072
        -69.336960         19.192358
        -69.342247         19.190220
        -69.368172         19.193316
        -69.397995         19.191265
        -69.401512         19.191023
        -69.407684         19.183819
        -69.410591         19.184238
        -69.416763         19.191961
        -69.435394         19.192850
        -69.446625         19.199583
        -69.474548         19.206310
        -69.493164         19.206274
        -69.509468         19.212242
        -69.519135         19.211643
        -69.529282         19.210808
        -69.539726         19.213873
        -69.546989         19.214226
        -69.560989         19.212414
        -69.573158         19.216829
        -69.595222         19.220406
        -69.604248         19.224636
        -69.611282         19.225679
        -69.622620         19.223902
        -69.625488         19.222252
        -69.628555         19.217382
        -69.629028         19.202908
        -69.629028         19.202908
        -69.631477         19.190468
        -69.626213         19.179523
        -69.624878         19.172195
        -69.630264         19.162010
        -69.635796         19.117603
        -69.637184         19.114138
        -69.648468         19.109602
        -69.648468         19.109602
        -69.638588         19.097351
        -69.632065         19.093559
        -69.631264         19.093098
        -69.619728         19.082478
        -69.603577         19.085014
        -69.592934         19.084484
        -69.568405         19.091507
        -69.561409         19.092299
        -69.555298         19.088484
        -69.541824         19.092125
        -69.536743         19.091511
        -69.531105         19.086538
        -69.525047         19.085709
        -69.522148         19.085979
        -69.515732         19.092274
        -69.511925         19.092508
        -69.510902         19.092571
        -69.504089         19.089684
        -69.498039         19.089312
        -69.493629         19.085470
        -69.488289         19.084169
        -69.484818         19.078936
        -69.461678         19.082479
        -69.453827         19.075010
        -69.448212         19.071646
        -69.445793         19.071392
        -69.445793         19.071392
        -69.444344         19.071239
        -69.437584         19.086950
        -69.438683         19.095203
        -69.446159         19.094410
        -69.451447         19.092268
        -69.462318         19.092344
        -69.466408         19.090910
        -69.473892         19.090574
        -69.476105         19.092838
        -69.471336         19.097040
        -69.452827         19.103271
        -69.445107         19.104300
        -69.424995         19.100904
        -69.408577         19.102051
        -69.400276         19.096884
        -69.396042         19.088673
        -69.396042         19.088673
        -69.389519         19.088762
        -69.382469         19.086103
        -69.380493         19.083374
        -69.386162         19.075029
        -69.382889         19.066578
        -69.374763         19.056814
        -69.370140         19.054579
        -69.348610         19.053034
        -69.339073         19.045353
        -69.334946         19.043800
        -69.330116         19.044325
        -69.312340         19.050991
        -69.306046         19.050156
        -69.298157         19.039467
        -69.292549         19.036325
        -69.281639         19.033712
        -69.278114         19.030697
        -69.261826         19.016748
        -69.256264         19.016361
        -69.243301         19.022039
        -69.225250         19.026632
        -69.222580         19.025978
        -69.205467         19.011957
        -69.205467         19.011957
        -69.202271         19.008095
        -69.193848         19.009808
        -69.185814         19.005775
        -69.180733         19.004816
        -69.177826         19.004267
        -69.157623         19.010489
        -69.149857         19.008059
        -69.143280         19.003777
        -69.138687         19.003603
        -69.136086         19.007540
        -69.136894         19.013500
        -69.134964         19.030977
        -69.140099         19.035736
        -69.149483         19.033094
        -69.153656         19.037636
        -69.151779         19.041794
        -69.139717         19.042631
        -69.130478         19.038380
        -69.126297         19.033379
        -69.125816         19.032486
        -69.116135         19.014442
        -69.105659         19.008369
        -69.096985         19.010080
        -69.091263         18.997749
        -69.083511         18.995775
        -69.080162         18.993063
        -69.080162         18.993063
        -69.073738         18.987854
        -69.067909         18.985397
        -69.057274         18.984375
        -69.046417         18.985651
        -69.025406         18.985437
        -69.019409         18.987324
        -69.010254         18.990206
        -69.005463         18.993246
        -69.002388         18.998104
        -69.002693         19.002693
        -69.010017         19.008808
        -69.011269         19.012009
        -69.007942         19.016411
        -68.982086         19.015558
        -68.977287         19.017910
        -68.972588         19.028526
        -68.967072         19.031343
        -68.962723         19.031164
        -68.955414         19.026424
        -68.951302         19.026011
        -68.944107         19.030224
        -68.935898         19.030775
        -68.932129         19.029745
        -68.918930         19.026140
        -68.880737         19.004282
        -68.869263         18.994301
        -68.865860         18.992960
        -68.858620         18.993267
        -68.843697         18.997330
        -68.839088         18.995541
        -68.817413         18.980843
        -68.816521         18.980896
        -68.799072         18.981951
        -68.784515         18.975901
        -68.771935         18.973963
        -68.762039         18.964582
        -68.762039         18.964582
        -68.758995         18.961695
        -68.751022         18.961315
        -68.739861         18.956835
        -68.713829         18.939182
        -68.710648         18.935310
        -68.702614         18.929876
        -68.701340         18.929647
        -68.696571         18.928787
        -68.693398         18.926064
        -68.684326         18.913063
        -68.680702         18.910961
        -68.680702         18.910961
        -68.676552         18.908545
        -68.650002         18.886755
        -68.631645         18.863277
        -68.608971         18.841444
        -68.602623         18.834154
        -68.595345         18.830778
        -68.588760         18.823719
        -68.577087         18.815331
        -68.549049         18.786421
        -68.549049         18.786421
        -68.547363         18.786436
        -68.534966         18.777361
        -68.531593         18.777620
        -68.526329         18.781342
        -68.522697         18.779995
        -68.507294         18.759005
        -68.495651         18.752905
        -68.488098         18.744474
        -68.469238         18.739355
        -68.462967         18.739178
        -68.456604         18.729359
        -68.448387         18.721523
        -68.444435         18.717749
        -68.439606         18.716640
        -68.436691         18.714369
        -68.432503         18.704990
        -68.414322         18.694576
        -68.405739         18.679033
        -68.389931         18.664005
        -68.384865         18.662899
        -68.381271         18.665684
        -68.375977         18.666414
        -68.370903         18.665306
        -68.360245         18.658960
        -68.350929         18.650915
        -68.344536         18.645390
        -68.344536         18.645390
        -68.341537         18.642805
        -68.324265         18.624109
        -68.320000         18.604855
        -68.329132         18.575167
        -68.338440         18.565451
        -68.348160         18.548155
        -68.351952         18.543495
        -68.361496         18.531750
        -68.364975         18.516569
        -68.377365         18.502235
        -68.382385         18.498522
        -68.388634         18.497093
        -68.392097         18.481453
        -68.403938         18.460464
        -68.425011         18.445110
        -68.425934         18.444443
        -68.439949         18.425730
        -68.445282         18.404333
        -68.443642         18.384142
        -68.446411         18.371950
        -68.457756         18.350275
        -68.463226         18.344030
        -68.468018         18.342611
        -68.472359         18.343264
        -68.478020         18.340435
        -68.482170         18.338358
        -68.513512         18.345892
        -68.536201         18.353270
        -68.544617         18.352964
        -68.552383         18.359783
        -68.576561         18.371502
        -68.592064         18.381462
        -68.598526         18.382284
        -68.600021         18.383686
        -68.613556         18.366800
        -68.610077         18.356272
        -68.597847         18.336639
        -68.597809         18.333426
        -68.604378         18.317524
        -68.618355         18.302008
        -68.624817         18.294834
        -68.629311         18.287905
        -68.638634         18.238457
        -68.635307         18.219662
        -68.637871         18.212521
        -68.640182         18.212399
        -68.640182         18.212399
        -68.643158         18.212242
        -68.650177         18.216766
        -68.662407         18.214354
        -68.669426         18.214766
        -68.672508         18.214945
        -68.685684         18.210915
        -68.700096         18.210545
        -68.716232         18.213598
        -68.719109         18.212881
        -68.729599         18.205200
        -68.734650         18.205610
        -68.733513         18.211361
        -68.727791         18.215092
        -68.725662         18.218327
        -68.727135         18.221296
        -68.731483         18.223089
        -68.743744         18.222967
        -68.745384         18.219276
        -68.744843         18.214231
        -68.740952         18.210598
        -68.747856         18.204559
        -68.749542         18.205231
        -68.751076         18.212791
        -68.749748         18.222675
        -68.750542         18.225527
        -68.750542         18.225527
        -68.752502         18.232521
        -68.773567         18.266054
        -68.781494         18.286177
        -68.789589         18.299639
        -68.802773         18.317419
        -68.809868         18.326979
        -68.818466         18.341812
        -68.839638         18.362251
        -68.845589         18.377113
        -68.849480         18.380514
        -68.871994         18.391983
        -68.895195         18.399996
        -68.911057         18.398445
        -68.914192         18.399328
        -68.915466         18.404825
        -68.923897         18.405651
        -68.931648         18.409927
        -68.943924         18.409790
        -68.952911         18.416576
        -68.956306         18.416441
        -68.960846         18.416258
        -68.964676         18.414377
        -68.970848         18.407650
        -68.977066         18.404594
        -69.013344         18.400732
        -69.040207         18.393991
        -69.068115         18.393661
        -69.082825         18.396011
        -69.093903         18.396795
        -69.103561         18.399435
        -69.117851         18.406149
        -69.134247         18.408474
        -69.146996         18.408087
        -69.167801         18.416094
        -69.175827         18.421734
        -69.184036         18.423927
        -69.193550         18.432533
        -69.195045         18.443766
        -69.195168         18.444681
        -69.201286         18.451721
        -69.208755         18.452545
        -69.239471         18.445723
        -69.269051         18.444422
        -69.286766         18.437990
        -69.297356         18.437620
        -69.300781         18.441250
        -69.308243         18.441380
        -69.311409         18.444094
        -69.307152         18.449202
        -69.314011         18.456686
        -69.318222         18.464897
        -69.325554         18.471916
        -69.326454         18.468002
        -69.321320         18.462790
        -69.317368         18.455954
        -69.313881         18.448423
        -69.319046         18.439629
        -69.318741         18.435499
        -69.321571         18.431330
        -69.328743         18.428249
        -69.336792         18.426882
        -69.341942         18.426004
        -69.371574         18.427898
        -69.386536         18.430220
        -69.405540         18.429958
        -69.440598         18.424419
        -69.448959         18.420858
        -69.467262         18.417986
        -69.494499         18.409418
        -69.522858         18.406713
        -69.533684         18.406557
        -69.549194         18.413218
        -69.566040         18.427896
        -69.571503         18.437918
        -69.580246         18.442841
        -69.582497         18.443895
        -69.589714         18.447292
        -69.600586         18.449884
        -69.609245         18.449755
        -69.622208         18.447264
        -69.629311         18.440498
        -69.628716         18.433619
        -69.621948         18.418108
        -69.621628         18.413061
        -69.627487         18.403788
        -69.635666         18.403664
        -69.657898         18.409067
        -69.665260         18.413208
        -69.666641         18.413984
        -69.677628         18.423000
        -69.680664         18.431679
        -69.680382         18.442934
        -69.681648         18.446817
        -69.691177         18.454708
        -69.701775         18.455233
        -69.744797         18.464893
        -69.767975         18.465176
        -69.769356         18.465193
        -69.782890         18.467962
        -69.802574         18.465120
        -69.834671         18.469194
        -69.875298         18.466002
        -69.879509         18.485451
        -69.882195         18.487244
        -69.885262         18.484207
        -69.880287         18.475334
        -69.883064         18.469547
        -69.905022         18.462440
        -69.906998         18.461803
        -69.916031         18.455681
        -69.928543         18.442842
        -69.954521         18.429316
        -69.972984         18.425327
        -70.000000         18.424473
        -70.004730         18.424324
        -70.014252         18.418648
        -70.016098         18.427341
        -70.019463         18.427053
        -70.021111         18.425188
        -70.020760         18.419455
        -70.028770         18.397961
        -70.048920         18.370514
        -70.056900         18.360041
        -70.065796         18.347715
        -70.077057         18.320881
        -70.082413         18.312061
        -70.087288         18.309361
        -70.099541         18.302572
        -70.106361         18.295103
        -70.113991         18.279583
        -70.125145         18.272264
        -70.133347         18.261555
        -70.145119         18.237463
        -70.150543         18.232084
        -70.156052         18.231066
        -70.160210         18.234665
        -70.175568         18.233467
        -70.186111         18.231667
        -70.192375         18.232241
        -70.204735         18.237295
        -70.210976         18.236721
        -70.224487         18.227516
        -70.232353         18.224155
        -70.237160         18.224068
        -70.257118         18.235865
        -70.272369         18.241089
        -70.285347         18.240845
        -70.296921         18.235643
        -70.298683         18.234852
        -70.316368         18.229694
        -70.333878         18.227982
        -70.346931         18.231405
        -70.362808         18.232018
        -70.368149         18.234211
        -70.374458         18.236845
        -70.384338         18.238031
        -70.398254         18.236841
        -70.411591         18.231070
        -70.422142         18.229715
        -70.429756         18.226120
        -70.437538         18.219309
        -70.448235         18.214045
        -70.490089         18.198275
        -70.501633         18.193922
        -70.507393         18.193577
        -70.516258         18.203041
        -70.522835         18.206812
        -70.535088         18.206793
        -70.553261         18.202520
        -70.560722         18.203056
        -70.566429         18.210747
        -70.561485         18.215441
        -70.556862         18.223572
        -70.550964         18.228285
        -70.545937         18.229305
        -70.543991         18.228197
        -70.543442         18.225224
        -70.547371         18.218254
        -70.546669         18.216991
        -70.544609         18.213259
        -70.538849         18.213375
        -70.534103         18.216228
        -70.517502         18.215645
        -70.511307         18.218067
        -70.508286         18.222719
        -70.512474         18.227228
        -70.521477         18.232098
        -70.531075         18.231215
        -70.535477         18.234339
        -70.552750         18.253965
        -70.557381         18.256855
        -70.572350         18.259535
        -70.575775         18.261990
        -70.577774         18.264940
        -70.586227         18.277390
        -70.589027         18.283991
        -70.587753         18.291365
        -70.578590         18.311531
        -70.571182         18.313520
        -70.568413         18.318628
        -70.574455         18.341009
        -70.574593         18.346975
        -70.568443         18.362028
        -70.576538         18.389648
        -70.576775         18.392311
        -70.577507         18.400421
        -70.581535         18.408375
        -70.599380         18.420179
        -70.624741         18.424017
        -70.641975         18.430317
        -70.653526         18.430077
        -70.660820         18.433138
        -70.675247         18.432606
        -70.684799         18.429419
        -70.685921         18.425949
        -70.685722         18.425203
        -70.685127         18.422981
        -70.687485         18.420635
        -70.697006         18.416300
        -70.703476         18.415014
        -70.704880         18.413378
        -70.701675         18.399897
        -70.702614         18.378750
        -70.719368         18.364845
        -70.723564         18.359243
        -70.745422         18.347525
        -70.751671         18.347389
        -70.756538         18.349581
        -70.783447         18.348082
        -70.785904         18.348763
        -70.788048         18.349360
        -70.791992         18.353176
        -70.793953         18.354513
        -70.803688         18.359352
        -70.808174         18.345705
        -70.813889         18.343285
        -70.817009         18.343216
        -70.823364         18.347210
        -70.825821         18.339579
        -70.829636         18.337887
        -70.831367         18.339916
        -70.829277         18.343176
        -70.831291         18.346577
        -70.835449         18.349470
        -70.840965         18.348661
        -70.853485         18.339199
        -70.865013         18.318966
        -70.864166         18.314161
        -70.871918         18.306412
        -70.885651         18.287966
        -70.889091         18.284704
        -70.903038         18.271502
        -70.917191         18.260622
        -70.926003         18.257208
        -70.941109         18.255489
        -70.954712         18.251509
        -70.957870         18.252584
        -70.969452         18.263803
        -70.971916         18.275457
        -70.978180         18.285419
        -70.985939         18.292849
        -70.987549         18.294392
        -70.991066         18.300510
        -70.994743         18.303183
        -71.002693         18.303459
        -71.016327         18.310034
        -71.024551         18.311682
        -71.037445         18.317354
        -71.052574         18.316315
        -71.062065         18.311501
        -71.095421         18.280869
        -71.100914         18.269945
        -71.102638         18.262327
        -71.100685         18.252039
        -71.096146         18.244108
        -71.090759         18.240332
        -71.089813         18.231857
        -71.080490         18.224497
        -71.078674         18.219488
        -71.084885         18.208780
        -71.083069         18.203541
        -71.079834         18.199482
        -71.070641         18.192812
        -71.061874         18.174183
        -71.061394         18.173561
        -71.050934         18.159971
        -71.050323         18.154934
        -71.052116         18.150070
        -71.056564         18.145603
        -71.065544         18.111870
        -71.070541         18.100731
        -71.082947         18.079086
        -71.085777         18.076952
        -71.090981         18.064661
        -71.100967         18.060982
        -71.107498         18.053480
        -71.109314         18.049534
        -71.109161         18.043568
        -71.131645         18.021910
        -71.133209         18.008326
        -71.141930         18.002150
        -71.146729         17.993080
        -71.155487         17.988279
        -71.162933         17.979605
        -71.169304         17.966366
        -71.191689         17.932764
        -71.197243         17.925611
        -71.200043         17.922001
        -71.207817         17.916761
        -71.218422         17.900661
        -71.223114         17.896416
        -71.231613         17.891388
        -71.244011         17.879604
        -71.249779         17.880154
        -71.253906         17.872934
        -71.265793         17.860245
        -71.271393         17.845642
        -71.271393         17.845642
        -71.275520         17.847378
        -71.277573         17.852379
        -71.281181         17.852749
        -71.282204         17.851465
        -71.283966         17.849237
        -71.284943         17.832453
        -71.286484         17.828800
        -71.286484         17.828800
        -71.287872         17.825493
        -71.292366         17.823086
        -71.300774         17.823566
        -71.306915         17.820200
        -71.312981         17.814081
        -71.343079         17.757540
        -71.343933         17.753845
        -71.342659         17.750389
        -71.345802         17.743467
        -71.349579         17.724087
        -71.364548         17.693407
        -71.363419         17.687237
        -71.365150         17.680536
        -71.368919         17.678144
        -71.372498         17.669102
        -71.381393         17.661531
        -71.387711         17.647596
        -71.394936         17.638617
        -71.395813         17.637520
        -71.399017         17.623436
        -71.403603         17.616203
        -71.411713         17.615078
        -71.418648         17.605949
        -71.421776         17.606558
        -71.429855         17.621275
        -71.438667         17.627937
        -71.445312         17.642691
        -71.458275         17.652229
        -71.470535         17.669176
        -71.470993         17.669811
        -71.476112         17.681387
        -71.479897         17.696442
        -71.490768         17.716366
        -71.498932         17.725338
        -71.502548         17.734428
        -71.510178         17.741348
        -71.524818         17.750381
        -71.529289         17.755547
        -71.548706         17.762402
        -71.552292         17.763670
        -71.580933         17.767509
        -71.625374         17.762201
        -71.642685         17.755772
        -71.653648         17.753641
        -71.659271         17.757164
        -71.669174         17.759884
        -71.675560         17.763617
        -71.683815         17.768444
        -71.684593         17.770489
        -71.670540         17.773394
        -71.659538         17.782642
        -71.649963         17.807467
        -71.633926         17.808353
        -71.629570         17.815128
        -71.625183         17.829250
        -71.625916         17.837727
        -71.630547         17.848396
        -71.632294         17.850121
        -71.638947         17.856668
        -71.653069         17.888208
        -71.666718         17.895420
        -71.671944         17.901709
        -71.668976         17.906610
        -71.660652         17.909359
        -71.657623         17.912195
        -71.653107         17.921961
        -71.651741         17.932560
        -71.660400         17.949320
        -71.660690         17.950928
        -71.662987         17.963718
        -71.668259         17.971613
        -71.680794         17.981380
        -71.696121         17.996124
        -71.712883         18.002790
        -71.717072         18.006121
        -71.725861         18.018972
        -71.733459         18.024277
        -71.746338         18.029209
        -71.754051         18.030148
        -71.754051         18.030148
        -71.750130         18.035536
        -71.748634         18.041546
        -71.740974         18.050482
        -71.739143         18.061325
        -71.733688         18.071806
        -71.731537         18.080132
        -71.734062         18.092005
        -71.731773         18.095972
        -71.733299         18.098686
        -71.740799         18.100319
        -71.742912         18.106691
        -71.743950         18.117228
        -71.741226         18.130390
        -71.743912         18.139734
        -71.742989         18.142859
        -71.742821         18.143438
        -71.750725         18.142763
        -71.754539         18.149549
        -71.761116         18.152584
        -71.763275         18.160334
        -71.766258         18.163467
        -71.774811         18.168056
        -71.779861         18.175028
        -71.779861         18.175028
        -71.768181         18.199041
        -71.765320         18.217279
        -71.755409         18.226629
        -71.754295         18.235090
        -71.724144         18.287172
        -71.692856         18.341171
        -71.755157         18.366295
        -71.786385         18.378880
        -71.799561         18.387604
        -71.808037         18.398401
        -71.825867         18.403753
        -71.838829         18.428049
        -71.857483         18.437191
        -71.900253         18.458145
        -71.904457         18.484625
        -71.886246         18.489672
        -71.877632         18.495579
        -71.877922         18.505085
        -71.889229         18.516771
        -71.952240         18.581852
        -71.958061         18.585768
        -71.959236         18.600685
        -71.962959         18.606018
        -71.972267         18.609512
        -71.973061         18.609812
        -71.979057         18.619158
        -71.985573         18.622372
        -71.997620         18.619993
        -72.003487         18.625265
        -71.998016         18.632895
        -71.984520         18.634636
        -71.976830         18.639610
        -71.965851         18.653511
        -71.957336         18.655109
        -71.945831         18.652033
        -71.928261         18.641148
        -71.926933         18.640327
        -71.919075         18.639866
        -71.906494         18.648371
        -71.897209         18.647949
        -71.877480         18.632183
        -71.870270         18.629663
        -71.859116         18.638126
        -71.834641         18.630640
        -71.820511         18.635105
        -71.813324         18.633261
        -71.811142         18.634645
        -71.807724         18.636812
        -71.803734         18.646435
        -71.805481         18.657261
        -71.795860         18.693542
        -71.785248         18.696548
        -71.775673         18.710400
        -71.748856         18.720634
        -71.741920         18.726755
        -71.737732         18.730448
        -71.731094         18.747616
        -71.721527         18.786610
        -71.716957         18.825472
        -71.721848         18.846409
        -71.722031         18.848362
        -71.722900         18.857935
        -71.720566         18.875668
        -71.732002         18.876043
        -71.739555         18.890114
        -71.749092         18.898693
        -71.765808         18.908440
        -71.771614         18.929621
        -71.771614         18.929621
        -71.776413         18.947153
        -71.779289         18.947952
        -71.782402         18.952312
        -71.782822         18.952909
        -71.792465         18.952188
        -71.801796         18.957216
        -71.810509         18.957666
        -71.830353         18.966768
        -71.839302         18.967211
        -71.839439         18.955950
        -71.843994         18.954905
        -71.845505         18.956701
        -71.854294         18.959904
        -71.858124         18.958649
        -71.859665         18.946201
        -71.861542         18.944311
        -71.874634         18.945786
        -71.878860         18.941992
        -71.883453         18.942095
        -71.882385         18.954300
        -71.881210         18.955481
        -71.874222         18.955904
        -71.872414         18.959860
        -71.874290         18.965780
        -71.873413         18.968792
        -71.868446         18.972145
        -71.866386         18.975878
        -71.867012         18.980455
        -71.862404         18.979895
        -71.858139         18.974730
        -71.854553         18.975977
        -71.840958         18.997257
        -71.836670         18.999214
        -71.832565         18.999327
        -71.823143         18.991547
        -71.815666         18.991751
        -71.805908         18.996614
        -71.801003         19.002031
        -71.797623         19.002354
        -71.796120         18.992517
        -71.791451         18.990118
        -71.788826         18.991110
        -71.787453         18.993673
        -71.789597         19.000505
        -71.787354         19.006081
        -71.782539         19.007753
        -71.778748         19.009071
        -71.776390         19.011204
        -71.779236         19.017328
        -71.772484         19.025553
        -71.768906         19.027258
        -71.763069         19.026039
        -71.761848         19.033422
        -71.749550         19.042255
        -71.747734         19.046209
        -71.743340         19.044722
        -71.739105         19.040470
        -71.736061         19.043770
        -71.735435         19.047003
        -71.725143         19.050266
        -71.719452         19.054094
        -71.715286         19.060181
        -71.716133         19.064062
        -71.714752         19.066397
        -71.706520         19.065929
        -71.704689         19.069424
        -71.705627         19.073059
        -71.710938         19.076147
        -71.711487         19.078430
        -71.708710         19.082409
        -71.701004         19.083534
        -71.698051         19.089817
        -71.699104         19.092775
        -71.705811         19.098568
        -71.703743         19.102068
        -71.700645         19.103760
        -71.693390         19.103724
        -71.685005         19.098206
        -71.680664         19.098551
        -71.670944         19.105013
        -71.655708         19.104729
        -71.648331         19.108601
        -71.640808         19.115921
        -71.637672         19.124273
        -71.633957         19.129425
        -71.635231         19.131689
        -71.634674         19.137217
        -71.632759         19.138863
        -71.628067         19.142904
        -71.628395         19.145653
        -71.634209         19.145958
        -71.637192         19.156906
        -71.627823         19.167261
        -71.624962         19.176754
        -71.620941         19.179848
        -71.621056         19.183750
        -71.624878         19.190310
        -71.629257         19.191114
        -71.631279         19.194046
        -71.629654         19.196386
        -71.620483         19.197088
        -71.613358         19.201639
        -71.613449         19.204624
        -71.617668         19.208189
        -71.618568         19.214138
        -71.632286         19.228018
        -71.638420         19.230843
        -71.651222         19.230274
        -71.661949         19.232746
        -71.669579         19.237137
        -71.689217         19.238451
        -71.698303         19.242804
        -71.703789         19.248169
        -71.707237         19.258184
        -71.712738         19.264240
        -71.718628         19.266838
        -71.720551         19.274366
        -71.725838         19.273077
        -71.729462         19.264938
        -71.733818         19.265051
        -71.735107         19.266861
        -71.735832         19.275564
        -71.743858         19.276955
        -71.747078         19.279165
        -71.752190         19.288216
        -71.755409         19.290655
        -71.755424         19.298925
        -71.764893         19.315668
        -71.778351         19.328398
        -71.787071         19.333628
        -71.761673         19.338436
        -71.761673         19.338436
        -71.750061         19.340631
        -71.744385         19.349562
        -71.732094         19.358665
        -71.713165         19.366692
        -71.703300         19.368208
        -71.690666         19.365408
        -71.693954         19.389008
        -71.694839         19.395390
        -71.687920         19.407484
        -71.688179         19.416254
        -71.675034         19.441677
        -71.675972         19.451057
        -71.688499         19.472670
        -71.688499         19.472670
        -71.691429         19.473171
        -71.694008         19.478386
        -71.692520         19.493128
        -71.686096         19.505245
        -71.685257         19.509632
        -71.687263         19.511875
        -71.695511         19.512115
        -71.699577         19.518438
        -71.699417         19.529011
        -71.702179         19.532152
        -71.706581         19.533413
        -71.710060         19.536306
        -71.710915         19.548460
        -71.710915         19.548460
        -71.714287         19.555719
        -71.721397         19.558516
        -71.725647         19.562767
        -71.727654         19.570707
        -71.738747         19.584814
        -71.741158         19.599171
        -71.740387         19.617998
        -71.742668         19.627968
        -71.739975         19.635178
        -71.739975         19.635178
        -71.739525         19.636366
        -71.738976         19.642124
        -71.734581         19.649134
        -71.733536         19.654676
        -71.735466         19.662434
        -71.749115         19.672403
        -71.752144         19.676228
        -71.754135         19.685823
        -71.757927         19.690775
        -71.755646         19.695660
        -71.758209         19.699957
        -71.757805         19.702724
        -71.757805         19.702724
        -71.751488         19.702435
        -71.736572         19.706741
        -71.734108         19.705431
        -71.731262         19.699764
        -71.722847         19.694246
        -71.713829         19.692881
        -71.713829         19.692881
        -71.710968         19.694565
        -71.712257         19.697058
        -71.715889         19.696960
        -71.719749         19.704208
        -71.727303         19.705153
        -71.728134         19.708576
        -71.725700         19.716225
        -71.726601         19.721943
        -71.725243         19.725195
        -71.730301         19.731951
        -71.729736         19.733135
        -71.725510         19.741959
        -71.727570         19.745808
        -71.730225         19.745508
        -71.733704         19.740129
        -71.739723         19.746401
        -71.740135         19.752132
        -71.742683         19.755970
        -71.742111         19.761040
        -71.743629         19.763065
        -71.749229         19.763603
        -71.750015         19.765421
        -71.747284         19.779507
        -71.750313         19.783331
        -71.753471         19.783245
        -71.764381         19.774910
        -71.763840         19.773087
        -71.771965         19.760921
        -71.771965         19.760921
        -71.775826         19.760128
        -71.777588         19.762148
        -71.778374         19.773960
        -71.778488         19.775677
        -71.775749         19.781265
        -71.758553         19.798500
        -71.751389         19.802599
        -71.745743         19.808495
        -71.745171         19.813564
        -71.741440         19.818718
        -71.737106         19.819984
        -71.733177         19.818481
        -71.721512         19.818335
        -71.711914         19.822039
        -71.699066         19.830881
        -71.695312         19.835346
        -71.694458         19.839273
        -71.691795         19.839575
        -71.687340         19.836706
        -71.681038         19.837105
        -71.683861         19.842083
        -71.660889         19.853720
        -71.654510         19.859631
        -71.651031         19.873507
        -71.651031         19.873507
        -71.654228         19.882841
        -71.659073         19.890524
        -71.657547         19.896307
        -71.649590         19.898354
        -71.644188         19.896429
        -71.638969         19.892431
        -71.628357         19.878698
        -71.617828         19.884258
        -71.615555         19.889601
        -71.616447         19.895090
        -71.614136         19.899057
        -71.605179         19.900209
        -71.584984         19.907398
        -71.577209         19.907372
        -71.573128         19.909084
        -71.567001         19.905931
        -71.565483         19.905148
        -71.556007         19.905394
        -71.553406         19.907759
        -71.546669         19.910000
        -71.538658         19.910206
        -71.533966         19.907570
        -71.525749         19.909159
        -71.521057         19.906754
        -71.507622         19.904112
        -71.491684         19.907505
        -71.482635         19.905666
        -71.443771         19.888964
        -71.442055         19.887369
        -71.438347         19.883928
