> guadeloupe 0
-61.461833953857422 16.202816009521484
-61.479450225830078 16.208650588989258
-61.488029479980469 16.20777702331543
-61.495059967041016 16.210521697998047
-61.503116607666016 16.211006164550781
-61.508537292480469 16.21943473815918
-61.514774322509766 16.217567443847656
-61.519954681396484 16.218877792358398
-61.524082183837891 16.223493576049805
-61.530715942382812 16.230913162231445
-61.536781311035156 16.24853515625
-61.542537689208984 16.253990173339844
-61.543609619140625 16.257463455200195
-61.542861938476562 16.265697479248047
-61.544765472412109 16.294198989868164
-61.541587829589844 16.296850204467773
-61.539314270019531 16.300909042358398
-61.539646148681641 16.301382064819336
-61.541130065917969 16.303487777709961
-61.541023254394531 16.306695938110352
-61.533981323242188 16.311290740966797
-61.532455444335938 16.314226150512695
-61.531593322753906 16.3330078125
-61.528846740722656 16.33704948425293
-61.528240203857422 16.34092903137207
-61.519954681396484 16.347091674804688
-61.507823944091797 16.347396850585938
-61.497695922851562 16.351665496826172
-61.495929718017578 16.354820251464844
-61.497512817382812 16.35716438293457
-61.49517822265625 16.363054275512695
-61.497169494628906 16.367475509643555
-61.494869232177734 16.379331588745117
-61.496662139892578 16.382598876953125
-61.503631591796875 16.387407302856445
-61.505699157714844 16.388015747070312
-61.50909423828125 16.389013290405273
-61.509754180908203 16.389205932617188
-61.521598815917969 16.397607803344727
-61.526378631591797 16.403951644897461
-61.530998229980469 16.415107727050781
-61.531890869140625 16.431194305419922
-61.534290313720703 16.437692642211914
-61.539310455322266 16.44404411315918
-61.532608032226562 16.459661483764648
-61.528636932373047 16.464584350585938
-61.522613525390625 16.4669189453125
-61.518360137939453 16.473207473754883
-61.508426666259766 16.478630065917969
-61.502922058105469 16.485963821411133
-61.502201080322266 16.486921310424805
-61.487277984619141 16.492185592651367
-61.480628967285156 16.498857498168945
-61.475086212158203 16.508087158203125
-61.461944580078125 16.516847610473633
-61.458984375 16.512851715087891
-61.462013244628906 16.507671356201172
-61.459316253662109 16.502998352050781
-61.444076538085938 16.503429412841797
-61.439403533935547 16.493875503540039
-61.435043334960938 16.489147186279297
-61.427734375 16.487308502197266
-61.422691345214844 16.481639862060547
-61.416107177734375 16.479364395141602
-61.412586212158203 16.475734710693359
-61.407604217529297 16.470603942871094
-61.404533386230469 16.456052780151367
-61.399524688720703 16.449466705322266
-61.395236968994141 16.435794830322266
-61.394115447998047 16.426811218261719
-61.395088195800781 16.419273376464844
-61.403316497802734 16.40806770324707
-61.405479431152344 16.393455505371094
-61.403095245361328 16.386726379394531
-61.394271850585938 16.37359619140625
-61.385200500488281 16.362842559814453
-61.372798919677734 16.348129272460938
-61.361911773681641 16.339748382568359
-61.349891662597656 16.336835861206055
-61.340110778808594 16.337894439697266
-61.335205078125 16.335439682006836
-61.323265075683594 16.337116241455078
-61.318340301513672 16.335119247436523
-61.308364868164062 16.33502197265625
-61.302082061767578 16.331146240234375
-61.293193817138672 16.333837509155273
-61.290599822998047 16.326412200927734
-61.282093048095703 16.324985504150391
-61.274677276611328 16.321212768554688
-61.26715087890625 16.3173828125
-61.259082794189453 16.310235977172852
-61.244007110595703 16.286111831665039
-61.238071441650391 16.279262542724609
-61.228828430175781 16.271844863891602
-61.217796325683594 16.268037796020508
-61.20733642578125 16.261497497558594
-61.201427459716797 16.260612487792969
-61.195194244384766 16.262239456176758
-61.191280364990234 16.2586669921875
-61.183475494384766 16.257719039916992
-61.173728942871094 16.253227233886719
-61.168983459472656 16.251039505004883
-61.172771453857422 16.244745254516602
-61.177482604980469 16.245820999145508
-61.189815521240234 16.253114700317383
-61.201930999755859 16.253059387207031
-61.213714599609375 16.255744934082031
-61.218254089355469 16.254980087280273
-61.226707458496094 16.257783889770508
-61.239978790283203 16.258682250976562
-61.263900756835938 16.25396728515625
-61.275779724121094 16.253900527954102
-61.285972595214844 16.249671936035156
-61.288070678710938 16.248800277709961
-61.303108215332031 16.246770858764648
-61.311515808105469 16.244064331054688
-61.315319061279297 16.243959426879883
-61.322834014892578 16.246498107910156
-61.330718994140625 16.245149612426758
-61.346107482910156 16.239686965942383
-61.3560791015625 16.239782333374023
-61.362590789794922 16.237010955810547
-61.363655090332031 16.233606338500977
-61.370281219482422 16.227397918701172
-61.373649597167969 16.226131439208984
-61.381717681884766 16.22639274597168
-61.385654449462891 16.222391128540039
-61.390453338623047 16.220939636230469
-61.396629333496094 16.220909118652344
-61.405136108398438 16.216949462890625
-61.406764984130859 16.216190338134766
-61.417461395263672 16.215845108032227
-61.429424285888672 16.213247299194336
-61.456600189208984 16.203107833862305
-61.461833953857422 16.202816009521484
> guadeloupe 1
-61.685089111328125 15.947479248046875
-61.693141937255859 15.947758674621582
-61.700939178466797 15.951935768127441
-61.702816009521484 15.955387115478516
-61.701786041259766 15.96914005279541
-61.704811096191406 15.978102684020996
-61.718479156494141 15.991716384887695
-61.730743408203125 15.994011878967285
-61.740856170654297 16.0
-61.741531372070312 16.0106201171875
-61.747837066650391 16.021129608154297
-61.749168395996094 16.031488418579102
-61.755596160888672 16.045669555664062
-61.766956329345703 16.061374664306641
-61.768512725830078 16.064630508422852
-61.765518188476562 16.084962844848633
-61.765186309814453 16.08723258972168
-61.769161224365234 16.096523284912109
-61.771312713623047 16.125940322875977
-61.767768859863281 16.132942199707031
-61.769271850585938 16.13780403137207
-61.776607513427734 16.146051406860352
-61.777431488037109 16.149974822998047
-61.774127960205078 16.164321899414062
-61.774608612060547 16.171674728393555
-61.776840209960938 16.17609977722168
-61.782150268554688 16.180845260620117
-61.780723571777344 16.188369750976562
-61.784286499023438 16.20280647277832
-61.782054901123047 16.213865280151367
-61.788307189941406 16.233776092529297
-61.800350189208984 16.251108169555664
-61.807167053222656 16.275852203369141
-61.799556732177734 16.291221618652344
-61.799163818359375 16.303594589233398
-61.793685913085938 16.311458587646484
-61.7940673828125 16.314451217651367
-61.798446655273438 16.318710327148438
-61.797168731689453 16.321653366088867
-61.791412353515625 16.32331657409668
-61.787014007568359 16.327083587646484
-61.784717559814453 16.332061767578125
-61.785232543945312 16.33827018737793
-61.783203125 16.342336654663086
-61.778850555419922 16.344730377197266
-61.77239990234375 16.353252410888672
-61.758842468261719 16.361101150512695
-61.747673034667969 16.360994338989258
-61.740581512451172 16.367202758789062
-61.735794067382812 16.368206024169922
-61.718124389648438 16.355972290039062
-61.715724945068359 16.349246978759766
-61.707916259765625 16.340751647949219
-61.701839447021484 16.33758544921875
-61.690422058105469 16.337926864624023
-61.686447143554688 16.335969924926758
-61.680526733398438 16.32798957824707
-61.677585601806641 16.330652236938477
-61.673557281494141 16.330299377441406
-61.670902252197266 16.324254989624023
-61.663715362548828 16.326099395751953
-61.658573150634766 16.323419570922852
-61.646682739257812 16.323741912841797
-61.640811920166016 16.321496963500977
-61.639820098876953 16.315502166748047
-61.621551513671875 16.307369232177734
-61.613502502441406 16.306432723999023
-61.605129241943359 16.308237075805664
-61.603748321533203 16.306818008422852
-61.604866027832031 16.301807403564453
-61.608993530273438 16.291843414306641
-61.615730285644531 16.287418365478516
-61.614891052246094 16.293172836303711
-61.618190765380859 16.293962478637695
-61.621479034423828 16.287870407104492
-61.622123718261719 16.282615661621094
-61.610237121582031 16.282936096191406
-61.608676910400391 16.272565841674805
-61.604843139648438 16.273061752319336
-61.602951049804688 16.273305892944336
-61.597995758056641 16.286684036254883
-61.594947814941406 16.285444259643555
-61.595081329345703 16.274208068847656
-61.588932037353516 16.27332878112793
-61.579986572265625 16.278097152709961
-61.575809478759766 16.289434432983398
-61.57269287109375 16.290254592895508
-61.568702697753906 16.288753509521484
-61.564533233642578 16.292753219604492
-61.560306549072266 16.291244506835938
-61.554817199707031 16.291990280151367
-61.55255126953125 16.288707733154297
-61.556751251220703 16.283794403076172
-61.556613922119141 16.280807495117188
-61.554325103759766 16.278213500976562
-61.552066802978516 16.28181266784668
-61.549209594726562 16.281951904296875
-61.547199249267578 16.263769149780273
-61.547599792480469 16.260690689086914
-61.548477172851562 16.253946304321289
-61.546260833740234 16.241950988769531
-61.548625946044922 16.235145568847656
-61.555217742919922 16.236957550048828
-61.560474395751953 16.235973358154297
-61.566520690917969 16.239833831787109
-61.579586029052734 16.239782333374023
-61.581844329833984 16.236183166503906
-61.582401275634766 16.219228744506836
-61.580894470214844 16.207256317138672
-61.581573486328125 16.201084136962891
-61.585533142089844 16.196161270141602
-61.586132049560547 16.192510604858398
-61.584110260009766 16.189008712768555
-61.577987670898438 16.187440872192383
-61.577136993408203 16.184432983398438
-61.578746795654297 16.178750991821289
-61.581436157226562 16.16920280456543
-61.575199127197266 16.156852722167969
-61.57342529296875 16.145790100097656
-61.570693969726562 16.142263412475586
-61.561313629150391 16.138759613037109
-61.55902099609375 16.136394500732422
-61.559467315673828 16.129987716674805
-61.565822601318359 16.124454498291016
-61.565746307373047 16.119636535644531
-61.558109283447266 16.10655403137207
-61.556022644042969 16.08355712890625
-61.557449340820312 16.076265335083008
-61.555751800537109 16.067586898803711
-61.554203033447266 16.059652328491211
-61.550823211669922 16.054271697998047
-61.561916351318359 16.034440994262695
-61.568614959716797 16.025478363037109
-61.577869415283203 16.0
-61.603065490722656 15.990069389343262
-61.610954284667969 15.979114532470703
-61.609329223632812 15.973597526550293
-61.610767364501953 15.971087455749512
-61.620002746582031 15.97252082824707
-61.627861022949219 15.966151237487793
-61.632369995117188 15.965492248535156
-61.642063140869141 15.968764305114746
-61.651824951171875 15.961488723754883
-61.654541015625 15.962517738342285
-61.661048889160156 15.964986801147461
-61.676059722900391 15.951321601867676
-61.685089111328125 15.947479248046875
> guadeloupe 2
-61.591770172119141 16.345897674560547
-61.593818664550781 16.348714828491211
-61.586101531982422 16.359254837036133
-61.583610534667969 16.355506896972656
-61.579795837402344 16.35584831237793
-61.577934265136719 16.354642868041992
-61.576141357421875 16.351375579833984
-61.577655792236328 16.348670959472656
-61.591770172119141 16.345897674560547
> guadeloupe 3
-61.094963073730469 16.294647216796875
-61.096744537353516 16.297920227050781
-61.093379974365234 16.305604934692383
-61.094215393066406 16.308843612670898
-61.085380554199219 16.316572189331055
-61.076820373535156 16.316740036010742
-61.074932098388672 16.322870254516602
-61.063499450683594 16.323627471923828
-61.057479858398438 16.325716018676758
-61.045925140380859 16.336330413818359
-61.040245056152344 16.335678100585938
-61.033340454101562 16.342552185058594
-61.027118682861328 16.343715667724609
-61.014389038085938 16.353830337524414
-61.009597778320312 16.354812622070312
-61.006809234619141 16.353111267089844
-61.005363464355469 16.347095489501953
-61.001575469970703 16.346736907958984
-61.0 16.344413757324219
-61.0 16.337215423583984
-61.002460479736328 16.335525512695312
-61.006961822509766 16.334098815917969
-61.0115966796875 16.332630157470703
-61.041854858398438 16.310958862304688
-61.072566986083984 16.302831649780273
-61.089019775390625 16.294675827026367
-61.094963073730469 16.294647216796875
> guadeloupe 4
-61.111953735351562 16.172052383422852
-61.125659942626953 16.173891067504883
-61.127914428710938 16.177179336547852
-61.124988555908203 16.179372787475586
-61.122665405273438 16.177919387817383
-61.108680725097656 16.177215576171875
-61.105197906494141 16.175033569335938
-61.111953735351562 16.172052383422852
> guadeloupe 5
-61.275020599365234 15.867565155029297
-61.284698486328125 15.872226715087891
-61.295585632324219 15.873684883117676
-61.318698883056641 15.887621879577637
-61.326210021972656 15.897540092468262
-61.327110290527344 15.903968811035156
-61.326091766357422 15.913594245910645
-61.331108093261719 15.940005302429199
-61.326564788818359 15.945934295654297
-61.3182373046875 15.950458526611328
-61.311767578125 15.960041046142578
-61.310070037841797 15.965073585510254
-61.311664581298828 15.973799705505371
-61.296146392822266 15.989922523498535
-61.290008544921875 16.0
-61.288459777832031 16.005485534667969
-61.283363342285156 16.008758544921875
-61.277458190917969 16.00810432434082
-61.272857666015625 16.010704040527344
-61.269557952880859 16.010137557983398
-61.265178680419922 16.006553649902344
-61.257106781005859 16.006744384765625
-61.25653076171875 16.0
-61.231231689453125 15.985565185546875
-61.217613220214844 15.969175338745117
-61.216228485107422 15.964578628540039
-61.209175109863281 15.957183837890625
-61.199729919433594 15.952752113342285
-61.194965362548828 15.948653221130371
-61.194080352783203 15.947891235351562
-61.190681457519531 15.928140640258789
-61.194137573242188 15.910737991333008
-61.2008056640625 15.906205177307129
-61.221355438232422 15.883661270141602
-61.240642547607422 15.871197700500488
-61.26031494140625 15.870203971862793
-61.268203735351562 15.86878776550293
-61.275020599365234 15.867565155029297
> guadeloupe 6
-61.587112426757812 15.853049278259277
-61.595382690429688 15.856314659118652
-61.597019195556641 15.859535217285156
-61.595096588134766 15.86388111114502
-61.590812683105469 15.867064476013184
-61.580379486083984 15.868600845336914
-61.578701019287109 15.871800422668457
-61.579372406005859 15.877538681030273
-61.575321197509766 15.881411552429199
-61.569179534912109 15.878847122192383
-61.564647674560547 15.883633613586426
-61.562511444091797 15.884078025817871
-61.558528900146484 15.876941680908203
-61.55926513671875 15.873047828674316
-61.566162109375 15.868964195251465
-61.568141937255859 15.856134414672852
-61.579509735107422 15.856668472290039
-61.587112426757812 15.853049278259277
> guadeloupe 7
-61.626518249511719 15.839773178100586
-61.634548187255859 15.843265533447266
-61.644962310791016 15.844706535339355
-61.648269653320312 15.846334457397461
-61.648490905761719 15.849088668823242
-61.643955230712891 15.85456371307373
-61.643680572509766 15.860526084899902
-61.64129638671875 15.863263130187988
-61.635124206542969 15.865057945251465
-61.627025604248047 15.872116088867188
-61.620410919189453 15.869091987609863
-61.616195678710938 15.861724853515625
-61.607456207275391 15.857311248779297
-61.607944488525391 15.855019569396973
-61.613166809082031 15.853219032287598
-61.617729187011719 15.843615531921387
-61.622013092041016 15.84066104888916
-61.626518249511719 15.839773178100586
> guadeloupe 8
-61.578487396240234 15.830972671508789
-61.584388732910156 15.834452629089355
-61.587711334228516 15.833328247070312
-61.589115142822266 15.836089134216309
-61.586952209472656 15.840662956237793
-61.583393096923828 15.842014312744141
-61.579860687255859 15.838552474975586
-61.575164794921875 15.832098007202148
-61.578487396240234 15.830972671508789
