> anguilla 0
        -62.962730         18.282467
        -62.963409         18.284319
        -62.960667         18.288160
        -62.958534         18.296608
        -62.955135         18.297907
        -62.951427         18.301956
        -62.947548         18.303244
        -62.942772         18.301756
        -62.937214         18.302776
        -62.932041         18.298065
        -62.935749         18.294016
        -62.945656         18.292177
        -62.951492         18.289557
        -62.958641         18.282602
        -62.962730         18.282467
> anguilla 1
        -63.172016         18.166815
        -63.172901         18.170048
        -63.166241         18.177481
        -63.164261         18.178514
        -63.145557         18.188280
        -63.138870         18.196630
        -63.135452         18.198853
        -63.125294         18.201614
        -63.119076         18.200329
        -63.108635         18.204691
        -63.098305         18.204462
        -63.096581         18.206261
        -63.097004         18.208567
        -63.099861         18.209778
        -63.098862         18.211363
        -63.073574         18.223431
        -63.072037         18.227301
        -63.073940         18.238134
        -63.072964         18.240730
        -63.072144         18.242918
        -63.069683         18.245159
        -63.031456         18.264969
        -63.024246         18.264807
        -63.007545         18.269251
        -63.005470         18.265530
        -63.002605         18.264776
        -62.991470         18.267736
        -62.986351         18.270605
        -62.983589         18.275366
        -62.974491         18.283424
        -62.971737         18.278080
        -62.971359         18.273937
        -62.974506         18.270529
        -62.981735         18.262693
        -62.988823         18.258032
        -62.989353         18.255978
        -62.984077         18.255398
        -62.982800         18.248709
        -62.988251         18.242174
        -62.990353         18.234875
        -62.993000         18.234705
        -62.996941         18.230890
        -63.009697         18.230261
        -63.013340         18.228737
        -63.017929         18.218048
        -63.022339         18.214703
        -63.057430         18.199381
        -63.073353         18.192427
        -63.086376         18.180546
        -63.105003         18.175447
        -63.111092         18.182241
        -63.115395         18.183254
        -63.128517         18.177114
        -63.136967         18.175465
        -63.141682         18.169138
        -63.145782         18.168539
        -63.149105         18.170219
        -63.152496         18.169144
        -63.156776         18.171074
        -63.172016         18.166815
