>
-70.051803588867188 12.564860343933162
-70.051246643066349 12.564860343933162
-70.051246643066349 12.565137863159237
-70.050697326660099 12.565137863159237
-70.050697326660099 12.565416336059627
-70.050415039062386 12.565416336059627
-70.050415039062386 12.565693855285701
-70.050140380859375 12.565693855285701
-70.050140380859375 12.565972328186092
-70.049858093261719 12.565972328186092
-70.049858093261719 12.566250801086483
-70.049583435058594 12.566250801086483
-70.049583435058594 12.566806793212947
-70.049308776855469 12.566806793212947
-70.049308776855469 12.567082405090446
-70.049026489257812 12.567082405090446
-70.049026489257812 12.567639350891227
-70.048751831054688 12.567639350891227
-70.048751831054688 12.567918777465877
-70.048469543457031 12.567916870117301
-70.048469543457031 12.568195343017692
-70.048194885253849 12.568195343017692
-70.048194885253849 12.568751335144157
-70.047920227050724 12.568751335144157
-70.047920227050724 12.569584846496525
-70.047637939453068 12.569584846496525
-70.047637939453068 12.570694923400879
-70.047363281249886 12.570694923400879
-70.047363281249886 12.571250915527344
-70.04708099365223 12.571250915527344
-70.04708099365223 12.572360992431697
-70.046806335449219 12.572360992431697
-70.046806335449219 12.572639465332088
-70.046524047851562 12.572639465332088
-70.046524047851562 12.573195457458553
-70.046249389648438 12.573195457458553
-70.046249389648438 12.573748588562012
-70.045974731445312 12.573748588562012
-70.045974731445312 12.575139045715332
-70.045692443847656 12.575139045715332
-70.045692443847656 12.575695037841797
-70.045417785644531 12.575693130493221
-70.045417785644531 12.578194618225154
-70.045135498046818 12.578194618225154
-70.045135498046818 12.580693244934082
-70.044860839843693 12.580693244934082
-70.044860839843693 12.581527709960938
-70.045135498046818 12.581527709960938
-70.045135498046818 12.582083702087402
-70.045417785644531 12.582083702087402
-70.045417785644531 12.584584236145076
-70.045692443847656 12.584584236145076
-70.045692443847656 12.585140228271541
-70.045974731445312 12.585140228271541
-70.045974731445312 12.585973739624137
-70.046249389648438 12.585971832275334
-70.046249389648438 12.586806297302189
-70.046524047851562 12.586806297302189
-70.046524047851562 12.587916374206543
-70.046806335449219 12.587916374206543
-70.046806335449219 12.588751792907715
-70.04708099365223 12.588749885559139
-70.04708099365223 12.589028358459529
-70.047363281249886 12.589028358459529
-70.047363281249886 12.589308738708496
-70.047637939453068 12.589305877685604
-70.047637939453068 12.589584350585994
-70.047920227050724 12.589584350585994
-70.047920227050724 12.589861869812069
-70.048194885253849 12.589861869812069
-70.048194885253849 12.590417861938533
-70.048469543457031 12.590417861938533
-70.048469543457031 12.590971946716422
-70.048751831054688 12.590971946716422
-70.048751831054688 12.591527938842887
-70.049026489257812 12.591527938842887
-70.049026489257812 12.592640876770133
-70.049308776855469 12.592640876770133
-70.049308776855469 12.593750953674316
-70.049583435058594 12.593750953674316
-70.049583435058594 12.594306945800781
-70.049858093261719 12.594306945800781
-70.049858093261719 12.595138549804744
-70.050140380859375 12.595138549804744
-70.050140380859375 12.598472595214844
-70.050415039062386 12.598472595214844
-70.050415039062386 12.598751068115178
-70.050697326660099 12.598751068115178
-70.050697326660099 12.599861145019531
-70.050971984863224 12.599861145019531
-70.050971984863224 12.600138664245662
-70.051246643066349 12.600138664245662
-70.051246643066349 12.600694656372127
-70.051528930664006 12.600694656372127
-70.051528930664006 12.601248741150016
-70.051803588867188 12.601248741150016
-70.051803588867188 12.604861259460449
-70.052085876464844 12.604861259460449
-70.052085876464844 12.605415344238338
-70.052360534667969 12.605415344238338
-70.052360534667969 12.605695724487305
-70.052635192871094 12.605695724487305
-70.052635192871094 12.606804847717342
-70.05291748046875 12.606804847717342
-70.05291748046875 12.607361793518123
-70.053192138671875 12.607361793518123
-70.053192138671875 12.607917785644588
-70.053474426269531 12.607917785644588
-70.053474426269531 12.609583854675236
-70.053749084472599 12.609583854675236
-70.053749084472599 12.610695838928166
-70.054031372070256 12.610695838928166
-70.054031372070256 12.611249923706055
-70.054306030273381 12.611249923706055
-70.054306030273381 12.611528396606445
-70.054580688476506 12.611528396606445
-70.054580688476506 12.61208438873291
-70.054862976074162 12.61208438873291
-70.054862976074162 12.612361907959041
-70.055137634277344 12.612361907959041
-70.055137634277344 12.612638473510799
-70.055419921875 12.612638473510799
-70.055419921875 12.612917900085506
-70.05596923828125 12.612915992736873
-70.05596923828125 12.613194465637264
-70.056251525878906 12.613194465637264
-70.056251525878906 12.613471984863395
-70.057083129882756 12.613471984863395
-70.057083129882756 12.613750457763729
-70.057357788085881 12.613750457763729
-70.057357788085881 12.61402797698986
-70.057640075683537 12.61402797698986
-70.057640075683537 12.61430644989025
-70.057914733886662 12.61430644989025
-70.057914733886662 12.614583969116325
-70.058197021484375 12.614583969116325
-70.058197021484375 12.615694046020508
-70.0584716796875 12.615694046020508
-70.0584716796875 12.616250038146973
-70.058746337890625 12.616250038146973
-70.058746337890625 12.619028091430721
-70.0584716796875 12.619028091430721
-70.0584716796875 12.620141029357967
-70.058197021484375 12.620138168335075
-70.058197021484375 12.620695114135856
-70.057914733886662 12.620695114135856
-70.057914733886662 12.621251106262321
-70.057640075683537 12.621251106262321
-70.057640075683537 12.621804237365723
-70.057357788085881 12.621804237365723
-70.057357788085881 12.622361183166504
-70.057083129882756 12.622361183166504
-70.057083129882756 12.622638702392578
-70.056526184082031 12.622638702392578
-70.056526184082031 12.622917175292969
-70.056251525878906 12.622917175292969
-70.056251525878906 12.623194694519043
-70.054031372070256 12.623194694519043
-70.054031372070256 12.623473167419434
-70.053474426269531 12.623473167419434
-70.053474426269531 12.623750686645508
-70.053192138671875 12.623750686645508
-70.053192138671875 12.624029159545898
-70.051246643066349 12.624029159545898
-70.051246643066349 12.623473167419434
-70.050971984863224 12.623473167419434
-70.050971984863224 12.623194694519043
-70.050697326660099 12.623194694519043
-70.050697326660099 12.622917175292969
-70.050415039062386 12.622917175292969
-70.050415039062386 12.622638702392578
-70.050140380859375 12.622638702392578
-70.050140380859375 12.622084617614689
-70.049858093261719 12.622084617614689
-70.049858093261719 12.621804237365723
-70.049026489257812 12.621804237365723
-70.049026489257812 12.621528625488224
-70.048751831054688 12.621528625488224
-70.048751831054688 12.621251106262321
-70.047363281249886 12.621251106262321
-70.047363281249886 12.62097263336193
-70.046524047851562 12.62097263336193
-70.046524047851562 12.620695114135856
-70.046249389648438 12.620695114135856
-70.046249389648438 12.620415687560978
-70.045974731445312 12.620415687560978
-70.045974731445312 12.620138168335075
-70.045692443847656 12.620141029357967
-70.045692443847656 12.61874961853033
-70.045417785644531 12.61874961853033
-70.045417785644531 12.617637634277401
-70.045135498046818 12.617637634277401
-70.045135498046818 12.617360115051326
-70.044860839843693 12.617362022399902
-70.044860839843693 12.617083549499512
-70.044586181640568 12.617083549499512
-70.044586181640568 12.616527557373047
-70.044303894042912 12.616527557373047
-70.044303894042912 12.616250038146973
-70.04402923583973 12.616250038146973
-70.04402923583973 12.615971565246582
-70.043746948242188 12.615971565246582
-70.043746948242188 12.615694046020508
-70.043197631835938 12.615694046020508
-70.043197631835938 12.615415573120117
-70.042915344238281 12.615415573120117
-70.042915344238281 12.615138053894043
-70.042640686035156 12.615139961242789
-70.042640686035156 12.614862442016715
-70.0423583984375 12.614862442016715
-70.0423583984375 12.614583969116325
-70.042083740234318 12.614583969116325
-70.042083740234318 12.61430644989025
-70.041809082031193 12.61430644989025
-70.041809082031193 12.61402797698986
-70.041252136230412 12.61402797698986
-70.041252136230412 12.613750457763729
-70.040969848632756 12.613750457763729
-70.040969848632756 12.613471984863395
-70.040412902832031 12.613471984863395
-70.040412902832031 12.613194465637264
-70.040138244628906 12.613194465637264
-70.040138244628906 12.612915992736873
-70.039863586425781 12.612917900085506
-70.039863586425781 12.612638473510799
-70.039306640625 12.612638473510799
-70.039306640625 12.612361907959041
-70.038749694824162 12.612361907959041
-70.038749694824162 12.61208438873291
-70.038192749023381 12.61208438873291
-70.038192749023381 12.61180591583252
-70.037918090820256 12.61180591583252
-70.037918090820256 12.611528396606445
-70.037635803222543 12.611528396606445
-70.037635803222543 12.611249923706055
-70.035972595214844 12.611249923706055
-70.035972595214844 12.61097240447998
-70.035415649414006 12.61097240447998
-70.035415649414006 12.610695838928166
-70.034858703613224 12.610695838928166
-70.034858703613224 12.610416412353516
-70.034584045410043 12.610416412353516
-70.034584045410043 12.610139846801701
-70.034027099609375 12.610139846801701
-70.034027099609375 12.609862327575797
-70.033470153808594 12.609862327575797
-70.033470153808594 12.609583854675236
-70.033195495605469 12.609583854675236
-70.033195495605469 12.609306335449332
-70.032913208007812 12.609306335449332
-70.032913208007812 12.609027862548942
-70.032638549804688 12.609027862548942
-70.032638549804688 12.608471870422477
-70.032363891601506 12.608473777771053
-70.032363891601506 12.607917785644588
-70.032081604003849 12.607917785644588
-70.032081604003849 12.607361793518123
-70.031806945800724 12.607361793518123
-70.031806945800724 12.607084274292049
-70.031524658203068 12.607084274292049
-70.031524658203068 12.606527328491268
-70.031249999999886 12.606527328491268
-70.031249999999886 12.606248855590877
-70.030418395996094 12.606248855590877
-70.030418395996094 12.605971336364803
-70.029861450195312 12.605971336364803
-70.029861450195312 12.605695724487305
-70.028472900390568 12.605695724487305
-70.028472900390568 12.605415344238338
-70.027915954589844 12.605415344238338
-70.027915954589844 12.605138778686523
-70.027084350585938 12.605138778686523
-70.027084350585938 12.604861259460449
-70.026802062988281 12.604861259460449
-70.026802062988281 12.604582786560059
-70.025970458984318 12.604582786560059
-70.025970458984318 12.604305267333984
-70.025413513183537 12.604305267333984
-70.025413513183537 12.604026794433594
-70.024581909179688 12.604026794433594
-70.024581909179688 12.60374927520752
-70.024307250976562 12.60374927520752
-70.024307250976562 12.603470802307129
-70.023750305175781 12.603470802307129
-70.023750305175781 12.602916717529411
-70.023475646972656 12.602916717529411
-70.023475646972656 12.602639198303336
-70.023193359375 12.602639198303336
-70.023193359375 12.602360725402946
-70.022918701171818 12.602360725402946
-70.022918701171818 12.602083206176871
-70.022361755371037 12.602083206176871
-70.022361755371037 12.601804733276481
-70.022087097167912 12.601804733276481
-70.022087097167912 12.601248741150016
-70.021804809570199 12.601248741150016
-70.021804809570199 12.600694656372127
-70.021530151367188 12.600694656372127
-70.021530151367188 12.600417137146053
-70.021247863769531 12.600417137146053
-70.021247863769531 12.599861145019531
-70.020973205566406 12.599861145019531
-70.020973205566406 12.599582672119197
-70.02069091796875 12.599582672119197
-70.02069091796875 12.599026679992676
-70.020416259765625 12.599026679992676
-70.020416259765625 12.598751068115178
-70.0201416015625 12.598751068115178
-70.0201416015625 12.598472595214844
-70.019859313964844 12.598472595214844
-70.019859313964844 12.598195075988713
-70.019584655761662 12.598195075988713
-70.019584655761662 12.597916603088322
-70.019302368164006 12.597916603088322
-70.019302368164006 12.597639083862248
-70.019027709960881 12.597640991211051
-70.019027709960881 12.597084999084529
-70.018753051757699 12.597084999084529
-70.018753051757699 12.596529006958065
-70.018470764160043 12.596529006958065
-70.018470764160043 12.596247673034611
-70.018196105957031 12.596247673034611
-70.018196105957031 12.5959730148316
-70.017913818359375 12.5959730148316
-70.017913818359375 12.595694541931209
-70.01763916015625 12.595694541931209
-70.01763916015625 12.595138549804744
-70.017364501953125 12.595138549804744
-70.017364501953125 12.594581604003963
-70.017082214355469 12.594581604003963
-70.017082214355469 12.594029426574707
-70.016807556152344 12.594029426574707
-70.016807556152344 12.593473434448242
-70.016525268554631 12.593473434448242
-70.016525268554631 12.593194007873535
-70.016250610351506 12.593194007873535
-70.016250610351506 12.592640876770133
-70.015975952148381 12.592640876770133
-70.015975952148381 12.592084884643668
-70.015693664550724 12.592084884643668
-70.015693664550724 12.591250419616813
-70.015419006347543 12.591250419616813
-70.015419006347543 12.590415954589957
-70.01513671875 12.590417861938533
-70.01513671875 12.589861869812069
-70.014862060546875 12.589861869812069
-70.014862060546875 12.589308738708496
-70.014579772949219 12.589308738708496
-70.014579772949219 12.588751792907715
-70.014305114746094 12.588751792907715
-70.014305114746094 12.588472366333065
-70.014030456542969 12.588472366333065
-70.014030456542969 12.587916374206543
-70.013748168945312 12.587916374206543
-70.013748168945312 12.587362289428711
-70.013473510742131 12.587362289428711
-70.013473510742131 12.586806297302189
-70.013191223144474 12.586806297302189
-70.013191223144474 12.586527824401855
-70.012641906738224 12.586527824401855
-70.012641906738224 12.586250305175724
-70.012359619140568 12.586250305175724
-70.012359619140568 12.585971832275334
-70.0120849609375 12.585973739624137
-70.0120849609375 12.58569431304926
-70.011528015136719 12.58569431304926
-70.011528015136719 12.585415840148869
-70.011253356933594 12.585415840148869
-70.011253356933594 12.585140228271541
-70.010971069335938 12.585140228271541
-70.010971069335938 12.584861755371207
-70.010696411132812 12.584861755371207
-70.010696411132812 12.584584236145076
-70.010414123535156 12.584584236145076
-70.010414123535156 12.584305763244686
-70.010139465331974 12.584305763244686
-70.010139465331974 12.584028244018612
-70.009582519531193 12.584028244018612
-70.009582519531193 12.583749771118221
-70.009307861328068 12.583749771118221
-70.009307861328068 12.583472251892147
-70.009025573730355 12.583472251892147
-70.009025573730355 12.582916259765682
-70.008750915527344 12.582916259765682
-70.008750915527344 12.582639694213867
-70.008468627929688 12.582639694213867
-70.008468627929688 12.582362174987793
-70.008193969726562 12.582362174987793
-70.008193969726562 12.582083702087402
-70.007919311523438 12.582083702087402
-70.007919311523438 12.581806182861328
-70.007637023925781 12.581806182861328
-70.007637023925781 12.581527709960938
-70.007362365722656 12.581527709960938
-70.007362365722656 12.580973625183049
-70.007080078125 12.580973625183049
-70.007080078125 12.580417633056754
-70.006805419921818 12.580417633056754
-70.006805419921818 12.58014011383068
-70.006530761718693 12.58014011383068
-70.006530761718693 12.579861640930289
-70.006248474121037 12.579861640930289
-70.006248474121037 12.579583168029899
-70.005973815917855 12.579583168029899
-70.005973815917855 12.579304695129338
-70.005691528320199 12.579304695129338
-70.005691528320199 12.579027175903434
-70.005416870117188 12.579030036926326
-70.005416870117188 12.578748703003043
-70.005142211914062 12.578748703003043
-70.005142211914062 12.578194618225154
-70.004859924316406 12.578194618225154
-70.004859924316406 12.57791709899908
-70.004585266113281 12.57791709899908
-70.004585266113281 12.57763862609869
-70.004302978515625 12.57763862609869
-70.004302978515625 12.577361106872615
-70.0040283203125 12.577361106872615
-70.0040283203125 12.577082633972225
-70.003753662109318 12.577082633972225
-70.003753662109318 12.576805114746151
-70.003196716308537 12.576805114746151
-70.003196716308537 12.57652664184576
-70.002914428710881 12.57652664184576
-70.002914428710881 12.576249122619686
-70.002639770507699 12.576251029968262
-70.002639770507699 12.575695037841797
-70.002357482910156 12.575695037841797
-70.002357482910156 12.575416564941406
-70.002082824707031 12.575416564941406
-70.002082824707031 12.575139045715332
-70.001808166503906 12.575139045715332
-70.001808166503906 12.574860572814941
-70.00152587890625 12.574860572814941
-70.00152587890625 12.574583053588867
-70.001251220703125 12.574583053588867
-70.001251220703125 12.574304580688477
-70.000694274902287 12.574304580688477
-70.000694274902287 12.574027061462346
-70.000419616699162 12.574028968811149
-70.000419616699162 12.573195457458553
-70.000137329101506 12.573195457458553
-70.000137329101506 12.572916984558219
-69.999862670898381 12.572916984558219
-69.999305725097656 12.572916984558219
-69.999305725097656 12.572639465332088
-69.999031066894531 12.572639465332088
-69.999031066894531 12.572360992431697
-69.998748779296875 12.572360992431697
-69.998748779296875 12.572083473205623
-69.998191833496094 12.572083473205623
-69.998191833496094 12.571526527404842
-69.997917175292969 12.571526527404842
-69.997917175292969 12.571250915527344
-69.997642517089787 12.571250915527344
-69.997642517089787 12.57097339630127
-69.997360229492131 12.57097339630127
-69.997360229492131 12.570694923400879
-69.997085571289006 12.570694923400879
-69.997085571289006 12.570417404174805
-69.996803283691349 12.570417404174805
-69.996803283691349 12.570138931274414
-69.996246337890511 12.57014083862299
-69.996246337890511 12.56986141204834
-69.9959716796875 12.56986141204834
-69.9959716796875 12.569582939147949
-69.995697021484375 12.569584846496525
-69.995697021484375 12.569305419921875
-69.995414733886719 12.569305419921875
-69.995414733886719 12.56902885437006
-69.994857788085938 12.56902885437006
-69.994857788085938 12.568751335144157
-69.994308471679631 12.568751335144157
-69.994308471679631 12.568472862243766
-69.994026184081974 12.568472862243766
-69.994026184081974 12.568195343017692
-69.993751525878849 12.568195343017692
-69.993751525878849 12.567916870117301
-69.993469238281193 12.567918777465877
-69.993469238281193 12.567639350891227
-69.993194580078011 12.567639350891227
-69.993194580078011 12.567082405090446
-69.992919921875 12.567082405090446
-69.992919921875 12.566250801086483
-69.992362976074219 12.566250801086483
-69.992362976074219 12.565972328186092
-69.991806030273438 12.565972328186092
-69.991806030273438 12.565693855285701
-69.991531372070312 12.565693855285701
-69.991531372070312 12.565416336059627
-69.991249084472656 12.565416336059627
-69.991249084472656 12.564860343933162
-69.990692138671818 12.564860343933162
-69.990692138671818 12.564583778381348
-69.990417480468693 12.564583778381348
-69.990417480468693 12.563194274902344
-69.990692138671818 12.563194274902344
-69.990692138671818 12.562915802001953
-69.990135192871037 12.562915802001953
-69.990135192871037 12.563194274902344
-69.989303588867188 12.563194274902344
-69.989303588867188 12.562640190124625
-69.989028930664062 12.562640190124625
-69.989028930664062 12.562359809875488
-69.988746643066406 12.562361717224235
-69.988746643066406 12.562084197998161
-69.988471984863281 12.562084197998161
-69.988471984863281 12.561528205871696
-69.988197326660156 12.561528205871696
-69.988197326660156 12.561249732971305
-69.987915039062443 12.561249732971305
-69.987915039062443 12.559862136840877
-69.987640380859318 12.559862136840877
-69.987640380859318 12.559583663940487
-69.986526489257812 12.559583663940487
-69.986526489257812 12.559306144714355
-69.985969543457031 12.559306144714355
-69.985969543457031 12.559027671814022
-69.985420227050781 12.559027671814022
-69.985420227050781 12.558750152587891
-69.985137939453125 12.558750152587891
-69.985137939453125 12.5584716796875
-69.984580993652287 12.5584716796875
-69.984580993652287 12.558194160461426
-69.984024047851506 12.558194160461426
-69.984024047851506 12.557915687561035
-69.98236083984375 12.557915687561035
-69.98236083984375 12.558194160461426
-69.981803894042969 12.558194160461426
-69.981803894042969 12.5584716796875
-69.981246948242131 12.5584716796875
-69.981246948242131 12.558750152587891
-69.980972290039006 12.558750152587891
-69.980972290039006 12.559027671814022
-69.9798583984375 12.559027671814022
-69.9798583984375 12.559306144714355
-69.978195190429631 12.559306144714355
-69.978195190429631 12.559027671814022
-69.977912902831974 12.559027671814022
-69.977912902831974 12.5584716796875
-69.97930908203125 12.5584716796875
-69.97930908203125 12.558194160461426
-69.979583740234375 12.558194160461426
-69.979583740234375 12.557915687561035
-69.978752136230469 12.557915687561035
-69.978752136230469 12.556805610656681
-69.979026794433594 12.556805610656681
-69.979026794433594 12.556528091430778
-69.978195190429631 12.556529998779354
-69.978195190429631 12.556249618530217
-69.977638244628849 12.556249618530217
-69.977638244628849 12.555972099304313
-69.977363586425668 12.555974006652889
-69.977363586425668 12.555693626403922
-69.976806640625 12.555693626403922
-69.976806640625 12.555418014526424
-69.976524353027344 12.555418014526424
-69.976524353027344 12.555136680602971
-69.976249694824219 12.555136680602971
-69.976249694824219 12.554862022399959
-69.975975036621094 12.554862022399959
-69.975975036621094 12.554583549499569
-69.975692749023438 12.554583549499569
-69.975692749023438 12.554306030273494
-69.975135803222599 12.55430793762207
-69.975135803222599 12.554027557373104
-69.974304199218693 12.554027557373104
-69.974304199218693 12.553749084472713
-69.974029541015511 12.553751945495605
-69.974029541015511 12.553470611572322
-69.973472595214844 12.553470611572322
-69.973472595214844 12.553193092346248
-69.972915649414062 12.553195953369141
-69.972915649414062 12.552918434143066
-69.972358703613281 12.552918434143066
-69.972358703613281 12.552639961242676
-69.971801757812443 12.552639961242676
-69.971801757812443 12.552360534667969
-69.970970153808537 12.552360534667969
-69.970970153808537 12.552083015441895
-69.970695495605469 12.552083015441895
-69.970695495605469 12.550139427185172
-69.970970153808537 12.550139427185172
-69.970970153808537 12.548473358154354
-69.970695495605469 12.548473358154354
-69.970695495605469 12.547917366027889
-69.970138549804688 12.547917366027889
-69.970138549804688 12.549027442932243
-69.970413208007812 12.549027442932243
-69.970413208007812 12.549583435058707
-69.970138549804688 12.549583435058707
-69.970138549804688 12.550139427185172
-69.969863891601562 12.550139427185172
-69.969863891601562 12.550972938537711
-69.970138549804688 12.550971031188965
-69.970138549804688 12.551252365112418
-69.969863891601562 12.551252365112418
-69.969863891601562 12.551529884338493
-69.969581604003906 12.551529884338493
-69.969581604003906 12.551252365112418
-69.969306945800781 12.551252365112418
-69.969306945800781 12.550695419311637
-69.969024658203125 12.550695419311637
-69.969024658203125 12.550416946411246
-69.968475341796818 12.550416946411246
-69.968475341796818 12.550139427185172
-69.968193054199162 12.550139427185172
-69.968193054199162 12.549860954284782
-69.967636108398324 12.549860954284782
-69.967636108398324 12.549583435058707
-69.966804504394531 12.549583435058707
-69.966804504394531 12.549304962158317
-69.96624755859375 12.549306869506893
-69.96624755859375 12.549027442932243
-69.965972900390625 12.549027442932243
-69.965972900390625 12.548473358154354
-69.965698242187443 12.548473358154354
-69.965698242187443 12.548194885253963
-69.965141296386662 12.548196792602539
-69.965141296386662 12.547917366027889
-69.964859008789006 12.547917366027889
-69.964859008789006 12.547638893127498
-69.964302062988168 12.547638893127498
-69.964302062988168 12.547361373901367
-69.964027404785156 12.547361373901367
-69.964027404785156 12.547082901001033
-69.963470458984375 12.547082901001033
-69.963470458984375 12.546805381774902
-69.96319580078125 12.546805381774902
-69.96319580078125 12.546526908874512
-69.962913513183594 12.546526908874512
-69.962913513183594 12.546251296997013
-69.962081909179631 12.546251296997013
-69.962081909179631 12.547082901001033
-69.961524963378849 12.547082901001033
-69.961524963378849 12.546526908874512
-69.960975646972656 12.546526908874512
-69.960975646972656 12.546805381774902
-69.958747863769474 12.546805381774902
-69.958747863769474 12.546526908874512
-69.958190917968693 12.546526908874512
-69.958190917968693 12.546251296997013
-69.957916259765625 12.546251296997013
-69.957916259765625 12.545970916748047
-69.9576416015625 12.54597282409668
-69.9576416015625 12.545418739318961
-69.957359313964844 12.545418739318961
-69.957359313964844 12.544304847717228
-69.956802368164062 12.544304847717228
-69.956802368164062 12.54375076293951
-69.956527709960938 12.54375076293951
-69.956527709960938 12.539582252502441
-69.956253051757756 12.539582252502441
-69.956253051757756 12.537083625793514
-69.955970764160099 12.537083625793514
-69.955970764160099 12.536804199218864
-69.955696105956974 12.536804199218864
-69.955696105956974 12.537083625793514
-69.954864501953125 12.537083625793514
-69.954864501953125 12.537360191345329
-69.954025268554688 12.537360191345329
-69.954025268554688 12.537637710571403
-69.953475952148438 12.537637710571403
-69.953475952148438 12.537916183471793
-69.953193664550781 12.537916183471793
-69.953193664550781 12.538193702697868
-69.951530456542969 12.538193702697868
-69.951530456542969 12.538472175598258
-69.950973510742188 12.538472175598258
-69.950973510742188 12.538749694824162
-69.950141906738281 12.538749694824162
-69.950141906738281 12.539029121399039
-69.949584960937443 12.539029121399039
-69.949584960937443 12.539306640625114
-69.94875335693348 12.539306640625114
-69.94875335693348 12.539582252502441
-69.948196411132812 12.539582252502441
-69.948196411132812 12.539859771728516
-69.947914123535156 12.539859771728516
-69.947914123535156 12.540138244628906
-69.947639465332031 12.540138244628906
-69.947639465332031 12.540416717529297
-69.94708251953125 12.540416717529297
-69.94708251953125 12.540695190429688
-69.946807861328125 12.540695190429688
-69.946807861328125 12.540416717529297
-69.946525573730412 12.540416717529297
-69.946525573730412 12.540138244628906
-69.946250915527287 12.540138244628906
-69.946250915527287 12.539582252502441
-69.945968627929631 12.539582252502441
-69.945968627929631 12.539306640625114
-69.945693969726506 12.539306640625114
-69.945693969726506 12.539029121399039
-69.945137023925781 12.539029121399039
-69.945137023925781 12.538749694824162
-69.944862365722656 12.538749694824162
-69.944862365722656 12.538193702697868
-69.944580078125 12.538193702697868
-69.944580078125 12.537360191345329
-69.944305419921875 12.537360191345329
-69.944305419921875 12.536527633667049
-69.943748474121094 12.536527633667049
-69.943748474121094 12.536804199218864
-69.943191528320256 12.536804199218864
-69.943191528320256 12.536250114440975
-69.942916870117131 12.536250114440975
-69.942916870117131 12.535971641540584
-69.942359924316349 12.535971641540584
-69.942359924316349 12.53569412231451
-69.942085266113281 12.53569412231451
-69.942085266113281 12.535415649414119
-69.941802978515625 12.535415649414119
-69.941802978515625 12.535138130188045
-69.941253662109375 12.535140037536621
-69.941253662109375 12.53486156463623
-69.940696716308594 12.53486156463623
-69.940696716308594 12.534305572509766
-69.940414428710938 12.534305572509766
-69.940414428710938 12.533749580383301
-69.939857482910099 12.533749580383301
-69.939857482910099 12.53347206115717
-69.939308166503849 12.53347206115717
-69.939308166503849 12.532917976379508
-69.939025878906136 12.532917976379508
-69.939025878906136 12.532361984253043
-69.938468933105469 12.532361984253043
-69.938468933105469 12.532084465026912
-69.938194274902344 12.532084465026912
-69.938194274902344 12.531805992126522
-69.937919616699219 12.531805992126522
-69.937919616699219 12.531528472900447
-69.937362670898438 12.531528472900447
-69.937362670898438 12.530694007873592
-69.936805725097599 12.530695915222168
-69.936805725097599 12.530415534973201
-69.936531066894474 12.530415534973201
-69.936531066894474 12.530139923095703
-69.936248779296818 12.530139923095703
-69.936248779296818 12.529862403869629
-69.935974121093636 12.529862403869629
-69.935974121093636 12.529583930969238
-69.93569183349598 12.529583930969238
-69.93569183349598 12.529306411743164
-69.935142517089844 12.529306411743164
-69.935142517089844 12.529027938842773
-69.934860229492188 12.529029846191349
-69.934860229492188 12.528473854064885
-69.934585571289062 12.528473854064885
-69.934585571289062 12.528194427490234
-69.934303283691406 12.528194427490234
-69.934303283691406 12.52791786193859
-69.934028625488281 12.52791786193859
-69.934028625488281 12.527636528015137
-69.933197021484318 12.527636528015137
-69.933197021484318 12.527361869812125
-69.932914733886662 12.527361869812125
-69.932914733886662 12.527084350586051
-69.93264007568348 12.527084350586051
-69.93264007568348 12.526805877685661
-69.931526184082031 12.526807785034237
-69.931526184082031 12.52652740478527
-69.931251525878906 12.52652740478527
-69.931251525878906 12.526248931884879
-69.930694580078068 12.526251792907772
-69.930694580078068 12.525971412658805
-69.930419921874943 12.525971412658805
-69.930419921874943 12.525695800781307
-69.929306030273438 12.525695800781307
-69.929306030273438 12.52541542053234
-69.928749084472656 12.52541542053234
-69.928749084472656 12.525138854980526
-69.928474426269531 12.525138854980526
-69.928474426269531 12.524861335754451
-69.928192138671875 12.524861335754451
-69.928192138671875 12.523749351501522
-69.928474426269531 12.523749351501522
-69.928474426269531 12.523195266723633
-69.928749084472656 12.523195266723633
-69.928749084472656 12.522639274597168
-69.929031372070312 12.522639274597168
-69.929031372070312 12.521529197692985
-69.928749084472656 12.521529197692985
-69.928749084472656 12.519861221313533
-69.928474426269531 12.519861221313533
-69.928474426269531 12.5195827484132
-69.928192138671875 12.5195827484132
-69.928192138671875 12.519026756286678
-69.92791748046875 12.519026756286678
-69.92791748046875 12.51875114440918
-69.927635192871094 12.51875114440918
-69.927635192871094 12.518472671508846
-69.927360534667912 12.518472671508846
-69.927360534667912 12.518195152282715
-69.926803588867131 12.518195152282715
-69.926803588867131 12.517083168029785
-69.927085876464787 12.517083168029785
-69.927085876464787 12.516529083251896
-69.927360534667912 12.516529083251896
-69.927360534667912 12.515694618225041
-69.927085876464787 12.515694618225041
-69.927085876464787 12.515138626098746
-69.926246643066293 12.515138626098746
-69.926246643066293 12.515419006347713
-69.925971984863281 12.515417098999137
-69.925971984863281 12.515694618225041
-69.925140380859375 12.515694618225041
-69.925140380859375 12.515417098999137
-69.924308776855412 12.515419006347713
-69.924308776855412 12.515138626098746
-69.924026489257756 12.515138626098746
-69.924026489257756 12.514028549194393
-69.924308776855412 12.514028549194393
-69.924308776855412 12.513195037841854
-69.924026489257756 12.513195037841854
-69.924026489257756 12.512915611267147
-69.922920227050781 12.512915611267147
-69.922920227050781 12.512638092041072
-69.922080993652344 12.512640953063965
-69.922080993652344 12.512363433837891
-69.921806335449219 12.512363433837891
-69.921806335449219 12.512082099914608
-69.921524047851562 12.5120849609375
-69.921524047851562 12.511807441711426
-69.920692443847599 12.511807441711426
-69.920692443847599 12.511528015136719
-69.920417785644474 12.511528015136719
-69.920417785644474 12.510972023010254
-69.920135498046818 12.510972023010254
-69.920135498046818 12.510693550109863
-69.919860839843636 12.510693550109863
-69.919860839843636 12.510137557983398
-69.919029235839844 12.510137557983398
-69.919029235839844 12.509584426879996
-69.918746948242188 12.509584426879996
-69.918746948242188 12.509305953979606
-69.918472290039062 12.509305953979606
-69.918472290039062 12.509028434753532
-69.918197631835938 12.509028434753532
-69.918197631835938 12.508472442627067
-69.917915344238224 12.508472442627067
-69.917915344238224 12.507637977600211
-69.918197631835938 12.507639884948787
-69.918197631835938 12.507083892822322
-69.918472290039062 12.507083892822322
-69.918472290039062 12.506806373596191
-69.918197631835938 12.506806373596191
-69.918197631835938 12.506527900695858
-69.917915344238224 12.506527900695858
-69.917915344238224 12.506250381469727
-69.917640686035099 12.506250381469727
-69.917640686035099 12.505971908569336
-69.915969848632812 12.505971908569336
-69.915969848632812 12.505694389343262
-69.915138244628906 12.505694389343262
-69.915138244628906 12.505415916442871
-69.914581298828068 12.505417823791504
-69.914581298828068 12.504861831664982
-69.914306640624943 12.504861831664982
-69.914306640624943 12.504584312438908
-69.914024353027287 12.504584312438908
-69.914024353027287 12.504861831664982
-69.913192749023438 12.504861831664982
-69.913192749023438 12.504305839538517
-69.912635803222656 12.504305839538517
-69.912635803222656 12.504028320312614
-69.912361145019531 12.504028320312614
-69.912361145019531 12.503749847412053
-69.912086486816406 12.503749847412053
-69.912086486816406 12.503472328186149
-69.91180419921875 12.503472328186149
-69.91180419921875 12.503193855285758
-69.910972595214787 12.503193855285758
-69.910972595214787 12.502916336059684
-69.910697937011662 12.502916336059684
-69.910697937011662 12.502639770507869
-69.9093017578125 12.502639770507869
-69.9093017578125 12.502083778381404
-69.909027099609375 12.502083778381404
-69.909027099609375 12.50152778625494
-69.90875244140625 12.50152778625494
-69.90875244140625 12.501250267028865
-69.908195495605412 12.501250267028865
-69.908195495605412 12.500971794128475
-69.907913208007756 12.500971794128475
-69.907913208007756 12.500140190124512
-69.907638549804631 12.500140190124512
-69.907638549804631 12.499861717224121
-69.907081604003793 12.499861717224121
-69.907081604003793 12.499584197998047
-69.906806945800781 12.499584197998047
-69.906806945800781 12.499027252197266
-69.90625 12.499027252197266
-69.90625 12.498471260070801
-69.905693054199219 12.498471260070801
-69.905693054199219 12.497915267944336
-69.905418395996094 12.497915267944336
-69.905418395996094 12.497638702392692
-69.905136108398381 12.497638702392692
-69.905136108398381 12.497361183166618
-69.904304504394474 12.497361183166618
-69.904304504394474 12.497082710266227
-69.904029846191293 12.497082710266227
-69.904029846191293 12.496805191040153
-69.90374755859375 12.496805191040153
-69.90374755859375 12.496526718139762
-69.903472900390625 12.496526718139762
-69.903472900390625 12.496249198913688
-69.9031982421875 12.496249198913688
-69.9031982421875 12.495693206787223
-69.902915954589844 12.495693206787223
-69.902915954589844 12.495416641235408
-69.902641296386719 12.495416641235408
-69.902641296386719 12.494860649108944
-69.902359008789062 12.494860649108944
-69.902359008789062 12.494304656982479
-69.902084350585881 12.494304656982479
-69.902084350585881 12.493748664856014
-69.901802062988224 12.493748664856014
-69.901802062988224 12.493473052978516
-69.901527404785099 12.493473052978516
-69.901527404785099 12.49263858795166
-69.901252746581974 12.49263858795166
-69.901252746581974 12.492361068725529
-69.900970458984318 12.492361068725529
-69.900970458984318 12.492082595825138
-69.90069580078125 12.492082595825138
-69.90069580078125 12.491806983947868
-69.900413513183594 12.491806983947868
-69.900413513183594 12.491526603698674
-69.899864196777344 12.491526603698674
-69.899864196777344 12.491250991821346
-69.899307250976562 12.491250991821346
-69.899307250976562 12.490973472595272
-69.899024963378906 12.490973472595272
-69.899024963378906 12.490694999694881
-69.898750305175724 12.490694999694881
-69.898750305175724 12.49041652679449
-69.898475646972599 12.49041652679449
-69.898475646972599 12.490139007568416
-69.898193359374943 12.490140914916992
-69.898193359374943 12.489028930664062
-69.897918701171818 12.489028930664062
-69.897918701171818 12.488472938537598
-69.897636413574105 12.488472938537598
-69.897636413574105 12.487639427185059
-69.897361755371094 12.487639427185059
-69.897361755371094 12.48680686950695
-69.897087097167969 12.48680686950695
-69.897087097167969 12.486525535583496
-69.896804809570312 12.486525535583496
-69.896804809570312 12.486250877380485
-69.896530151367188 12.486250877380485
-69.896530151367188 12.485973358154411
-69.896247863769531 12.485973358154411
-69.896247863769531 12.485693931579704
-69.89569091796875 12.485696792602596
-69.89569091796875 12.485416412353629
-69.894859313964787 12.485416412353629
-69.894859313964787 12.485137939453239
-69.892913818359375 12.485137939453239
-69.892913818359375 12.485416412353629
-69.89013671875 12.485416412353629
-69.89013671875 12.485137939453239
-69.889862060546875 12.485140800476131
-69.889862060546875 12.484860420227164
-69.889579772949219 12.484860420227164
-69.889579772949219 12.484306335449276
-69.889305114746037 12.484306335449276
-69.889305114746037 12.483750343322811
-69.888748168945256 12.483750343322811
-69.888748168945256 12.483194351196346
-69.888473510742131 12.483194351196346
-69.888473510742131 12.482915878295955
-69.887916564941406 12.482917785644531
-69.887916564941406 12.482640266418457
-69.887641906738281 12.482640266418457
-69.887641906738281 12.481805801391602
-69.887359619140625 12.481805801391602
-69.887359619140625 12.481528282165527
-69.8870849609375 12.481528282165527
-69.8870849609375 12.481249809265137
-69.886802673339844 12.481249809265137
-69.886802673339844 12.480972290039006
-69.886528015136719 12.480972290039006
-69.886528015136719 12.48013782501215
-69.886253356933537 12.48013782501215
-69.886253356933537 12.479862213134879
-69.885971069335881 12.479862213134879
-69.885971069335881 12.479583740234489
-69.885696411132756 12.479583740234489
-69.885696411132756 12.479306221008358
-69.885414123535099 12.479306221008358
-69.885414123535099 12.479027748108024
-69.885139465331974 12.479027748108024
-69.885139465331974 12.478750228881893
-69.884864807128906 12.478750228881893
-69.884864807128906 12.478471755981502
-69.88458251953125 12.478471755981502
-69.88458251953125 12.477359771728572
-69.884864807128906 12.477359771728572
-69.884864807128906 12.477084159851074
-69.88458251953125 12.477084159851074
-69.88458251953125 12.476805686950684
-69.884307861328125 12.476805686950684
-69.884307861328125 12.476528167724609
-69.884025573730469 12.476528167724609
-69.884025573730469 12.476249694824219
-69.883750915527344 12.476249694824219
-69.883750915527344 12.475418090820426
-69.883468627929688 12.475418090820426
-69.883468627929688 12.474583625793571
-69.883750915527344 12.474583625793571
-69.883750915527344 12.474306106567496
-69.883468627929688 12.474306106567496
-69.883468627929688 12.473470687866154
-69.883193969726562 12.473470687866154
-69.883193969726562 12.472361564636287
-69.882919311523381 12.472361564636287
-69.882919311523381 12.470138549804688
-69.882637023925724 12.470138549804688
-69.882637023925724 12.469582557678223
-69.882362365722599 12.469582557678223
-69.882362365722599 12.468749046325684
-69.882080078124943 12.46875095367443
-69.882080078124943 12.466528892517147
-69.881805419921761 12.466528892517147
-69.881805419921761 12.465972900390682
-69.88153076171875 12.465972900390682
-69.88153076171875 12.463750839233342
-69.881248474121094 12.463750839233342
-69.881248474121094 12.463194847106877
-69.880973815917969 12.463194847106877
-69.880973815917969 12.462638854980582
-69.880691528320312 12.462638854980582
-69.880691528320312 12.462361335754508
-69.880416870117188 12.462361335754508
-69.880416870117188 12.461805343628043
-69.880142211914062 12.461805343628043
-69.880142211914062 12.461251258850154
-69.879859924316406 12.461251258850154
-69.879859924316406 12.460972785949764
-69.879585266113224 12.460972785949764
-69.879585266113224 12.460416793823299
-69.879302978515568 12.460416793823299
-69.879302978515568 12.459859848022518
-69.879028320312443 12.459859848022518
-69.879028320312443 12.459306716918945
-69.878753662109261 12.459306716918945
-69.878753662109261 12.45875072479248
-69.878471374511605 12.45875072479248
-69.878471374511605 12.45736026763916
-69.878196716308594 12.45736026763916
-69.878196716308594 12.457083702087516
-69.877914428710938 12.457083702087516
-69.877914428710938 12.456250190734977
-69.877639770507812 12.456250190734977
-69.877639770507812 12.455694198608512
-69.877357482910156 12.455694198608512
-69.877357482910156 12.455415725708121
-69.877082824707031 12.455415725708121
-69.877082824707031 12.454584121704158
-69.876525878906193 12.454584121704158
-69.876525878906193 12.453749656677303
-69.876251220703068 12.453749656677303
-69.876251220703068 12.453472137451172
-69.875968933105412 12.453472137451172
-69.875968933105412 12.45291805267334
-69.875694274902287 12.45291805267334
-69.875694274902287 12.452637672424316
-69.875419616699105 12.452637672424316
-69.875419616699105 12.452083587646484
-69.875137329101562 12.452083587646484
-69.875137329101562 12.451250076293888
-69.874862670898438 12.451251983642692
-69.874862670898438 12.45069599151617
-69.874580383300781 12.45069599151617
-69.874580383300781 12.449861526489315
-69.874305725097656 12.449861526489315
-69.874305725097656 12.448749542236385
-69.874031066894531 12.448749542236385
-69.874031066894531 12.44819355010992
-69.873748779296875 12.44819355010992
-69.873748779296875 12.447636604309139
-69.873474121093693 12.447636604309139
-69.873474121093693 12.446249008178711
-69.873748779296875 12.446251869201774
-69.873748779296875 12.445139884948844
-69.874031066894531 12.445139884948844
-69.874031066894531 12.442363739013672
-69.873748779296875 12.442363739013672
-69.873748779296875 12.441527366638184
-69.873474121093693 12.441527366638184
-69.873474121093693 12.44124889373785
-69.873191833496037 12.44124889373785
-69.873191833496037 12.44041728973383
-69.873474121093693 12.44041728973383
-69.873474121093693 12.439861297607365
-69.873748779296875 12.439861297607365
-69.873748779296875 12.438751220703182
-69.873474121093693 12.438751220703182
-69.873474121093693 12.438470840454045
-69.872360229492131 12.438472747802848
-69.872360229492131 12.438195228576717
-69.872085571289062 12.438195228576717
-69.872085571289062 12.437916755676326
-69.871803283691406 12.437916755676326
-69.871803283691406 12.436248779296932
-69.871528625488281 12.436248779296932
-69.871528625488281 12.434861183166504
-69.871246337890625 12.434861183166504
-69.871246337890625 12.43347263336193
-69.8709716796875 12.43347263336193
-69.8709716796875 12.432916641235465
-69.870697021484375 12.432916641235465
-69.870697021484375 12.43124961853033
-69.870414733886719 12.43124961853033
-69.870414733886719 12.430137634277401
-69.870697021484375 12.430137634277401
-69.870697021484375 12.429583549499512
-69.870414733886719 12.429583549499512
-69.870414733886719 12.428750038146973
-69.869857788085881 12.428750038146973
-69.869857788085881 12.428194046020508
-69.869583129882756 12.428194046020508
-69.869583129882756 12.425694465637264
-69.869308471679631 12.425694465637264
-69.869308471679631 12.42458438873291
-69.869026184081918 12.42458438873291
-69.869026184081918 12.42347240447998
-69.868751525878906 12.42347240447998
-69.868751525878906 12.422916412353516
-69.867919921875 12.422916412353516
-69.867919921875 12.422639846801701
-69.867637634277344 12.422639846801701
-69.867637634277344 12.421250343322868
-69.867362976074219 12.421250343322868
-69.867362976074219 12.420971870422477
-69.867080688476562 12.420973777771053
-69.867080688476562 12.420417785644588
-69.866806030273381 12.420417785644588
-69.866806030273381 12.420140266418514
-69.866531372070256 12.420140266418514
-69.866531372070256 12.419861793518123
-69.866249084472599 12.419861793518123
-69.866249084472599 12.419027328491268
-69.865974426269418 12.419027328491268
-69.865974426269418 12.418748855590877
-69.86541748046875 12.418748855590877
-69.86541748046875 12.417638778686523
-69.865974426269418 12.417638778686523
-69.865974426269418 12.417361259460449
-69.866531372070256 12.417361259460449
-69.866531372070256 12.416805267333984
-69.866249084472599 12.416805267333984
-69.866249084472599 12.415695190429801
-69.866531372070256 12.415695190429801
-69.866531372070256 12.415139198303336
-69.866806030273381 12.415139198303336
-69.866806030273381 12.414860725402946
-69.867362976074219 12.414860725402946
-69.867362976074219 12.415139198303336
-69.869857788085881 12.415139198303336
-69.869857788085881 12.414860725402946
-69.870140075683537 12.414860725402946
-69.870140075683537 12.415139198303336
-69.8709716796875 12.415139198303336
-69.8709716796875 12.414860725402946
-69.871246337890625 12.414860725402946
-69.871246337890625 12.414583206176871
-69.871528625488281 12.414583206176871
-69.871528625488281 12.414304733276481
-69.872085571289062 12.414304733276481
-69.872085571289062 12.41402721405035
-69.872360229492131 12.41402721405035
-69.872360229492131 12.413194656372127
-69.873191833496037 12.413194656372127
-69.873191833496037 12.412917137145996
-69.873474121093693 12.412917137145996
-69.873474121093693 12.412361145019531
-69.873748779296875 12.412361145019531
-69.873748779296875 12.412638664245662
-69.874031066894531 12.412638664245662
-69.874031066894531 12.412917137145996
-69.874580383300781 12.412917137145996
-69.874580383300781 12.413194656372127
-69.874862670898438 12.413194656372127
-69.874862670898438 12.413473129272518
-69.875137329101562 12.413473129272518
-69.875137329101562 12.413748741150016
-69.876808166503906 12.413748741150016
-69.876808166503906 12.413473129272518
-69.877357482910156 12.413473129272518
-69.877357482910156 12.413194656372127
-69.878196716308594 12.413194656372127
-69.878196716308594 12.413473129272518
-69.879585266113224 12.413473129272518
-69.879585266113224 12.413748741150016
-69.880416870117188 12.413748741150016
-69.880416870117188 12.41402721405035
-69.882362365722599 12.41402721405035
-69.882362365722599 12.413748741150016
-69.882637023925724 12.413748741150016
-69.882637023925724 12.412917137145996
-69.884025573730469 12.412917137145996
-69.884025573730469 12.413194656372127
-69.884307861328125 12.413194656372127
-69.884307861328125 12.413748741150016
-69.884864807128906 12.413748741150016
-69.884864807128906 12.414583206176871
-69.88458251953125 12.414583206176871
-69.88458251953125 12.414860725402946
-69.884307861328125 12.414860725402946
-69.884307861328125 12.415139198303336
-69.884025573730469 12.415139198303336
-69.884025573730469 12.415695190429801
-69.883750915527344 12.415695190429801
-69.883750915527344 12.415970802307129
-69.884025573730469 12.415970802307129
-69.884025573730469 12.416526794433594
-69.884307861328125 12.416526794433594
-69.884307861328125 12.417361259460449
-69.88458251953125 12.417361259460449
-69.88458251953125 12.417638778686523
-69.884864807128906 12.417638778686523
-69.884864807128906 12.417915344238338
-69.885139465331974 12.417915344238338
-69.885139465331974 12.418195724487305
-69.885414123535099 12.418195724487305
-69.885414123535099 12.418471336364803
-69.885696411132756 12.418471336364803
-69.885696411132756 12.418748855590877
-69.885971069335881 12.418748855590877
-69.885971069335881 12.419027328491268
-69.886528015136719 12.419027328491268
-69.886528015136719 12.419584274292049
-69.886802673339844 12.419584274292049
-69.886802673339844 12.419861793518123
-69.8870849609375 12.419861793518123
-69.8870849609375 12.420140266418514
-69.887359619140625 12.420140266418514
-69.887359619140625 12.420417785644588
-69.887916564941406 12.420417785644588
-69.887916564941406 12.420694351196403
-69.888473510742131 12.420694351196403
-69.888473510742131 12.420973777771053
-69.888748168945256 12.420971870422477
-69.888748168945256 12.421250343322868
-69.889579772949219 12.421250343322868
-69.889579772949219 12.421527862548942
-69.889862060546875 12.421527862548942
-69.889862060546875 12.421806335449332
-69.89013671875 12.421806335449332
-69.89013671875 12.422083854675407
-69.890975952148438 12.422083854675407
-69.890975952148438 12.421806335449332
-69.891250610351449 12.421806335449332
-69.891250610351449 12.421527862548942
-69.891807556152287 12.421527862548942
-69.891807556152287 12.421250343322868
-69.892364501953068 12.421250343322868
-69.892364501953068 12.420971870422477
-69.89263916015625 12.420973777771053
-69.89263916015625 12.420694351196403
-69.893470764160156 12.420694351196403
-69.893470764160156 12.420973777771053
-69.893753051757812 12.420971870422477
-69.893753051757812 12.421250343322868
-69.894584655761605 12.421250343322868
-69.894584655761605 12.420971870422477
-69.895141601562443 12.420973777771053
-69.895141601562443 12.420694351196403
-69.89569091796875 12.420694351196403
-69.89569091796875 12.420973777771053
-69.895973205566406 12.420971870422477
-69.895973205566406 12.421250343322868
-69.896247863769531 12.421250343322868
-69.896247863769531 12.421527862548942
-69.896530151367188 12.421527862548942
-69.896530151367188 12.421806335449332
-69.897087097167969 12.421806335449332
-69.897087097167969 12.422083854675407
-69.898193359374943 12.422083854675407
-69.898193359374943 12.422639846801701
-69.898475646972599 12.422639846801701
-69.898475646972599 12.422916412353516
-69.898750305175724 12.422916412353516
-69.898750305175724 12.423195838928166
-69.899864196777344 12.423195838928166
-69.899864196777344 12.42347240447998
-69.900138854980469 12.42347240447998
-69.900138854980469 12.424028396606445
-69.900413513183594 12.424028396606445
-69.900413513183594 12.42430591583252
-69.90069580078125 12.42430591583252
-69.90069580078125 12.424861907958984
-69.900970458984318 12.424861907958984
-69.900970458984318 12.425138473510799
-69.901527404785099 12.425138473510799
-69.901527404785099 12.425694465637264
-69.901802062988224 12.425694465637264
-69.901802062988224 12.425971984863338
-69.902084350585881 12.425971984863338
-69.902084350585881 12.425694465637264
-69.90374755859375 12.425694465637264
-69.90374755859375 12.426806449890194
-69.904029846191293 12.426806449890194
-69.904029846191293 12.427083969116325
-69.904861450195256 12.427083969116325
-69.904861450195256 12.426806449890194
-69.905975341796875 12.426806449890194
-69.905975341796875 12.427083969116325
-69.90625 12.427082061767521
-69.90625 12.427362442016715
-69.906524658203125 12.427362442016715
-69.906524658203125 12.427639961242789
-69.906806945800781 12.427638053893986
-69.906806945800781 12.427915573120117
-69.907081604003793 12.427915573120117
-69.907081604003793 12.428194046020508
-69.907363891601449 12.428194046020508
-69.907363891601449 12.428750038146973
-69.907638549804631 12.428750038146973
-69.907638549804631 12.429027557373047
-69.907913208007756 12.429027557373047
-69.907913208007756 12.430693626403865
-69.908195495605412 12.430693626403865
-69.908195495605412 12.430972099304256
-69.9093017578125 12.430972099304256
-69.9093017578125 12.43124961853033
-69.910140991210938 12.43124961853033
-69.910140991210938 12.430972099304256
-69.910697937011662 12.430972099304256
-69.910697937011662 12.430418968200684
-69.91180419921875 12.430418968200684
-69.91180419921875 12.430972099304256
-69.912086486816406 12.430972099304256
-69.912086486816406 12.431529045105037
-69.912635803222656 12.431529045105037
-69.912635803222656 12.431806564331112
-69.913749694824162 12.431806564331112
-69.913749694824162 12.431529045105037
-69.915412902832031 12.431529045105037
-69.915412902832031 12.430972099304256
-69.915695190429688 12.430972099304256
-69.915695190429688 12.43124961853033
-69.920135498046818 12.43124961853033
-69.920135498046818 12.431529045105037
-69.921249389648438 12.431529045105037
-69.921249389648438 12.431806564331112
-69.921806335449219 12.431806564331112
-69.921806335449219 12.432085037231502
-69.922080993652344 12.43208217620861
-69.922080993652344 12.432359695434684
-69.92236328125 12.432359695434684
-69.92236328125 12.432641029357967
-69.922920227050781 12.432638168335075
-69.922920227050781 12.432916641235465
-69.923469543456974 12.432916641235465
-69.923469543456974 12.433195114135856
-69.923751831054631 12.433195114135856
-69.923751831054631 12.43347263336193
-69.924308776855412 12.43347263336193
-69.924308776855412 12.433751106262321
-69.924583435058594 12.433751106262321
-69.924583435058594 12.434028625488395
-69.925697326660156 12.434028625488395
-69.925697326660156 12.432638168335075
-69.925971984863281 12.432641029357967
-69.925971984863281 12.432359695434684
-69.927085876464787 12.432359695434684
-69.927085876464787 12.432641029357967
-69.927360534667912 12.432638168335075
-69.927360534667912 12.432916641235465
-69.92791748046875 12.432916641235465
-69.92791748046875 12.433751106262321
-69.928192138671875 12.433751106262321
-69.928192138671875 12.434028625488395
-69.92791748046875 12.434028625488395
-69.92791748046875 12.434861183166504
-69.927360534667912 12.434861183166504
-69.927360534667912 12.435138702392578
-69.927085876464787 12.435138702392578
-69.927085876464787 12.435417175292969
-69.927360534667912 12.435417175292969
-69.927360534667912 12.436248779296932
-69.926803588867131 12.436248779296932
-69.926803588867131 12.435973167419434
-69.926246643066293 12.435973167419434
-69.926246643066293 12.436248779296932
-69.9254150390625 12.436248779296932
-69.9254150390625 12.436529159545898
-69.925140380859375 12.436529159545898
-69.925140380859375 12.436804771423397
-69.924858093261719 12.436804771423397
-69.924858093261719 12.438195228576717
-69.925140380859375 12.438195228576717
-69.925140380859375 12.438472747802848
-69.9254150390625 12.438472747802848
-69.9254150390625 12.439028739929313
-69.925697326660156 12.43902683258051
-69.925697326660156 12.4393053054809
-69.926246643066293 12.4393053054809
-69.926246643066293 12.439582824706974
-69.926528930664006 12.439582824706974
-69.926528930664006 12.439861297607365
-69.926803588867131 12.439861297607365
-69.926803588867131 12.439582824706974
-69.927085876464787 12.439582824706974
-69.927085876464787 12.439861297607365
-69.927635192871094 12.439861297607365
-69.927635192871094 12.440138816833496
-69.92791748046875 12.440138816833496
-69.92791748046875 12.44041728973383
-69.928474426269531 12.44041728973383
-69.928474426269531 12.440694808959961
-69.928749084472656 12.440694808959961
-69.928749084472656 12.440973281860352
-69.929306030273438 12.440973281860352
-69.929306030273438 12.440694808959961
-69.929862976074162 12.440694808959961
-69.929862976074162 12.440973281860352
-69.931251525878906 12.440973281860352
-69.931251525878906 12.44124889373785
-69.931808471679688 12.44124889373785
-69.931808471679688 12.441527366638184
-69.932083129882812 12.441527366638184
-69.932083129882812 12.441806793212891
-69.932357788085938 12.441806793212891
-69.932357788085938 12.441527366638184
-69.93264007568348 12.441527366638184
-69.93264007568348 12.44124889373785
-69.932357788085938 12.44124889373785
-69.932357788085938 12.440973281860352
-69.932083129882812 12.440973281860352
-69.932083129882812 12.440694808959961
-69.931808471679688 12.440694808959961
-69.931808471679688 12.44041728973383
-69.932357788085938 12.44041728973383
-69.932357788085938 12.440138816833496
-69.932914733886662 12.440138816833496
-69.932914733886662 12.44041728973383
-69.933746337890568 12.44041728973383
-69.933746337890568 12.440694808959961
-69.934860229492188 12.440694808959961
-69.934860229492188 12.440973281860352
-69.935417175292969 12.440973281860352
-69.935417175292969 12.440694808959961
-69.936531066894474 12.440694808959961
-69.936531066894474 12.440973281860352
-69.937080383300781 12.440973281860352
-69.937080383300781 12.44124889373785
-69.938468933105469 12.44124889373785
-69.938468933105469 12.441527366638184
-69.939025878906136 12.441527366638184
-69.939025878906136 12.441806793212891
-69.940414428710938 12.441804885864315
-69.940414428710938 12.442083358764705
-69.940971374511719 12.442083358764705
-69.940971374511719 12.442363739013672
-69.941253662109375 12.442360877990779
-69.941253662109375 12.44263935089117
-69.9415283203125 12.44263935089117
-69.9415283203125 12.44402980804449
-69.944862365722656 12.444026947021598
-69.944862365722656 12.444305419921989
-69.945137023925781 12.444305419921989
-69.945137023925781 12.444861412048454
-69.945693969726506 12.444861412048454
-69.945693969726506 12.445139884948844
-69.945968627929631 12.445139884948844
-69.945968627929631 12.445418357849235
-69.946250915527287 12.445418357849235
-69.946250915527287 12.445695877075309
-69.946525573730412 12.445693016052246
-69.946525573730412 12.44597053527832
-69.94708251953125 12.44597053527832
-69.94708251953125 12.446528434753418
-69.947364807128906 12.446528434753418
-69.947364807128906 12.446807861328239
-69.947639465332031 12.446805953979492
-69.947639465332031 12.447084426879883
-69.947914123535156 12.447084426879883
-69.947914123535156 12.447361946105957
-69.94875335693348 12.447361946105957
-69.94875335693348 12.447636604309139
-69.949028015136662 12.447636604309139
-69.949028015136662 12.44819355010992
-69.949302673339787 12.44819355010992
-69.949302673339787 12.448473930358887
-69.950973510742188 12.448472023010311
-69.950973510742188 12.448749542236385
-69.950691223144531 12.448749542236385
-69.950691223144531 12.449029922485352
-69.950973510742188 12.449028015136776
-69.950973510742188 12.44930553436285
-69.951248168945312 12.44930553436285
-69.951248168945312 12.44958400726324
-69.951530456542969 12.44958400726324
-69.951530456542969 12.449861526489315
-69.952079772949162 12.449861526489315
-69.952079772949162 12.450139999389705
-69.952362060546818 12.450139999389705
-69.952362060546818 12.449861526489315
-69.952636718749943 12.449861526489315
-69.952636718749943 12.450139999389705
-69.952919006347599 12.450139999389705
-69.952919006347599 12.45069599151617
-69.953193664550781 12.45069599151617
-69.953193664550781 12.450415611267033
-69.954025268554688 12.450415611267033
-69.954025268554688 12.450971603393498
-69.954307556152344 12.450971603393498
-69.954307556152344 12.451251983642692
-69.954582214355469 12.451250076293888
-69.954582214355469 12.451527595519963
-69.954864501953125 12.451527595519963
-69.954864501953125 12.451806068420353
-69.955139160156193 12.451806068420353
-69.955139160156193 12.452083587646484
-69.955696105956974 12.452083587646484
-69.955696105956974 12.452637672424316
-69.955970764160099 12.452637672424316
-69.955970764160099 12.45291805267334
-69.956253051757756 12.45291805267334
-69.956253051757756 12.453193664550838
-69.956527709960938 12.453193664550838
-69.956527709960938 12.453472137451172
-69.956802368164062 12.453472137451172
-69.956802368164062 12.453749656677303
-69.957084655761719 12.453749656677303
-69.957084655761719 12.454028129577694
-69.957359313964844 12.454028129577694
-69.957359313964844 12.454305648803768
-69.957916259765625 12.454305648803768
-69.957916259765625 12.454584121704158
-69.958747863769474 12.454584121704158
-69.958747863769474 12.454859733581657
-69.959030151367131 12.454859733581657
-69.959030151367131 12.455138206482047
-69.960418701171875 12.455138206482047
-69.960418701171875 12.455415725708121
-69.960693359375 12.455415725708121
-69.960693359375 12.457083702087516
-69.960975646972656 12.457083702087516
-69.960975646972656 12.45736026763916
-69.961250305175668 12.45736026763916
-69.961250305175668 12.457637786865234
-69.961524963378849 12.457637786865234
-69.961524963378849 12.457916259765625
-69.961807250976506 12.457916259765625
-69.961807250976506 12.458193778991699
-69.962081909179631 12.458193778991699
-69.962081909179631 12.45847225189209
-69.962913513183594 12.45847225189209
-69.962913513183594 12.45875072479248
-69.96319580078125 12.45875072479248
-69.96319580078125 12.459029197692871
-69.963752746582031 12.459029197692871
-69.963752746582031 12.459582328796444
-69.964027404785156 12.459582328796444
-69.964027404785156 12.459859848022518
-69.964584350585824 12.459859848022518
-69.964584350585824 12.460416793823299
-69.964859008789006 12.460416793823299
-69.964859008789006 12.46069526672369
-69.965141296386662 12.46069526672369
-69.965141296386662 12.461251258850154
-69.965415954589787 12.461251258850154
-69.965415954589787 12.461528778076229
-69.965972900390625 12.461528778076229
-69.965972900390625 12.461805343628043
-69.96624755859375 12.461805343628043
-69.96624755859375 12.462082862854118
-69.966804504394531 12.462082862854118
-69.966804504394531 12.462361335754508
-69.967086791992188 12.462361335754508
-69.967086791992188 12.462638854980582
-69.968193054199162 12.462638854980582
-69.968193054199162 12.462917327880973
-69.96875 12.462917327880973
-69.96875 12.463194847106877
-69.969024658203125 12.463194847106877
-69.969024658203125 12.463473320007438
-69.969306945800781 12.463473320007438
-69.969306945800781 12.463750839233342
-69.969581604003906 12.463750839233342
-69.969581604003906 12.464860916137695
-69.969863891601562 12.464860916137695
-69.969863891601562 12.46541690826416
-69.970138549804688 12.46541690826416
-69.970138549804688 12.465972900390682
-69.970413208007812 12.465970993042049
-69.970413208007812 12.466251373291016
-69.970695495605469 12.466251373291016
-69.970695495605469 12.465970993042049
-69.971527099609318 12.465972900390682
-69.971527099609318 12.465695381164551
-69.971801757812443 12.465695381164551
-69.971801757812443 12.465972900390682
-69.972358703613281 12.465970993042049
-69.972358703613281 12.466251373291016
-69.972640991210938 12.466251373291016
-69.972640991210938 12.467082977295036
-69.972915649414062 12.467082977295036
-69.972915649414062 12.467361450195369
-69.973747253417969 12.467361450195369
-69.973747253417969 12.4676389694215
-69.974029541015511 12.4676389694215
-69.974029541015511 12.467917442321891
-69.974304199218693 12.467917442321891
-69.974304199218693 12.468194961547965
-69.975135803222599 12.468193054199162
-69.975135803222599 12.468473434448356
-69.975692749023438 12.468473434448356
-69.975692749023438 12.46875095367443
-69.975975036621094 12.468749046325684
-69.975975036621094 12.470138549804688
-69.975692749023438 12.470138549804688
-69.975692749023438 12.470973968505859
-69.975975036621094 12.470971107482967
-69.975975036621094 12.471804618835506
-69.975692749023438 12.471804618835506
-69.975692749023438 12.472640037536678
-69.975418090820312 12.472640037536678
-69.975418090820312 12.472917556762752
-69.975135803222599 12.472917556762752
-69.975135803222599 12.473196029663143
-69.974861145019474 12.47319316864025
-69.974861145019474 12.473470687866154
-69.974586486816349 12.473470687866154
-69.974586486816349 12.474306106567496
-69.974861145019474 12.474306106567496
-69.974861145019474 12.474583625793571
-69.975692749023438 12.474583625793571
-69.975692749023438 12.474027633667106
-69.976249694824219 12.474027633667106
-69.976249694824219 12.472361564636287
-69.976524353027344 12.472361564636287
-69.976524353027344 12.472083091735897
-69.977081298828011 12.472083091735897
-69.977081298828011 12.471529960632324
-69.976806640625 12.471529960632324
-69.976806640625 12.470973968505859
-69.976524353027344 12.470973968505859
-69.976524353027344 12.470138549804688
-69.976806640625 12.470138549804688
-69.976806640625 12.469582557678223
-69.977081298828011 12.469582557678223
-69.977081298828011 12.469305038452148
-69.977363586425668 12.469306945800895
-69.977363586425668 12.469026565551758
-69.977912902831974 12.469026565551758
-69.977912902831974 12.469306945800895
-69.978195190429631 12.469306945800895
-69.978195190429631 12.469861030578613
-69.978469848632812 12.469861030578613
-69.978469848632812 12.470138549804688
-69.979026794433594 12.470138549804688
-69.979026794433594 12.470694541931152
-69.978752136230469 12.470694541931152
-69.978752136230469 12.470973968505859
-69.978469848632812 12.470971107482967
-69.978469848632812 12.471248626709041
-69.977912902831974 12.471248626709041
-69.977912902831974 12.471529960632324
-69.977638244628849 12.471529960632324
-69.977638244628849 12.472083091735897
-69.977912902831974 12.472083091735897
-69.977912902831974 12.472361564636287
-69.978469848632812 12.472361564636287
-69.978469848632812 12.472640037536678
-69.979026794433594 12.472640037536678
-69.979026794433594 12.472917556762752
-69.97930908203125 12.472917556762752
-69.97930908203125 12.473196029663143
-69.980140686035156 12.47319316864025
-69.980140686035156 12.473470687866154
-69.980972290039006 12.473470687866154
-69.980972290039006 12.473752021789608
-69.981246948242131 12.473750114441032
-69.981246948242131 12.474027633667106
-69.981529235839787 12.474027633667106
-69.981529235839787 12.474306106567496
-69.981803894042969 12.474306106567496
-69.981803894042969 12.474583625793571
-69.982086181640625 12.474583625793571
-69.982086181640625 12.474862098693961
-69.982635498046875 12.474862098693961
-69.982635498046875 12.475139617919865
-69.982917785644531 12.475139617919865
-69.982917785644531 12.475418090820426
-69.983192443847656 12.475418090820426
-69.983192443847656 12.475693702697754
-69.983749389648381 12.475693702697754
-69.983749389648381 12.475972175598145
-69.984306335449162 12.475972175598145
-69.984306335449162 12.476249694824219
-69.984863281249943 12.476249694824219
-69.984863281249943 12.476528167724609
-69.985420227050781 12.476528167724609
-69.985420227050781 12.476805686950684
-69.986251831054688 12.476805686950684
-69.986251831054688 12.477084159851074
-69.986526489257812 12.477084159851074
-69.986526489257812 12.477359771728572
-69.986808776855355 12.477359771728572
-69.986808776855355 12.477640151977539
-69.987083435058537 12.477640151977539
-69.987083435058537 12.477915763855037
-69.987358093261662 12.477915763855037
-69.987358093261662 12.479027748108024
-69.987083435058537 12.479027748108024
-69.987083435058537 12.479583740234489
-69.986808776855355 12.479583740234489
-69.986808776855355 12.480416297912541
-69.987083435058537 12.480416297912541
-69.987083435058537 12.480693817138672
-69.987358093261662 12.480693817138672
-69.987358093261662 12.480972290039006
-69.987915039062443 12.480972290039006
-69.987915039062443 12.481249809265137
-69.988471984863281 12.481249809265137
-69.988471984863281 12.481528282165527
-69.988746643066406 12.481528282165527
-69.988746643066406 12.481249809265137
-69.989028930664062 12.481249809265137
-69.989028930664062 12.480693817138672
-69.988746643066406 12.480693817138672
-69.988746643066406 12.479862213134879
-69.989028930664062 12.479862213134879
-69.989028930664062 12.479583740234489
-69.989585876464844 12.479583740234489
-69.989585876464844 12.479306221008358
-69.990135192871037 12.479306221008358
-69.990135192871037 12.480972290039006
-69.990417480468693 12.480972290039006
-69.990417480468693 12.480416297912541
-69.992080688476562 12.480416297912541
-69.992080688476562 12.480693817138672
-69.992919921875 12.480693817138672
-69.992919921875 12.480972290039006
-69.993469238281193 12.480972290039006
-69.993469238281193 12.481249809265137
-69.994583129882812 12.481249809265137
-69.994583129882812 12.480693817138672
-69.994857788085938 12.480693817138672
-69.994857788085938 12.480416297912541
-69.995140075683594 12.480416297912541
-69.995140075683594 12.479583740234489
-69.995414733886719 12.479583740234489
-69.995414733886719 12.479027748108024
-69.995697021484375 12.479027748108024
-69.995697021484375 12.478750228881893
-69.9959716796875 12.478750228881893
-69.9959716796875 12.478471755981502
-69.997917175292969 12.478471755981502
-69.997917175292969 12.478750228881893
-69.998191833496094 12.478750228881893
-69.998191833496094 12.479027748108024
-69.99847412109375 12.479027748108024
-69.99847412109375 12.479306221008358
-69.998748779296875 12.479306221008358
-69.998748779296875 12.48013782501215
-69.999031066894531 12.48013782501215
-69.999031066894531 12.480693817138672
-69.999580383300724 12.480693817138672
-69.999580383300724 12.480972290039006
-69.999862670898381 12.480972290039006
-70.000137329101506 12.480972290039006
-70.000137329101506 12.480693817138672
-70.000419616699162 12.480693817138672
-70.000419616699162 12.481528282165527
-70.000694274902287 12.481528282165527
-70.000694274902287 12.483194351196346
-70.000968933105469 12.483194351196346
-70.000968933105469 12.483474731445312
-70.001251220703125 12.48347187042242
-70.001251220703125 12.483750343322811
-70.00152587890625 12.483750343322811
-70.00152587890625 12.484027862548885
-70.001808166503906 12.484027862548885
-70.001808166503906 12.484584808349666
-70.002082824707031 12.484581947326774
-70.002082824707031 12.484860420227164
-70.003471374511662 12.484860420227164
-70.003471374511662 12.485140800476131
-70.0040283203125 12.485137939453239
-70.0040283203125 12.485416412353629
-70.004585266113281 12.485416412353629
-70.004585266113281 12.485696792602596
-70.005142211914062 12.485693931579704
-70.005142211914062 12.485973358154411
-70.005973815917855 12.485973358154411
-70.005973815917855 12.486250877380485
-70.006805419921818 12.486250877380485
-70.006805419921818 12.486525535583496
-70.007080078125 12.486525535583496
-70.007080078125 12.48680686950695
-70.007362365722656 12.48680686950695
-70.007362365722656 12.487081527709961
-70.007919311523438 12.487081527709961
-70.007919311523438 12.487362861633414
-70.008468627929688 12.487360954284668
-70.008468627929688 12.487639427185059
-70.008750915527344 12.487639427185059
-70.008750915527344 12.487918853759709
-70.009025573730355 12.487916946411133
-70.009025573730355 12.488195419311523
-70.009582519531193 12.488195419311523
-70.009582519531193 12.488472938537598
-70.010139465331974 12.488472938537598
-70.010139465331974 12.488751411437988
-70.010696411132812 12.488751411437988
-70.010696411132812 12.489304542541561
-70.010971069335938 12.489304542541561
-70.010971069335938 12.489584922790527
-70.011253356933594 12.489583015441951
-70.011253356933594 12.489860534668026
-70.011528015136719 12.489860534668026
-70.011528015136719 12.490140914916992
-70.011802673339844 12.490139007568416
-70.011802673339844 12.49041652679449
-70.0120849609375 12.49041652679449
-70.0120849609375 12.491526603698674
-70.011528015136719 12.491526603698674
-70.011528015136719 12.491250991821346
-70.011253356933594 12.491250991821346
-70.011253356933594 12.490973472595272
-70.010696411132812 12.490973472595272
-70.010696411132812 12.490694999694881
-70.009582519531193 12.490694999694881
-70.009582519531193 12.491806983947868
-70.009864807128849 12.491806983947868
-70.009864807128849 12.492361068725529
-70.010414123535156 12.492361068725529
-70.010414123535156 12.493194580078125
-70.010696411132812 12.493194580078125
-70.010696411132812 12.493473052978516
-70.010971069335938 12.493473052978516
-70.010971069335938 12.493194580078125
-70.011528015136719 12.493194580078125
-70.011528015136719 12.493748664856014
-70.011802673339844 12.493748664856014
-70.011802673339844 12.49402904510498
-70.0120849609375 12.494027137756348
-70.0120849609375 12.494304656982479
-70.012359619140568 12.494304656982479
-70.012359619140568 12.494027137756348
-70.012641906738224 12.494027137756348
-70.012641906738224 12.494304656982479
-70.012916564941349 12.494304656982479
-70.012916564941349 12.494583129882869
-70.013191223144474 12.494583129882869
-70.013191223144474 12.495139122009334
-70.013473510742131 12.495139122009334
-70.013473510742131 12.495416641235408
-70.014030456542969 12.495416641235408
-70.014030456542969 12.495972633361873
-70.014305114746094 12.495972633361873
-70.014305114746094 12.496249198913688
-70.014579772949219 12.496249198913688
-70.014579772949219 12.496526718139762
-70.01513671875 12.496526718139762
-70.01513671875 12.496805191040153
-70.015419006347543 12.496805191040153
-70.015419006347543 12.497082710266227
-70.015975952148381 12.497082710266227
-70.015975952148381 12.497361183166618
-70.016250610351506 12.497361183166618
-70.016250610351506 12.497638702392692
-70.017082214355469 12.497638702392692
-70.017082214355469 12.497915267944336
-70.017364501953125 12.497915267944336
-70.017364501953125 12.498195648193473
-70.01763916015625 12.498195648193473
-70.01763916015625 12.499027252197266
-70.017913818359375 12.499027252197266
-70.017913818359375 12.49930477142334
-70.018753051757699 12.49930477142334
-70.018753051757699 12.499027252197266
-70.019302368164006 12.499027252197266
-70.019302368164006 12.49930477142334
-70.020416259765625 12.49930477142334
-70.020416259765625 12.499584197998047
-70.020973205566406 12.499584197998047
-70.020973205566406 12.499861717224121
-70.021247863769531 12.499861717224121
-70.021247863769531 12.500140190124512
-70.021530151367188 12.500140190124512
-70.021530151367188 12.500417709350586
-70.021804809570199 12.500417709350586
-70.021804809570199 12.500693321228084
-70.022361755371037 12.500693321228084
-70.022361755371037 12.500971794128475
-70.022918701171818 12.500971794128475
-70.022918701171818 12.501250267028865
-70.024024963378906 12.501250267028865
-70.024024963378906 12.50152778625494
-70.024581909179688 12.50152778625494
-70.024581909179688 12.50180625915533
-70.025138854980412 12.50180625915533
-70.025138854980412 12.502083778381404
-70.025695800781193 12.502083778381404
-70.025695800781193 12.502362251281795
-70.027084350585938 12.502362251281795
-70.027084350585938 12.502639770507869
-70.027641296386719 12.502639770507869
-70.027641296386719 12.502916336059684
-70.027915954589844 12.502916336059684
-70.027915954589844 12.503193855285758
-70.028472900390568 12.503193855285758
-70.028472900390568 12.503472328186149
-70.028747558593693 12.503472328186149
-70.028747558593693 12.503749847412053
-70.029029846191349 12.503749847412053
-70.029029846191349 12.504028320312614
-70.029304504394474 12.504028320312614
-70.029304504394474 12.504305839538517
-70.029586791992188 12.504305839538517
-70.029586791992188 12.504861831664982
-70.029861450195312 12.504861831664982
-70.029861450195312 12.505417823791504
-70.030136108398438 12.505417823791504
-70.030136108398438 12.509861946106071
-70.030418395996094 12.509861946106071
-70.030418395996094 12.510418891906852
-70.030693054199219 12.510418891906852
-70.030693054199219 12.510972023010254
-70.030975341796875 12.510972023010254
-70.030975341796875 12.511807441711426
-70.031249999999886 12.511807441711426
-70.031249999999886 12.512363433837891
-70.031524658203068 12.512363433837891
-70.031524658203068 12.512640953063965
-70.031806945800724 12.512638092041072
-70.031806945800724 12.512915611267147
-70.032081604003849 12.512915611267147
-70.032081604003849 12.513472557067928
-70.032638549804688 12.513472557067928
-70.032638549804688 12.513751029968319
-70.033195495605469 12.513751029968319
-70.033195495605469 12.514307022094783
-70.033470153808594 12.514304161071891
-70.033470153808594 12.514582633972282
-70.036247253417969 12.514582633972282
-70.036247253417969 12.514304161071891
-70.036529541015625 12.514304161071891
-70.036529541015625 12.514582633972282
-70.03680419921875 12.514582633972282
-70.03680419921875 12.514863014221248
-70.037361145019531 12.514861106872672
-70.037361145019531 12.515138626098746
-70.037635803222543 12.515138626098746
-70.037635803222543 12.515419006347713
-70.037918090820256 12.515417098999137
-70.037918090820256 12.515694618225041
-70.038192749023381 12.515694618225041
-70.038192749023381 12.515973091125602
-70.038475036621037 12.515973091125602
-70.038475036621037 12.516804695129395
-70.039024353027344 12.516804695129395
-70.039024353027344 12.517083168029785
-70.040695190429688 12.517083168029785
-70.040695190429688 12.517360687255859
-70.040969848632756 12.517360687255859
-70.040969848632756 12.51763916015625
-70.041252136230412 12.51763916015625
-70.041252136230412 12.518472671508846
-70.041526794433537 12.518472671508846
-70.041526794433537 12.51875114440918
-70.042915344238281 12.51875114440918
-70.042915344238281 12.519026756286678
-70.043197631835938 12.519026756286678
-70.043197631835938 12.520417213440055
-70.043746948242188 12.520417213440055
-70.043746948242188 12.520694732666129
-70.045135498046818 12.520694732666129
-70.045135498046818 12.52097320556652
-70.045417785644531 12.52097320556652
-70.045417785644531 12.521248817443848
-70.045692443847656 12.521248817443848
-70.045692443847656 12.521529197692985
-70.046249389648438 12.521529197692985
-70.046249389648438 12.521806716919059
-70.046524047851562 12.521804809570312
-70.046524047851562 12.522083282470703
-70.046806335449219 12.522083282470703
-70.046806335449219 12.522360801696777
-70.04708099365223 12.522360801696777
-70.04708099365223 12.522639274597168
-70.047363281249886 12.522639274597168
-70.047363281249886 12.522916793823242
-70.047637939453068 12.522916793823242
-70.047637939453068 12.523195266723633
-70.047920227050724 12.523195266723633
-70.047920227050724 12.523472785949707
-70.048469543457031 12.523470878601131
-70.048469543457031 12.523749351501522
-70.048751831054688 12.523749351501522
-70.048751831054688 12.524029731750488
-70.049026489257812 12.524026870727596
-70.049026489257812 12.524582862854061
-70.049308776855469 12.524582862854061
-70.049308776855469 12.524861335754451
-70.049583435058594 12.524861335754451
-70.049583435058594 12.525138854980526
-70.049858093261719 12.525138854980526
-70.049858093261719 12.52541542053234
-70.050415039062386 12.52541542053234
-70.050415039062386 12.525695800781307
-70.050971984863224 12.525695800781307
-70.050971984863224 12.525971412658805
-70.051246643066349 12.525971412658805
-70.051246643066349 12.527084350586051
-70.051528930664006 12.527084350586051
-70.051528930664006 12.52791786193859
-70.051803588867188 12.52791786193859
-70.051803588867188 12.528473854064885
-70.052085876464844 12.528473854064885
-70.052085876464844 12.529029846191349
-70.052360534667969 12.529027938842773
-70.052360534667969 12.529306411743164
-70.052635192871094 12.529306411743164
-70.052635192871094 12.529862403869629
-70.05291748046875 12.529862403869629
-70.05291748046875 12.530139923095703
-70.053749084472599 12.530139923095703
-70.053749084472599 12.530415534973201
-70.055137634277344 12.530415534973201
-70.055137634277344 12.530695915222168
-70.056526184082031 12.530695915222168
-70.056526184082031 12.53125
-70.056808471679574 12.53125
-70.056808471679574 12.531805992126522
-70.057083129882756 12.531805992126522
-70.057083129882756 12.532637596130314
-70.057357788085881 12.532637596130314
-70.057357788085881 12.532917976379508
-70.057640075683537 12.532917976379508
-70.057640075683537 12.53347206115717
-70.057914733886662 12.53347206115717
-70.057914733886662 12.534584045410156
-70.058197021484375 12.534584045410156
-70.058197021484375 12.535971641540584
-70.0584716796875 12.535971641540584
-70.0584716796875 12.536527633667049
-70.058746337890625 12.536527633667049
-70.058746337890625 12.536804199218864
-70.059303283691406 12.536804199218864
-70.059303283691406 12.537083625793514
-70.06014251708973 12.537083625793514
-70.06014251708973 12.537360191345329
-70.060691833496037 12.537360191345329
-70.060691833496037 12.537637710571403
-70.060974121093693 12.537637710571403
-70.060974121093693 12.537916183471793
-70.061531066894531 12.537916183471793
-70.061531066894531 12.538193702697868
-70.061805725097656 12.538193702697868
-70.061805725097656 12.538472175598258
-70.062080383300781 12.538472175598258
-70.062080383300781 12.538749694824162
-70.062637329101562 12.538749694824162
-70.062637329101562 12.539029121399039
-70.06319427490223 12.539029121399039
-70.06319427490223 12.539306640625114
-70.063468933105412 12.539306640625114
-70.063468933105412 12.540416717529297
-70.06319427490223 12.540416717529297
-70.06319427490223 12.542361259460506
-70.062919616699219 12.542361259460506
-70.062919616699219 12.542917251586971
-70.062637329101562 12.542917251586971
-70.062637329101562 12.543194770813045
-70.062362670898438 12.543194770813045
-70.062362670898438 12.54375076293951
-70.062080383300781 12.54375076293951
-70.062080383300781 12.544027328491325
-70.061805725097656 12.544027328491325
-70.061805725097656 12.544304847717228
-70.061531066894531 12.544304847717228
-70.061531066894531 12.544583320617789
-70.061248779296875 12.544583320617789
-70.061248779296875 12.544860839843693
-70.060974121093693 12.544860839843693
-70.060974121093693 12.54597282409668
-70.060691833496037 12.545970916748047
-70.060691833496037 12.546526908874512
-70.060417175292912 12.546526908874512
-70.060417175292912 12.546805381774902
-70.06014251708973 12.546805381774902
-70.06014251708973 12.547082901001033
-70.059860229492074 12.547082901001033
-70.059860229492074 12.547361373901367
-70.059585571289062 12.547361373901367
-70.059585571289062 12.547917366027889
-70.059028625488281 12.547917366027889
-70.059028625488281 12.548196792602539
-70.058746337890625 12.548194885253963
-70.058746337890625 12.548473358154354
-70.0584716796875 12.548473358154354
-70.0584716796875 12.549027442932243
-70.058197021484375 12.549027442932243
-70.058197021484375 12.549860954284782
-70.057914733886662 12.549860954284782
-70.057914733886662 12.550416946411246
-70.057640075683537 12.550416946411246
-70.057640075683537 12.550695419311637
-70.057357788085881 12.550695419311637
-70.057357788085881 12.550972938537711
-70.057083129882756 12.550971031188965
-70.057083129882756 12.551252365112418
-70.056808471679574 12.551252365112418
-70.056808471679574 12.551804542541504
-70.056526184082031 12.551804542541504
-70.056526184082031 12.552360534667969
-70.056251525878906 12.552360534667969
-70.056251525878906 12.553195953369141
-70.05596923828125 12.553195953369141
-70.05596923828125 12.553751945495605
-70.055694580078125 12.553749084472713
-70.055694580078125 12.554027557373104
-70.055419921875 12.554027557373104
-70.055419921875 12.554583549499569
-70.055137634277344 12.554583549499569
-70.055137634277344 12.555974006652889
-70.055419921875 12.555972099304313
-70.055419921875 12.55735969543457
-70.055694580078125 12.55735969543457
-70.055694580078125 12.5584716796875
-70.05596923828125 12.5584716796875
-70.05596923828125 12.559862136840877
-70.055694580078125 12.559862136840877
-70.055694580078125 12.560137748718375
-70.055419921875 12.560137748718375
-70.055419921875 12.56069374084484
-70.055137634277344 12.56069374084484
-70.055137634277344 12.560972213745231
-70.054862976074162 12.560972213745231
-70.054862976074162 12.561249732971305
-70.054580688476506 12.561249732971305
-70.054580688476506 12.561528205871696
-70.054306030273381 12.561528205871696
-70.054306030273381 12.56180572509777
-70.054031372070256 12.56180572509777
-70.054031372070256 12.562084197998161
-70.053749084472599 12.562084197998161
-70.053749084472599 12.562361717224235
-70.053474426269531 12.562359809875488
-70.053474426269531 12.562915802001953
-70.053192138671875 12.562915802001953
-70.053192138671875 12.563471794128418
-70.052635192871094 12.563471794128418
-70.052635192871094 12.564027786254883
-70.052360534667969 12.564027786254883
-70.052360534667969 12.564306259155273
-70.052085876464844 12.564306259155273
-70.052085876464844 12.564583778381348
-70.051803588867188 12.564583778381348
-70.051803588867188 12.564860343933162
