> bermuda 0
        -64.710007         32.375156
        -64.709404         32.379719
        -64.706924         32.383350
        -64.699844         32.387398
        -64.689003         32.389347
        -64.680290         32.393833
        -64.673851         32.390114
        -64.676086         32.385113
        -64.687202         32.382477
        -64.693954         32.383228
        -64.694794         32.380722
        -64.692673         32.376602
        -64.703056         32.375092
        -64.711624         32.365147
        -64.713280         32.365788
        -64.710007         32.375156
> bermuda 1
        -64.656982         32.357445
        -64.658012         32.355919
        -64.661354         32.355953
        -64.669899         32.363346
        -64.675003         32.365452
        -64.680153         32.364361
        -64.691582         32.358761
        -64.695580         32.362911
        -64.702339         32.362518
        -64.707176         32.364620
        -64.707100         32.366539
        -64.701958         32.372639
        -64.673782         32.375492
        -64.663521         32.375164
        -64.659409         32.379005
        -64.655365         32.378281
        -64.652702         32.375515
        -64.651993         32.368195
        -64.657997         32.364372
        -64.660202         32.360966
        -64.656982         32.357445
> bermuda 2
        -64.726814         32.359562
        -64.719551         32.358864
        -64.718391         32.351971
        -64.714073         32.349224
        -64.698410         32.344170
        -64.682999         32.345284
        -64.678406         32.344360
        -64.674896         32.342983
        -64.676521         32.340244
        -64.689522         32.333649
        -64.704399         32.329796
        -64.710350         32.326153
        -64.725258         32.312477
        -64.726151         32.312103
        -64.743645         32.304745
        -64.752304         32.299049
        -64.775856         32.277390
        -64.790466         32.266445
        -64.816673         32.257339
        -64.850883         32.249687
        -64.860428         32.247551
        -64.867722         32.246639
        -64.876900         32.248470
        -64.882027         32.254181
        -64.890656         32.275192
        -64.896049         32.283413
        -64.893349         32.285698
        -64.890915         32.285694
        -64.887238         32.281548
        -64.884163         32.289349
        -64.882530         32.300991
        -64.884956         32.307388
        -64.883606         32.308758
        -64.878738         32.308754
        -64.872795         32.312862
        -64.867989         32.311481
        -64.868202         32.308292
        -64.864967         32.302357
        -64.865211         32.301735
        -64.866318         32.298931
        -64.872536         32.295509
        -64.874702         32.292542
        -64.878517         32.278625
        -64.861748         32.276321
        -64.855545         32.273579
        -64.866348         32.273586
        -64.870667         32.272217
        -64.872025         32.268108
        -64.870140         32.260342
        -64.865822         32.257828
        -64.852585         32.259876
        -64.831520         32.260777
        -64.829628         32.263287
        -64.832596         32.266029
        -64.830154         32.270367
        -64.821655         32.273701
        -64.794754         32.284260
        -64.784203         32.290184
        -64.783119         32.294067
        -64.790947         32.297043
        -64.809593         32.295238
        -64.804726         32.298428
        -64.805794         32.302540
        -64.819305         32.304379
        -64.818756         32.306206
        -64.813896         32.307800
        -64.785522         32.307770
        -64.773125         32.312355
        -64.767677         32.314369
        -64.748192         32.326218
        -64.741699         32.327122
        -64.729004         32.325729
        -64.722511         32.327774
        -64.716820         32.334156
        -64.716537         32.338039
        -64.727859         32.348793
        -64.730850         32.343315
        -64.736267         32.338303
        -64.744110         32.336258
        -64.746536         32.338772
        -64.745720         32.341969
        -64.737328         32.346523
        -64.737587         32.351318
        -64.726814         32.359562
