> costa_rica 0
        -85.113029          9.532322
        -85.118813          9.532844
        -85.120857          9.536082
        -85.119644          9.541585
        -85.116623          9.542702
        -85.112694          9.541970
        -85.110886          9.538044
        -85.113029          9.532322
> costa_rica 1
        -87.036247          5.553279
        -87.035439          5.552701
        -87.032249          5.548330
        -87.028931          5.543632
        -87.027443          5.539446
        -87.027580          5.534617
        -87.028328          5.532567
        -87.028648          5.529583
        -87.028946          5.527290
        -87.030823          5.526194
        -87.032196          5.526234
        -87.033813          5.526050
        -87.036118          5.526117
        -87.038124          5.526676
        -87.038673          5.525270
        -87.039413          5.523450
        -87.040138          5.522320
        -87.042717          5.520783
        -87.043869          5.520586
        -87.045471          5.520863
        -87.047310          5.521145
        -87.048691          5.521185
        -87.050781          5.520555
        -87.053352          5.519019
        -87.054298          5.518125
        -87.055939          5.517251
        -87.056198          5.516109
        -87.056473          5.514735
        -87.056488          5.514045
        -87.058823          5.512961
        -87.060188          5.513462
        -87.061798          5.513508
        -87.063393          5.514014
        -87.064613          5.513667
        -87.065956          5.513167
        -87.066597          5.511791
        -87.068535          5.511400
        -87.069290          5.509120
        -87.069611          5.506137
        -87.069664          5.504298
        -87.070175          5.502471
        -87.070000          5.500625
        -87.072121          5.499074
        -87.073936          5.499818
        -87.075050          5.501000
        -87.076134          5.503334
        -87.079071          5.505259
        -87.083099          5.509288
        -87.086693          5.512384
        -87.089386          5.514533
        -87.093018          5.516479
        -87.094521          5.520205
        -87.094650          5.523661
        -87.093628          5.527084
        -87.090958          5.531840
        -87.087387          5.535880
        -87.083374          5.539217
        -87.079384          5.542094
        -87.077011          5.544327
        -87.073311          5.545142
        -87.069855          5.545272
        -87.066643          5.544720
        -87.063652          5.544633
        -87.062302          5.543674
        -87.059540          5.543824
        -87.057945          5.543088
        -87.055817          5.545098
        -87.056000          5.546714
        -87.058258          5.548161
        -87.062126          5.549654
        -87.063919          5.551316
        -87.063187          5.552906
        -87.059486          5.553489
        -87.055824          5.552693
        -87.052841          5.552377
        -87.051208          5.553250
        -87.050919          5.555314
        -87.050636          5.556917
        -87.048561          5.557087
        -87.046753          5.555884
        -87.046165          5.552415
        -87.045761          5.550562
        -87.043961          5.549129
        -87.041191          5.549280
        -87.040222          5.551092
        -87.038338          5.552649
        -87.036247          5.553279
> costa_rica 2
        -85.916740         10.846609
        -85.919968         10.850083
        -85.924629         10.849430
        -85.926239         10.851281
        -85.920418         10.852616
        -85.918304         10.854440
        -85.914818         10.854182
        -85.911613         10.847489
        -85.916740         10.846609
> costa_rica 3
        -85.150360         10.066401
        -85.166351         10.067718
        -85.181816         10.075466
        -85.185722         10.079414
        -85.188919         10.084275
        -85.194061         10.103408
        -85.197029         10.107576
        -85.194199         10.112374
        -85.188866         10.112089
        -85.173950         10.119060
        -85.163513         10.118031
        -85.152435         10.112397
        -85.147568         10.111886
        -85.145302         10.112474
        -85.142456         10.113212
        -85.130676         10.108029
        -85.118172         10.105368
        -85.114716         10.103031
        -85.110764         10.103679
        -85.108711         10.100668
        -85.110603         10.096781
        -85.115715         10.096375
        -85.123795         10.100140
        -85.127762         10.097883
        -85.154854         10.102768
        -85.159897         10.109028
        -85.161293         10.108353
        -85.162254         10.105604
        -85.158371         10.099586
        -85.153755         10.097239
        -85.147957         10.096948
        -85.145447         10.093014
        -85.144348         10.093085
        -85.142426         10.093211
        -85.139847         10.096172
        -85.136612         10.094529
        -85.133125         10.095181
        -85.127571         10.093743
        -85.122314         10.086791
        -85.119545         10.085153
        -85.113503         10.086238
        -85.107193         10.090078
        -85.098152         10.089981
        -85.097725         10.086528
        -85.100319         10.081959
        -85.105217         10.079712
        -85.105469         10.077646
        -85.124107         10.070029
        -85.129204         10.070773
        -85.150360         10.066401
> costa_rica 4
        -84.913429          9.928407
        -84.918495          9.931453
        -84.921692          9.936087
        -84.920975          9.938377
        -84.910034          9.942160
        -84.909538          9.945143
        -84.911591          9.948153
        -84.894684          9.945891
        -84.895744          9.934411
        -84.892311          9.930464
        -84.894180          9.929336
        -84.913429          9.928407
> costa_rica 5
        -84.886917          9.832945
        -84.888756          9.834575
        -84.885483          9.836606
        -84.881462          9.844145
        -84.871017          9.845403
        -84.870567          9.844249
        -84.875008          9.840622
        -84.877373          9.836283
        -84.886917          9.832945
> costa_rica 6
        -84.830109          9.814587
        -84.839821          9.816310
        -84.841644          9.819089
        -84.831673          9.819662
        -84.828697          9.816869
        -84.830109          9.814587
> costa_rica 7
        -84.893768          9.759245
        -84.897476          9.759518
        -84.902267          9.766468
        -84.887878          9.768141
        -84.887199          9.766524
        -84.893768          9.759245
> costa_rica 8
        -84.677635          9.620161
        -84.678993          9.622476
        -84.678040          9.624991
        -84.670128          9.628112
        -84.667358          9.626699
        -84.666458          9.624619
        -84.672997          9.620334
        -84.677635          9.620161
> costa_rica 9
        -83.631790          8.957167
        -83.635712          8.957689
        -83.637970          8.960941
        -83.637047          8.975398
        -83.638344          9.010337
        -83.640038          9.015149
        -83.648735          9.039908
        -83.643867          9.040749
        -83.638802          9.039519
        -83.635483          9.030506
        -83.635544          9.026602
        -83.628853          9.011104
        -83.630638          9.000565
        -83.630043          8.994352
        -83.621902          8.968723
        -83.623108          8.965527
        -83.627296          8.963527
        -83.631790          8.957167
> costa_rica 10
        -83.627655          8.926549
        -83.629478          8.928186
        -83.633102          8.947081
        -83.628212          8.949529
        -83.624771          8.947865
        -83.620537          8.938149
        -83.621567          8.931504
        -83.624161          8.928101
        -83.627655          8.926549
> costa_rica 11
        -83.897255          8.709343
        -83.902069          8.711483
        -83.903862          8.714954
        -83.901253          8.719508
        -83.901192          8.724100
        -83.881584          8.723114
        -83.880913          8.721497
        -83.887733          8.713103
        -83.891472          8.709945
        -83.897255          8.709343
> costa_rica 12
        -84.348869         10.957365
        -84.352188         10.952311
        -84.351593         10.947018
        -84.345634         10.942967
        -84.341667         10.940268
        -84.335167         10.927622
        -84.331703         10.918033
        -84.326645         10.912962
        -84.316658         10.913480
        -84.305984         10.912003
        -84.299339         10.909264
        -84.294724         10.905231
        -84.288231         10.896508
        -84.287582         10.891254
        -84.284279         10.888563
        -84.276985         10.888586
        -84.264267         10.885627
        -84.256264         10.884187
        -84.250954         10.882126
        -84.243713         10.874752
        -84.235062         10.871982
        -84.226738         10.869056
        -84.222466         10.863817
        -84.220032         10.856659
        -84.222687         10.850658
        -84.219460         10.843343
        -84.218224         10.836719
        -84.222603         10.829567
        -84.222427         10.824230
        -84.225822         10.820977
        -84.240601         10.816705
        -84.238678         10.810599
        -84.234032         10.808548
        -84.231377         10.807187
        -84.228790         10.801864
        -84.224129         10.800473
        -84.216805         10.799043
        -84.212822         10.797002
        -84.208199         10.793630
        -84.206985         10.786277
        -84.202408         10.779010
        -84.196304         10.784863
        -84.191589         10.787436
        -84.184906         10.787334
        -84.175064         10.783576
        -84.162880         10.785681
        -84.149513         10.785479
        -84.138680         10.786823
        -84.138680         10.786823
        -84.134407         10.788995
        -84.132736         10.787292
        -84.126656         10.769733
        -84.117638         10.767779
        -84.107216         10.774186
        -84.102974         10.774402
        -84.096359         10.772902
        -84.082428         10.765256
        -84.080383         10.764133
        -84.070358         10.763419
        -84.064255         10.765141
        -84.061417         10.774459
        -84.056679         10.779136
        -84.052422         10.780328
        -84.047913         10.779419
        -84.038651         10.775363
        -84.038651         10.775363
        -84.037689         10.782299
        -84.035522         10.787903
        -84.032127         10.789644
        -84.025131         10.789279
        -84.021553         10.786404
        -84.019012         10.783289
        -84.013702         10.775005
        -84.010918         10.770605
        -84.008095         10.764044
        -83.996353         10.757820
        -83.992783         10.754176
        -83.988678         10.751549
        -83.982231         10.749654
        -83.976578         10.746233
        -83.974564         10.742870
        -83.973320         10.734485
        -83.968307         10.729190
        -83.959534         10.726488
        -83.947906         10.724509
        -83.943283         10.722130
        -83.941269         10.718254
        -83.940559         10.714398
        -83.935989         10.708432
        -83.928490         10.707543
        -83.919899         10.709969
        -83.907898         10.714645
        -83.901321         10.720690
        -83.892776         10.720039
        -83.883453         10.719633
        -83.876495         10.717470
        -83.866890         10.718340
        -83.860825         10.724648
        -83.852783         10.729526
        -83.847046         10.735383
        -83.843674         10.742564
        -83.835838         10.746024
        -83.831947         10.746472
        -83.815376         10.745177
        -83.810387         10.749195
        -83.804337         10.754478
        -83.802208         10.757518
        -83.799614         10.760008
        -83.795586         10.765865
        -83.792694         10.768380
        -83.784935         10.767370
        -83.764969         10.767922
        -83.760399         10.769290
        -83.760399         10.769290
        -83.749100         10.778082
        -83.738556         10.782747
        -83.725754         10.783697
        -83.718918         10.789339
        -83.713326         10.789941
        -83.710335         10.788614
        -83.710335         10.788614
        -83.703995         10.786125
        -83.696854         10.787382
        -83.696854         10.787382
        -83.686348         10.789516
        -83.686348         10.789516
        -83.677910         10.793752
        -83.677063         10.795564
        -83.666901         10.809916
        -83.664612         10.820307
        -83.666290         10.825129
        -83.673988         10.847236
        -83.674141         10.858710
        -83.670998         10.877779
        -83.672279         10.884754
        -83.676041         10.891075
        -83.681236         10.896030
        -83.677452         10.911263
        -83.680183         10.916177
        -83.694336         10.931712
        -83.694626         10.935542
        -83.693535         10.937606
        -83.693535         10.937606
        -83.682663         10.935254
        -83.672478         10.931873
        -83.651588         10.913375
        -83.638863         10.898981
        -83.634674         10.894248
        -83.610962         10.849256
        -83.603767         10.819245
        -83.590622         10.782929
        -83.590622         10.782929
        -83.589867         10.772109
        -83.589867         10.772109
        -83.587807         10.755520
        -83.578499         10.726854
        -83.580109         10.724205
        -83.580109         10.724205
        -83.578148         10.718029
        -83.578148         10.718029
        -83.576775         10.718548
        -83.564911         10.689841
        -83.557823         10.668111
        -83.547867         10.646043
        -83.536507         10.620854
        -83.534317         10.612310
        -83.524849         10.594220
        -83.524071         10.585010
        -83.525887         10.573543
        -83.511566         10.539276
        -83.507965         10.532319
        -83.506966         10.536441
        -83.521660         10.576232
        -83.519737         10.579880
        -83.500702         10.535648
        -83.497299         10.530534
        -83.494026         10.517833
        -83.489403         10.506409
        -83.488220         10.503481
        -83.477112         10.486742
        -83.459084         10.452642
        -83.439835         10.422891
        -83.428596         10.400169
        -83.425743         10.397173
        -83.419693         10.390823
        -83.393593         10.354516
        -83.383667         10.337104
        -83.358765         10.312541
        -83.359077         10.307947
        -83.363007         10.308704
        -83.368042         10.313158
        -83.371025         10.313998
        -83.370865         10.310906
        -83.355492         10.300299
        -83.354263         10.304187
        -83.349915         10.300434
        -83.317619         10.260797
        -83.293610         10.225667
        -83.291847         10.220348
        -83.288895         10.216619
        -83.289177         10.213635
        -83.283020         10.207091
        -83.277611         10.198312
        -83.276741         10.194578
        -83.280113         10.185650
        -83.279770         10.183171
        -83.274406         10.185861
        -83.272392         10.185205
        -83.271568         10.187048
        -83.274826         10.196712
        -83.284485         10.216313
        -83.282356         10.218805
        -83.278244         10.215055
        -83.265793         10.196447
        -83.229172         10.153507
        -83.227608         10.149801
        -83.228638         10.149946
        -83.229462         10.150064
        -83.231354         10.148027
        -83.228867         10.144306
        -83.225357         10.132519
        -83.221687         10.129927
        -83.218201         10.130325
        -83.223625         10.138697
        -83.222397         10.142583
        -83.198364         10.114841
        -83.195999         10.113338
        -83.190529         10.103549
        -83.190529         10.103549
        -83.184883         10.098474
        -83.182327         10.094432
        -83.179008         10.089173
        -83.162575         10.073710
        -83.114548         10.008715
        -83.109314         10.002874
        -83.103294         10.000000
        -83.100807          9.998814
        -83.100807          9.998814
        -83.093674          9.995697
        -83.088539          9.997674
        -83.086761         10.000000
        -83.084732         10.002663
        -83.081223         10.004668
        -83.074959         10.004786
        -83.067917         10.009256
        -83.064438         10.009193
        -83.060349         10.005475
        -83.058502         10.003798
        -83.051491         10.006890
        -83.037987         10.000000
        -83.037010         10.000000
        -83.031754          9.995268
        -83.033005          9.990232
        -83.031219          9.986292
        -83.034637          9.976699
        -83.034286          9.970716
        -83.013374          9.934473
        -82.994690          9.916201
        -82.989716          9.909443
        -82.990448          9.907157
        -82.994667          9.904706
        -82.993774          9.903081
        -82.985016          9.900161
        -82.975052          9.886875
        -82.929710          9.831327
        -82.910767          9.802702
        -82.883522          9.772310
        -82.865692          9.746692
        -82.856262          9.742606
        -82.848297          9.734871
        -82.839066          9.732858
        -82.828873          9.732895
        -82.818016          9.741563
        -82.817345          9.742101
        -82.813423          9.741107
        -82.811394          9.738080
        -82.819000          9.728110
        -82.820114          9.718019
        -82.816032          9.713344
        -82.800842          9.683174
        -82.797333          9.672764
        -82.789543          9.668248
        -82.786911          9.660383
        -82.780533          9.654745
        -82.762093          9.650025
        -82.754150          9.653320
        -82.750458          9.652560
        -82.730293          9.641369
        -82.723343          9.641235
        -82.710022          9.635461
        -82.700546          9.634129
        -82.695435          9.634949
        -82.689568          9.638741
        -82.680183          9.633273
        -82.667946          9.630965
        -82.661911          9.631767
        -82.655800          9.636245
        -82.649780          9.636127
        -82.645142          9.633589
        -82.641068          9.631359
        -82.635010          9.633309
        -82.628998          9.632731
        -82.622177          9.626162
        -82.623779          9.615390
        -82.619011          9.610470
        -82.617500          9.604693
        -82.613861          9.601174
        -82.610291          9.594439
        -82.603683          9.588792
        -82.576385          9.575610
        -82.568619          9.569941
        -82.565170          9.568723
        -82.563103          9.566999
        -82.563103          9.566999
        -82.561386          9.559505
        -82.555992          9.545482
        -82.556526          9.540711
        -82.561333          9.541247
        -82.564407          9.540876
        -82.566994          9.543104
        -82.570374          9.548826
        -82.575020          9.556747
        -82.580185          9.561202
        -82.586296          9.562199
        -82.592857          9.562336
        -82.599884          9.561613
        -82.603928          9.556915
        -82.604866          9.553892
        -82.604118          9.547791
        -82.602470          9.542975
        -82.599197          9.532041
        -82.602058          9.521234
        -82.606636          9.511766
        -82.611656          9.502308
        -82.615219          9.499340
        -82.625671          9.502165
        -82.630051          9.502255
        -82.633583          9.500590
        -82.637619          9.496326
        -82.644180          9.496463
        -82.649338          9.501350
        -82.654785          9.512764
        -82.657417          9.512818
        -82.664520          9.508183
        -82.667656          9.504770
        -82.669884          9.503078
        -82.671570          9.506155
        -82.673210          9.511405
        -82.678391          9.510276
        -82.678391          9.510276
        -82.680275          9.508704
        -82.693932          9.508739
        -82.696899          9.510866
        -82.697395          9.521447
        -82.705795          9.529884
        -82.698540          9.534110
        -82.696861          9.536836
        -82.699326          9.541250
        -82.704597          9.544110
        -82.710472          9.551579
        -82.713203          9.542209
        -82.715309          9.541101
        -82.732864          9.555459
        -82.731148          9.560482
        -82.731148          9.560482
        -82.729912          9.564725
        -82.730301          9.566906
        -82.735092          9.568308
        -82.742081          9.569319
        -82.745399          9.578079
        -82.748421          9.580315
        -82.756676          9.583525
        -82.760178          9.583595
        -82.766754          9.583294
        -82.774467          9.591708
        -82.789162          9.601567
        -82.792206          9.602498
        -82.800148          9.599615
        -82.810310          9.595472
        -82.818916          9.603035
        -82.831902          9.610684
        -82.835732          9.616411
        -82.840546          9.616508
        -82.853714          9.615466
        -82.858574          9.612134
        -82.858574          9.612134
        -82.862175          9.612393
        -82.864326          9.608757
        -82.866119          9.601243
        -82.866837          9.598231
        -82.869614          9.596309
        -82.878807          9.589952
        -82.882637          9.570488
        -82.886902          9.565512
        -82.883705          9.562924
        -82.884140          9.552130
        -82.881607          9.551164
        -82.874863          9.552646
        -82.871460          9.549134
        -82.872704          9.544560
        -82.870941          9.539701
        -82.874512          9.534253
        -82.871826          9.529376
        -82.874481          9.523680
        -82.873154          9.520437
        -82.868835          9.515990
        -82.858177          9.516479
        -82.856606          9.513921
        -82.861786          9.508963
        -82.860886          9.507566
        -82.858116          9.507285
        -82.854584          9.510206
        -82.850685          9.508294
        -82.848816          9.504165
        -82.844421          9.504378
        -82.844421          9.504378
        -82.842918          9.499599
        -82.844963          9.497264
        -82.863014          9.492082
        -82.924278          9.479440
        -82.935516          9.475702
        -82.937561          9.473368
        -82.938576          9.450759
        -82.938995          9.441336
        -82.938431          9.350292
        -82.936317          9.336398
        -82.936310          9.324591
        -82.936241          9.198265
        -82.936188          9.103702
        -82.935051          9.081124
        -82.932770          9.075540
        -82.930161          9.073814
        -82.928452          9.072685
        -82.899071          9.088329
        -82.892685          9.088994
        -82.886742          9.087294
        -82.874840          9.065690
        -82.868629          9.057653
        -82.831284          9.034298
        -82.816345          9.024954
        -82.800766          9.008022
        -82.763542          8.998566
        -82.745491          8.985933
        -82.741608          8.981502
        -82.735596          8.962629
        -82.734505          8.959200
        -82.714569          8.941780
        -82.713997          8.931086
        -82.715706          8.925186
        -82.745888          8.909184
        -82.752937          8.895480
        -82.757774          8.889631
        -82.763145          8.882631
        -82.769592          8.878805
        -82.805153          8.871611
        -82.810371          8.869342
        -82.818512          8.860406
        -82.825729          8.857781
        -82.852463          8.853965
        -82.859673          8.851339
        -82.868141          8.845969
        -82.870872          8.842907
        -82.879944          8.832752
        -82.882088          8.824883
        -82.880196          8.820098
        -82.866547          8.806772
        -82.866638          8.802027
        -82.869537          8.796546
        -82.874374          8.793081
        -82.892441          8.785132
        -82.893867          8.773293
        -82.911049          8.769281
        -82.916710          8.765041
        -82.913948          8.758232
        -82.913338          8.756730
        -82.913712          8.752901
        -82.917068          8.748244
        -82.917137          8.744999
        -82.903366          8.728788
        -82.896584          8.711978
        -82.880943          8.700452
        -82.867432          8.693542
        -82.864395          8.689793
        -82.862114          8.678088
        -82.854706          8.670267
        -82.852089          8.660180
        -82.843651          8.652042
        -82.833130          8.637075
        -82.827850          8.626787
        -82.828598          8.619424
        -82.835274          8.611885
        -82.834740          8.608923
        -82.829811          8.603512
        -82.830315          8.585814
        -82.824364          8.572414
        -82.824196          8.566066
        -82.827477          8.557869
        -82.834587          8.551450
        -82.835632          8.550508
        -82.838394          8.545988
        -82.833847          8.521846
        -82.833427          8.505902
        -82.837997          8.485337
        -82.847595          8.465169
        -82.858879          8.449460
        -82.866707          8.443419
        -82.872566          8.440576
        -82.878387          8.437750
        -82.900139          8.431985
        -82.910217          8.431890
        -82.917587          8.434100
        -82.928246          8.434606
        -82.949730          8.412602
        -82.973099          8.384735
        -82.974655          8.383358
        -82.993309          8.366836
        -83.017578          8.353439
        -83.039932          8.346497
        -83.046814          8.343088
        -83.050148          8.339612
        -83.051445          8.333736
        -83.050697          8.326346
        -83.043808          8.315297
        -83.032761          8.311921
        -83.025253          8.309628
        -83.020569          8.306586
        -82.997528          8.288142
        -82.990341          8.277086
        -82.986496          8.276716
        -82.972183          8.281748
        -82.948608          8.275385
        -82.937759          8.269567
        -82.935776          8.265397
        -82.934311          8.255464
        -82.933426          8.249420
        -82.929733          8.241382
        -82.931526          8.211032
        -82.915718          8.201869
        -82.907883          8.193749
        -82.905945          8.172472
        -82.908638          8.156301
        -82.903732          8.143598
        -82.891182          8.111118
        -82.890312          8.081014
        -82.895912          8.052514
        -82.896828          8.032975
        -82.896828          8.032975
        -82.897934          8.034413
        -82.904602          8.034997
        -82.908249          8.037131
        -82.919640          8.056394
        -82.917679          8.062784
        -82.917976          8.071740
        -82.916565          8.073320
        -82.911713          8.073918
        -82.908432          8.077070
        -82.905991          8.084599
        -82.905144          8.093076
        -82.907402          8.108037
        -82.916618          8.120375
        -82.918777          8.128220
        -82.922958          8.133162
        -82.925095          8.135682
        -82.927078          8.140539
        -82.928902          8.153887
        -82.941963          8.183053
        -82.977646          8.235364
        -82.984116          8.241648
        -82.996445          8.253616
        -83.015434          8.261312
        -83.067963          8.301296
        -83.087837          8.312613
        -83.117943          8.329748
        -83.131531          8.343307
        -83.141327          8.349911
        -83.148743          8.360834
        -83.150124          8.374175
        -83.148819          8.383106
        -83.144272          8.392208
        -83.132782          8.401850
        -83.127655          8.406146
        -83.116707          8.412608
        -83.111290          8.418711
        -83.108925          8.435200
        -83.101410          8.443100
        -83.098549          8.448100
        -83.098930          8.452470
        -83.108078          8.470085
        -83.117744          8.484265
        -83.133667          8.502429
        -83.145561          8.515991
        -83.150551          8.533762
        -83.155495          8.541198
        -83.152718          8.541608
        -83.147934          8.538537
        -83.144646          8.528605
        -83.140549          8.525317
        -83.140549          8.525317
        -83.137077          8.525944
        -83.138390          8.530101
        -83.141350          8.532220
        -83.141037          8.536807
        -83.137772          8.538815
        -83.126282          8.536543
        -83.114525          8.548732
        -83.106384          8.547223
        -83.106384          8.547223
        -83.106354          8.549423
        -83.106354          8.549423
        -83.110321          8.551641
        -83.116547          8.552213
        -83.132843          8.543550
        -83.137688          8.543636
        -83.143372          8.548560
        -83.147850          8.556218
        -83.154732          8.558637
        -83.158592          8.561920
        -83.182938          8.594732
        -83.184425          8.602336
        -83.184425          8.602336
        -83.177414          8.615704
        -83.176308          8.617808
        -83.171722          8.615890
        -83.169350          8.606432
        -83.165939          8.603616
        -83.159737          8.601898
        -83.159103          8.598672
        -83.163605          8.592093
        -83.159302          8.587193
        -83.164742          8.579942
        -83.160263          8.571824
        -83.146049          8.580068
        -83.140640          8.585712
        -83.135109          8.585383
        -83.131233          8.582788
        -83.127686          8.587777
        -83.128098          8.590540
        -83.134499          8.593640
        -83.139389          8.591431
        -83.141441          8.592616
        -83.142540          8.596754
        -83.143822          8.601614
        -83.163246          8.625844
        -83.172630          8.630144
        -83.177826          8.636666
        -83.182495          8.633534
        -83.185440          8.636572
        -83.188438          8.636854
        -83.190315          8.635051
        -83.190109          8.633669
        -83.183228          8.631250
        -83.181664          8.628238
        -83.181305          8.622490
        -83.183456          8.618165
        -83.186943          8.616619
        -83.190399          8.616910
        -83.193810          8.619955
        -83.203720          8.620589
        -83.209633          8.625517
        -83.213554          8.623926
        -83.214516          8.623536
        -83.218880          8.624531
        -83.220467          8.626166
        -83.218323          8.630262
        -83.219200          8.632804
        -83.223099          8.634480
        -83.237167          8.634956
        -83.242455          8.622877
        -83.245667          8.623853
        -83.252625          8.635227
        -83.257668          8.650702
        -83.260643          8.652131
        -83.268768          8.649287
        -83.283226          8.654131
        -83.288773          8.653539
        -83.296249          8.648156
        -83.299446          8.652124
        -83.309364          8.664459
        -83.313484          8.666596
        -83.320389          8.667404
        -83.323822          8.669071
        -83.325836          8.673010
        -83.331802          8.675179
        -83.334076          8.677285
        -83.330772          8.681362
        -83.333847          8.690601
        -83.330963          8.697442
        -83.330612          8.704326
        -83.324768          8.708818
        -83.323219          8.718438
        -83.329628          8.721764
        -83.334793          8.716800
        -83.338020          8.716855
        -83.340279          8.719879
        -83.346031          8.720897
        -83.350914          8.726998
        -83.352364          8.728813
        -83.356735          8.729807
        -83.359093          8.726862
        -83.367821          8.729537
        -83.377731          8.730394
        -83.379333          8.731340
        -83.380127          8.739162
        -83.382179          8.740576
        -83.386147          8.738116
        -83.386444          8.733988
        -83.391342          8.730855
        -83.392365          8.725131
        -83.394463          8.723788
        -83.398842          8.724092
        -83.399467          8.728237
        -83.401741          8.730342
        -83.405235          8.728564
        -83.408691          8.729082
        -83.418137          8.716380
        -83.427238          8.710562
        -83.434883          8.708853
        -83.440399          8.710093
        -83.441116          8.712651
        -83.442146          8.716324
        -83.457146          8.716576
        -83.465179          8.719235
        -83.471184          8.719107
        -83.472618          8.716145
        -83.475647          8.714357
        -83.481865          8.715380
        -83.487785          8.706521
        -83.489098          8.696438
        -83.486885          8.690889
        -83.483215          8.689220
        -83.478760          8.693510
        -83.474388          8.692978
        -83.470512          8.689928
        -83.469864          8.687161
        -83.474152          8.679194
        -83.471428          8.676394
        -83.467918          8.679320
        -83.463989          8.679484
        -83.457832          8.675018
        -83.450348          8.666625
        -83.442589          8.661213
        -83.434982          8.647077
        -83.438477          8.631061
        -83.437874          8.625309
        -83.433655          8.622107
        -83.431541          8.617624
        -83.427002          8.612955
        -83.415619          8.603807
        -83.404297          8.590756
        -83.395653          8.583261
        -83.388794          8.579471
        -83.382332          8.579591
        -83.374619          8.571881
        -83.360970          8.573945
        -83.333679          8.563833
        -83.330956          8.561261
        -83.320061          8.550510
        -83.311714          8.539345
        -83.303688          8.536680
        -83.297768          8.531985
        -83.293343          8.534434
        -83.292328          8.539927
        -83.289612          8.536666
        -83.288315          8.531821
        -83.293846          8.491274
        -83.290710          8.485939
        -83.281296          8.475369
        -83.273056          8.466115
        -83.274284          8.461774
        -83.277824          8.457013
        -83.288132          8.447779
        -83.287285          8.443630
        -83.276711          8.428063
        -83.275627          8.423682
        -83.283844          8.402013
        -83.280418          8.386571
        -83.284248          8.378142
        -83.294975          8.371211
        -83.296051          8.371586
        -83.317894          8.379184
        -83.344429          8.391808
        -83.383179          8.404867
        -83.412010          8.417984
        -83.413391          8.418825
        -83.428680          8.428138
        -83.439453          8.431993
        -83.487038          8.441512
        -83.508698          8.442790
        -83.521149          8.442536
        -83.535706          8.440190
        -83.543114          8.438994
        -83.544525          8.437640
        -83.550941          8.440042
        -83.561371          8.436997
        -83.567810          8.438021
        -83.592659          8.456105
        -83.595276          8.465562
        -83.602959          8.475559
        -83.615913          8.487479
        -83.628708          8.494873
        -83.637169          8.499762
        -83.675941          8.542861
        -83.708412          8.576214
        -83.719208          8.579369
        -83.719574          8.580317
        -83.720543          8.582834
        -83.724953          8.580837
        -83.728706          8.576993
        -83.732086          8.582327
        -83.735123          8.594775
        -83.743919          8.608003
        -83.743629          8.611672
        -83.736748          8.624194
        -83.734535          8.632886
        -83.729118          8.639920
        -83.721924          8.642562
        -83.720024          8.645747
        -83.717621          8.666838
        -83.715225          8.672541
        -83.712250          8.675044
        -83.704239          8.681783
        -83.694023          8.685296
        -83.663757          8.687110
        -83.659111          8.688873
        -83.655579          8.693410
        -83.652199          8.702772
        -83.653404          8.714274
        -83.650017          8.724095
        -83.644608          8.730439
        -83.637642          8.733084
        -83.633865          8.738075
        -83.636360          8.741331
        -83.640045          8.741850
        -83.641747          8.739930
        -83.642860          8.738680
        -83.644943          8.738483
        -83.647079          8.749312
        -83.646980          8.755741
        -83.645302          8.759849
        -83.642952          8.762107
        -83.631401          8.762610
        -83.622337          8.766369
        -83.616409          8.776150
        -83.611153          8.772849
        -83.610878          8.775600
        -83.616272          8.784875
        -83.614868          8.786001
        -83.600525          8.787836
        -83.590546          8.790890
        -83.582512          8.788003
        -83.574562          8.794075
        -83.576767          8.800542
        -83.578598          8.801721
        -83.582787          8.799492
        -83.583565          8.808462
        -83.585182          8.808488
        -83.585182          8.808488
        -83.587090          8.805074
        -83.589294          8.797071
        -83.593941          8.795309
        -83.609871          8.795567
        -83.620224          8.797571
        -83.620224          8.797571
        -83.623680          8.783846
        -83.626297          8.778835
        -83.634697          8.773229
        -83.639305          8.773762
        -83.652481          8.787754
        -83.627350          8.814453
        -83.622231          8.816896
        -83.618454          8.821889
        -83.612419          8.823858
        -83.606804          8.828591
        -83.603004          8.834961
        -83.599983          8.835824
        -83.592331          8.838004
        -83.579964          8.831831
        -83.572807          8.831255
        -83.566185          8.827013
        -83.566185          8.827013
        -83.563148          8.828801
        -83.566742          8.835291
        -83.576324          8.842567
        -83.578087          8.847650
        -83.575958          8.851060
        -83.570709          8.846840
        -83.552460          8.847231
        -83.546661          8.848973
        -83.537697          8.846070
        -83.531174          8.849638
        -83.530525          8.846871
        -83.537209          8.833429
        -83.540909          8.818790
        -83.546097          8.812214
        -83.550743          8.810452
        -83.558830          8.810355
        -83.564659          8.806776
        -83.566841          8.800381
        -83.566460          8.795092
        -83.568840          8.790767
        -83.574135          8.791771
        -83.574631          8.789712
        -83.572823          8.787386
        -83.568703          8.785022
        -83.563828          8.786551
        -83.560371          8.786035
        -83.557083          8.789656
        -83.557892          8.796789
        -83.555748          8.800658
        -83.547867          8.802597
        -83.539230          8.808197
        -83.532738          8.824168
        -83.533058          8.832902
        -83.533058          8.832902
        -83.529953          8.839512
        -83.526001          8.840825
        -83.521210          8.837300
        -83.518661          8.837718
        -83.507454          8.845572
        -83.488930          8.848251
        -83.486107          8.851191
        -83.487885          8.855814
        -83.492004          8.857949
        -83.493675          8.854761
        -83.497177          8.852293
        -83.510574          8.852284
        -83.520851          8.845334
        -83.523598          8.846757
        -83.523994          8.850898
        -83.518341          8.857466
        -83.521538          8.860045
        -83.527824          8.856934
        -83.532654          8.857931
        -83.532654          8.857931
        -83.539444          8.852301
        -83.550934          8.855934
        -83.562523          8.853368
        -83.564041          8.853960
        -83.569870          8.856244
        -83.574860          8.862067
        -83.579010          8.862594
        -83.583206          8.860136
        -83.584465          8.853495
        -83.581848          8.844035
        -83.582802          8.841984
        -83.584648          8.842013
        -83.589211          8.845763
        -83.592049          8.855915
        -83.596649          8.856909
        -83.609230          8.864922
        -83.628860          8.864779
        -83.622162          8.879601
        -83.621307          8.890566
        -83.614212          8.885446
        -83.604118          8.881147
        -83.577393          8.877039
        -83.570747          8.873714
        -83.567345          8.869525
        -83.558159          8.866159
        -83.560738          8.878375
        -83.566910          8.882380
        -83.568924          8.886548
        -83.564659          8.893140
        -83.560951          8.893768
        -83.553146          8.890655
        -83.546906          8.891012
        -83.545906          8.895590
        -83.546944          8.896741
        -83.548630          8.898621
        -83.557159          8.899679
        -83.564339          8.898647
        -83.573196          8.893739
        -83.577255          8.885305
        -83.581001          8.882151
        -83.597923          8.892762
        -83.600945          8.891892
        -83.610130          8.895027
        -83.613785          8.897842
        -83.615540          8.903613
        -83.614815          8.905668
        -83.611191          8.901016
        -83.601532          8.898562
        -83.595375          8.893410
        -83.590530          8.893102
        -83.587952          8.895586
        -83.588135          8.898346
        -83.591278          8.899232
        -83.606300          8.903463
        -83.608589          8.905108
        -83.610336          8.911569
        -83.612389          8.912980
        -83.616295          8.914191
        -83.626122          8.906540
        -83.629822          8.906140
        -83.632103          8.908014
        -83.632286          8.911003
        -83.629677          8.915326
        -83.617264          8.925922
        -83.614403          8.931849
        -83.615479          8.936460
        -83.612679          8.952724
        -83.613701          8.961240
        -83.619087          8.971434
        -83.618774          8.974885
        -83.618774          8.974885
        -83.622025          8.987734
        -83.622025          8.987734
        -83.626335          8.995212
        -83.626488          9.000268
        -83.624298          9.007125
        -83.620804          9.008677
        -83.608566          9.008249
        -83.608536          9.010086
        -83.621864          9.014667
        -83.625175          9.024368
        -83.624359          9.032166
        -83.620857          9.034636
        -83.620857          9.034636
        -83.620827          9.036473
        -83.625893          9.037474
        -83.626717          9.039313
        -83.628571          9.043490
        -83.635498          9.044061
        -83.639397          9.045961
        -83.647995          9.057586
        -83.656013          9.062078
        -83.660248          9.057551
        -83.664413          9.057388
        -83.670677          9.070354
        -83.683952          9.078835
        -83.682968          9.082725
        -83.684296          9.086422
        -83.690735          9.088592
        -83.696358          9.098559
        -83.711609          9.112259
        -83.715477          9.115732
        -83.717628          9.124087
        -83.728668          9.131450
        -83.733772          9.140018
        -83.740242          9.145998
        -83.744476          9.147700
        -83.754021          9.146554
        -83.758499          9.143693
        -83.760948          9.137712
        -83.763260          9.137748
        -83.768288          9.141502
        -83.763565          9.147861
        -83.766434          9.156866
        -83.767120          9.172270
        -83.770042          9.177600
        -83.775551          9.182496
        -83.782135          9.188356
        -83.802536          9.200160
        -83.836555          9.214239
        -83.848793          9.215575
        -83.850151          9.217434
        -83.847488          9.225435
        -83.850883          9.230083
        -83.857063          9.234542
        -83.866348          9.247550
        -83.870461          9.250830
        -83.893349          9.267030
        -83.902473          9.275899
        -83.901695          9.281402
        -83.904900          9.283748
        -83.908142          9.283337
        -83.910965          9.280163
        -83.930420          9.294241
        -83.931488          9.300461
        -83.933807          9.300036
        -83.935715          9.296389
        -83.963959          9.311922
        -83.982529          9.322130
        -84.029442          9.342121
        -84.032837          9.347226
        -84.028328          9.354973
        -84.031075          9.357310
        -84.034348          9.354831
        -84.036560          9.345672
        -84.040260          9.345726
        -84.047165          9.348354
        -84.061615          9.357296
        -84.072220          9.360207
        -84.087143          9.368005
        -84.115280          9.374613
        -84.119698          9.373528
        -84.127403          9.368583
        -84.130234          9.380801
        -84.132767          9.382216
        -84.135559          9.380877
        -84.138634          9.376325
        -84.144402          9.377096
        -84.148827          9.375092
        -84.152863          9.384340
        -84.159027          9.390632
        -84.164772          9.393470
        -84.171013          9.394018
        -84.175896          9.392248
        -84.180061          9.392536
        -84.174156          9.400725
        -84.168625          9.399269
        -84.166946          9.403381
        -84.172066          9.418390
        -84.169113          9.423454
        -84.168747          9.424088
        -84.175789          9.433379
        -84.188431          9.439991
        -84.197327          9.449307
        -84.202995          9.457660
        -84.209877          9.462352
        -84.230614          9.469305
        -84.238380          9.477225
        -84.246040          9.492269
        -84.251297          9.497396
        -84.254753          9.498593
        -84.256882          9.495176
        -84.254181          9.489393
        -84.251526          9.486240
        -84.251526          9.486240
        -84.235962          9.467771
        -84.227707          9.462140
        -84.218254          9.459022
        -84.210625          9.458685
        -84.207863          9.457038
        -84.206543          9.452194
        -84.208199          9.449920
        -84.213982          9.449770
        -84.225281          9.453145
        -84.227097          9.455698
        -84.243210          9.462585
        -84.252502          9.469165
        -84.255127          9.471023
        -84.262833          9.483538
        -84.274864          9.483933
        -84.284958          9.489010
        -84.291245          9.487835
        -84.287827          9.483972
        -84.284821          9.482773
        -84.268814          9.479996
        -84.265587          9.477638
        -84.265633          9.474868
        -84.268433          9.473986
        -84.286034          9.479260
        -84.294136          9.479372
        -84.296425          9.481471
        -84.311226          9.482592
        -84.313553          9.481705
        -84.322495          9.487801
        -84.322495          9.487801
        -84.326416          9.488773
        -84.329620          9.491574
        -84.327507          9.494073
        -84.327896          9.499594
        -84.330429          9.500547
        -84.333725          9.496455
        -84.339203          9.496141
        -84.340210          9.496083
        -84.340927          9.494484
        -84.339348          9.491475
        -84.340744          9.490805
        -84.394753          9.503248
        -84.399788          9.507682
        -84.402603          9.504961
        -84.414154          9.506493
        -84.418526          9.508389
        -84.420296          9.515077
        -84.423981          9.516504
        -84.427963          9.512650
        -84.433983          9.512959
        -84.445953          9.518172
        -84.447388          9.518238
        -84.452896          9.518493
        -84.467865          9.524433
        -84.477570          9.525939
        -84.483612          9.524638
        -84.491211          9.527494
        -84.492874          9.524069
        -84.535797          9.516808
        -84.545837          9.528426
        -84.548096          9.533051
        -84.542694          9.539416
        -84.544952          9.544042
        -84.555649          9.540271
        -84.562729          9.546585
        -84.565239          9.547120
        -84.564781          9.543612
        -84.560806          9.539554
        -84.562157          9.538285
        -84.570862          9.545979
        -84.572433          9.549446
        -84.576607          9.549500
        -84.588745          9.559994
        -84.613113          9.574088
        -84.616554          9.576889
        -84.624504          9.589627
        -84.623260          9.596737
        -84.624641          9.598187
        -84.629662          9.603480
        -84.630989          9.608323
        -84.634407          9.613192
        -84.636719          9.613450
        -84.642677          9.618581
        -84.648506          9.615665
        -84.651733          9.616854
        -84.660202          9.624772
        -84.661781          9.628469
        -84.656868          9.632775
        -84.655434          9.636664
        -84.655846          9.640347
        -84.661102          9.646156
        -84.667328          9.648762
        -84.678017          9.645905
        -84.679848          9.647996
        -84.680267          9.651218
        -84.673233          9.658486
        -84.674553          9.664248
        -84.671722          9.668810
        -84.672379          9.671805
        -84.674194          9.673192
        -84.678802          9.676711
        -84.676544          9.691622
        -84.672310          9.696396
        -84.668823          9.697502
        -84.665993          9.701835
        -84.665237          9.707111
        -84.660721          9.716019
        -84.649223          9.728058
        -84.644112          9.729144
        -84.641273          9.734165
        -84.637535          9.736876
        -84.631546          9.753120
        -84.636795          9.778238
        -84.636795          9.778238
        -84.641167          9.781051
        -84.641167          9.781051
        -84.657074          9.806760
        -84.669891          9.821002
        -84.669891          9.821002
        -84.671715          9.823029
        -84.674438          9.827888
        -84.683815          9.838118
        -84.695107          9.843542
        -84.701080          9.848211
        -84.702888          9.851682
        -84.702171          9.853512
        -84.699165          9.853015
        -84.697296          9.854601
        -84.698570          9.856503
        -84.703667          9.864102
        -84.730995          9.885810
        -84.731186          9.889260
        -84.726288          9.892189
        -84.720177          9.899011
        -84.713326          9.909961
        -84.713753          9.913184
        -84.726158          9.922528
        -84.737381          9.934387
        -84.741203          9.944547
        -84.740211          9.950051
        -84.739456          9.955099
        -84.741493          9.959261
        -84.744926          9.962750
        -84.750465          9.964886
        -84.764610          9.965285
        -84.777550          9.968887
        -84.791718          9.966988
        -84.806313          9.968308
        -84.814468          9.965187
        -84.834641          9.965194
        -84.845566          9.963252
        -84.849030          9.964212
        -84.851067          9.968373
        -84.849411          9.971113
        -84.843124          9.974028
        -84.823364          9.977934
        -84.823364          9.977934
        -84.830070          9.979392
        -84.836105          9.978773
        -84.852509          9.984711
        -84.862846          9.992876
        -84.874550         10.000000
        -84.890953         10.009981
        -84.899452         10.016745
        -84.916031         10.027738
        -84.921135         10.028026
        -84.923416         10.031040
        -84.922905         10.035632
        -84.932434         10.033442
        -84.945671         10.053360
        -84.951439         10.055954
        -84.955856         10.054854
        -84.969963         10.059150
        -84.971558         10.061467
        -84.969681         10.063745
        -84.964554         10.065756
        -84.959915         10.065703
        -84.963104         10.070797
        -84.964874         10.079092
        -84.968758         10.084423
        -84.968758         10.084423
        -84.979141         10.089596
        -84.989792         10.091094
        -84.998337         10.095098
        -85.000000         10.096960
        -85.015755         10.114600
        -85.020752         10.118871
        -85.023117         10.120888
        -85.038353         10.127722
        -85.048035         10.134034
        -85.051971         10.134537
        -85.058083         10.127478
        -85.060875         10.126589
        -85.060875         10.126589
        -85.065948         10.129632
        -85.076828         10.131589
        -85.078888         10.134370
        -85.078400         10.136893
        -85.086418         10.146174
        -85.097473         10.154570
        -85.096268         10.158694
        -85.091171         10.157721
        -85.087723         10.154465
        -85.085083         10.153944
        -85.080315         10.153006
        -85.077515         10.154585
        -85.076324         10.157100
        -85.078819         10.163104
        -85.085106         10.160644
        -85.103371         10.167047
        -85.108665         10.171242
        -85.115387         10.172462
        -85.130531         10.166187
        -85.136650         10.158436
        -85.144089         10.156675
        -85.146851         10.159464
        -85.151482         10.160202
        -85.155167         10.162540
        -85.162369         10.161696
        -85.172989         10.167325
        -85.177048         10.167953
        -85.185730         10.169296
        -85.188766         10.167719
        -85.197563         10.170110
        -85.203560         10.173161
        -85.211205         10.174849
        -85.219040         10.179987
        -85.227318         10.187888
        -85.227318         10.187888
        -85.229301         10.198254
        -85.235214         10.210728
        -85.231476         10.212759
        -85.229317         10.220093
        -85.230408         10.227001
        -85.236801         10.237411
        -85.244385         10.244845
        -85.245041         10.248991
        -85.251289         10.251353
        -85.257042         10.256239
        -85.272049         10.264438
        -85.281769         10.267755
        -85.285057         10.271076
        -85.285904         10.271934
        -85.279984         10.283369
        -85.280403         10.287971
        -85.296043         10.303532
        -85.301598         10.305197
        -85.305969         10.309149
        -85.308914         10.316535
        -85.316742         10.323509
        -85.345062         10.324250
        -85.349251         10.323141
        -85.354637         10.318137
        -85.361557         10.323262
        -85.369225         10.322877
        -85.362762         10.318906
        -85.358635         10.313118
        -85.355164         10.312164
        -85.350952         10.315111
        -85.343307         10.313197
        -85.330719         10.319051
        -85.326073         10.319234
        -85.317055         10.315466
        -85.309242         10.307112
        -85.303299         10.297627
        -85.290604         10.289683
        -85.288101         10.284830
        -85.288132         10.281152
        -85.291710         10.271763
        -85.290627         10.263935
        -85.288818         10.261829
        -85.287643         10.260457
        -85.276520         10.258046
        -85.268211         10.253364
        -85.247032         10.235447
        -85.244370         10.223006
        -85.246758         10.216363
        -85.247360         10.202577
        -85.244675         10.192664
        -85.247513         10.187176
        -85.245781         10.174974
        -85.246964         10.172457
        -85.250229         10.170881
        -85.250969         10.166291
        -85.250237         10.163451
        -85.244041         10.139554
        -85.232407         10.120356
        -85.245049         10.131748
        -85.251305         10.132732
        -85.252449         10.134353
        -85.259178         10.134192
        -85.262619         10.138365
        -85.281921         10.133962
        -85.288017         10.127586
        -85.284325         10.125251
        -85.280098         10.130955
        -85.274529         10.130669
        -85.270859         10.126035
        -85.275299         10.123321
        -85.278587         10.118986
        -85.277451         10.116676
        -85.274666         10.116878
        -85.266006         10.124375
        -85.265518         10.127130
        -85.267342         10.130366
        -85.264313         10.131255
        -85.260391         10.128687
        -85.247871         10.128329
        -85.242569         10.124827
        -85.240524         10.119979
        -85.241478         10.117919
        -85.247284         10.116829
        -85.241058         10.113088
        -85.239929         10.109859
        -85.244858         10.104391
        -85.242157         10.095859
        -85.240028         10.097928
        -85.239113         10.098816
        -85.227859         10.087207
        -85.220726         10.082076
        -85.198547         10.072881
        -85.193489         10.068232
        -85.190567         10.059006
        -85.184792         10.056417
        -85.176796         10.044380
        -85.165955         10.038750
        -85.160156         10.038689
        -85.156639         10.042330
        -85.154587         10.039090
        -85.155609         10.029676
        -85.157173         10.027034
        -85.157501         10.026478
        -85.160973         10.026975
        -85.166481         10.032319
        -85.176682         10.033115
        -85.181755         10.036157
        -85.187729         10.041737
        -85.191826         10.049365
        -85.196739         10.044818
        -85.199982         10.045542
        -85.202553         10.043500
        -85.198654         10.039551
        -85.192383         10.040175
        -85.187141         10.030697
        -85.182747         10.029731
        -85.179558         10.024180
        -85.172577         10.025947
        -85.168472         10.019008
        -85.166161         10.018754
        -85.164566         10.015519
        -85.166214         10.013468
        -85.161400         10.007670
        -85.152634         10.003670
        -85.148491         10.000000
        -85.132408          9.985757
        -85.120605          9.983102
        -85.119049          9.976649
        -85.115845          9.972708
        -85.114273          9.972324
        -85.111916          9.971746
        -85.107780          9.968024
        -85.098282          9.966773
        -85.091278          9.971755
        -85.083862          9.971215
        -85.082306          9.964992
        -85.078117          9.965866
        -85.076790          9.960105
        -85.072609          9.960520
        -85.065567          9.968948
        -85.060440          9.971191
        -85.056038          9.971143
        -85.031845          9.956397
        -85.025688          9.946675
        -85.017517          9.938082
        -85.013535          9.933899
        -85.008682          9.932467
        -85.000000          9.933578
        -85.000000          9.933578
        -84.995445          9.934158
        -84.981560          9.931934
        -84.977356          9.934416
        -84.962746          9.935172
        -84.952362          9.930458
        -84.942413          9.928277
        -84.934364          9.922210
        -84.925133          9.918886
        -84.922386          9.915407
        -84.923370          9.910132
        -84.922050          9.903911
        -84.919319          9.899742
        -84.921684          9.895402
        -84.923470          9.894835
        -84.927963          9.893405
        -84.935715          9.884528
        -84.937416          9.877422
        -84.936302          9.873043
        -84.926674          9.863509
        -84.921570          9.863682
        -84.919769          9.859294
        -84.920044          9.855390
        -84.917976          9.853527
        -84.913567          9.854166
        -84.909447          9.849293
        -84.911095          9.847242
        -84.918961          9.848252
        -84.929504          9.838489
        -84.930229          9.835508
        -84.928421          9.831581
        -84.920380          9.825054
        -84.913918          9.822681
        -84.909279          9.823089
        -84.907394          9.825365
        -84.906883          9.825412
        -84.900673          9.825977
        -84.896004          9.828682
        -84.887917          9.826751
        -84.881882          9.827600
        -84.868240          9.823996
        -84.867805          9.821921
        -84.869705          9.817806
        -84.880875          9.813568
        -84.883263          9.807620
        -84.893692          9.807281
        -84.898811          9.805960
        -84.900452          9.803910
        -84.903336          9.795210
        -84.906624          9.791340
        -84.907486          9.791110
        -84.924057          9.786713
        -84.925240          9.784428
        -84.922516          9.779110
        -84.931252          9.764270
        -84.933655          9.756483
        -84.936920          9.754682
        -84.946411          9.755938
        -84.948753          9.753666
        -84.952217          9.754624
        -84.956024          9.745244
        -84.952888          9.735785
        -84.952942          9.730500
        -84.954849          9.726155
        -84.961136          9.723008
        -84.972687          9.726356
        -84.977501          9.730726
        -84.981400          9.734267
        -84.990623          9.738277
        -84.994064          9.741763
        -85.000000          9.740875
        -85.002647          9.740479
        -85.008728          9.735721
        -85.016022          9.724999
        -85.017731          9.717434
        -85.016632          9.711676
        -85.004173          9.706712
        -85.000000          9.702922
        -84.999390          9.699533
        -85.000000          9.698532
        -85.004814          9.690631
        -85.012978          9.685205
        -85.029243          9.681019
        -85.032913          9.678988
        -85.034134          9.678314
        -85.041176          9.669429
        -85.054901          9.664293
        -85.068977          9.647670
        -85.077774          9.625933
        -85.078346          9.615598
        -85.091026          9.576897
        -85.092232          9.574205
        -85.094818          9.568435
        -85.109230          9.563764
        -85.110901          9.558726
        -85.109802          9.553199
        -85.111206          9.551605
        -85.115547          9.556937
        -85.117569          9.562934
        -85.122627          9.566435
        -85.133949          9.568853
        -85.142654          9.577909
        -85.145828          9.584836
        -85.148071          9.613816
        -85.151962          9.618683
        -85.156662          9.622046
        -85.162079          9.625914
        -85.203537          9.671162
        -85.208916          9.688913
        -85.212555          9.695846
        -85.217606          9.700724
        -85.221657          9.712027
        -85.229897          9.722454
        -85.231728          9.724542
        -85.239754          9.732898
        -85.254700          9.744311
        -85.272911          9.753690
        -85.273102          9.757599
        -85.270302          9.760328
        -85.269096          9.764913
        -85.274963          9.780372
        -85.302109          9.801330
        -85.311325          9.806479
        -85.313324          9.807133
        -85.322182          9.810034
        -85.333527          9.811755
        -85.333710          9.816813
        -85.341751          9.823559
        -85.364571          9.837343
        -85.374283          9.839047
        -85.390442          9.846789
        -85.399918          9.849639
        -85.403625          9.849445
        -85.406464          9.843726
        -85.415260          9.844730
        -85.422264          9.847589
        -85.426804          9.849438
        -85.431625          9.854541
        -85.436699          9.857118
        -85.447113          9.858826
        -85.455467          9.857756
        -85.460342          9.856882
        -85.463432          9.848407
        -85.466240          9.846135
        -85.470406          9.846404
        -85.488853          9.856920
        -85.490654          9.863373
        -85.493874          9.865471
        -85.503899          9.859129
        -85.508766          9.859863
        -85.510643          9.857122
        -85.513184          9.857836
        -85.514038          9.866348
        -85.524162          9.874486
        -85.528328          9.874984
        -85.537415          9.870471
        -85.548073          9.870568
        -85.552078          9.871991
        -85.553391          9.872456
        -85.561241          9.875515
        -85.572166          9.872626
        -85.578156          9.876817
        -85.589035          9.878064
        -85.598244          9.885962
        -85.607300          9.884204
        -85.613548          9.885638
        -85.627968          9.885556
        -85.629311          9.885549
        -85.632996          9.887879
        -85.634102          9.894785
        -85.639160          9.899197
        -85.646561          9.901330
        -85.653053          9.900927
        -85.656784          9.898891
        -85.656578          9.895671
        -85.658226          9.893157
        -85.672768          9.900410
        -85.670647          9.904758
        -85.667618          9.906111
        -85.666191          9.910465
        -85.668388          9.924735
        -85.672493          9.933275
        -85.679596          9.942991
        -85.678635          9.946660
        -85.685028          9.959127
        -85.704994          9.983894
        -85.707954          9.990355
        -85.715324          9.997084
        -85.720581         10.000000
        -85.722481         10.001053
        -85.741798         10.020984
        -85.747299         10.028846
        -85.750900         10.042438
        -85.753647         10.047058
        -85.763489         10.055510
        -85.766083         10.057736
        -85.767906         10.062119
        -85.770447         10.063060
        -85.775032         10.070454
        -85.789955         10.089196
        -85.790337         10.099544
        -85.796318         10.106030
        -85.803505         10.136202
        -85.809937         10.144071
        -85.810577         10.151202
        -85.821983         10.176122
        -85.826614         10.182340
        -85.837830         10.197399
        -85.837090         10.203140
        -85.839569         10.213275
        -85.839264         10.222468
        -85.850906         10.247849
        -85.851753         10.257971
        -85.848656         10.268062
        -85.854309         10.287877
        -85.844521         10.296698
        -85.841911         10.299043
        -85.837219         10.306131
        -85.841301         10.317889
        -85.846169         10.325852
        -85.846809         10.326899
        -85.855103         10.335472
        -85.858307         10.341015
        -85.863167         10.342663
        -85.865471         10.345671
        -85.868034         10.344541
        -85.871490         10.348017
        -85.874039         10.348268
        -85.874481         10.351489
        -85.870697         10.360425
        -85.863922         10.365199
        -85.860443         10.365401
        -85.857216         10.361927
        -85.854393         10.366733
        -85.850220         10.366239
        -85.847870         10.369668
        -85.845947         10.377700
        -85.842445         10.379741
        -85.833717         10.397372
        -85.830688         10.398038
        -85.828117         10.401006
        -85.825905         10.406353
        -85.824799         10.409025
        -85.822021         10.408083
        -85.819969         10.403468
        -85.808365         10.401534
        -85.804405         10.403571
        -85.800659         10.407679
        -85.794922         10.427863
        -85.797600         10.441220
        -85.791107         10.440476
        -85.788589         10.435628
        -85.782524         10.438796
        -85.777351         10.446570
        -85.776360         10.454379
        -85.779816         10.457626
        -85.781799         10.470978
        -85.786285         10.473855
        -85.789429         10.475869
        -85.788246         10.478619
        -85.790550         10.480476
        -85.795189         10.481204
        -85.797729         10.483754
        -85.797897         10.492032
        -85.803192         10.497594
        -85.799210         10.501470
        -85.802185         10.507242
        -85.809349         10.512129
        -85.808868         10.514194
        -85.793282         10.516825
        -85.790215         10.522548
        -85.786011         10.525502
        -85.786446         10.529184
        -85.783394         10.533298
        -85.783607         10.535138
        -85.777527         10.539686
        -85.770805         10.537561
        -85.765923         10.538441
        -85.763412         10.532442
        -85.758774         10.528462
        -85.757187         10.527102
        -85.750443         10.527275
        -85.731491         10.542980
        -85.719841         10.547250
        -85.710472         10.556136
        -85.709793         10.554061
        -85.705635         10.551267
        -85.701447         10.551461
        -85.695572         10.558998
        -85.696487         10.561075
        -85.695541         10.563366
        -85.699425         10.570757
        -85.698715         10.572360
        -85.688019         10.573188
        -85.680321         10.576571
        -85.677513         10.579306
        -85.679298         10.587598
        -85.678665         10.588519
        -85.677414         10.590341
        -85.669518         10.589582
        -85.667168         10.592781
        -85.655800         10.590612
        -85.652992         10.592887
        -85.650864         10.597467
        -85.649635         10.605274
        -85.642670         10.604063
        -85.640732         10.613473
        -85.636978         10.616889
        -85.631149         10.619137
        -85.629692         10.627172
        -85.630821         10.630630
        -85.634277         10.634109
        -85.653976         10.640950
        -85.658646         10.639152
        -85.665672         10.633004
        -85.670677         10.632035
        -85.675911         10.631024
        -85.676010         10.619529
        -85.679741         10.617951
        -85.682121         10.611074
        -85.690742         10.608620
        -85.692863         10.605189
        -85.698662         10.607307
        -85.699104         10.609381
        -85.690231         10.614594
        -85.687607         10.622848
        -85.691536         10.625640
        -85.688225         10.631821
        -85.685905         10.631570
        -85.683784         10.635001
        -85.678673         10.634727
        -85.674904         10.640673
        -85.675583         10.642517
        -85.679985         10.644395
        -85.684174         10.644201
        -85.679939         10.649453
        -85.674828         10.649868
        -85.672348         10.654854
        -85.671753         10.656050
        -85.674278         10.659521
        -85.673561         10.661584
        -85.666138         10.659680
        -85.654686         10.667168
        -85.653023         10.671062
        -85.660629         10.706538
        -85.665779         10.720111
        -85.663239         10.727714
        -85.664551         10.738072
        -85.659531         10.754354
        -85.659004         10.760788
        -85.659325         10.761257
        -85.665665         10.770733
        -85.676979         10.781178
        -85.681572         10.787886
        -85.686356         10.799424
        -85.700562         10.798166
        -85.704933         10.803492
        -85.712151         10.803094
        -85.715607         10.806572
        -85.719559         10.807066
        -85.728409         10.805532
        -85.737198         10.811124
        -85.745346         10.811193
        -85.751396         10.810553
        -85.758171         10.807160
        -85.759018         10.805923
        -85.764290         10.798244
        -85.776787         10.805706
        -85.791176         10.810193
        -85.795830         10.810002
        -85.797638         10.815995
        -85.800392         10.820617
        -85.803864         10.823174
        -85.805687         10.827558
        -85.804703         10.834678
        -85.789841         10.831567
        -85.789108         10.835700
        -85.795296         10.847707
        -85.808350         10.844135
        -85.816025         10.844658
        -85.817604         10.845338
        -85.828545         10.850048
        -85.855316         10.850662
        -85.862595         10.868487
        -85.866066         10.871274
        -85.878372         10.874821
        -85.905273         10.886299
        -85.910591         10.890710
        -85.919403         10.893997
        -85.924759         10.893809
        -85.925926         10.892957
        -85.928505         10.891079
        -85.945282         10.886840
        -85.950623         10.888720
        -85.941040         10.894395
        -85.927757         10.897052
        -85.918884         10.901582
        -85.915367         10.905233
        -85.900459         10.907416
        -85.894386         10.910587
        -85.885536         10.911668
        -85.882492         10.913713
        -85.880371         10.917605
        -85.868484         10.920041
        -85.863663         10.929589
        -85.863045         10.930805
        -85.867195         10.935897
        -85.882957         10.944300
        -85.872017         10.944443
        -85.869209         10.946030
        -85.841324         10.940978
        -85.837578         10.943707
        -85.830368         10.943190
        -85.824585         10.939464
        -85.820854         10.940353
        -85.814392         10.933632
        -85.813950         10.930409
        -85.818634         10.926538
        -85.816391         10.916173
        -85.813385         10.913389
        -85.810120         10.913016
        -85.806877         10.912645
        -85.800407         10.906844
        -85.791573         10.906312
        -85.787827         10.908581
        -85.786873         10.911792
        -85.788010         10.915251
        -85.795853         10.923363
        -85.795135         10.925886
        -85.790016         10.925844
        -85.786003         10.932940
        -85.781593         10.931064
        -85.779709         10.934037
        -85.770401         10.934650
        -85.766914         10.933472
        -85.764633         10.928164
        -85.759483         10.932260
        -85.750412         10.931034
        -85.747131         10.933996
        -85.740616         10.934171
        -85.735275         10.932517
        -85.731812         10.929498
        -85.729469         10.931088
        -85.728172         10.930935
        -85.725288         10.930593
        -85.722527         10.926661
        -85.723724         10.922301
        -85.719101         10.918583
        -85.713989         10.917850
        -85.711639         10.920359
        -85.711555         10.930246
        -85.705025         10.932261
        -85.702667         10.936379
        -85.704033         10.940070
        -85.719017         10.947789
        -85.716728         10.952595
        -85.708130         10.950912
        -85.706459         10.955957
        -85.702484         10.957763
        -85.694107         10.958151
        -85.690346         10.962257
        -85.689354         10.969378
        -85.691414         10.973994
        -85.695572         10.977479
        -85.698090         10.978756
        -85.707466         10.983520
        -85.723068         11.001628
        -85.726776         11.003729
        -85.734222         11.004481
        -85.739540         11.008435
        -85.747894         11.011955
        -85.756424         11.022374
        -85.748657         11.032887
        -85.740738         11.032820
        -85.739555         11.035110
        -85.742088         11.038811
        -85.741600         11.041105
        -85.737862         11.043374
        -85.731583         11.042400
        -85.729240         11.044451
        -85.723442         11.039211
        -85.719994         11.036094
        -85.718636         11.031024
        -85.716789         11.029399
        -85.694939         11.025303
        -85.686310         11.027759
        -85.680916         11.032540
        -85.675079         11.034560
        -85.672012         11.038902
        -85.670815         11.043262
        -85.672997         11.060067
        -85.679001         11.066327
        -85.684105         11.068211
        -85.690109         11.074242
        -85.698433         11.073880
        -85.698433         11.073880
        -85.681816         11.103503
        -85.665001         11.129190
        -85.660950         11.138233
        -85.629181         11.188165
        -85.626137         11.192946
        -85.621811         11.201008
        -85.618568         11.213552
        -85.614716         11.216588
        -85.609756         11.216818
        -85.566360         11.210237
        -85.558739         11.208202
        -85.551178         11.200860
        -85.534180         11.179252
        -85.531898         11.176351
        -85.525925         11.165950
        -85.520576         11.162541
        -85.421211         11.126488
        -85.414711         11.124128
        -85.357674         11.124355
        -85.300728         11.095322
        -85.297737         11.093798
        -85.246506         11.070590
        -85.206848         11.049742
        -85.184860         11.041925
        -85.064430         10.999079
        -85.000000         10.976127
        -84.988815         10.972142
        -84.944893         10.954025
        -84.914108         10.941321
        -84.832466         10.988572
        -84.794533         11.010513
        -84.722885         11.053934
        -84.680984         11.079316
        -84.677879         11.078856
        -84.612488         11.041137
        -84.607697         11.038371
        -84.572166         11.049906
        -84.566818         11.037536
        -84.562096         11.031602
        -84.542404         11.023228
        -84.507492         11.011287
        -84.502762         11.008694
        -84.488121         11.000677
        -84.454422         10.964293
        -84.439964         10.956405
        -84.432495         10.954622
        -84.426132         10.954812
        -84.419022         10.957226
        -84.411880         10.962154
        -84.403976         10.970566
        -84.401398         10.971906
        -84.399269         10.973014
        -84.378693         10.977889
        -84.363762         10.992626
        -84.361191         10.993986
        -84.358383         10.992828
        -84.354202         10.988576
        -84.344810         10.973349
        -84.345024         10.968322
        -84.348869         10.957365
> costa_rica 13
        -85.047844         10.000000
        -85.022186          9.991690
        -85.024757          9.989649
        -85.044884          9.994697
        -85.048798          9.997499
        -85.047844         10.000000
> costa_rica 14
        -85.000000          9.982756
        -85.009262          9.985800
        -85.015762          9.985413
        -85.016434          9.987489
        -85.011078          9.989728
        -85.000000          9.990753
        -84.984688          9.985067
        -84.974266          9.983802
        -84.969215          9.979378
        -84.965263          9.980022
        -84.964134          9.977482
        -84.966942          9.975214
        -84.980843          9.976520
        -85.000000          9.982756
> costa_rica 15
        -85.072281          9.969940
        -85.076439          9.971594
        -85.079155          9.977830
        -85.085365          9.982035
        -85.085342          9.984793
        -85.081841          9.986824
        -85.073730          9.986506
        -85.071617          9.988782
        -85.060738          9.986825
        -85.049232          9.977964
        -85.047417          9.974727
        -85.066193          9.975391
        -85.072281          9.969940
