> dominica 0
        -61.294743         15.542880
        -61.280136         15.534508
        -61.276417         15.525531
        -61.278370         15.517745
        -61.277447         15.514754
        -61.273209         15.511969
        -61.265408         15.510991
        -61.262821         15.508905
        -61.261951         15.498802
        -61.251945         15.476926
        -61.250374         15.465899
        -61.251911         15.450307
        -61.254814         15.441838
        -61.256546         15.439051
        -61.261757         15.430649
        -61.259914         15.424209
        -61.254971         15.421416
        -61.253582         15.417505
        -61.253418         15.407865
        -61.255825         15.402146
        -61.258442         15.400331
        -61.259178         15.396665
        -61.255413         15.394341
        -61.249256         15.395440
        -61.248093         15.392907
        -61.249813         15.384200
        -61.255981         15.381723
        -61.256485         15.377367
        -61.249897         15.373185
        -61.250404         15.368829
        -61.255398         15.364966
        -61.256878         15.357174
        -61.253464         15.339477
        -61.245296         15.325643
        -61.244152         15.320584
        -61.251183         15.297459
        -61.250576         15.284372
        -61.258678         15.275713
        -61.263569         15.253946
        -61.268394         15.240901
        -61.272209         15.236799
        -61.277664         15.234316
        -61.284279         15.234367
        -61.286648         15.235347
        -61.289932         15.236706
        -61.301056         15.234725
        -61.308590         15.238914
        -61.312374         15.238254
        -61.317142         15.233011
        -61.320755         15.223627
        -61.324566         15.219754
        -61.335239         15.214325
        -61.339314         15.206552
        -61.341927         15.204505
        -61.350449         15.202503
        -61.364632         15.201690
        -61.374310         15.203368
        -61.379238         15.207995
        -61.376850         15.211880
        -61.370678         15.215508
        -61.369244         15.218736
        -61.368038         15.221455
        -61.368698         15.227887
        -61.371265         15.232267
        -61.381382         15.238997
        -61.384892         15.244303
        -61.384434         15.275055
        -61.387211         15.283567
        -61.395420         15.292579
        -61.395874         15.295107
        -61.399540         15.311887
        -61.402843         15.345878
        -61.407253         15.357615
        -61.413567         15.367758
        -61.423664         15.378157
        -61.430958         15.383258
        -61.433292         15.387865
        -61.434464         15.389020
        -61.437149         15.411071
        -61.445095         15.424896
        -61.456371         15.435990
        -61.457378         15.439898
        -61.460289         15.451163
        -61.476830         15.488224
        -61.477448         15.502225
        -61.484108         15.531641
        -61.482414         15.537137
        -61.473141         15.544185
        -61.466202         15.555150
        -61.466095         15.571210
        -61.469154         15.573297
        -61.480747         15.573606
        -61.482853         15.577063
        -61.482132         15.579123
        -61.473103         15.584336
        -61.471336         15.600156
        -61.469166         15.606335
        -61.467373         15.626283
        -61.465458         15.629481
        -61.460239         15.631280
        -61.452911         15.630081
        -61.437748         15.631809
        -61.432358         15.630774
        -61.422859         15.628949
        -61.418392         15.624329
        -61.409740         15.609583
        -61.399399         15.599184
        -61.395924         15.588834
        -61.392159         15.586053
        -61.384102         15.587141
        -61.376980         15.590302
        -61.370113         15.590710
        -61.356674         15.583728
        -61.351467         15.584148
        -61.341499         15.587974
        -61.333035         15.580569
        -61.328308         15.579616
        -61.322617         15.581180
        -61.314114         15.579050
        -61.310825         15.575813
        -61.302235         15.553492
        -61.294743         15.542880
