> jamaica 0
        -77.284332         17.775990
        -77.299324         17.788101
        -77.318077         17.807150
        -77.326836         17.818735
        -77.361206         17.838167
        -77.372704         17.840353
        -77.375549         17.843830
        -77.405869         17.860914
        -77.410660         17.862112
        -77.430359         17.861614
        -77.466202         17.855982
        -77.477776         17.850574
        -77.490540         17.847475
        -77.498520         17.841803
        -77.509583         17.839605
        -77.513161         17.842169
        -77.519890         17.841541
        -77.523689         17.846174
        -77.552116         17.861607
        -77.570091         17.865906
        -77.585983         17.863888
        -77.602341         17.858374
        -77.609756         17.861656
        -77.615532         17.860558
        -77.620071         17.862665
        -77.627052         17.860657
        -77.637848         17.861898
        -77.658539         17.857706
        -77.697647         17.861710
        -77.705841         17.858557
        -77.713959         17.858341
        -77.719055         17.858204
        -77.729172         17.854147
        -77.735909         17.853283
        -77.740700         17.854240
        -77.739227         17.857677
        -77.739914         17.862280
        -77.750450         17.865812
        -77.761414         17.875784
        -77.765450         17.882254
        -77.770737         17.882065
        -77.775734         17.887621
        -77.788658         17.893698
        -77.791969         17.899700
        -77.797455         17.904572
        -77.798393         17.907566
        -77.797142         17.914225
        -77.798775         17.920444
        -77.800323         17.922255
        -77.805916         17.928776
        -77.816696         17.932306
        -77.823135         17.938332
        -77.837288         17.941885
        -77.836044         17.947165
        -77.839409         17.978918
        -77.834312         17.985317
        -77.831375         17.992193
        -77.831551         18.000242
        -77.833908         18.006697
        -77.839622         18.013178
        -77.848801         18.020720
        -77.865494         18.025322
        -77.872421         18.031120
        -77.877457         18.033224
        -77.881332         18.029114
        -77.884705         18.028908
        -77.889717         18.033543
        -77.892593         18.034252
        -77.904633         18.032497
        -77.908760         18.026089
        -77.930130         18.029686
        -77.939484         18.033657
        -77.946381         18.043821
        -77.946358         18.046579
        -77.950653         18.051668
        -77.951820         18.057924
        -77.952972         18.064098
        -77.963737         18.071989
        -77.969627         18.089733
        -77.986115         18.106165
        -77.990448         18.105503
        -77.994041         18.107826
        -78.001961         18.109488
        -78.002190         18.112247
        -78.004807         18.115713
        -78.015213         18.119246
        -78.021370         18.121338
        -78.025192         18.125731
        -78.025635         18.131021
        -78.022964         18.134684
        -78.023903         18.138828
        -78.032013         18.149456
        -78.028847         18.154955
        -78.029289         18.161627
        -78.032585         18.172453
        -78.043747         18.196436
        -78.053314         18.205233
        -78.064590         18.210361
        -78.077347         18.210897
        -78.083847         18.210478
        -78.086769         18.204746
        -78.089661         18.204533
        -78.090828         18.210058
        -78.094658         18.213530
        -78.108620         18.213383
        -78.135612         18.206409
        -78.141846         18.210354
        -78.151253         18.207878
        -78.154854         18.209047
        -78.157722         18.212513
        -78.157707         18.214811
        -78.167336         18.215096
        -78.180099         18.212635
        -78.207092         18.205881
        -78.210724         18.202911
        -78.224464         18.197464
        -78.236038         18.193384
        -78.241562         18.196173
        -78.247299         18.202639
        -78.253548         18.204741
        -78.255699         18.207050
        -78.262138         18.219959
        -78.267189         18.219984
        -78.273438         18.222084
        -78.284744         18.221886
        -78.304245         18.221542
        -78.310249         18.224560
        -78.327080         18.229006
        -78.346535         18.238291
        -78.361397         18.251694
        -78.366638         18.265743
        -78.364685         18.271482
        -78.360085         18.277901
        -78.355011         18.281788
        -78.345268         18.283131
        -78.343681         18.283348
        -78.336655         18.294582
        -78.335052         18.328379
        -78.339584         18.338057
        -78.334717         18.349531
        -78.343109         18.357159
        -78.342613         18.359915
        -78.335594         18.368393
        -78.328590         18.372499
        -78.320885         18.370394
        -78.317551         18.363480
        -78.314659         18.363007
        -78.310318         18.364597
        -78.308578         18.375166
        -78.302299         18.379045
        -78.293541         18.395561
        -78.288475         18.397377
        -78.278603         18.396639
        -78.273773         18.398685
        -78.269463         18.392685
        -78.267746         18.398655
        -78.269157         18.406250
        -78.266479         18.411757
        -78.261650         18.413572
        -78.258743         18.416548
        -78.249344         18.415812
        -78.247131         18.424538
        -78.241577         18.426580
        -78.239639         18.428869
        -78.240829         18.432095
        -78.238640         18.435680
        -78.237183         18.438055
        -78.232101         18.442629
        -78.227280         18.442604
        -78.225334         18.445124
        -78.220993         18.446711
        -78.220238         18.451765
        -78.213470         18.455641
        -78.211037         18.459997
        -78.203812         18.458349
        -78.201157         18.459255
        -78.197311         18.456705
        -78.193459         18.456455
        -78.190796         18.458740
        -78.179962         18.455692
        -78.172722         18.457722
        -78.166962         18.454012
        -78.166016         18.449867
        -78.167015         18.444584
        -78.163902         18.440657
        -78.154495         18.441294
        -78.153267         18.445887
        -78.155167         18.450956
        -78.153206         18.456005
        -78.149803         18.460815
        -78.142075         18.463301
        -78.122787         18.464111
        -78.115601         18.456942
        -78.111023         18.456224
        -78.108635         18.452301
        -78.109390         18.447247
        -78.105057         18.446762
        -78.102844         18.453419
        -78.100677         18.453865
        -78.095398         18.449234
        -78.092987         18.448990
        -78.088638         18.451725
        -78.077545         18.451658
        -78.073204         18.453012
        -78.069427         18.452602
        -78.066460         18.452282
        -78.061378         18.454550
        -78.050789         18.452185
        -78.043556         18.452370
        -78.040169         18.454880
        -78.016296         18.456570
        -78.007339         18.461571
        -77.996513         18.459202
        -77.992455         18.452507
        -77.987656         18.450176
        -77.974602         18.455149
        -77.954651         18.446739
        -77.941391         18.447800
        -77.939247         18.443874
        -77.933205         18.446363
        -77.933395         18.453264
        -77.936974         18.459038
        -77.937431         18.462719
        -77.934982         18.467762
        -77.930138         18.470718
        -77.928894         18.476000
        -77.931953         18.487059
        -77.929642         18.491636
        -77.925354         18.500122
        -77.920982         18.504461
        -77.912521         18.507162
        -77.903069         18.513996
        -77.893898         18.515310
        -77.882774         18.519371
        -77.879616         18.521879
        -77.860558         18.522892
        -77.849922         18.526495
        -77.821701         18.526976
        -77.810143         18.525049
        -77.804840         18.525469
        -77.774521         18.517189
        -77.751404         18.513100
        -77.717682         18.508923
        -77.712631         18.507271
        -77.709274         18.504715
        -77.706902         18.500326
        -77.701851         18.498446
        -77.696602         18.492424
        -77.693474         18.491707
        -77.691063         18.491688
        -77.685066         18.488190
        -77.678551         18.488596
        -77.675385         18.492249
        -77.677536         18.494106
        -77.686447         18.495329
        -77.679199         18.497570
        -77.663055         18.496284
        -77.656525         18.498991
        -77.650978         18.498484
        -77.648338         18.496851
        -77.645279         18.488447
        -77.636162         18.483641
        -77.628685         18.484037
        -77.624077         18.487446
        -77.624542         18.489290
        -77.631752         18.491882
        -77.633171         18.494654
        -77.624481         18.495729
        -77.617996         18.493143
        -77.606255         18.485453
        -77.599510         18.484705
        -77.593681         18.489252
        -77.585487         18.488722
        -77.569077         18.490416
        -77.561852         18.489431
        -77.545067         18.490805
        -77.536522         18.491503
        -77.530304         18.485697
        -77.516838         18.482353
        -77.510071         18.484131
        -77.504044         18.483845
        -77.490112         18.478426
        -77.469109         18.481449
        -77.463089         18.480701
        -77.459007         18.479053
        -77.452126         18.468639
        -77.448990         18.468149
        -77.446083         18.469730
        -77.444351         18.474314
        -77.440445         18.478876
        -77.435387         18.478827
        -77.430328         18.476212
        -77.423157         18.472500
        -77.413055         18.469872
        -77.411667         18.464108
        -77.405685         18.460140
        -77.397484         18.460520
        -77.396011         18.462805
        -77.399101         18.467203
        -77.397163         18.468105
        -77.382721         18.466122
        -77.378357         18.468838
        -77.375702         18.468811
        -77.355553         18.459410
        -77.349762         18.459581
        -77.345634         18.462528
        -77.319824         18.464104
        -77.317162         18.465227
        -77.312759         18.470930
        -77.309380         18.471586
        -77.302422         18.468063
        -77.296913         18.467840
        -77.279533         18.467134
        -77.254059         18.459965
        -77.248756         18.460367
        -77.245651         18.457804
        -77.238647         18.458649
        -77.219177         18.453608
        -77.220451         18.448103
        -77.217110         18.444847
        -77.204826         18.444023
        -77.199097         18.439819
        -77.187538         18.438543
        -77.182922         18.441940
        -77.179367         18.439745
        -77.178375         18.439131
        -77.171135         18.439970
        -77.167297         18.438087
        -77.157310         18.426477
        -77.135971         18.417267
        -77.125145         18.415764
        -77.120865         18.411116
        -77.114861         18.409666
        -77.108635         18.406145
        -77.103821         18.405630
        -77.093643         18.410572
        -77.079437         18.409716
        -77.076027         18.412436
        -77.071198         18.413300
        -77.068504         18.416487
        -77.062965         18.416191
        -77.053787         18.417692
        -77.051826         18.420200
        -77.044815         18.422186
        -77.039551         18.419594
        -77.019333         18.417511
        -77.015343         18.408726
        -77.013199         18.406858
        -77.010063         18.407051
        -77.004005         18.409967
        -76.999420         18.410372
        -76.979271         18.403227
        -76.966705         18.405832
        -76.953079         18.397615
        -76.948494         18.398018
        -76.942078         18.409437
        -76.935760         18.413036
        -76.920097         18.413071
        -76.907845         18.410156
        -76.895050         18.411604
        -76.891937         18.410414
        -76.887169         18.406443
        -76.886032         18.401369
        -76.891991         18.388796
        -76.892570         18.381445
        -76.889038         18.375650
        -76.887909         18.370117
        -76.882156         18.367514
        -76.870819         18.368748
        -76.869621         18.366787
        -76.867989         18.364111
        -76.858398         18.360769
        -76.852966         18.353338
        -76.842712         18.345615
        -76.838623         18.344873
        -76.824554         18.335030
        -76.819038         18.332888
        -76.804619         18.330627
        -76.801369         18.322306
        -76.807053         18.312033
        -76.805656         18.308563
        -76.797554         18.302246
        -76.792145         18.292976
        -76.790421         18.286184
        -76.790092         18.284901
        -76.782509         18.276520
        -76.778252         18.271404
        -76.761612         18.272789
        -76.753647         18.274061
        -76.743965         18.277840
        -76.740601         18.277563
        -76.731316         18.269848
        -76.726318         18.265871
        -76.712135         18.264524
        -76.704620         18.268101
        -76.679184         18.262228
        -76.675362         18.260334
        -76.664688         18.249607
        -76.655739         18.236143
        -76.649261         18.234442
        -76.640953         18.226965
        -76.622925         18.225098
        -76.608704         18.226503
        -76.594421         18.231586
        -76.588928         18.228748
        -76.581337         18.221739
        -76.566948         18.202671
        -76.545845         18.197762
        -76.537346         18.202696
        -76.534210         18.202879
        -76.521126         18.193487
        -76.516296         18.194334
        -76.508255         18.200422
        -76.502007         18.200100
        -76.499054         18.204195
        -76.495171         18.206205
        -76.479301         18.205048
        -76.474068         18.201288
        -76.470840         18.192270
        -76.466805         18.189220
        -76.463997         18.183887
        -76.457817         18.179195
        -76.452293         18.178419
        -76.446732         18.180405
        -76.440559         18.175251
        -76.438583         18.177980
        -76.438011         18.183950
        -76.436310         18.184843
        -76.417404         18.178574
        -76.417015         18.172819
        -76.404427         18.177221
        -76.402840         18.171448
        -76.394142         18.173382
        -76.391457         18.175640
        -76.389061         18.175142
        -76.387939         18.170065
        -76.382912         18.168837
        -76.381920         18.170662
        -76.374947         18.170322
        -76.371872         18.167053
        -76.364418         18.166706
        -76.358238         18.162239
        -76.354271         18.154818
        -76.350677         18.154072
        -76.348099         18.149660
        -76.343300         18.148895
        -76.335808         18.151075
        -76.333191         18.149424
        -76.331360         18.143875
        -76.334915         18.132664
        -76.329697         18.128441
        -76.325470         18.122395
        -76.318489         18.122742
        -76.316605         18.120182
        -76.318649         18.113087
        -76.318207         18.111700
        -76.315453         18.103148
        -76.306679         18.095879
        -76.284561         18.067465
        -76.281586         18.058908
        -76.282379         18.054552
        -76.276878         18.053083
        -76.277184         18.049179
        -76.270538         18.044241
        -76.272125         18.036219
        -76.277435         18.034697
        -76.278931         18.031731
        -76.278030         18.028498
        -76.275642         18.027538
        -76.270805         18.028839
        -76.269829         18.016176
        -76.269394         18.013180
        -76.260376         18.006594
        -76.255516         17.995935
        -76.248856         17.992147
        -76.244919         17.983574
        -76.238792         17.976345
        -76.232605         17.973024
        -76.231689         17.970478
        -76.235649         17.963877
        -76.235428         17.959679
        -76.235428         17.959679
        -76.235107         17.953751
        -76.239014         17.950134
        -76.238823         17.947603
        -76.230049         17.940788
        -76.223923         17.934019
        -76.210716         17.933569
        -76.205704         17.931646
        -76.199905         17.933159
        -76.194702         17.928703
        -76.189140         17.917341
        -76.182907         17.916317
        -76.180321         17.913284
        -76.181145         17.907551
        -76.189346         17.905619
        -76.189453         17.899872
        -76.190926         17.898058
        -76.195259         17.897671
        -76.205238         17.903816
        -76.211502         17.902540
        -76.224541         17.899078
        -76.230232         17.892981
        -76.233841         17.889116
        -76.251900         17.886885
        -76.261414         17.878763
        -76.264786         17.877899
        -76.270531         17.879143
        -76.274788         17.883121
        -76.282288         17.879795
        -76.285896         17.879854
        -76.290787         17.874645
        -76.297287         17.873831
        -76.300735         17.868828
        -76.300735         17.868828
        -76.310349         17.868523
        -76.315186         17.866531
        -76.319260         17.867058
        -76.320389         17.871445
        -76.318344         17.878309
        -76.312912         17.887188
        -76.313828         17.889732
        -76.317200         17.889328
        -76.325455         17.883942
        -76.334389         17.881325
        -76.336838         17.878376
        -76.332726         17.866354
        -76.334679         17.864315
        -76.339264         17.863239
        -76.341537         17.856607
        -76.348022         17.856482
        -76.348038         17.855560
        -76.350159         17.857664
        -76.350822         17.861353
        -76.368568         17.865034
        -76.372658         17.865551
        -76.379692         17.870687
        -76.397896         17.876804
        -76.407059         17.876453
        -76.414909         17.873487
        -76.421051         17.874178
        -76.421715         17.873503
        -76.432350         17.869068
        -76.435295         17.869244
        -76.447952         17.869999
        -76.480659         17.867277
        -76.494652         17.863350
        -76.498367         17.856508
        -76.512184         17.848209
        -76.520142         17.846258
        -76.533104         17.846453
        -76.541954         17.848883
        -76.542885         17.850965
        -76.541885         17.853479
        -76.535919         17.850863
        -76.530464         17.850567
        -76.518402         17.849913
        -76.509712         17.852770
        -76.501694         17.858627
        -76.500938         17.860685
        -76.515854         17.859070
        -76.526169         17.859915
        -76.542412         17.865444
        -76.552834         17.866640
        -76.554710         17.865692
        -76.554062         17.863897
        -76.544640         17.861568
        -76.542755         17.859241
        -76.543732         17.857876
        -76.568817         17.866522
        -76.593575         17.865274
        -76.601486         17.866308
        -76.605316         17.867283
        -76.610771         17.871731
        -76.614868         17.883089
        -76.615608         17.885136
        -76.624474         17.902506
        -76.625351         17.907808
        -76.628929         17.909698
        -76.630196         17.905117
        -76.636597         17.910957
        -76.644577         17.923258
        -76.650810         17.924496
        -76.655090         17.927086
        -76.657890         17.932644
        -76.665054         17.935963
        -76.683777         17.936916
        -76.698593         17.942640
        -76.708878         17.944427
        -76.710098         17.944639
        -76.729668         17.937092
        -76.754158         17.938805
        -76.763603         17.933414
        -76.770676         17.926153
        -76.775253         17.925066
        -76.812119         17.934525
        -76.833054         17.933594
        -76.840012         17.933283
        -76.841187         17.935368
        -76.837532         17.938768
        -76.826866         17.945295
        -76.820229         17.939001
        -76.807724         17.939526
        -76.792412         17.935183
        -76.786697         17.931656
        -76.782127         17.931595
        -76.778442         17.937294
        -76.775314         17.937943
        -76.777161         17.943026
        -76.759392         17.942326
        -76.749985         17.944498
        -76.741096         17.944376
        -76.737732         17.943359
        -76.733925         17.942209
        -76.727661         17.943043
        -76.721611         17.946178
        -76.720123         17.948917
        -76.724617         17.954268
        -76.738174         17.963650
        -76.744873         17.966042
        -76.757141         17.965288
        -76.760536         17.963036
        -76.765327         17.964020
        -76.771629         17.960424
        -76.792282         17.961393
        -76.810181         17.970139
        -76.818810         17.976990
        -76.823730         17.980894
        -76.827446         17.990141
        -76.835312         17.995071
        -76.840607         17.994452
        -76.849342         17.988358
        -76.855461         17.980160
        -76.858688         17.972843
        -76.856598         17.967527
        -76.859039         17.965031
        -76.864548         17.966022
        -76.868301         17.955494
        -76.867355         17.954102
        -76.861794         17.956789
        -76.853767         17.964043
        -76.846542         17.964638
        -76.844894         17.962547
        -76.858170         17.955360
        -76.864311         17.948544
        -76.865143         17.940508
        -76.870567         17.930462
        -76.872749         17.928881
        -76.874260         17.923841
        -76.872665         17.917152
        -76.873680         17.915802
        -76.877487         17.916065
        -76.884163         17.920059
        -76.886810         17.919863
        -76.890228         17.915770
        -76.894318         17.915361
        -76.896759         17.912174
        -76.890556         17.909336
        -76.886520         17.905375
        -76.882866         17.905935
        -76.878860         17.909094
        -76.883202         17.903896
        -76.887299         17.901476
        -76.889084         17.893682
        -76.891258         17.892790
        -76.893257         17.886837
        -76.896683         17.882282
        -76.896935         17.881517
        -76.899940         17.872438
        -76.908714         17.862663
        -76.912811         17.861795
        -76.915802         17.853556
        -76.922867         17.846058
        -76.939499         17.841440
        -76.950378         17.835829
        -76.956367         17.837051
        -76.957993         17.841211
        -76.961365         17.840563
        -76.965179         17.842449
        -76.966545         17.848213
        -76.969170         17.849627
        -76.975182         17.849239
        -76.980263         17.846313
        -76.982010         17.840818
        -76.985817         17.843853
        -76.989922         17.842047
        -76.995476         17.839603
        -77.004005         17.848213
        -77.011650         17.851295
        -77.022705         17.851198
        -77.028503         17.848280
        -77.033630         17.841444
        -77.036018         17.842852
        -77.038574         17.849550
        -77.038506         17.855068
        -77.036301         17.858259
        -77.037697         17.861956
        -77.033844         17.862598
        -77.031410         17.865099
        -77.027626         17.860685
        -77.025444         17.862268
        -77.026352         17.866417
        -77.023888         17.870987
        -77.028877         17.875645
        -77.031410         17.883951
        -77.040184         17.892794
        -77.045410         17.897915
        -77.051155         17.899132
        -77.059502         17.904520
        -77.059502         17.904520
        -77.066322         17.896553
        -77.069199         17.897047
        -77.071327         17.900061
        -77.071014         17.905806
        -77.073143         17.908588
        -77.076035         17.907932
        -77.078728         17.903366
        -77.082848         17.900425
        -77.083145         17.896061
        -77.088905         17.896358
        -77.089790         17.902346
        -77.099197         17.899467
        -77.107422         17.894733
        -77.114372         17.896194
        -77.119919         17.894419
        -77.135437         17.882410
        -77.147110         17.869898
        -77.148178         17.865406
        -77.151413         17.851784
        -77.160744         17.834187
        -77.159836         17.830036
        -77.153465         17.820309
        -77.140800         17.815798
        -77.140350         17.813263
        -77.143036         17.809385
        -77.144943         17.810556
        -77.144913         17.812855
        -77.156898         17.814600
        -77.163101         17.817888
        -77.172333         17.809027
        -77.174324         17.802841
        -77.183220         17.801331
        -77.186371         17.799067
        -77.186951         17.796595
        -77.187126         17.795856
        -77.185966         17.792625
        -77.180931         17.792339
        -77.178009         17.795755
        -77.174400         17.796175
        -77.171600         17.789476
        -77.175308         17.780092
        -77.175873         17.773201
        -77.182579         17.774654
        -77.184952         17.776520
        -77.186768         17.785507
        -77.188416         17.788054
        -77.192253         17.788557
        -77.201912         17.783836
        -77.210152         17.777260
        -77.211380         17.774284
        -77.208847         17.765520
        -77.200180         17.767263
        -77.186989         17.766428
        -77.182556         17.762390
        -77.177017         17.757351
        -77.173180         17.757078
        -77.164993         17.759514
        -77.158539         17.757603
        -77.152237         17.762129
        -77.146484         17.762064
        -77.144516         17.765951
        -77.139488         17.764513
        -77.137604         17.761503
        -77.143692         17.754677
        -77.139221         17.747038
        -77.131447         17.741508
        -77.131447         17.741508
        -77.125420         17.737225
        -77.125008         17.731703
        -77.126091         17.721371
        -77.140884         17.708435
        -77.146179         17.706306
        -77.148117         17.705528
        -77.176933         17.703554
        -77.184341         17.705477
        -77.192207         17.710392
        -77.205124         17.713753
        -77.211067         17.718645
        -77.217278         17.721012
        -77.229843         17.733730
        -77.229843         17.733730
        -77.231750         17.735653
        -77.238426         17.739405
        -77.246582         17.739723
        -77.256622         17.755196
        -77.263565         17.765882
        -77.268799         17.770077
        -77.284332         17.775990
> jamaica 1
        -77.065430         17.871712
        -77.070633         17.878210
        -77.075432         17.878496
        -77.078278         17.881748
        -77.076576         17.883568
        -77.067917         17.884386
        -77.065964         17.886892
        -77.063087         17.886398
        -77.060509         17.881081
        -77.065430         17.871712
> jamaica 2
        -77.047607         17.856556
        -77.051651         17.859592
        -77.055847         17.869759
        -77.055084         17.873428
        -77.056473         17.877583
        -77.054779         17.878712
        -77.050720         17.876825
        -77.041016         17.864985
        -77.044479         17.856977
        -77.047607         17.856556
