>
-62.590137 17.207914
-62.590137 17.207640
-62.589863 17.207640
-62.589863 17.206804
-62.589584 17.206804
-62.589584 17.206528
-62.589027 17.206528
-62.589027 17.206249
-62.586250 17.206249
-62.586250 17.206528
-62.583473 17.206528
-62.583473 17.206804
-62.583195 17.206804
-62.583195 17.207085
-62.582359 17.207085
-62.582359 17.207361
-62.581528 17.207361
-62.581528 17.207640
-62.579582 17.207640
-62.579582 17.207361
-62.578472 17.207361
-62.578472 17.207085
-62.578194 17.207085
-62.578194 17.206528
-62.577915 17.206528
-62.577915 17.206249
-62.577641 17.206249
-62.577641 17.205975
-62.577084 17.205975
-62.577084 17.205692
-62.576527 17.205692
-62.576527 17.205416
-62.574860 17.205416
-62.574860 17.205139
-62.574585 17.205139
-62.574585 17.204861
-62.574306 17.204861
-62.574306 17.204582
-62.574028 17.204582
-62.574028 17.203751
-62.573750 17.203751
-62.573750 17.203470
-62.573193 17.203470
-62.573193 17.203194
-62.572639 17.203194
-62.572639 17.202917
-62.572361 17.202917
-62.572361 17.202360
-62.572083 17.202360
-62.572083 17.202084
-62.571804 17.202084
-62.571804 17.201250
-62.571529 17.201250
-62.571529 17.200972
-62.571251 17.200972
-62.571251 17.200695
-62.570972 17.200695
-62.570972 17.199862
-62.570694 17.199862
-62.570694 17.199583
-62.570415 17.199583
-62.570415 17.199306
-62.569584 17.199306
-62.569584 17.199030
-62.569305 17.199030
-62.569305 17.198750
-62.569027 17.198750
-62.569027 17.198473
-62.568474 17.198473
-62.568474 17.197361
-62.568195 17.197361
-62.568195 17.196527
-62.567917 17.196527
-62.567917 17.195972
-62.567638 17.195972
-62.567638 17.195696
-62.567081 17.195696
-62.567081 17.195972
-62.566528 17.195972
-62.566528 17.196251
-62.565418 17.196251
-62.565418 17.195972
-62.565140 17.195972
-62.565140 17.195696
-62.564861 17.195696
-62.564861 17.195417
-62.564026 17.195417
-62.564026 17.195696
-62.563751 17.195696
-62.563751 17.195417
-62.562637 17.195417
-62.562637 17.195696
-62.559029 17.195696
-62.559029 17.195417
-62.557919 17.195417
-62.557919 17.195139
-62.556805 17.195139
-62.556805 17.194860
-62.555416 17.194860
-62.555416 17.194586
-62.554863 17.194586
-62.554863 17.194304
-62.554585 17.194304
-62.554585 17.193474
-62.554306 17.193474
-62.554306 17.192081
-62.554585 17.192081
-62.554585 17.191805
-62.554863 17.191805
-62.554863 17.191528
-62.555138 17.191528
-62.555138 17.190971
-62.554863 17.190971
-62.554863 17.190695
-62.554585 17.190695
-62.554585 17.190416
-62.554306 17.190416
-62.554306 17.190140
-62.554028 17.190140
-62.554028 17.189861
-62.553749 17.189861
-62.553749 17.189583
-62.553471 17.189583
-62.553471 17.189306
-62.553196 17.189306
-62.553196 17.189028
-62.552917 17.189028
-62.552917 17.188749
-62.552082 17.188749
-62.552082 17.188473
-62.551807 17.188473
-62.551807 17.188194
-62.551529 17.188194
-62.551529 17.187916
-62.551250 17.187916
-62.551250 17.187361
-62.550972 17.187361
-62.550972 17.186806
-62.550694 17.186806
-62.550694 17.186527
-62.550415 17.186527
-62.550415 17.186251
-62.550140 17.186251
-62.550140 17.185972
-62.549862 17.185972
-62.549862 17.185694
-62.549026 17.185694
-62.549026 17.185417
-62.548752 17.185417
-62.548752 17.184860
-62.548473 17.184860
-62.548473 17.184584
-62.548195 17.184584
-62.548195 17.184305
-62.547638 17.184305
-62.547638 17.184029
-62.547359 17.184029
-62.547359 17.183750
-62.547085 17.183750
-62.547085 17.183472
-62.546806 17.183472
-62.546806 17.182638
-62.546528 17.182638
-62.546528 17.182362
-62.546249 17.182362
-62.546249 17.181528
-62.545971 17.181528
-62.545971 17.181250
-62.545696 17.181250
-62.545696 17.180696
-62.545418 17.180696
-62.545418 17.180414
-62.545139 17.180414
-62.545139 17.180140
-62.544861 17.180140
-62.544861 17.179583
-62.544582 17.179583
-62.544582 17.178749
-62.544304 17.178749
-62.544304 17.177917
-62.544582 17.177917
-62.544582 17.177361
-62.544861 17.177361
-62.544861 17.176805
-62.545139 17.176805
-62.545139 17.175694
-62.544861 17.175694
-62.544861 17.175417
-62.544582 17.175417
-62.544582 17.175138
-62.544304 17.175138
-62.544304 17.174862
-62.544029 17.174862
-62.544029 17.174028
-62.543751 17.174028
-62.543751 17.172916
-62.544029 17.172916
-62.544029 17.172083
-62.544304 17.172083
-62.544304 17.168196
-62.544029 17.168196
-62.544029 17.167917
-62.544304 17.167917
-62.544304 17.167086
-62.544029 17.167086
-62.544029 17.165138
-62.543751 17.165138
-62.543751 17.164305
-62.543472 17.164305
-62.543472 17.163195
-62.543194 17.163195
-62.543194 17.162640
-62.542915 17.162640
-62.542915 17.162083
-62.542641 17.162083
-62.542641 17.161528
-62.542362 17.161528
-62.542362 17.161249
-62.542084 17.161249
-62.542084 17.160139
-62.541805 17.160139
-62.541805 17.159306
-62.541527 17.159306
-62.541527 17.157084
-62.541805 17.157084
-62.541805 17.155416
-62.542084 17.155416
-62.542084 17.154585
-62.542362 17.154585
-62.542362 17.153475
-62.542084 17.153475
-62.542084 17.151527
-62.541805 17.151527
-62.541805 17.149027
-62.541527 17.149027
-62.541527 17.148472
-62.541248 17.148472
-62.541248 17.147917
-62.540974 17.147917
-62.540974 17.147362
-62.540695 17.147362
-62.540695 17.147083
-62.540417 17.147083
-62.540417 17.146528
-62.540138 17.146528
-62.540138 17.146250
-62.539860 17.146250
-62.539860 17.145971
-62.539585 17.145971
-62.539585 17.145695
-62.539307 17.145695
-62.539307 17.143473
-62.539585 17.143473
-62.539585 17.141525
-62.539860 17.141525
-62.539860 17.141251
-62.540138 17.141251
-62.540138 17.140139
-62.539860 17.140139
-62.539860 17.138472
-62.540417 17.138472
-62.540417 17.138193
-62.540695 17.138193
-62.540695 17.137917
-62.541527 17.137917
-62.541527 17.137638
-62.541805 17.137638
-62.541805 17.137081
-62.541527 17.137081
-62.541527 17.136528
-62.541248 17.136528
-62.541248 17.136250
-62.540974 17.136250
-62.540974 17.135695
-62.540695 17.135695
-62.540695 17.134306
-62.540974 17.134306
-62.540974 17.133194
-62.540695 17.133194
-62.540695 17.132360
-62.540417 17.132360
-62.540417 17.131529
-62.540138 17.131529
-62.540138 17.130138
-62.539860 17.130138
-62.539860 17.129307
-62.540974 17.129307
-62.540974 17.129583
-62.541248 17.129583
-62.541248 17.129862
-62.542084 17.129862
-62.542084 17.129583
-62.542362 17.129583
-62.542362 17.129028
-62.542084 17.129028
-62.542084 17.128197
-62.542362 17.128197
-62.542362 17.127640
-62.542641 17.127640
-62.542641 17.127361
-62.543194 17.127361
-62.543194 17.127085
-62.543751 17.127085
-62.543751 17.126806
-62.544029 17.126806
-62.544029 17.126249
-62.544304 17.126249
-62.544304 17.125975
-62.544582 17.125975
-62.544582 17.125692
-62.544861 17.125692
-62.544861 17.121529
-62.545139 17.121529
-62.545139 17.121250
-62.545418 17.121250
-62.545418 17.120695
-62.545696 17.120695
-62.545696 17.120138
-62.545971 17.120138
-62.545971 17.119583
-62.546249 17.119583
-62.546249 17.119305
-62.546528 17.119305
-62.546528 17.119028
-62.546806 17.119028
-62.546806 17.118195
-62.547085 17.118195
-62.547085 17.116808
-62.547359 17.116808
-62.547359 17.116528
-62.547638 17.116528
-62.547638 17.114861
-62.547359 17.114861
-62.547359 17.114586
-62.547085 17.114586
-62.547085 17.114025
-62.547359 17.114025
-62.547359 17.113750
-62.547638 17.113750
-62.547638 17.113474
-62.547916 17.113474
-62.547916 17.113195
-62.548195 17.113195
-62.548195 17.112082
-62.548473 17.112082
-62.548473 17.110971
-62.548752 17.110971
-62.548752 17.110695
-62.549026 17.110695
-62.549026 17.110416
-62.549583 17.110416
-62.549583 17.110138
-62.550140 17.110138
-62.550140 17.109861
-62.550415 17.109861
-62.550415 17.109306
-62.550694 17.109306
-62.550694 17.108749
-62.550972 17.108749
-62.550972 17.108194
-62.551250 17.108194
-62.551250 17.107916
-62.551807 17.107916
-62.551807 17.107639
-62.552082 17.107639
-62.552082 17.107084
-62.552361 17.107084
-62.552361 17.106251
-62.552639 17.106251
-62.552639 17.105694
-62.552917 17.105694
-62.552917 17.105139
-62.553196 17.105139
-62.553196 17.104860
-62.553749 17.104860
-62.553749 17.104584
-62.556805 17.104584
-62.556805 17.104860
-62.556526 17.104860
-62.556526 17.105139
-62.556805 17.105139
-62.556805 17.105417
-62.557083 17.105417
-62.557083 17.105694
-62.557919 17.105694
-62.557919 17.105972
-62.558750 17.105972
-62.558750 17.106251
-62.559307 17.106251
-62.559307 17.105972
-62.559582 17.105972
-62.559582 17.106527
-62.559860 17.106527
-62.559860 17.107084
-62.560417 17.107084
-62.560417 17.106806
-62.563751 17.106806
-62.563751 17.106527
-62.565418 17.106527
-62.565418 17.106251
-62.565693 17.106251
-62.565693 17.105972
-62.565971 17.105972
-62.565971 17.105694
-62.566807 17.105694
-62.566807 17.105417
-62.567081 17.105417
-62.567081 17.105139
-62.567360 17.105139
-62.567360 17.104860
-62.567638 17.104860
-62.567638 17.104584
-62.567917 17.104584
-62.567917 17.104029
-62.569584 17.104029
-62.569584 17.104305
-62.569862 17.104305
-62.569862 17.104029
-62.570137 17.104029
-62.570137 17.103750
-62.570415 17.103750
-62.570415 17.103472
-62.570694 17.103472
-62.570694 17.103195
-62.570972 17.103195
-62.570972 17.103472
-62.571804 17.103472
-62.571804 17.103195
-62.574306 17.103195
-62.574306 17.103472
-62.574860 17.103472
-62.574860 17.103195
-62.576248 17.103195
-62.576248 17.102917
-62.576805 17.102917
-62.576805 17.102638
-62.577240 17.102638
-62.577641 17.102638
-62.577641 17.102362
-62.578194 17.102362
-62.578194 17.102083
-62.578751 17.102083
-62.578751 17.101807
-62.579029 17.101807
-62.579029 17.101528
-62.579304 17.101528
-62.579304 17.101250
-62.579582 17.101250
-62.579582 17.100973
-62.580139 17.100973
-62.580139 17.100697
-62.580971 17.100697
-62.580971 17.100973
-62.582359 17.100973
-62.582359 17.100697
-62.582638 17.100697
-62.582638 17.100973
-62.583752 17.100973
-62.583752 17.100697
-62.584305 17.100697
-62.584305 17.100414
-62.584583 17.100414
-62.584583 17.099585
-62.584862 17.099585
-62.584862 17.099304
-62.585140 17.099304
-62.585140 17.099028
-62.585693 17.099028
-62.585693 17.099304
-62.587082 17.099304
-62.587082 17.099028
-62.587360 17.099028
-62.587360 17.098749
-62.587639 17.098749
-62.587639 17.098475
-62.588470 17.098475
-62.588470 17.098192
-62.588749 17.098192
-62.588749 17.097639
-62.589027 17.097639
-62.589027 17.097361
-62.589306 17.097361
-62.589306 17.096806
-62.589584 17.096806
-62.589584 17.095694
-62.591251 17.095694
-62.591251 17.095417
-62.591805 17.095417
-62.591805 17.095139
-62.592361 17.095139
-62.592361 17.095417
-62.596249 17.095417
-62.596249 17.095139
-62.596527 17.095139
-62.596527 17.094860
-62.596806 17.094860
-62.596806 17.094584
-62.597084 17.094584
-62.597084 17.094305
-62.597363 17.094305
-62.597363 17.094028
-62.598473 17.094028
-62.598473 17.093748
-62.600693 17.093748
-62.600693 17.093472
-62.602917 17.093472
-62.602917 17.093748
-62.603195 17.093748
-62.603195 17.094028
-62.603474 17.094028
-62.603474 17.094305
-62.604027 17.094305
-62.604027 17.094584
-62.604584 17.094584
-62.604584 17.094860
-62.605415 17.094860
-62.605415 17.094584
-62.605972 17.094584
-62.605972 17.094860
-62.606529 17.094860
-62.606529 17.095139
-62.607082 17.095139
-62.607082 17.095417
-62.607361 17.095417
-62.607361 17.095694
-62.607918 17.095694
-62.607918 17.095970
-62.609306 17.095970
-62.609306 17.096251
-62.609859 17.096251
-62.609859 17.096527
-62.610138 17.096527
-62.610138 17.096806
-62.610416 17.096806
-62.610416 17.097082
-62.610695 17.097082
-62.610695 17.097361
-62.611252 17.097361
-62.611252 17.097639
-62.611526 17.097639
-62.611526 17.099028
-62.611805 17.099028
-62.611805 17.099304
-62.612083 17.099304
-62.612083 17.099585
-62.612362 17.099585
-62.612362 17.100140
-62.612640 17.100140
-62.612640 17.100697
-62.612915 17.100697
-62.612915 17.100973
-62.613194 17.100973
-62.613194 17.101250
-62.613750 17.101250
-62.613750 17.101528
-62.614029 17.101528
-62.614029 17.101807
-62.614307 17.101807
-62.614307 17.102083
-62.614582 17.102083
-62.614582 17.102362
-62.614861 17.102362
-62.614861 17.102638
-62.615139 17.102638
-62.615139 17.102917
-62.615417 17.102917
-62.615417 17.103195
-62.615696 17.103195
-62.615696 17.103472
-62.616249 17.103472
-62.616249 17.103750
-62.616528 17.103750
-62.616528 17.104029
-62.616806 17.104029
-62.616806 17.104305
-62.617085 17.104305
-62.617085 17.104584
-62.617363 17.104584
-62.617363 17.105139
-62.617638 17.105139
-62.617638 17.105417
-62.617916 17.105417
-62.617916 17.105694
-62.618195 17.105694
-62.618195 17.105972
-62.619862 17.105972
-62.619862 17.106806
-62.620140 17.106806
-62.620140 17.107639
-62.620693 17.107639
-62.620693 17.107916
-62.621807 17.107916
-62.621807 17.108194
-62.623474 17.108194
-62.623474 17.107916
-62.624027 17.107916
-62.624027 17.107639
-62.624863 17.107639
-62.624863 17.107916
-62.625416 17.107916
-62.625416 17.108194
-62.625137 17.108194
-62.625137 17.108749
-62.624306 17.108749
-62.624306 17.109028
-62.623474 17.109028
-62.623474 17.109306
-62.623196 17.109306
-62.623196 17.109861
-62.622917 17.109861
-62.622917 17.110971
-62.622639 17.110971
-62.622639 17.111250
-62.622360 17.111250
-62.622360 17.111803
-62.622639 17.111803
-62.622639 17.113474
-62.622917 17.113474
-62.622917 17.114025
-62.623196 17.114025
-62.623196 17.114586
-62.623474 17.114586
-62.623474 17.114861
-62.624027 17.114861
-62.624027 17.115139
-62.624584 17.115139
-62.624584 17.115696
-62.624863 17.115696
-62.624863 17.116808
-62.625137 17.116808
-62.625137 17.117083
-62.625416 17.117083
-62.625416 17.118195
-62.625694 17.118195
-62.625694 17.118473
-62.625973 17.118473
-62.625973 17.119028
-62.626251 17.119028
-62.626251 17.119305
-62.626804 17.119305
-62.626804 17.119583
-62.627361 17.119583
-62.627361 17.120138
-62.627640 17.120138
-62.627640 17.121250
-62.627918 17.121250
-62.627918 17.121805
-62.628193 17.121805
-62.628193 17.123751
-62.628471 17.123751
-62.628471 17.124306
-62.628750 17.124306
-62.628750 17.124582
-62.629028 17.124582
-62.629028 17.124861
-62.629307 17.124861
-62.629307 17.125416
-62.629581 17.125416
-62.629581 17.126249
-62.629860 17.126249
-62.629860 17.126528
-62.630138 17.126528
-62.630138 17.126806
-62.630695 17.126806
-62.630695 17.127085
-62.631248 17.127085
-62.631248 17.127361
-62.631527 17.127361
-62.631527 17.127640
-62.631805 17.127640
-62.631805 17.127914
-62.632084 17.127914
-62.632084 17.128197
-62.632362 17.128197
-62.632362 17.128750
-62.632637 17.128750
-62.632637 17.129028
-62.632915 17.129028
-62.632915 17.129583
-62.632637 17.129583
-62.632637 17.130695
-62.633194 17.130695
-62.633194 17.131805
-62.633472 17.131805
-62.633472 17.133194
-62.633194 17.133194
-62.633194 17.133751
-62.632915 17.133751
-62.632915 17.134027
-62.632362 17.134027
-62.632362 17.133751
-62.632084 17.133751
-62.632084 17.133472
-62.630695 17.133472
-62.630695 17.134306
-62.630417 17.134306
-62.630417 17.134583
-62.630138 17.134583
-62.630138 17.135695
-62.629860 17.135695
-62.629860 17.136528
-62.630138 17.136528
-62.630138 17.137638
-62.630417 17.137638
-62.630417 17.138193
-62.630695 17.138193
-62.630695 17.138472
-62.630417 17.138472
-62.630417 17.141525
-62.630138 17.141525
-62.630138 17.143749
-62.629860 17.143749
-62.629860 17.144173
-62.629860 17.144306
-62.629581 17.144306
-62.629581 17.144583
-62.629307 17.144583
-62.629307 17.145140
-62.629028 17.145140
-62.629028 17.145695
-62.628750 17.145695
-62.628750 17.146250
-62.628471 17.146250
-62.628471 17.146805
-62.628193 17.146805
-62.628193 17.148195
-62.627918 17.148195
-62.627918 17.148472
-62.628193 17.148472
-62.628193 17.149584
-62.628471 17.149584
-62.628471 17.152914
-62.628750 17.152914
-62.628750 17.153193
-62.629028 17.153193
-62.629028 17.155136
-62.629307 17.155136
-62.629307 17.155697
-62.629028 17.155697
-62.629028 17.157084
-62.629307 17.157084
-62.629307 17.157639
-62.629581 17.157639
-62.629581 17.159027
-62.629307 17.159027
-62.629307 17.160139
-62.629581 17.160139
-62.629581 17.161528
-62.629307 17.161528
-62.629307 17.163750
-62.629028 17.163750
-62.629028 17.165693
-62.628750 17.165693
-62.628750 17.167917
-62.628471 17.167917
-62.628471 17.169027
-62.628193 17.169027
-62.628193 17.171528
-62.627918 17.171528
-62.627918 17.171806
-62.627640 17.171806
-62.627640 17.172083
-62.627361 17.172083
-62.627361 17.172361
-62.627083 17.172361
-62.627083 17.172640
-62.626804 17.172640
-62.626804 17.173471
-62.626526 17.173471
-62.626526 17.174305
-62.626251 17.174305
-62.626251 17.175138
-62.625973 17.175138
-62.625973 17.176250
-62.625694 17.176250
-62.625694 17.176805
-62.625416 17.176805
-62.625416 17.177361
-62.625137 17.177361
-62.625137 17.177917
-62.624863 17.177917
-62.624863 17.178474
-62.624584 17.178474
-62.624584 17.179028
-62.624306 17.179028
-62.624306 17.179583
-62.624027 17.179583
-62.624027 17.180140
-62.623749 17.180140
-62.623749 17.180414
-62.623474 17.180414
-62.623474 17.180696
-62.622917 17.180696
-62.622917 17.180973
-62.622639 17.180973
-62.622639 17.181250
-62.622360 17.181250
-62.622360 17.181807
-62.622082 17.181807
-62.622082 17.182638
-62.621807 17.182638
-62.621807 17.182917
-62.621529 17.182917
-62.621529 17.183195
-62.620972 17.183195
-62.620972 17.183472
-62.620693 17.183472
-62.620693 17.183750
-62.620419 17.183750
-62.620419 17.184029
-62.620140 17.184029
-62.620140 17.184305
-62.619862 17.184305
-62.619862 17.184584
-62.619583 17.184584
-62.619583 17.185139
-62.619305 17.185139
-62.619305 17.186806
-62.619583 17.186806
-62.619583 17.187084
-62.619305 17.187084
-62.619305 17.187639
-62.619026 17.187639
-62.619026 17.188194
-62.618752 17.188194
-62.618752 17.188473
-62.618473 17.188473
-62.618473 17.188749
-62.618195 17.188749
-62.618195 17.189028
-62.617916 17.189028
-62.617916 17.190140
-62.618473 17.190140
-62.618473 17.190416
-62.619026 17.190416
-62.619026 17.190695
-62.618752 17.190695
-62.618752 17.191528
-62.618473 17.191528
-62.618473 17.191805
-62.618195 17.191805
-62.618195 17.192364
-62.617916 17.192364
-62.617916 17.192917
-62.617638 17.192917
-62.617638 17.193193
-62.617363 17.193193
-62.617363 17.193750
-62.617085 17.193750
-62.617085 17.194027
-62.616528 17.194027
-62.616528 17.194304
-62.616249 17.194304
-62.616249 17.194586
-62.615139 17.194586
-62.615139 17.195139
-62.614582 17.195139
-62.614582 17.195417
-62.614307 17.195417
-62.614307 17.196808
-62.614029 17.196808
-62.614029 17.197361
-62.613750 17.197361
-62.613750 17.197918
-62.613472 17.197918
-62.613472 17.198473
-62.612915 17.198473
-62.612915 17.198750
-62.612083 17.198750
-62.612083 17.199030
-62.611805 17.199030
-62.611805 17.199306
-62.611526 17.199306
-62.611526 17.199583
-62.611252 17.199583
-62.611252 17.200417
-62.610973 17.200417
-62.610973 17.201529
-62.611252 17.201529
-62.611252 17.201805
-62.611526 17.201805
-62.611526 17.202084
-62.612362 17.202084
-62.612362 17.202917
-62.612640 17.202917
-62.612640 17.203470
-62.611252 17.203470
-62.611252 17.203751
-62.610138 17.203751
-62.610138 17.204027
-62.609859 17.204027
-62.609859 17.204306
-62.609585 17.204306
-62.609585 17.204582
-62.609306 17.204582
-62.609306 17.204861
-62.609028 17.204861
-62.609028 17.205139
-62.608749 17.205139
-62.608749 17.205416
-62.608471 17.205416
-62.608471 17.205692
-62.608196 17.205692
-62.608196 17.205975
-62.606804 17.205975
-62.606804 17.205692
-62.606529 17.205692
-62.606529 17.205416
-62.606251 17.205416
-62.606251 17.205139
-62.605972 17.205139
-62.605972 17.204861
-62.604305 17.204861
-62.604305 17.204582
-62.599861 17.204582
-62.599861 17.204861
-62.598473 17.204861
-62.598473 17.205139
-62.597084 17.205139
-62.597084 17.205416
-62.596249 17.205416
-62.596249 17.205692
-62.595695 17.205692
-62.595695 17.205975
-62.595417 17.205975
-62.595417 17.206249
-62.595139 17.206249
-62.595139 17.206528
-62.594028 17.206528
-62.594028 17.206804
-62.593193 17.206804
-62.593193 17.207085
-62.592361 17.207085
-62.592361 17.207361
-62.591526 17.207361
-62.591526 17.207640
-62.590694 17.207640
-62.590694 17.207914
-62.590137 17.207914
>
-62.815971 17.418194
-62.815971 17.417917
-62.815418 17.417917
-62.815418 17.417360
-62.815140 17.417360
-62.815140 17.416805
-62.813194 17.416805
-62.813194 17.417084
-62.812916 17.417084
-62.812916 17.417360
-62.810974 17.417360
-62.810974 17.417639
-62.810417 17.417639
-62.810417 17.417917
-62.809860 17.417917
-62.809860 17.417639
-62.809582 17.417639
-62.809582 17.417360
-62.808750 17.417360
-62.808750 17.417084
-62.808472 17.417084
-62.808472 17.416805
-62.808193 17.416805
-62.808193 17.416529
-62.807919 17.416529
-62.807919 17.416250
-62.807640 17.416250
-62.807640 17.415695
-62.807362 17.415695
-62.807362 17.414862
-62.807083 17.414862
-62.807083 17.414305
-62.806805 17.414305
-62.806805 17.413750
-62.806526 17.413750
-62.806526 17.413473
-62.806252 17.413473
-62.806252 17.412916
-62.805695 17.412916
-62.805695 17.412640
-62.805138 17.412640
-62.805138 17.412361
-62.804863 17.412361
-62.804863 17.412083
-62.804585 17.412083
-62.804585 17.411806
-62.804306 17.411806
-62.804306 17.411247
-62.804028 17.411247
-62.804028 17.410973
-62.803749 17.410973
-62.803749 17.410139
-62.803471 17.410139
-62.803471 17.409861
-62.803196 17.409861
-62.803196 17.409025
-62.802917 17.409025
-62.802917 17.407915
-62.802639 17.407915
-62.802639 17.407639
-62.802361 17.407639
-62.802361 17.407364
-62.801529 17.407364
-62.801529 17.407085
-62.800972 17.407085
-62.800972 17.406803
-62.800140 17.406803
-62.800140 17.407364
-62.799026 17.407364
-62.799026 17.407639
-62.798752 17.407639
-62.798752 17.407915
-62.798195 17.407915
-62.798195 17.408194
-62.797638 17.408194
-62.797638 17.408472
-62.797359 17.408472
-62.797359 17.408751
-62.796806 17.408751
-62.796806 17.409025
-62.796249 17.409025
-62.796249 17.409307
-62.795971 17.409307
-62.795971 17.409586
-62.795418 17.409586
-62.795418 17.409861
-62.794029 17.409861
-62.794029 17.409586
-62.793194 17.409586
-62.793194 17.409307
-62.792915 17.409307
-62.792915 17.408751
-62.792641 17.408751
-62.792641 17.408472
-62.792362 17.408472
-62.792362 17.407639
-62.791805 17.407639
-62.791805 17.407364
-62.791527 17.407364
-62.791527 17.407085
-62.791248 17.407085
-62.791248 17.406803
-62.790695 17.406803
-62.790695 17.407364
-62.790417 17.407364
-62.790417 17.407915
-62.789860 17.407915
-62.789860 17.407639
-62.789028 17.407639
-62.789028 17.407085
-62.789307 17.407085
-62.789307 17.406803
-62.789585 17.406803
-62.789585 17.406528
-62.789307 17.406528
-62.789307 17.406250
-62.787918 17.406250
-62.787918 17.405972
-62.786804 17.405972
-62.786804 17.405693
-62.785694 17.405693
-62.785694 17.405416
-62.785137 17.405416
-62.785137 17.405138
-62.784584 17.405138
-62.784584 17.404861
-62.784027 17.404861
-62.784027 17.404581
-62.783195 17.404581
-62.783195 17.404306
-62.782639 17.404306
-62.782639 17.404028
-62.782360 17.404028
-62.782360 17.403749
-62.781250 17.403749
-62.781250 17.404306
-62.780972 17.404306
-62.780972 17.404581
-62.780140 17.404581
-62.780140 17.404306
-62.779861 17.404306
-62.779861 17.404028
-62.779583 17.404028
-62.779583 17.403749
-62.779026 17.403749
-62.779026 17.403194
-62.778751 17.403194
-62.778751 17.402916
-62.778473 17.402916
-62.778473 17.402639
-62.777916 17.402639
-62.777916 17.402361
-62.777637 17.402361
-62.777637 17.402082
-62.777363 17.402082
-62.777363 17.401806
-62.777084 17.401806
-62.777084 17.401527
-62.776806 17.401527
-62.776806 17.401251
-62.775970 17.401251
-62.775970 17.400694
-62.775696 17.400694
-62.775696 17.400141
-62.775417 17.400141
-62.775417 17.399860
-62.775139 17.399860
-62.775139 17.399584
-62.774860 17.399584
-62.774860 17.399305
-62.774582 17.399305
-62.774582 17.398750
-62.774029 17.398750
-62.774029 17.398195
-62.773750 17.398195
-62.773750 17.397919
-62.773472 17.397919
-62.773472 17.397636
-62.773193 17.397636
-62.773193 17.397083
-62.772915 17.397083
-62.772915 17.396528
-62.772640 17.396528
-62.772640 17.396250
-62.772362 17.396250
-62.772362 17.395971
-62.772083 17.395971
-62.772083 17.395697
-62.771805 17.395697
-62.771805 17.395414
-62.771526 17.395414
-62.771526 17.395140
-62.771252 17.395140
-62.771252 17.394583
-62.770973 17.394583
-62.770973 17.394304
-62.770416 17.394304
-62.770416 17.394028
-62.770138 17.394028
-62.770138 17.393475
-62.769306 17.393475
-62.769306 17.392916
-62.769028 17.392916
-62.769028 17.392639
-62.768471 17.392639
-62.768471 17.392361
-62.767918 17.392361
-62.767918 17.392082
-62.767639 17.392082
-62.767639 17.391806
-62.767082 17.391806
-62.767082 17.391527
-62.766804 17.391527
-62.766804 17.391251
-62.765972 17.391251
-62.765972 17.390970
-62.765694 17.390970
-62.765694 17.390694
-62.765141 17.390694
-62.765141 17.390417
-62.764862 17.390417
-62.764862 17.390139
-62.764027 17.390139
-62.764027 17.389860
-62.763748 17.389860
-62.763748 17.389305
-62.763474 17.389305
-62.763474 17.388750
-62.763195 17.388750
-62.763195 17.388195
-62.762638 17.388195
-62.762638 17.387917
-62.761806 17.387917
-62.761806 17.387638
-62.761250 17.387638
-62.761250 17.387362
-62.760971 17.387362
-62.760971 17.387083
-62.760418 17.387083
-62.760418 17.386806
-62.759861 17.386806
-62.759861 17.386530
-62.759583 17.386530
-62.759583 17.386250
-62.759304 17.386250
-62.759304 17.385695
-62.759029 17.385695
-62.759029 17.385418
-62.758751 17.385418
-62.758751 17.385139
-62.758194 17.385139
-62.758194 17.384861
-62.757362 17.384861
-62.757362 17.384583
-62.757084 17.384583
-62.757084 17.384308
-62.756805 17.384308
-62.756805 17.384026
-62.756527 17.384026
-62.756527 17.383196
-62.754307 17.383196
-62.754307 17.384026
-62.753750 17.384026
-62.753750 17.383751
-62.753471 17.383751
-62.753471 17.382360
-62.753193 17.382360
-62.753193 17.381804
-62.752918 17.381804
-62.752918 17.381527
-62.752361 17.381527
-62.752361 17.381250
-62.751526 17.381250
-62.751526 17.380972
-62.750694 17.380972
-62.750694 17.380693
-62.750137 17.380693
-62.750137 17.380417
-62.749584 17.380417
-62.749584 17.379864
-62.748749 17.379864
-62.748749 17.380417
-62.748196 17.380417
-62.748196 17.380138
-62.747082 17.380138
-62.747082 17.380417
-62.746250 17.380417
-62.746250 17.379864
-62.745972 17.379864
-62.745972 17.379305
-62.744862 17.379305
-62.744862 17.379028
-62.744583 17.379028
-62.744583 17.378195
-62.744862 17.378195
-62.744862 17.377916
-62.744583 17.377916
-62.744583 17.377361
-62.744305 17.377361
-62.744305 17.377083
-62.744026 17.377083
-62.744026 17.376806
-62.743752 17.376806
-62.743752 17.376528
-62.743473 17.376528
-62.743473 17.376249
-62.742638 17.376249
-62.742638 17.377083
-62.742363 17.377083
-62.742363 17.377361
-62.742085 17.377361
-62.742085 17.377083
-62.741806 17.377083
-62.741806 17.376806
-62.740997 17.376806
-62.740139 17.376806
-62.740139 17.377083
-62.739861 17.377083
-62.739861 17.377361
-62.739582 17.377361
-62.739582 17.375973
-62.739307 17.375973
-62.739307 17.375416
-62.739029 17.375416
-62.739029 17.374861
-62.739307 17.374861
-62.739307 17.372917
-62.739029 17.372917
-62.739029 17.372639
-62.738750 17.372639
-62.738750 17.372360
-62.738472 17.372360
-62.738472 17.372084
-62.738194 17.372084
-62.738194 17.371805
-62.737915 17.371805
-62.737915 17.371529
-62.736526 17.371529
-62.736526 17.371805
-62.735138 17.371805
-62.735138 17.371529
-62.734859 17.371529
-62.734859 17.371250
-62.734585 17.371250
-62.734585 17.370695
-62.734306 17.370695
-62.734306 17.370419
-62.734028 17.370419
-62.734028 17.370136
-62.733196 17.370136
-62.733196 17.369583
-62.732918 17.369583
-62.732918 17.368473
-62.732639 17.368473
-62.732639 17.367640
-62.732361 17.367640
-62.732361 17.367083
-62.731804 17.367083
-62.731804 17.366528
-62.731251 17.366528
-62.731251 17.366249
-62.730972 17.366249
-62.730972 17.365973
-62.730415 17.365973
-62.730415 17.365692
-62.729305 17.365692
-62.729305 17.364861
-62.728748 17.364861
-62.728748 17.364582
-62.728474 17.364582
-62.728474 17.364305
-62.728195 17.364305
-62.728195 17.364027
-62.727638 17.364027
-62.727638 17.363750
-62.727360 17.363750
-62.727360 17.363470
-62.727085 17.363470
-62.727085 17.363194
-62.726807 17.363194
-62.726807 17.362917
-62.726528 17.362917
-62.726528 17.362638
-62.726250 17.362638
-62.726250 17.362083
-62.725971 17.362083
-62.725971 17.360416
-62.725693 17.360416
-62.725693 17.359861
-62.724861 17.359861
-62.724861 17.360416
-62.724583 17.360416
-62.724583 17.360140
-62.724304 17.360140
-62.724304 17.359583
-62.724030 17.359583
-62.724030 17.357918
-62.723751 17.357918
-62.723751 17.357361
-62.723473 17.357361
-62.723473 17.356808
-62.722084 17.356808
-62.722084 17.357084
-62.721806 17.357084
-62.721806 17.357361
-62.721527 17.357361
-62.721527 17.356251
-62.721249 17.356251
-62.721249 17.354303
-62.721527 17.354303
-62.721527 17.354029
-62.721249 17.354029
-62.721249 17.353472
-62.720974 17.353472
-62.720974 17.352917
-62.720695 17.352917
-62.720695 17.352638
-62.720417 17.352638
-62.720417 17.352081
-62.719860 17.352081
-62.719860 17.351250
-62.719582 17.351250
-62.719582 17.350695
-62.719307 17.350695
-62.719307 17.350416
-62.719028 17.350416
-62.719028 17.350140
-62.718193 17.350140
-62.718193 17.349583
-62.717918 17.349583
-62.717918 17.349306
-62.717640 17.349306
-62.717640 17.349028
-62.717361 17.349028
-62.717361 17.348749
-62.717083 17.348749
-62.717083 17.348194
-62.716805 17.348194
-62.716805 17.347918
-62.716526 17.347918
-62.716526 17.347639
-62.716251 17.347639
-62.716251 17.347361
-62.715973 17.347361
-62.715973 17.347084
-62.715416 17.347084
-62.715416 17.346806
-62.715137 17.346806
-62.715137 17.346251
-62.714863 17.346251
-62.714863 17.345972
-62.714584 17.345972
-62.714584 17.345419
-62.714306 17.345419
-62.714306 17.345139
-62.714027 17.345139
-62.714027 17.344862
-62.713749 17.344862
-62.713749 17.344584
-62.713470 17.344584
-62.713470 17.344307
-62.713196 17.344307
-62.713196 17.344028
-62.712639 17.344028
-62.712639 17.343472
-62.712360 17.343472
-62.712360 17.343197
-62.711807 17.343197
-62.711807 17.342915
-62.711529 17.342915
-62.711529 17.342636
-62.711250 17.342636
-62.711250 17.342361
-62.710972 17.342361
-62.710972 17.342085
-62.710415 17.342085
-62.710415 17.341806
-62.709862 17.341806
-62.709862 17.341528
-62.709583 17.341528
-62.709583 17.341249
-62.709305 17.341249
-62.709305 17.340693
-62.709026 17.340693
-62.709026 17.340414
-62.708752 17.340414
-62.708752 17.340193
-62.708752 17.339582
-62.708473 17.339582
-62.708473 17.339306
-62.708195 17.339306
-62.708195 17.338472
-62.707916 17.338472
-62.707916 17.338194
-62.707638 17.338194
-62.707638 17.337639
-62.707359 17.337639
-62.707359 17.337360
-62.707085 17.337360
-62.707085 17.337084
-62.706528 17.337084
-62.706528 17.336805
-62.706249 17.336805
-62.706249 17.336527
-62.705696 17.336527
-62.705696 17.336250
-62.705418 17.336250
-62.705418 17.335972
-62.705139 17.335972
-62.705139 17.335695
-62.704304 17.335695
-62.704304 17.335417
-62.703472 17.335417
-62.703472 17.335138
-62.702915 17.335138
-62.702915 17.334305
-62.703194 17.334305
-62.703194 17.332361
-62.702915 17.332361
-62.702915 17.331528
-62.702641 17.331528
-62.702641 17.330973
-62.702362 17.330973
-62.702362 17.330418
-62.702084 17.330418
-62.702084 17.329861
-62.701805 17.329861
-62.701805 17.329025
-62.701527 17.329025
-62.701527 17.327915
-62.701248 17.327915
-62.701248 17.327362
-62.700974 17.327362
-62.700974 17.327085
-62.700695 17.327085
-62.700695 17.326529
-62.700417 17.326529
-62.700417 17.325972
-62.700138 17.325972
-62.700138 17.325693
-62.699860 17.325693
-62.699860 17.325138
-62.699585 17.325138
-62.699585 17.324862
-62.699860 17.324862
-62.699860 17.324028
-62.699585 17.324028
-62.699585 17.322916
-62.699306 17.322916
-62.699306 17.322359
-62.699028 17.322359
-62.699028 17.321527
-62.698750 17.321527
-62.698750 17.321251
-62.698471 17.321251
-62.698471 17.320972
-62.697918 17.320972
-62.697918 17.320417
-62.697639 17.320417
-62.697639 17.320141
-62.696804 17.320141
-62.696804 17.319860
-62.696529 17.319860
-62.696529 17.319305
-62.695972 17.319305
-62.695972 17.319029
-62.695694 17.319029
-62.695694 17.318750
-62.695137 17.318750
-62.695137 17.318472
-62.694862 17.318472
-62.694862 17.318195
-62.694584 17.318195
-62.694584 17.317919
-62.694305 17.317919
-62.694305 17.317638
-62.694027 17.317638
-62.694027 17.317362
-62.693748 17.317362
-62.693748 17.317083
-62.693474 17.317083
-62.693474 17.316807
-62.693195 17.316807
-62.693195 17.316528
-62.692917 17.316528
-62.692917 17.315971
-62.692638 17.315971
-62.692638 17.315697
-62.692360 17.315697
-62.692360 17.315414
-62.692081 17.315414
-62.692081 17.314861
-62.691807 17.314861
-62.691807 17.314304
-62.691528 17.314304
-62.691528 17.314028
-62.690971 17.314028
-62.690971 17.313749
-62.690693 17.313749
-62.690693 17.313475
-62.690418 17.313475
-62.690418 17.312639
-62.690971 17.312639
-62.690971 17.311806
-62.691250 17.311806
-62.691250 17.310970
-62.691528 17.310970
-62.691528 17.310694
-62.691807 17.310694
-62.691807 17.308750
-62.692081 17.308750
-62.692081 17.307362
-62.691807 17.307362
-62.691807 17.305695
-62.691528 17.305695
-62.691528 17.305416
-62.691250 17.305416
-62.691250 17.304861
-62.690971 17.304861
-62.690971 17.304583
-62.690693 17.304583
-62.690693 17.304308
-62.690140 17.304308
-62.690140 17.304028
-62.689861 17.304028
-62.689861 17.303473
-62.689583 17.303473
-62.689583 17.303196
-62.689026 17.303196
-62.689026 17.302917
-62.688194 17.302917
-62.688194 17.302639
-62.686527 17.302639
-62.686527 17.302361
-62.686249 17.302361
-62.686249 17.301804
-62.685696 17.301804
-62.685696 17.302361
-62.684860 17.302361
-62.684860 17.302639
-62.684029 17.302639
-62.684029 17.302361
-62.683750 17.302361
-62.683750 17.301804
-62.684029 17.301804
-62.684029 17.300694
-62.684307 17.300694
-62.684307 17.299864
-62.684582 17.299864
-62.684582 17.299303
-62.684860 17.299303
-62.684860 17.298750
-62.685139 17.298750
-62.685139 17.298195
-62.684582 17.298195
-62.684582 17.297916
-62.684029 17.297916
-62.684029 17.297638
-62.683750 17.297638
-62.683750 17.297361
-62.683472 17.297361
-62.683472 17.296528
-62.683193 17.296528
-62.683193 17.295139
-62.682919 17.295139
-62.682919 17.294861
-62.683193 17.294861
-62.683193 17.294741
-62.683193 17.294584
-62.683472 17.294584
-62.683472 17.294306
-62.683750 17.294306
-62.683750 17.293194
-62.683472 17.293194
-62.683472 17.292917
-62.683193 17.292917
-62.683193 17.289583
-62.683472 17.289583
-62.683472 17.286528
-62.683193 17.286528
-62.683193 17.285975
-62.682919 17.285975
-62.682919 17.285418
-62.682640 17.285418
-62.682640 17.285139
-62.682362 17.285139
-62.682362 17.284861
-62.682083 17.284861
-62.682083 17.284582
-62.680973 17.284582
-62.680973 17.284306
-62.680416 17.284306
-62.680416 17.284027
-62.680138 17.284027
-62.680138 17.283470
-62.679585 17.283470
-62.679585 17.284027
-62.679306 17.284027
-62.679306 17.284861
-62.679028 17.284861
-62.679028 17.285139
-62.678196 17.285139
-62.678196 17.284861
-62.677639 17.284861
-62.677639 17.284582
-62.677361 17.284582
-62.677361 17.284306
-62.677082 17.284306
-62.677082 17.284027
-62.676529 17.284027
-62.676529 17.282639
-62.676250 17.282639
-62.676250 17.281805
-62.675972 17.281805
-62.675972 17.280972
-62.675415 17.280972
-62.675415 17.280695
-62.675140 17.280695
-62.675140 17.279306
-62.674862 17.279306
-62.674862 17.279030
-62.674026 17.279030
-62.674026 17.278749
-62.673473 17.278749
-62.673473 17.277918
-62.673195 17.277918
-62.673195 17.277639
-62.672085 17.277639
-62.672085 17.277361
-62.671528 17.277361
-62.671528 17.277082
-62.670971 17.277082
-62.670971 17.276808
-62.670418 17.276808
-62.670418 17.276251
-62.670139 17.276251
-62.670139 17.275696
-62.668751 17.275696
-62.668751 17.275417
-62.668194 17.275417
-62.668194 17.275139
-62.667915 17.275139
-62.667915 17.274586
-62.667641 17.274586
-62.667641 17.274303
-62.667362 17.274303
-62.667362 17.274027
-62.667084 17.274027
-62.667084 17.273750
-62.666248 17.273750
-62.666248 17.274027
-62.665695 17.274027
-62.665695 17.273750
-62.665138 17.273750
-62.665138 17.273472
-62.664860 17.273472
-62.664860 17.273193
-62.663193 17.273193
-62.663193 17.272917
-62.662918 17.272917
-62.662918 17.272638
-62.662640 17.272638
-62.662640 17.272081
-62.662361 17.272081
-62.662361 17.271250
-62.662083 17.271250
-62.662083 17.270971
-62.661804 17.270971
-62.661804 17.270695
-62.660416 17.270695
-62.660416 17.270416
-62.660137 17.270416
-62.660137 17.269861
-62.659306 17.269861
-62.659306 17.270140
-62.658749 17.270140
-62.658749 17.269861
-62.658195 17.269861
-62.658195 17.269583
-62.657917 17.269583
-62.657917 17.269028
-62.657639 17.269028
-62.657639 17.268473
-62.657360 17.268473
-62.657360 17.267084
-62.657082 17.267084
-62.657082 17.266806
-62.656250 17.266806
-62.656250 17.266527
-62.655972 17.266527
-62.655972 17.264584
-62.656250 17.264584
-62.656250 17.263472
-62.655693 17.263472
-62.655693 17.263197
-62.655418 17.263197
-62.655418 17.262917
-62.655140 17.262917
-62.655140 17.262636
-62.654583 17.262636
-62.654583 17.262362
-62.654026 17.262362
-62.654026 17.261806
-62.653194 17.261806
-62.653194 17.262362
-62.652637 17.262362
-62.652637 17.262636
-62.652084 17.262636
-62.652084 17.263197
-62.651249 17.263197
-62.651249 17.262917
-62.650970 17.262917
-62.650970 17.262636
-62.650696 17.262636
-62.650696 17.262362
-62.650417 17.262362
-62.650417 17.261806
-62.650139 17.261806
-62.650139 17.261528
-62.649860 17.261528
-62.649860 17.261250
-62.649582 17.261250
-62.649582 17.260975
-62.649307 17.260975
-62.649307 17.260696
-62.649029 17.260696
-62.649029 17.260414
-62.648750 17.260414
-62.648750 17.260139
-62.648472 17.260139
-62.648472 17.259861
-62.648193 17.259861
-62.648193 17.259304
-62.647915 17.259304
-62.647915 17.258472
-62.647640 17.258472
-62.647640 17.258192
-62.647083 17.258192
-62.647083 17.257917
-62.646805 17.257917
-62.646805 17.257639
-62.645416 17.257639
-62.645416 17.258192
-62.644859 17.258192
-62.644859 17.257639
-62.644585 17.257639
-62.644585 17.256805
-62.644306 17.256805
-62.644306 17.256250
-62.644028 17.256250
-62.644028 17.255972
-62.643749 17.255972
-62.643749 17.255417
-62.643471 17.255417
-62.643471 17.254583
-62.643196 17.254583
-62.643196 17.254305
-62.642918 17.254305
-62.642918 17.254028
-62.642639 17.254028
-62.642639 17.253750
-62.642361 17.253750
-62.642361 17.252916
-62.642639 17.252916
-62.642639 17.250973
-62.642361 17.250973
-62.642361 17.250418
-62.642082 17.250418
-62.642082 17.249861
-62.640694 17.249861
-62.640694 17.249308
-62.638748 17.249308
-62.638748 17.249861
-62.638474 17.249861
-62.638474 17.250139
-62.638195 17.250139
-62.638195 17.250694
-62.637638 17.250694
-62.637638 17.251806
-62.637360 17.251806
-62.637360 17.252916
-62.637085 17.252916
-62.637085 17.253750
-62.636806 17.253750
-62.636806 17.254305
-62.636528 17.254305
-62.636528 17.254583
-62.636250 17.254583
-62.636250 17.255138
-62.635971 17.255138
-62.635971 17.255695
-62.635418 17.255695
-62.635418 17.255417
-62.634861 17.255417
-62.634861 17.255138
-62.634583 17.255138
-62.634583 17.254862
-62.634304 17.254862
-62.634304 17.254305
-62.634029 17.254305
-62.634029 17.254028
-62.633472 17.254028
-62.633472 17.253750
-62.633194 17.253750
-62.633194 17.253471
-62.632915 17.253471
-62.632915 17.252916
-62.632362 17.252916
-62.632362 17.252640
-62.632084 17.252640
-62.632084 17.252361
-62.631805 17.252361
-62.631805 17.252083
-62.630417 17.252083
-62.630417 17.251806
-62.629307 17.251806
-62.629307 17.251528
-62.627640 17.251528
-62.627640 17.251249
-62.627083 17.251249
-62.627083 17.250973
-62.625416 17.250973
-62.625416 17.250694
-62.625137 17.250694
-62.625137 17.250418
-62.624863 17.250418
-62.624863 17.250139
-62.624584 17.250139
-62.624584 17.249861
-62.624863 17.249861
-62.624863 17.249584
-62.625137 17.249584
-62.625137 17.249025
-62.625416 17.249025
-62.625416 17.248751
-62.625694 17.248751
-62.625694 17.247917
-62.625416 17.247917
-62.625416 17.247639
-62.624306 17.247639
-62.624306 17.247360
-62.624027 17.247360
-62.624027 17.246803
-62.623749 17.246803
-62.623749 17.245972
-62.623474 17.245972
-62.623474 17.245138
-62.623196 17.245138
-62.623196 17.244862
-62.622917 17.244862
-62.622917 17.244581
-62.622639 17.244581
-62.622639 17.244305
-62.622360 17.244305
-62.622360 17.243195
-62.622082 17.243195
-62.622082 17.242916
-62.621529 17.242916
-62.621529 17.242359
-62.621250 17.242359
-62.621250 17.241249
-62.620972 17.241249
-62.620972 17.240694
-62.620693 17.240694
-62.620693 17.239861
-62.620972 17.239861
-62.620972 17.239584
-62.621529 17.239584
-62.621529 17.239305
-62.621807 17.239305
-62.621807 17.239029
-62.622082 17.239029
-62.622082 17.238750
-62.622360 17.238750
-62.622360 17.238472
-62.622639 17.238472
-62.622639 17.237638
-62.622917 17.237638
-62.622917 17.237362
-62.623196 17.237362
-62.623196 17.237083
-62.623749 17.237083
-62.623749 17.236807
-62.624027 17.236807
-62.624027 17.236528
-62.624306 17.236528
-62.624306 17.236250
-62.625416 17.236250
-62.625416 17.235971
-62.625973 17.235971
-62.625973 17.235697
-62.626526 17.235697
-62.626526 17.235415
-62.627361 17.235415
-62.627361 17.235138
-62.627918 17.235138
-62.627918 17.234861
-62.628193 17.234861
-62.628193 17.234028
-62.628471 17.234028
-62.628471 17.233749
-62.628750 17.233749
-62.628750 17.231806
-62.628471 17.231806
-62.628471 17.231527
-62.628193 17.231527
-62.628193 17.230972
-62.627361 17.230972
-62.627361 17.231527
-62.627083 17.231527
-62.627083 17.231251
-62.626804 17.231251
-62.626804 17.230694
-62.626526 17.230694
-62.626526 17.230417
-62.625973 17.230417
-62.625973 17.230139
-62.625694 17.230139
-62.625694 17.229584
-62.625416 17.229584
-62.625416 17.227362
-62.625694 17.227362
-62.625694 17.227083
-62.625973 17.227083
-62.625973 17.226805
-62.626526 17.226805
-62.626526 17.226528
-62.626804 17.226528
-62.626804 17.225973
-62.627361 17.225973
-62.627361 17.225695
-62.627640 17.225695
-62.627640 17.225416
-62.629307 17.225416
-62.629307 17.225695
-62.629581 17.225695
-62.629581 17.225973
-62.630974 17.225973
-62.630974 17.226528
-62.631248 17.226528
-62.631248 17.227083
-62.631527 17.227083
-62.631527 17.228195
-62.631805 17.228195
-62.631805 17.228750
-62.632084 17.228750
-62.632084 17.229305
-62.632362 17.229305
-62.632362 17.228750
-62.632915 17.228750
-62.632915 17.229029
-62.633194 17.229029
-62.633194 17.229860
-62.634029 17.229860
-62.634029 17.229584
-62.634304 17.229584
-62.634304 17.229305
-62.634583 17.229305
-62.634583 17.229029
-62.635693 17.229029
-62.635693 17.228750
-62.636528 17.228750
-62.636528 17.228472
-62.636806 17.228472
-62.636806 17.227362
-62.637085 17.227362
-62.637085 17.226805
-62.637360 17.226805
-62.637360 17.226528
-62.637638 17.226528
-62.637638 17.226805
-62.637917 17.226805
-62.637917 17.227083
-62.638748 17.227083
-62.638748 17.226805
-62.639027 17.226805
-62.639027 17.226528
-62.639305 17.226528
-62.639305 17.226250
-62.639584 17.226250
-62.639584 17.225973
-62.639862 17.225973
-62.639862 17.224583
-62.640141 17.224583
-62.640141 17.222639
-62.640415 17.222639
-62.640415 17.222086
-62.640694 17.222086
-62.640694 17.221804
-62.641251 17.221804
-62.641251 17.221251
-62.641529 17.221251
-62.641529 17.221525
-62.641804 17.221525
-62.641804 17.221804
-62.642361 17.221804
-62.642361 17.222086
-62.642639 17.222086
-62.642639 17.222918
-62.642918 17.222918
-62.642918 17.223194
-62.643196 17.223194
-62.643196 17.223473
-62.643749 17.223473
-62.643749 17.223749
-62.644306 17.223749
-62.644306 17.224028
-62.644585 17.224028
-62.644585 17.224583
-62.644859 17.224583
-62.644859 17.225140
-62.645138 17.225140
-62.645138 17.225973
-62.645416 17.225973
-62.645416 17.226528
-62.646526 17.226528
-62.646526 17.226805
-62.647362 17.226805
-62.647362 17.226528
-62.648193 17.226528
-62.648193 17.225973
-62.648472 17.225973
-62.648472 17.225416
-62.648750 17.225416
-62.648750 17.225140
-62.649582 17.225140
-62.649582 17.224306
-62.649860 17.224306
-62.649860 17.223749
-62.650139 17.223749
-62.650139 17.223473
-62.650696 17.223473
-62.650696 17.223194
-62.651806 17.223194
-62.651806 17.223473
-62.652084 17.223473
-62.652084 17.222361
-62.651806 17.222361
-62.651806 17.221804
-62.651527 17.221804
-62.651527 17.219864
-62.651806 17.219864
-62.651806 17.217638
-62.651527 17.217638
-62.651527 17.216528
-62.651249 17.216528
-62.651249 17.214861
-62.651527 17.214861
-62.651527 17.214306
-62.651806 17.214306
-62.651806 17.214027
-62.652084 17.214027
-62.652084 17.213751
-62.652637 17.213751
-62.652637 17.213472
-62.652916 17.213472
-62.652916 17.213194
-62.653194 17.213194
-62.653194 17.212917
-62.654026 17.212917
-62.654026 17.212639
-62.654583 17.212639
-62.654583 17.212360
-62.655140 17.212360
-62.655140 17.212084
-62.655972 17.212084
-62.655972 17.212360
-62.656250 17.212360
-62.656250 17.212639
-62.657639 17.212639
-62.657639 17.212917
-62.657917 17.212917
-62.657917 17.213194
-62.658195 17.213194
-62.658195 17.213472
-62.658474 17.213472
-62.658474 17.213751
-62.658749 17.213751
-62.658749 17.214027
-62.659027 17.214027
-62.659027 17.214306
-62.659306 17.214306
-62.659306 17.214582
-62.659584 17.214582
-62.659584 17.215139
-62.659863 17.215139
-62.659863 17.215694
-62.660137 17.215694
-62.660137 17.215973
-62.660416 17.215973
-62.660416 17.216528
-62.660137 17.216528
-62.660137 17.217638
-62.659863 17.217638
-62.659863 17.218193
-62.659584 17.218193
-62.659584 17.218472
-62.659027 17.218472
-62.659027 17.219028
-62.658749 17.219028
-62.658749 17.220139
-62.659027 17.220139
-62.659027 17.220972
-62.659584 17.220972
-62.659584 17.221525
-62.659863 17.221525
-62.659863 17.221804
-62.660137 17.221804
-62.660137 17.222086
-62.659863 17.222086
-62.659863 17.222639
-62.660137 17.222639
-62.660137 17.223194
-62.660416 17.223194
-62.660416 17.222918
-62.660694 17.222918
-62.660694 17.223194
-62.660973 17.223194
-62.660973 17.223749
-62.660694 17.223749
-62.660694 17.224583
-62.659863 17.224583
-62.659863 17.224861
-62.660416 17.224861
-62.660416 17.225416
-62.660694 17.225416
-62.660694 17.225695
-62.660416 17.225695
-62.660416 17.226250
-62.660694 17.226250
-62.660694 17.225973
-62.660973 17.225973
-62.660973 17.226528
-62.662083 17.226528
-62.662083 17.226805
-62.663750 17.226805
-62.663750 17.227083
-62.664028 17.227083
-62.664028 17.227362
-62.664307 17.227362
-62.664307 17.227638
-62.664585 17.227638
-62.664585 17.228195
-62.664860 17.228195
-62.664860 17.228750
-62.665138 17.228750
-62.665138 17.231251
-62.664860 17.231251
-62.664860 17.231527
-62.664585 17.231527
-62.664585 17.231806
-62.664307 17.231806
-62.664307 17.232082
-62.663471 17.232082
-62.663471 17.232361
-62.663193 17.232361
-62.663193 17.232639
-62.662640 17.232639
-62.662640 17.232916
-62.662361 17.232916
-62.662361 17.233192
-62.662083 17.233192
-62.662083 17.233475
-62.661530 17.233475
-62.661530 17.233749
-62.661251 17.233749
-62.661251 17.234028
-62.660973 17.234028
-62.660973 17.234306
-62.660694 17.234306
-62.660694 17.234585
-62.660416 17.234585
-62.660416 17.234861
-62.659863 17.234861
-62.659863 17.235138
-62.659584 17.235138
-62.659584 17.235415
-62.659306 17.235415
-62.659306 17.235971
-62.659027 17.235971
-62.659027 17.237362
-62.658749 17.237362
-62.658749 17.238472
-62.658474 17.238472
-62.658474 17.238750
-62.657917 17.238750
-62.657917 17.239029
-62.657639 17.239029
-62.657639 17.239305
-62.657360 17.239305
-62.657360 17.240417
-62.657639 17.240417
-62.657639 17.240694
-62.657917 17.240694
-62.657917 17.241528
-62.658195 17.241528
-62.658195 17.242083
-62.658474 17.242083
-62.658474 17.242640
-62.658749 17.242640
-62.658749 17.243195
-62.659306 17.243195
-62.659306 17.243471
-62.659584 17.243471
-62.659584 17.244028
-62.659863 17.244028
-62.659863 17.244581
-62.660137 17.244581
-62.660137 17.246529
-62.659863 17.246529
-62.659863 17.246803
-62.659584 17.246803
-62.659584 17.247360
-62.659306 17.247360
-62.659306 17.247639
-62.659027 17.247639
-62.659027 17.247917
-62.658749 17.247917
-62.658749 17.248196
-62.658474 17.248196
-62.658474 17.248751
-62.658195 17.248751
-62.658195 17.249025
-62.657917 17.249025
-62.657917 17.249308
-62.657639 17.249308
-62.657639 17.249584
-62.657360 17.249584
-62.657360 17.249861
-62.657082 17.249861
-62.657082 17.250418
-62.657639 17.250418
-62.657639 17.251249
-62.657917 17.251249
-62.657917 17.251806
-62.658195 17.251806
-62.658195 17.252083
-62.658474 17.252083
-62.658474 17.252361
-62.658749 17.252361
-62.658749 17.252916
-62.659027 17.252916
-62.659027 17.254862
-62.659306 17.254862
-62.659306 17.255417
-62.659584 17.255417
-62.659584 17.255695
-62.659863 17.255695
-62.659863 17.256250
-62.660137 17.256250
-62.660137 17.257360
-62.659863 17.257360
-62.659863 17.257639
-62.659584 17.257639
-62.659584 17.258753
-62.659863 17.258753
-62.659863 17.259304
-62.660137 17.259304
-62.660137 17.259861
-62.660416 17.259861
-62.660416 17.260696
-62.660694 17.260696
-62.660694 17.260975
-62.660973 17.260975
-62.660973 17.261250
-62.661251 17.261250
-62.661251 17.261528
-62.661530 17.261528
-62.661530 17.261806
-62.661804 17.261806
-62.661804 17.262083
-62.662083 17.262083
-62.662083 17.262362
-62.662361 17.262362
-62.662361 17.263197
-62.662640 17.263197
-62.662640 17.263472
-62.662918 17.263472
-62.662918 17.264029
-62.663193 17.264029
-62.663193 17.264305
-62.663471 17.264305
-62.663471 17.264862
-62.663750 17.264862
-62.663750 17.265139
-62.664028 17.265139
-62.664028 17.265417
-62.664307 17.265417
-62.664307 17.265694
-62.664585 17.265694
-62.664585 17.266527
-62.665138 17.266527
-62.665138 17.266806
-62.665417 17.266806
-62.665417 17.267084
-62.665695 17.267084
-62.665695 17.267361
-62.665974 17.267361
-62.665974 17.267639
-62.666248 17.267639
-62.666248 17.267916
-62.666527 17.267916
-62.666527 17.268473
-62.667084 17.268473
-62.667084 17.268749
-62.667362 17.268749
-62.667362 17.269028
-62.667641 17.269028
-62.667641 17.269306
-62.668472 17.269306
-62.668472 17.269583
-62.669029 17.269583
-62.669029 17.269861
-62.669582 17.269861
-62.669582 17.270140
-62.669861 17.270140
-62.669861 17.270416
-62.670139 17.270416
-62.670139 17.270695
-62.670418 17.270695
-62.670418 17.270971
-62.670696 17.270971
-62.670696 17.271250
-62.671249 17.271250
-62.671249 17.271528
-62.671806 17.271528
-62.671806 17.271805
-62.672085 17.271805
-62.672085 17.272081
-62.672359 17.272081
-62.672359 17.272364
-62.672916 17.272364
-62.672916 17.272638
-62.673195 17.272638
-62.673195 17.272917
-62.673752 17.272917
-62.673752 17.273193
-62.674583 17.273193
-62.674583 17.273472
-62.675694 17.273472
-62.675694 17.273750
-62.676529 17.273750
-62.676529 17.274027
-62.677082 17.274027
-62.677082 17.274303
-62.677361 17.274303
-62.677361 17.274586
-62.677917 17.274586
-62.677917 17.274860
-62.678196 17.274860
-62.678196 17.275139
-62.679306 17.275139
-62.679306 17.274860
-62.679863 17.274860
-62.679863 17.274586
-62.680973 17.274586
-62.680973 17.274303
-62.681252 17.274303
-62.681252 17.274586
-62.681805 17.274586
-62.681805 17.274860
-62.682362 17.274860
-62.682362 17.275139
-62.683193 17.275139
-62.683193 17.275972
-62.683750 17.275972
-62.683750 17.276251
-62.684029 17.276251
-62.684029 17.276527
-62.684307 17.276527
-62.684307 17.276808
-62.684860 17.276808
-62.684860 17.277082
-62.685139 17.277082
-62.685139 17.277361
-62.685417 17.277361
-62.685417 17.277082
-62.685696 17.277082
-62.685696 17.277361
-62.686249 17.277361
-62.686249 17.277639
-62.686527 17.277639
-62.686527 17.278194
-62.686806 17.278194
-62.686806 17.278749
-62.687084 17.278749
-62.687084 17.279583
-62.687363 17.279583
-62.687363 17.280416
-62.687637 17.280416
-62.687637 17.280695
-62.688194 17.280695
-62.688194 17.280972
-62.689304 17.280972
-62.689304 17.281248
-62.690971 17.281248
-62.690971 17.280972
-62.692081 17.280972
-62.692081 17.281248
-62.695415 17.281248
-62.695415 17.281528
-62.695694 17.281528
-62.695694 17.281805
-62.696251 17.281805
-62.696251 17.282084
-62.696529 17.282084
-62.696529 17.281805
-62.697361 17.281805
-62.697361 17.282084
-62.698193 17.282084
-62.698193 17.281805
-62.698750 17.281805
-62.698750 17.281528
-62.700695 17.281528
-62.700695 17.281805
-62.701805 17.281805
-62.701805 17.282084
-62.702362 17.282084
-62.702362 17.282360
-62.702915 17.282360
-62.702915 17.282639
-62.703472 17.282639
-62.703472 17.282917
-62.703751 17.282917
-62.703751 17.283194
-62.704029 17.283194
-62.704029 17.283470
-62.704304 17.283470
-62.704304 17.283751
-62.704861 17.283751
-62.704861 17.284027
-62.705139 17.284027
-62.705139 17.284582
-62.705418 17.284582
-62.705418 17.284861
-62.705696 17.284861
-62.705696 17.285139
-62.705971 17.285139
-62.705971 17.285418
-62.706249 17.285418
-62.706249 17.285975
-62.706528 17.285975
-62.706528 17.286528
-62.706806 17.286528
-62.706806 17.287083
-62.707359 17.287083
-62.707359 17.287640
-62.708473 17.287640
-62.708473 17.287361
-62.708752 17.287361
-62.708752 17.287083
-62.709026 17.287083
-62.709026 17.286804
-62.709305 17.286804
-62.709305 17.286528
-62.709583 17.286528
-62.709583 17.285418
-62.710415 17.285418
-62.710415 17.286804
-62.710140 17.286804
-62.710140 17.287361
-62.709862 17.287361
-62.709862 17.287640
-62.709305 17.287640
-62.709305 17.287914
-62.709026 17.287914
-62.709026 17.288197
-62.708473 17.288197
-62.708473 17.288750
-62.708752 17.288750
-62.708752 17.289028
-62.709305 17.289028
-62.709305 17.289307
-62.710140 17.289307
-62.710140 17.289583
-62.710415 17.289583
-62.710415 17.289862
-62.710693 17.289862
-62.710693 17.290419
-62.710415 17.290419
-62.710415 17.291529
-62.710140 17.291529
-62.710140 17.291805
-62.709862 17.291805
-62.709862 17.292084
-62.709305 17.292084
-62.709305 17.292917
-62.709583 17.292917
-62.709583 17.293194
-62.710415 17.293194
-62.710415 17.293472
-62.710972 17.293472
-62.710972 17.293751
-62.714027 17.293751
-62.714027 17.294027
-62.715973 17.294027
-62.715973 17.294306
-62.720139 17.294306
-62.720139 17.294027
-62.720417 17.294027
-62.720417 17.292639
-62.720139 17.292639
-62.720139 17.292084
-62.719860 17.292084
-62.719860 17.291529
-62.720974 17.291529
-62.720974 17.291250
-62.722084 17.291250
-62.722084 17.290972
-62.722916 17.290972
-62.722916 17.291250
-62.724583 17.291250
-62.724583 17.291529
-62.725418 17.291529
-62.725418 17.291805
-62.725693 17.291805
-62.725693 17.292360
-62.725971 17.292360
-62.725971 17.292639
-62.726250 17.292639
-62.726250 17.292917
-62.726528 17.292917
-62.726528 17.293194
-62.727085 17.293194
-62.727085 17.293472
-62.728748 17.293472
-62.728748 17.293194
-62.729862 17.293194
-62.729862 17.292917
-62.730694 17.292917
-62.730694 17.292639
-62.730972 17.292639
-62.730972 17.292360
-62.731251 17.292360
-62.731251 17.292084
-62.731529 17.292084
-62.731529 17.290138
-62.731804 17.290138
-62.731804 17.289862
-62.732082 17.289862
-62.732082 17.289307
-62.732918 17.289307
-62.732918 17.288750
-62.733471 17.288750
-62.733471 17.288473
-62.733749 17.288473
-62.733749 17.288197
-62.734306 17.288197
-62.734306 17.287914
-62.734585 17.287914
-62.734585 17.287640
-62.735138 17.287640
-62.735138 17.287914
-62.735416 17.287914
-62.735416 17.288473
-62.735695 17.288473
-62.735695 17.289307
-62.735973 17.289307
-62.735973 17.289862
-62.736252 17.289862
-62.736252 17.290419
-62.739029 17.290419
-62.739029 17.290138
-62.739307 17.290138
-62.739307 17.289862
-62.739582 17.289862
-62.739582 17.289583
-62.740139 17.289583
-62.740139 17.289307
-62.740417 17.289307
-62.740417 17.289028
-62.741806 17.289028
-62.741806 17.289307
-62.742085 17.289307
-62.742085 17.289583
-62.742363 17.289583
-62.742363 17.289862
-62.744305 17.289862
-62.744305 17.290695
-62.744026 17.290695
-62.744026 17.290972
-62.743752 17.290972
-62.743752 17.291529
-62.744026 17.291529
-62.744026 17.291805
-62.744305 17.291805
-62.744305 17.292084
-62.745419 17.292084
-62.745419 17.292360
-62.746346 17.292360
-62.748749 17.292360
-62.748749 17.292084
-62.749306 17.292084
-62.749306 17.292360
-62.749863 17.292360
-62.749863 17.292639
-62.750694 17.292639
-62.750694 17.292360
-62.752640 17.292360
-62.752640 17.292639
-62.753193 17.292639
-62.753193 17.292917
-62.753471 17.292917
-62.753471 17.292639
-62.754028 17.292639
-62.754028 17.292360
-62.756248 17.292360
-62.756248 17.292639
-62.757084 17.292639
-62.757084 17.292360
-62.758472 17.292360
-62.758472 17.292084
-62.760139 17.292084
-62.760139 17.292360
-62.760418 17.292360
-62.760418 17.292639
-62.760693 17.292639
-62.760693 17.292917
-62.760971 17.292917
-62.760971 17.293194
-62.761250 17.293194
-62.761250 17.293472
-62.762085 17.293472
-62.762085 17.293751
-62.762638 17.293751
-62.762638 17.294027
-62.763195 17.294027
-62.763195 17.294306
-62.763474 17.294306
-62.763474 17.294027
-62.764584 17.294027
-62.764584 17.293751
-62.765141 17.293751
-62.765141 17.293472
-62.767918 17.293472
-62.767918 17.293751
-62.768471 17.293751
-62.768471 17.294027
-62.768749 17.294027
-62.768749 17.294584
-62.769306 17.294584
-62.769306 17.294861
-62.769585 17.294861
-62.769585 17.295139
-62.770695 17.295139
-62.770695 17.295416
-62.770973 17.295416
-62.770973 17.295694
-62.771805 17.295694
-62.771805 17.295973
-62.773472 17.295973
-62.773472 17.295694
-62.774029 17.295694
-62.774029 17.295416
-62.774307 17.295416
-62.774307 17.295139
-62.774860 17.295139
-62.774860 17.295694
-62.775417 17.295694
-62.775417 17.295973
-62.775696 17.295973
-62.775696 17.296249
-62.775970 17.296249
-62.775970 17.296528
-62.775696 17.296528
-62.775696 17.297361
-62.775417 17.297361
-62.775417 17.298195
-62.775696 17.298195
-62.775696 17.298750
-62.776249 17.298750
-62.776249 17.299028
-62.777084 17.299028
-62.777084 17.298750
-62.777363 17.298750
-62.777363 17.299028
-62.777916 17.299028
-62.777916 17.299303
-62.778194 17.299303
-62.778194 17.299585
-62.778473 17.299585
-62.778473 17.299864
-62.778751 17.299864
-62.778751 17.300417
-62.779305 17.300417
-62.779305 17.300694
-62.779861 17.300694
-62.779861 17.300974
-62.780418 17.300974
-62.780418 17.300694
-62.780693 17.300694
-62.780693 17.300974
-62.782360 17.300974
-62.782360 17.301250
-62.783195 17.301250
-62.783195 17.301525
-62.783474 17.301525
-62.783474 17.301804
-62.783749 17.301804
-62.783749 17.302086
-62.784027 17.302086
-62.784027 17.302361
-62.784584 17.302361
-62.784584 17.302639
-62.784863 17.302639
-62.784863 17.302917
-62.785694 17.302917
-62.785694 17.303196
-62.785973 17.303196
-62.785973 17.302917
-62.786530 17.302917
-62.786530 17.302639
-62.787083 17.302639
-62.787083 17.302361
-62.787361 17.302361
-62.787361 17.302086
-62.788471 17.302086
-62.788471 17.302361
-62.789028 17.302361
-62.789028 17.302917
-62.789307 17.302917
-62.789307 17.303196
-62.789585 17.303196
-62.789585 17.303473
-62.789860 17.303473
-62.789860 17.304583
-62.790138 17.304583
-62.790138 17.304861
-62.790417 17.304861
-62.790417 17.305416
-62.790695 17.305416
-62.790695 17.305973
-62.790974 17.305973
-62.790974 17.306250
-62.790695 17.306250
-62.790695 17.307083
-62.790974 17.307083
-62.790974 17.307362
-62.791248 17.307362
-62.791248 17.307638
-62.791527 17.307638
-62.791527 17.307917
-62.791805 17.307917
-62.791805 17.308472
-62.792362 17.308472
-62.792362 17.308750
-62.792641 17.308750
-62.792641 17.309029
-62.793472 17.309029
-62.793472 17.309584
-62.794029 17.309584
-62.794029 17.309860
-62.794304 17.309860
-62.794304 17.310139
-62.794582 17.310139
-62.794582 17.310417
-62.794304 17.310417
-62.794304 17.310774
-62.794304 17.311527
-62.794029 17.311527
-62.794029 17.312361
-62.794304 17.312361
-62.794304 17.313749
-62.794582 17.313749
-62.794582 17.314028
-62.794861 17.314028
-62.794861 17.314585
-62.795418 17.314585
-62.795418 17.315697
-62.795696 17.315697
-62.795696 17.315971
-62.795971 17.315971
-62.795971 17.316250
-62.796249 17.316250
-62.796249 17.316807
-62.796528 17.316807
-62.796528 17.317083
-62.797638 17.317083
-62.797638 17.317638
-62.797916 17.317638
-62.797916 17.317919
-62.798473 17.317919
-62.798473 17.318195
-62.798752 17.318195
-62.798752 17.318472
-62.799026 17.318472
-62.799026 17.319029
-62.799583 17.319029
-62.799583 17.319305
-62.800694 17.319305
-62.800694 17.319584
-62.801529 17.319584
-62.801529 17.319860
-62.802361 17.319860
-62.802361 17.320417
-62.802917 17.320417
-62.802917 17.320694
-62.803471 17.320694
-62.803471 17.320972
-62.803749 17.320972
-62.803749 17.321251
-62.804028 17.321251
-62.804028 17.321527
-62.804585 17.321527
-62.804585 17.321806
-62.805695 17.321806
-62.805695 17.322083
-62.805973 17.322083
-62.805973 17.322359
-62.806805 17.322359
-62.806805 17.322639
-62.807362 17.322639
-62.807362 17.322916
-62.807640 17.322916
-62.807640 17.323195
-62.808750 17.323195
-62.808750 17.323471
-62.809307 17.323471
-62.809307 17.323750
-62.810417 17.323750
-62.810417 17.324028
-62.810696 17.324028
-62.810696 17.324306
-62.811806 17.324306
-62.811806 17.324581
-62.812363 17.324581
-62.812363 17.324862
-62.812637 17.324862
-62.812637 17.325138
-62.812916 17.325138
-62.812916 17.325417
-62.813473 17.325417
-62.813473 17.325693
-62.814026 17.325693
-62.814026 17.325972
-62.814304 17.325972
-62.814304 17.326250
-62.815140 17.326250
-62.815140 17.326529
-62.816250 17.326529
-62.816250 17.327085
-62.816807 17.327085
-62.816807 17.327362
-62.817638 17.327362
-62.817638 17.327639
-62.818474 17.327639
-62.818474 17.327915
-62.819027 17.327915
-62.819027 17.328196
-62.820137 17.328196
-62.820137 17.328472
-62.820972 17.328472
-62.820972 17.328751
-62.821529 17.328751
-62.821529 17.329025
-62.821804 17.329025
-62.821804 17.329308
-62.822918 17.329308
-62.822918 17.329584
-62.823193 17.329584
-62.823193 17.329861
-62.825138 17.329861
-62.825138 17.330139
-62.825695 17.330139
-62.825695 17.330418
-62.825974 17.330418
-62.825974 17.330694
-62.826248 17.330694
-62.826248 17.330973
-62.826805 17.330973
-62.826805 17.331249
-62.827084 17.331249
-62.827084 17.331528
-62.827641 17.331528
-62.827641 17.331806
-62.828194 17.331806
-62.828194 17.332083
-62.828472 17.332083
-62.828472 17.332361
-62.829029 17.332361
-62.829029 17.332640
-62.829304 17.332640
-62.829304 17.332916
-62.829861 17.332916
-62.829861 17.333471
-62.830418 17.333471
-62.830418 17.333750
-62.830696 17.333750
-62.830696 17.334305
-62.830971 17.334305
-62.830971 17.334583
-62.831249 17.334583
-62.831249 17.334862
-62.831528 17.334862
-62.831528 17.335138
-62.831806 17.335138
-62.831806 17.335417
-62.832085 17.335417
-62.832085 17.335695
-62.832359 17.335695
-62.832359 17.335972
-62.832638 17.335972
-62.832638 17.336250
-62.833195 17.336250
-62.833195 17.336527
-62.833473 17.336527
-62.833473 17.336805
-62.833752 17.336805
-62.833752 17.337084
-62.834026 17.337084
-62.834026 17.337360
-62.834305 17.337360
-62.834305 17.337639
-62.834583 17.337639
-62.834583 17.337917
-62.834862 17.337917
-62.834862 17.338194
-62.835415 17.338194
-62.835415 17.338472
-62.835693 17.338472
-62.835693 17.338751
-62.835972 17.338751
-62.835972 17.339027
-62.836807 17.339027
-62.836807 17.339306
-62.837360 17.339306
-62.837360 17.339582
-62.837639 17.339582
-62.837639 17.339861
-62.837917 17.339861
-62.837917 17.340139
-62.838196 17.340139
-62.838196 17.340693
-62.838470 17.340693
-62.838470 17.340975
-62.838749 17.340975
-62.838749 17.341249
-62.839027 17.341249
-62.839027 17.341806
-62.839306 17.341806
-62.839306 17.342085
-62.839584 17.342085
-62.839584 17.343197
-62.839863 17.343197
-62.839863 17.344028
-62.840973 17.344028
-62.840973 17.344307
-62.841251 17.344307
-62.841251 17.344584
-62.841526 17.344584
-62.841526 17.344862
-62.842083 17.344862
-62.842083 17.345139
-62.842476 17.345139
-62.842640 17.345139
-62.842640 17.345419
-62.842918 17.345419
-62.842918 17.345694
-62.843193 17.345694
-62.843193 17.345972
-62.844028 17.345972
-62.844028 17.346251
-62.844307 17.346251
-62.844307 17.346527
-62.844860 17.346527
-62.844860 17.346806
-62.845417 17.346806
-62.845417 17.347084
-62.846249 17.347084
-62.846249 17.347361
-62.846527 17.347361
-62.846527 17.347639
-62.847084 17.347639
-62.847084 17.347918
-62.847637 17.347918
-62.847637 17.348194
-62.847916 17.348194
-62.847916 17.349306
-62.848194 17.349306
-62.848194 17.349583
-62.847916 17.349583
-62.847916 17.351528
-62.847637 17.351528
-62.847637 17.353472
-62.847916 17.353472
-62.847916 17.354303
-62.848194 17.354303
-62.848194 17.354860
-62.848473 17.354860
-62.848473 17.355417
-62.849030 17.355417
-62.849030 17.355696
-62.848751 17.355696
-62.848751 17.355972
-62.849030 17.355972
-62.849030 17.356251
-62.849304 17.356251
-62.849304 17.356808
-62.849583 17.356808
-62.849583 17.357084
-62.849861 17.357084
-62.849861 17.357639
-62.850140 17.357639
-62.850140 17.358194
-62.850418 17.358194
-62.850418 17.358473
-62.850693 17.358473
-62.850693 17.358749
-62.850971 17.358749
-62.850971 17.359030
-62.851250 17.359030
-62.851250 17.359583
-62.851807 17.359583
-62.851807 17.359861
-62.852360 17.359861
-62.852360 17.360140
-62.852638 17.360140
-62.852638 17.360416
-62.852917 17.360416
-62.852917 17.361250
-62.853195 17.361250
-62.853195 17.362362
-62.853474 17.362362
-62.853474 17.362638
-62.853748 17.362638
-62.853748 17.362917
-62.854305 17.362917
-62.854305 17.363194
-62.854862 17.363194
-62.854862 17.363750
-62.855141 17.363750
-62.855141 17.364582
-62.855415 17.364582
-62.855415 17.364861
-62.855694 17.364861
-62.855694 17.365139
-62.855972 17.365139
-62.855972 17.365417
-62.856529 17.365417
-62.856529 17.365692
-62.856804 17.365692
-62.856804 17.365973
-62.857361 17.365973
-62.857361 17.366249
-62.858471 17.366249
-62.858471 17.365973
-62.858749 17.365973
-62.858749 17.366249
-62.859028 17.366249
-62.859028 17.366528
-62.859585 17.366528
-62.859585 17.366804
-62.859859 17.366804
-62.859859 17.367083
-62.860416 17.367083
-62.860416 17.367640
-62.860973 17.367640
-62.860973 17.367914
-62.861252 17.367914
-62.861252 17.368196
-62.861526 17.368196
-62.861526 17.368473
-62.861805 17.368473
-62.861805 17.368750
-62.862640 17.368750
-62.862640 17.369028
-62.863194 17.369028
-62.863194 17.369307
-62.863472 17.369307
-62.863472 17.369583
-62.863750 17.369583
-62.863750 17.370136
-62.864029 17.370136
-62.864029 17.371250
-62.864307 17.371250
-62.864307 17.371805
-62.864029 17.371805
-62.864029 17.372917
-62.863750 17.372917
-62.863750 17.374306
-62.863472 17.374306
-62.863472 17.376528
-62.863194 17.376528
-62.863194 17.377640
-62.863472 17.377640
-62.863472 17.378195
-62.863750 17.378195
-62.863750 17.380972
-62.863472 17.380972
-62.863472 17.381804
-62.863194 17.381804
-62.863194 17.383751
-62.863472 17.383751
-62.863472 17.384308
-62.864029 17.384308
-62.864029 17.387362
-62.863750 17.387362
-62.863750 17.388195
-62.862915 17.388195
-62.862915 17.389029
-62.862362 17.389029
-62.862362 17.389305
-62.862083 17.389305
-62.862083 17.390764
-62.862083 17.391806
-62.861805 17.391806
-62.861805 17.392082
-62.861252 17.392082
-62.861252 17.392639
-62.860695 17.392639
-62.860695 17.392361
-62.859585 17.392361
-62.859585 17.392916
-62.859306 17.392916
-62.859306 17.393475
-62.859585 17.393475
-62.859585 17.394028
-62.859859 17.394028
-62.859859 17.394583
-62.859585 17.394583
-62.859585 17.395140
-62.859306 17.395140
-62.859306 17.396528
-62.859028 17.396528
-62.859028 17.396807
-62.858749 17.396807
-62.858749 17.397083
-62.858471 17.397083
-62.858471 17.397362
-62.858196 17.397362
-62.858196 17.397636
-62.855141 17.397636
-62.855141 17.397919
-62.854862 17.397919
-62.854862 17.398195
-62.854584 17.398195
-62.854584 17.399029
-62.854305 17.399029
-62.854305 17.399305
-62.854027 17.399305
-62.854027 17.399584
-62.853474 17.399584
-62.853474 17.399860
-62.853195 17.399860
-62.853195 17.400141
-62.852360 17.400141
-62.852360 17.401527
-62.852085 17.401527
-62.852085 17.402082
-62.851807 17.402082
-62.851807 17.402361
-62.851528 17.402361
-62.851528 17.402639
-62.851250 17.402639
-62.851250 17.402916
-62.850693 17.402916
-62.850693 17.403473
-62.850418 17.403473
-62.850418 17.403749
-62.850140 17.403749
-62.850140 17.404861
-62.849861 17.404861
-62.849861 17.405693
-62.849583 17.405693
-62.849583 17.406250
-62.849304 17.406250
-62.849304 17.406528
-62.849030 17.406528
-62.849030 17.406803
-62.848473 17.406803
-62.848473 17.407085
-62.847637 17.407085
-62.847637 17.406803
-62.847363 17.406803
-62.847363 17.406528
-62.846806 17.406528
-62.846806 17.406803
-62.846527 17.406803
-62.846527 17.407085
-62.845695 17.407085
-62.845695 17.407364
-62.845139 17.407364
-62.845139 17.407639
-62.844860 17.407639
-62.844860 17.407915
-62.844582 17.407915
-62.844582 17.408194
-62.844307 17.408194
-62.844307 17.409307
-62.844028 17.409307
-62.844028 17.410973
-62.843750 17.410973
-62.843750 17.411247
-62.842640 17.411247
-62.842640 17.410973
-62.842361 17.410973
-62.842361 17.410418
-62.841251 17.410418
-62.841251 17.410694
-62.840973 17.410694
-62.840973 17.410973
-62.840416 17.410973
-62.840416 17.411247
-62.840137 17.411247
-62.840137 17.411528
-62.839584 17.411528
-62.839584 17.411806
-62.839027 17.411806
-62.839027 17.412083
-62.838749 17.412083
-62.838749 17.412361
-62.838470 17.412361
-62.838470 17.412640
-62.838196 17.412640
-62.838196 17.412916
-62.837917 17.412916
-62.837917 17.413195
-62.836529 17.413195
-62.836529 17.413473
-62.836250 17.413473
-62.836250 17.413195
-62.835693 17.413195
-62.835693 17.412916
-62.835140 17.412916
-62.835140 17.413195
-62.834862 17.413195
-62.834862 17.413473
-62.834583 17.413473
-62.834583 17.413195
-62.834305 17.413195
-62.834305 17.412916
-62.834026 17.412916
-62.834026 17.412640
-62.833752 17.412640
-62.833752 17.412361
-62.832916 17.412361
-62.832916 17.412083
-62.832638 17.412083
-62.832638 17.411806
-62.830139 17.411806
-62.830139 17.412083
-62.829861 17.412083
-62.829861 17.412361
-62.829304 17.412361
-62.829304 17.412640
-62.829029 17.412640
-62.829029 17.412916
-62.828472 17.412916
-62.828472 17.413195
-62.826805 17.413195
-62.826805 17.413473
-62.825695 17.413473
-62.825695 17.413750
-62.824585 17.413750
-62.824585 17.414028
-62.824306 17.414028
-62.824306 17.414305
-62.824028 17.414305
-62.824028 17.415417
-62.823750 17.415417
-62.823750 17.416250
-62.823471 17.416250
-62.823471 17.416529
-62.823193 17.416529
-62.823193 17.416805
-62.821804 17.416805
-62.821804 17.417084
-62.821251 17.417084
-62.821251 17.417360
-62.820694 17.417360
-62.820694 17.417639
-62.819584 17.417639
-62.819584 17.417917
-62.817081 17.417917
-62.817081 17.418194
-62.815971 17.418194
