> cayman_islands 0
-81.294670 19.263029
-81.305855 19.266340
-81.313614 19.266705
-81.317551 19.270567
-81.333595 19.274736
-81.346184 19.273890
-81.350136 19.279129
-81.358910 19.282469
-81.376427 19.270515
-81.384369 19.266964
-81.393074 19.265703
-81.395035 19.267517
-81.400139 19.268602
-81.402435 19.276163
-81.402275 19.281916
-81.396774 19.303379
-81.397865 19.311415
-81.393257 19.328037
-81.392654 19.336096
-81.396553 19.348103
-81.396965 19.349382
-81.397095 19.358120
-81.403038 19.366554
-81.414551 19.374687
-81.427864 19.373135
-81.431282 19.374470
-81.432777 19.377211
-81.428062 19.386244
-81.418953 19.393723
-81.407356 19.396402
-81.399673 19.401333
-81.394814 19.400934
-81.376495 19.391737
-81.374229 19.386246
-81.375381 19.385218
-81.377106 19.383678
-81.386108 19.386095
-81.389496 19.385592
-81.390900 19.382122
-81.390076 19.375233
-81.373390 19.344852
-81.372345 19.339806
-81.381119 19.326582
-81.379875 19.324297
-81.375984 19.323427
-81.375229 19.321367
-81.376617 19.317209
-81.374870 19.313780
-81.370728 19.311993
-81.368416 19.302820
-81.362106 19.302441
-81.357407 19.295830
-81.355331 19.295805
-81.338501 19.295607
-81.326180 19.298292
-81.315346 19.303488
-81.307121 19.304049
-81.306168 19.305441
-81.309860 19.309765
-81.308922 19.311848
-81.304352 19.313974
-81.304466 19.322483
-81.302124 19.328033
-81.292191 19.328615
-81.281334 19.332197
-81.272263 19.324717
-81.266960 19.326622
-81.266045 19.330544
-81.270210 19.333714
-81.271049 19.337736
-81.272804 19.346102
-81.280022 19.342335
-81.281029 19.344852
-81.277519 19.353867
-81.278038 19.356390
-81.282654 19.357023
-81.287964 19.355349
-81.290901 19.357384
-81.282753 19.364384
-81.282402 19.373589
-81.276550 19.371359
-81.257935 19.357553
-81.239410 19.350416
-81.233597 19.350716
-81.231445 19.352812
-81.224854 19.354927
-81.222511 19.355677
-81.211105 19.354431
-81.193825 19.349344
-81.175133 19.347261
-81.168839 19.348024
-81.154602 19.353251
-81.131119 19.355587
-81.123329 19.352915
-81.104195 19.354511
-81.098610 19.353424
-81.096886 19.351603
-81.096489 19.350304
-81.091316 19.333263
-81.094925 19.312061
-81.108559 19.298107
-81.117958 19.294092
-81.146553 19.293997
-81.152412 19.297150
-81.161858 19.296810
-81.173805 19.302195
-81.177345 19.302616
-81.180840 19.303032
-81.196739 19.295946
-81.208603 19.294657
-81.218567 19.296839
-81.231628 19.295073
-81.245590 19.288237
-81.257088 19.278667
-81.259178 19.272430
-81.267311 19.264742
-81.294670 19.263029
> cayman_islands 1
-79.866928 19.687639
-79.891701 19.687994
-79.893906 19.690285
-79.883018 19.698843
-79.868958 19.705572
-79.858521 19.706305
-79.843979 19.713724
-79.835999 19.721577
-79.822144 19.728634
-79.817337 19.731081
-79.777557 19.745953
-79.766914 19.757261
-79.759399 19.761427
-79.747978 19.761698
-79.737259 19.755526
-79.729965 19.754860
-79.727272 19.750269
-79.728951 19.745893
-79.744865 19.736212
-79.770393 19.720676
-79.794426 19.716217
-79.822571 19.708059
-79.866928 19.687639
> cayman_islands 2
-80.000000 19.712097
-79.984428 19.717932
-79.974220 19.717060
-79.970802 19.714777
-79.969078 19.710646
-79.969559 19.707329
-79.969780 19.705812
-79.972916 19.701656
-79.975578 19.700493
-79.992844 19.702480
-80.000000 19.699446
-80.046631 19.679668
-80.051483 19.678724
-80.056839 19.680996
-80.064835 19.677044
-80.074493 19.668482
-80.087082 19.662203
-80.105789 19.663252
-80.108002 19.666920
-80.105614 19.672684
-80.091095 19.681273
-80.085144 19.683765
-80.076073 19.687563
-80.064491 19.700047
-80.057953 19.702610
-80.040710 19.704771
-80.030991 19.703671
-80.017395 19.705580
-80.000000 19.712097
