> martinique 0
-61.226898 14.798636
-61.230118 14.809226
-61.230061 14.817032
-61.226631 14.833079
-61.219452 14.846110
-61.212299 14.855239
-61.203041 14.862513
-61.191677 14.867014
-61.175610 14.869411
-61.168259 14.873713
-61.155949 14.878205
-61.151772 14.878485
-61.146740 14.878819
-61.135674 14.875514
-61.109123 14.860600
-61.091236 14.854481
-61.079994 14.844053
-61.072926 14.842846
-61.058865 14.830557
-61.054394 14.829142
-61.046116 14.831596
-61.038116 14.828543
-61.034351 14.827362
-61.015182 14.806072
-61.008831 14.803720
-60.997856 14.790077
-60.989948 14.776690
-60.978004 14.766481
-60.973618 14.755420
-60.966633 14.744335
-60.963448 14.731217
-60.962524 14.731389
-60.959900 14.731875
-60.952232 14.745815
-60.948421 14.749915
-60.930168 14.759857
-60.915070 14.759952
-60.909595 14.765183
-60.890400 14.774654
-60.881207 14.773882
-60.874466 14.762568
-60.874508 14.757976
-60.878571 14.752273
-60.881645 14.751152
-60.882519 14.753067
-60.885117 14.758762
-60.889595 14.759261
-60.893150 14.757228
-60.896736 14.751978
-60.896282 14.749907
-60.892048 14.748720
-60.890186 14.745948
-60.895187 14.740481
-60.894978 14.737494
-60.891483 14.732870
-60.892685 14.730125
-60.897198 14.726951
-60.905182 14.730698
-60.909702 14.726375
-60.915592 14.727576
-60.916679 14.737920
-60.926304 14.743058
-60.934807 14.742216
-60.938599 14.740183
-60.943848 14.733570
-60.942917 14.731725
-60.938446 14.730536
-60.937160 14.729008
-60.934944 14.726372
-60.937321 14.724326
-60.945107 14.724166
-60.947021 14.721197
-60.945164 14.717736
-60.940224 14.716084
-60.931698 14.719913
-60.927498 14.715052
-60.928944 14.711391
-60.934887 14.705933
-60.933018 14.704079
-60.928070 14.703575
-60.917637 14.709682
-60.914417 14.700237
-60.905270 14.694414
-60.910545 14.684586
-60.915047 14.682559
-60.925201 14.681044
-60.928055 14.678313
-60.928722 14.675741
-60.930252 14.669835
-60.936142 14.670577
-60.938042 14.668986
-60.939507 14.663488
-60.937916 14.656584
-60.934666 14.650813
-60.929504 14.647552
-60.920048 14.650223
-60.915970 14.658224
-60.913361 14.659808
-60.900894 14.656021
-60.890266 14.657762
-60.888664 14.652466
-60.892971 14.645615
-60.900551 14.641779
-60.898499 14.633952
-60.899303 14.622935
-60.899673 14.622080
-60.902191 14.616301
-60.899395 14.612371
-60.890209 14.611599
-60.878391 14.614707
-60.876282 14.613080
-60.878944 14.605295
-60.872208 14.594210
-60.868942 14.590505
-60.855316 14.585096
-60.850697 14.574260
-60.853832 14.566479
-60.852684 14.563252
-60.847034 14.562052
-60.843536 14.557885
-60.840469 14.558317
-60.834988 14.564927
-60.833096 14.565369
-60.831894 14.562095
-60.831486 14.560989
-60.837479 14.550020
-60.839191 14.543375
-60.838291 14.538774
-60.831535 14.529753
-60.829014 14.522149
-60.831188 14.516198
-60.835941 14.511878
-60.836437 14.509356
-60.828705 14.504461
-60.825932 14.498233
-60.826687 14.493187
-60.819923 14.485314
-60.817444 14.473117
-60.818977 14.460038
-60.815510 14.452656
-60.817196 14.451673
-60.824039 14.447681
-60.838879 14.422782
-60.843140 14.420294
-60.849037 14.419660
-60.850250 14.415766
-60.849327 14.413690
-60.843937 14.410654
-60.842316 14.407424
-60.843525 14.404219
-60.852482 14.403612
-60.856030 14.402037
-60.861279 14.394964
-60.867191 14.392262
-60.881310 14.394459
-60.889240 14.403489
-60.892178 14.409033
-60.895729 14.415723
-60.888752 14.431509
-60.888470 14.437020
-60.890301 14.443009
-60.888622 14.446209
-60.886265 14.446418
-60.882751 14.443859
-60.878277 14.443589
-60.871830 14.452948
-60.872223 14.461451
-60.880703 14.461987
-60.888275 14.458381
-60.891125 14.456110
-60.894260 14.448098
-60.900196 14.443099
-60.904675 14.442909
-60.912617 14.455544
-60.915131 14.459543
-60.922661 14.460759
-60.936333 14.457323
-60.939430 14.456545
-60.962944 14.462496
-60.972137 14.462118
-60.975666 14.462838
-60.978195 14.470440
-60.983356 14.473242
-60.986893 14.472814
-60.993324 14.464830
-60.998062 14.462115
-61.004185 14.462398
-61.018269 14.469182
-61.039268 14.466146
-61.044247 14.462514
-61.048077 14.457453
-61.054256 14.449276
-61.057796 14.448618
-61.069550 14.452393
-61.075611 14.460024
-61.082909 14.461234
-61.085014 14.462860
-61.086864 14.467239
-61.085617 14.475498
-61.092365 14.486120
-61.092533 14.494620
-61.094398 14.497163
-61.102871 14.498612
-61.104031 14.500918
-61.103523 14.505279
-61.096359 14.516473
-61.095615 14.521290
-61.088249 14.528119
-61.088001 14.528646
-61.086090 14.532695
-61.084194 14.534286
-61.071701 14.534182
-61.068123 14.539205
-61.061008 14.544197
-61.058582 14.552905
-61.055969 14.555179
-61.050827 14.549852
-61.039318 14.544931
-61.042889 14.540367
-61.042683 14.537150
-61.026009 14.529657
-61.018002 14.528898
-61.015621 14.531634
-61.004997 14.533381
-60.999954 14.544131
-60.998989 14.546650
-60.999893 14.551251
-61.004364 14.552209
-61.012829 14.554809
-61.016090 14.559431
-61.013645 14.569974
-61.027939 14.580433
-61.028137 14.584799
-61.023640 14.587057
-61.022270 14.588971
-61.020538 14.591394
-61.024986 14.595107
-61.025173 14.600621
-61.027981 14.603171
-61.031979 14.604354
-61.037212 14.599117
-61.045010 14.596887
-61.046440 14.595291
-61.044815 14.592061
-61.040577 14.591566
-61.036591 14.589006
-61.038967 14.586729
-61.045101 14.586093
-61.057327 14.590331
-61.062008 14.594275
-61.076180 14.591179
-61.083214 14.596063
-61.094334 14.591562
-61.098331 14.592744
-61.099957 14.595972
-61.097839 14.600194
-61.097317 14.601233
-61.124046 14.620059
-61.136494 14.626363
-61.140678 14.633516
-61.151447 14.643709
-61.171516 14.670283
-61.182972 14.690956
-61.188259 14.700503
-61.189365 14.710157
-61.185287 14.718621
-61.181652 14.731222
-61.181824 14.739262
-61.184830 14.746863
-61.207283 14.772075
-61.216667 14.778808
-61.220875 14.784122
-61.226898 14.798636
> martinique 1
-60.965759 14.763618
-60.969292 14.764567
-60.971390 14.767342
-60.970898 14.769633
-60.968285 14.771678
-60.963562 14.772325
-60.961460 14.769780
-60.965759 14.763618
> martinique 2
-60.892387 14.684193
-60.895447 14.685139
-60.898952 14.688845
-60.896790 14.693189
-60.891834 14.693604
-60.882225 14.686626
-60.883415 14.685259
-60.888359 14.686222
-60.892387 14.684193
> martinique 3
-60.866516 14.597832
-60.869324 14.600384
-60.861710 14.607893
-60.853916 14.609428
-60.852283 14.607347
-60.861088 14.598241
-60.866516 14.597832
