> montserrat 0
        -62.238026         16.738001
        -62.238541         16.744898
        -62.227375         16.760195
        -62.222313         16.778641
        -62.216080         16.786629
        -62.209690         16.794815
        -62.207649         16.807608
        -62.205822         16.813065
        -62.202358         16.817329
        -62.181107         16.810549
        -62.179325         16.806370
        -62.182465         16.796820
        -62.180973         16.790812
        -62.171513         16.780226
        -62.169659         16.770308
        -62.165802         16.763777
        -62.159706         16.760397
        -62.154037         16.750603
        -62.150318         16.739485
        -62.155098         16.730900
        -62.156197         16.725883
        -62.154266         16.718718
        -62.154957         16.711393
        -62.147488         16.698109
        -62.146420         16.693949
        -62.148720         16.688736
        -62.155807         16.679890
        -62.156631         16.678862
        -62.163673         16.674240
        -62.172325         16.671497
        -62.179485         16.671007
        -62.182529         16.672697
        -62.191803         16.673182
        -62.209610         16.683079
        -62.218891         16.691591
        -62.223156         16.700426
        -62.234871         16.715431
        -62.241215         16.718357
        -62.242584         16.720459
        -62.237526         16.730646
        -62.238026         16.738001
