> virgin_islands 0
-65.084625 18.341669
-65.086281 18.344213
-65.082588 18.351521
-65.076439 18.357483
-65.076630 18.347094
-65.082947 18.341652
-65.084625 18.341669
> virgin_islands 1
-64.827835 18.445011
-64.831810 18.454014
-64.831512 18.458143
-64.824791 18.456913
-64.821266 18.450212
-64.827835 18.445011
> virgin_islands 2
-64.909103 18.394100
-64.911667 18.400558
-64.915245 18.403126
-64.918060 18.409359
-64.917305 18.411875
-64.913216 18.411598
-64.904861 18.406218
-64.900848 18.400202
-64.905487 18.394745
-64.909103 18.394100
> virgin_islands 3
-64.706985 18.307333
-64.715279 18.316395
-64.723717 18.314898
-64.723351 18.323618
-64.728401 18.324141
-64.734451 18.321005
-64.738785 18.320601
-64.749252 18.329000
-64.753593 18.328365
-64.757011 18.324736
-64.765686 18.323238
-64.768143 18.317888
-64.768410 18.317303
-64.770325 18.318016
-64.773613 18.324028
-64.776016 18.324516
-64.786896 18.320061
-64.790718 18.321945
-64.793533 18.327492
-64.798088 18.328466
-64.801628 18.333790
-64.798691 18.337658
-64.799110 18.342255
-64.795174 18.348864
-64.789566 18.354305
-64.784988 18.354937
-64.778664 18.360138
-64.755005 18.366268
-64.749001 18.365501
-64.748932 18.370783
-64.751488 18.377474
-64.748756 18.379963
-64.738228 18.379601
-64.736366 18.374985
-64.724861 18.371622
-64.720726 18.375013
-64.707504 18.374384
-64.704437 18.369982
-64.692924 18.367077
-64.687241 18.360802
-64.681961 18.360044
-64.678162 18.356092
-64.674080 18.355808
-64.662621 18.349459
-64.662430 18.346012
-64.663925 18.342587
-64.666817 18.342167
-64.671967 18.335117
-64.677193 18.339548
-64.679276 18.343864
-64.681870 18.349253
-64.686195 18.349539
-64.691780 18.345709
-64.694901 18.346209
-64.696068 18.348978
-64.692596 18.356510
-64.695190 18.359987
-64.704575 18.359880
-64.705818 18.356913
-64.703735 18.350916
-64.704491 18.348400
-64.707146 18.347975
-64.710663 18.354219
-64.713303 18.354713
-64.715027 18.351749
-64.714119 18.348295
-64.702705 18.338274
-64.699669 18.332035
-64.699020 18.326746
-64.702446 18.322659
-64.701584 18.315069
-64.703125 18.307972
-64.706985 18.307333
> virgin_islands 4
-64.854408 18.362679
-64.859436 18.364576
-64.875298 18.365686
-64.877190 18.368235
-64.871124 18.372065
-64.859612 18.369860
-64.853340 18.370932
-64.849304 18.366980
-64.851517 18.363333
-64.854408 18.362679
> virgin_islands 5
-64.799011 18.367739
-64.804344 18.364590
-64.810852 18.363981
-64.814911 18.366329
-64.807472 18.369949
-64.800423 18.370281
-64.799011 18.367739
> virgin_islands 6
-64.826942 18.366016
-64.829140 18.363518
-64.837105 18.361549
-64.840683 18.363430
-64.837517 18.366837
-64.833672 18.366329
-64.831245 18.368137
-64.826942 18.366016
> virgin_islands 7
-64.955070 18.314966
-64.958672 18.315008
-64.960556 18.318474
-64.964149 18.319662
-64.963631 18.322641
-64.959534 18.323513
-64.957062 18.328766
-64.953682 18.329874
-64.948074 18.335779
-64.944458 18.336655
-64.943100 18.329981
-64.944572 18.327244
-64.951813 18.325260
-64.955070 18.314966
> virgin_islands 8
-64.629227 18.312737
-64.629684 18.314581
-64.626213 18.322111
-64.621613 18.323885
-64.621101 18.325945
-64.624672 18.328518
-64.623207 18.330105
-64.613861 18.327913
-64.601074 18.330725
-64.594589 18.329948
-64.592957 18.326483
-64.594681 18.323521
-64.607430 18.323235
-64.609627 18.321428
-64.610191 18.315466
-64.612381 18.313889
-64.618378 18.314657
-64.622490 18.312876
-64.629227 18.312737
> virgin_islands 9
-64.835098 18.311934
-64.836769 18.313330
-64.833046 18.322239
-64.825600 18.321230
-64.822990 18.318672
-64.824463 18.316395
-64.835098 18.311934
> virgin_islands 10
-64.619194 17.788265
-64.631401 17.789577
-64.631851 17.791420
-64.626053 17.794556
-64.620766 17.795403
-64.614792 17.794403
-64.612679 17.791389
-64.619194 17.788265
> virgin_islands 11
-64.749397 17.713770
-64.765396 17.699972
-64.770432 17.699577
-64.776863 17.702414
-64.787636 17.703238
-64.808762 17.699829
-64.823433 17.695419
-64.836227 17.688004
-64.838570 17.687605
-64.841270 17.687147
-64.848152 17.692280
-64.852448 17.693481
-64.873756 17.694427
-64.887215 17.690687
-64.900017 17.682577
-64.905533 17.681725
-64.907410 17.685419
-64.907349 17.690010
-64.899849 17.695658
-64.896614 17.705719
-64.892014 17.709566
-64.889008 17.719858
-64.889397 17.726978
-64.891212 17.731659
-64.897285 17.747271
-64.896904 17.758512
-64.895660 17.762400
-64.883759 17.774652
-64.879654 17.777128
-64.873894 17.777977
-64.859581 17.772295
-64.843796 17.769579
-64.824074 17.774845
-64.816284 17.784389
-64.810677 17.784414
-64.802620 17.784449
-64.791267 17.790733
-64.787186 17.791370
-64.769508 17.787018
-64.764519 17.783510
-64.763443 17.774086
-64.760353 17.772440
-64.758835 17.778389
-64.754288 17.777643
-64.753922 17.787279
-64.743927 17.783903
-64.739288 17.770336
-64.729736 17.767918
-64.721115 17.759706
-64.713379 17.754852
-64.698540 17.753511
-64.689079 17.756067
-64.682938 17.755142
-64.681946 17.757196
-64.683144 17.757671
-64.693962 17.758223
-64.695564 17.760588
-64.694595 17.761263
-64.687874 17.762094
-64.674614 17.767658
-64.670326 17.765995
-64.665527 17.766390
-64.656616 17.769257
-64.637978 17.765104
-64.626228 17.765636
-64.624359 17.766224
-64.619247 17.767838
-64.611145 17.764513
-64.586906 17.766708
-64.571587 17.765350
-64.565178 17.760900
-64.573677 17.753214
-64.601250 17.752443
-64.612679 17.741352
-64.623978 17.738520
-64.626411 17.737347
-64.640625 17.730480
-64.653374 17.729530
-64.659355 17.727747
-64.671677 17.720566
-64.684929 17.715002
-64.695747 17.712389
-64.708931 17.711872
-64.716660 17.707611
-64.721222 17.706982
-64.729538 17.711679
-64.742004 17.711151
-64.749397 17.713770
> virgin_islands 12
-65.000000 18.355913
-65.010201 18.350033
-65.017403 18.351492
-65.019310 18.351070
-65.026329 18.349525
-65.036346 18.356524
-65.038231 18.359989
-65.037231 18.362963
-65.029190 18.371597
-65.016457 18.370308
-65.007034 18.373875
-65.003128 18.378424
-65.000000 18.378273
-64.996880 18.378124
-64.991043 18.382879
-64.967514 18.379168
-64.960991 18.381159
-64.955742 18.377884
-64.952057 18.384039
-64.947136 18.381145
-64.946083 18.380526
-64.938049 18.368954
-64.934219 18.367531
-64.928185 18.369068
-64.925476 18.373857
-64.927589 18.378244
-64.934959 18.385220
-64.943817 18.388994
-64.943542 18.391747
-64.933220 18.389561
-64.928482 18.383766
-64.915115 18.375114
-64.908142 18.374802
-64.882584 18.360493
-64.881241 18.360203
-64.871307 18.358061
-64.848434 18.341024
-64.847771 18.336655
-64.849998 18.331631
-64.845917 18.330891
-64.837929 18.334698
-64.833633 18.332119
-64.833672 18.329136
-64.837791 18.326889
-64.837845 18.322758
-64.844383 18.319393
-64.857323 18.322994
-64.864075 18.321468
-64.869339 18.323599
-64.871048 18.322012
-64.870628 18.316956
-64.875526 18.310127
-64.877937 18.309696
-64.892746 18.317450
-64.916969 18.322788
-64.922211 18.327211
-64.925545 18.333958
-64.926430 18.335756
-64.930748 18.336494
-64.932014 18.331688
-64.934196 18.330107
-64.938026 18.331758
-64.939896 18.336143
-64.938629 18.341179
-64.940521 18.343956
-64.946564 18.341270
-64.949898 18.344065
-64.952309 18.343634
-64.968094 18.331417
-64.974228 18.341131
-64.987534 18.354599
-64.993042 18.357187
-64.998093 18.357014
-65.000000 18.355913
