>
114.127861023	40.7357597351
114.131774902	40.7289657593
114.137397766	40.7233695984
114.142127991	40.7172927856
114.149040222	40.7092056274
114.154060364	40.7033653259
114.159065247	40.6979789734
114.162155151	40.6957588196
114.165596008	40.6919403076
114.169059753	40.6876716614
114.17011261	40.6833496094
114.170547485	40.6794700623
114.171546936	40.6765174866
114.173156738	40.673576355
114.176582336	40.6702194214
114.182426453	40.6666793823
114.187019348	40.6642570496
114.193466187	40.6607322693
114.196006775	40.6566696167
114.200111389	40.6510353088
114.201126099	40.647857666
114.201797485	40.6455802917
114.201324463	40.6419143677
114.200515747	40.6391525269
114.197341919	40.6349754333
114.193191528	40.6332893372
114.191207886	40.6295890808
114.195274353	40.6250991821
114.200767517	40.6226959229
114.206268311	40.6202926636
114.211860657	40.6149177551
114.215881348	40.6115722656
114.222610474	40.6082763672
114.229614258	40.6056747437
114.234741211	40.6053199768
114.239532471	40.6058731079
114.243103027	40.6070861816
114.247520447	40.6099205017
114.251754761	40.6093177795
114.256057739	40.6064300537
114.258850098	40.6039733887
114.265342712	40.598613739
114.271476746	40.5948486328
114.274589539	40.5917053223
114.27646637	40.5894584656
114.277137756	40.587184906
114.276618958	40.5846595764
114.27381897	40.5784301758
114.268684387	40.5698699951
114.267662048	40.564365387
114.265800476	40.5570106506
114.26474762	40.5524177551
114.265220642	40.5471687317
114.268119812	40.5412788391
114.270675659	40.536529541
114.275772095	40.5277137756
114.277801514	40.5206642151
114.278259277	40.5158729553
114.277809143	40.5112915039
114.277046204	40.5071601868
114.273376465	40.4997749329
114.269035339	40.494884491
114.264396667	40.4897651672
114.262741089	40.4853858948
114.264076233	40.481300354
114.26574707	40.4760742187
114.267356873	40.4726753235
114.269889832	40.4686088562
114.272735596	40.4643249512
114.273147583	40.4609031677
114.273262024	40.457244873
114.27406311	40.4510879517
114.273109436	40.443523407
114.273040771	40.4364356995
114.273284912	40.428894043
114.273971558	40.4263954163
114.276184082	40.4227828979
114.27897644	40.4200897217
114.281173706	40.416934967
114.28678894	40.4101867676
114.290542603	40.405456543
114.294044495	40.3991241455
114.297187805	40.3946151733
114.301017761	40.3873748779
114.302719116	40.3812332153
114.304321289	40.3778343201
114.30532074	40.3746566772
114.305725098	40.3714637756
114.307922363	40.3683052063
114.311912537	40.3654098511
114.315849304	40.364112854
114.319747925	40.3641891479
114.324806213	40.3652038574
114.330451965	40.36668396
114.334022522	40.3674354553
114.337898254	40.3681945801
114.340896606	40.3680267334
114.345756531	40.3660621643
114.35308075	40.3618583679
114.357376099	40.3585090637
114.36076355	40.3556022644
114.366859436	40.3522872925
114.372596741	40.3510284424
114.378318787	40.3499908447
114.384620667	40.3496513367
114.388206482	40.3499450684
114.392959595	40.3511772156
114.397117615	40.3524017334
114.401542664	40.3547706604
114.404174805	40.3568763733
114.405899048	40.3591918945
114.407348633	40.3608207703
114.410324097	40.3615608215
114.413574219	40.3629951477
114.417732239	40.3642120361
114.424278259	40.3657035828
114.428718567	40.3676147461
114.432533264	40.3702011108
114.436393738	40.3714141846
114.439987183	40.3714828491
114.445472717	40.3683776855
114.447967529	40.3652267456
114.450775146	40.3613891602
114.453323364	40.3564071655
114.457626343	40.3528251648
114.460388184	40.3505897522
114.464347839	40.3483772278
114.467651367	40.3479766846
114.474884033	40.3465080261
114.47996521	40.3470573425
114.485603333	40.3487586975
114.492980957	40.3527755737
114.498985291	40.3521957397
114.503501892	40.351360321
114.508918762	40.3507728577
114.514358521	40.3490371704
114.519515991	40.3468437195
114.522270203	40.344833374
114.524391174	40.3439559937
114.52444458	40.3421287537
114.524345398	40.3350410461
114.522994995	40.3299865723
114.520217896	40.3223953247
114.515617371	40.3156852722
114.511291504	40.3101234436
114.504646301	40.301776886
114.49671936	40.2963790894
114.489700317	40.290763855
114.481842041	40.2830810547
114.475128174	40.2772445679
114.46987915	40.2725791931
114.463470459	40.2667503357
114.456680298	40.2636528015
114.451087952	40.2605781555
114.444580078	40.2581748962
114.439834595	40.2567176819
114.431808472	40.2549705505
114.423774719	40.2534484863
114.411949158	40.2488899231
114.405143738	40.2464752197
114.399810791	40.2447776794
114.393859863	40.2437515259
114.384895325	40.2435836792
114.375007629	40.2440834045
114.362052917	40.2470397949
114.356018066	40.248752594
114.349159241	40.2481651306
114.342025757	40.2466545105
114.336372375	40.2456321716
114.328643799	40.2441139221
114.317962646	40.2413902283
114.30997467	40.2384910583
114.305877686	40.2358970642
114.302070618	40.2333068848
114.296768188	40.2306900024
114.286659241	40.22889328
114.278564453	40.2296447754
114.266265869	40.2307739258
114.26020813	40.2329406738
114.248779297	40.2349967957
114.243156433	40.2332839966
114.239151001	40.2277183533
114.233695984	40.2207489014
114.230438232	40.2108535767
114.230354309	40.2044525146
114.229873657	40.2007827759
114.229400635	40.1971168518
114.227088928	40.1945533752
114.222351074	40.1933174133
114.217918396	40.1918563843
114.209220886	40.1925926208
114.198387146	40.1948852539
114.186767578	40.1937332153
114.180557251	40.1917762756
114.173439026	40.1902580261
114.163993835	40.186630249
114.155166626	40.1825637817
114.146903992	40.1796455383
114.13835907	40.1760368347
114.130050659	40.1742630005
114.122047424	40.172492981
114.115112305	40.1741752625
114.109634399	40.177028656
114.103858948	40.1798782349
114.098083496	40.1827278137
114.091423035	40.1851005554
114.085098267	40.1865653992
114.079704285	40.1869049072
114.072013855	40.1846809387
114.067611694	40.1823005676
114.061752319	40.1789741516
114.059165955	40.1761741638
114.057472229	40.1733932495
114.056983948	40.1704101563
114.05783844	40.1631126404
114.062278748	40.1558952332
114.064849854	40.1509208679
114.065238953	40.14818573
114.067909241	40.1404685974
114.072029114	40.1337013245
114.075622559	40.1250915527
114.080703735	40.1165122986
114.086029053	40.1093101501
114.0883255	40.1034202576
114.088470459	40.0993041992
114.086616516	40.0926361084
114.082977295	40.0859260559
114.077857971	40.0787315369
114.072715759	40.0722160339
114.06690979	40.0677490234
114.060379028	40.0669212341
114.054489136	40.0647354126
114.050094604	40.0623550415
114.045387268	40.0606498718
114.041267395	40.0589599609
114.037155151	40.0572662354
114.034790039	40.0567588806
114.031829834	40.0560112
114.027908325	40.0572929382
114.02545929	40.0590705872
114.024185181	40.0613250732
114.024047852	40.0649795532
114.024208069	40.0688705444
114.025749207	40.0757637024
114.024459839	40.0784797668
114.021308899	40.0829811096
114.016952515	40.0879135132
114.013786316	40.0928726196
114.008575439	40.0966453552
114.00579071	40.0993270874
114.003555298	40.1015968323
114	40.1071929932
113.996315002	40.1230926514
113.988113403	40.1268501282
113.98474884	40.1244049072
113.979171753	40.1185684204
113.976577759	40.1126747131
113.974578857	40.1067695618
113.971626282	40.0990562439
113.96824646	40.0876922607
113.967018127	40.0778884888
113.966835022	40.0726318359
113.97000885	40.0609130859
113.969032288	40.0499572754
113.964004517	40.042514801
113.957229614	40.0362434387
113.952331543	40.0324516296
113.948364258	40.0297851562
113.940490723	40.0262794495
113.933288574	40.0248184204
113.924949646	40.0249786377
113.916023254	40.025604248
113.909690857	40.0234375
113.904129028	40.0176010132
113.904197693	40.0107421875
113.908180237	40.0049514771
113.917373657	40.0023384094
113.919487	40.0044403076
113.925552368	40.0084648132
113.930023193	40.0086288452
113.939201355	40.0064353943
113.943237305	40
113.954322815	39.995475769
113.975479126	39.9925880432
113.991241455	39.9944458008
114	39.9958648682
114.008026123	39.9955978394
114.015052795	39.9931411743
114.016471863	39.9924125671
114.018836975	39.988067627
114.020889282	39.982131958
114.022247314	39.9763870239
114.025413513	39.9688796997
114.028533936	39.9632072449
114.032585144	39.9559440613
114.035987854	39.950504303
114.040901184	39.9444007874
114.049240112	39.9321708679
114.051681519	39.9281692505
114.051216125	39.9193611145
114.052604675	39.9179725647
114.054924011	39.9179725647
114.065582275	39.9212150574
114.069747925	39.9205741882
114.074867249	39.9179039001
114.080879211	39.915473938
114.088676453	39.912612915
114.09614563	39.9111213684
114.103599548	39.9103126526
114.121864319	39.9050827026
114.129653931	39.9026794434
114.136833191	39.9009513855
114.14339447	39.8998985291
114.15801239	39.8978157043
114.167564392	39.8963470459
114.17742157	39.8944244385
114.183403015	39.892906189
114.189247131	39.8911857605
114.196594238	39.8878250122
114.203590393	39.8808250427
114.210334778	39.8715362549
114.214317322	39.8663253784
114.224182129	39.8637123108
114.238716125	39.8650550842
114.244621277	39.866733551
114.254653931	39.8700714111
114.269134521	39.8739242554
114.278678894	39.8724479675
114.288352966	39.8647918701
114.291419983	39.8602561951
114.305473328	39.856086731
114.314361572	39.8575744629
114.322364807	39.8585929871
114.347541809	39.8623390198
114.365264893	39.8678207397
114.37146759	39.8697319031
114.386375427	39.8671684265
114.391540527	39.8617362976
114.395233154	39.8553733826
114.397415161	39.8499107361
114.400802612	39.8439979553
114.408454895	39.832649231
114.413650513	39.8249320984
114.417366028	39.8171958923
114.419876099	39.810131073
114.424484253	39.8024024963
114.427528381	39.7983207703
114.431800842	39.7924232483
114.432243347	39.7848739624
114.422462463	39.7838439941
114.416877747	39.7812576294
114.41104126	39.7759284973
114.406997681	39.7701568604
114.404129028	39.7650871277
114.402908325	39.7518005371
114.402183533	39.7435493469
114.401176453	39.7343826294
114.401260376	39.7298088074
114.401390076	39.7231750488
114.400619507	39.717212677
114.40133667	39.7108154297
114.401184082	39.7034873962
114.401008606	39.6975364685
114.40058136	39.6890640259
114.401397705	39.6776313782
114.401542664	39.6700782776
114.40045929	39.6650314331
114.39969635	39.6583824158
114.401626587	39.6506271362
114.404708862	39.6453361511
114.408370972	39.6390342712
114.412307739	39.6349639893
114.41506958	39.6297340393
114.41934967	39.6229171753
114.42301178	39.6172370911
114.425758362	39.6131515503
114.431442261	39.6100120544
114.437980652	39.6091766357
114.44417572	39.6101646423
114.452774048	39.6098060608
114.461624146	39.6112823486
114.468414307	39.6125068665
114.475540161	39.6116714478
114.4895401	39.6070251465
114.497993469	39.5984230042
114.50163269	39.5936584473
114.504692078	39.5879707336
114.508346558	39.5822868347
114.515335083	39.5725250244
114.524337769	39.5655288696
114.532989502	39.5617370605
114.538650513	39.5595092773
114.544380188	39.5531616211
114.545372009	39.5474510193
114.543479919	39.5371284485
114.543006897	39.5302581787
114.541915894	39.5254402161
114.540565491	39.5178718567
114.537742615	39.5105171204
114.536376953	39.5040931702
114.524238586	39.4883956909
114.515205383	39.4807395935
114.508750916	39.4781494141
114.500572205	39.4730224609
114.49621582	39.468624115
114.495750427	39.4617538452
114.495880127	39.4546585083
114.490577698	39.4374313354
114.487716675	39.4325904846
114.478713989	39.4240188599
114.471473694	39.4161529541
114.467720032	39.4117622375
114.464546204	39.4076042175
114.462921143	39.3998031616
114.462440491	39.3938446045
114.461967468	39.3878898621
114.463851929	39.381729126
114.463989258	39.3744049072
114.465278625	39.3682403564
114.465400696	39.361831665
114.464035034	39.3560943604
114.462051392	39.3514938354
114.459182739	39.3471107483
114.45337677	39.3422355652
114.447883606	39.3359909058
114.442977905	39.3304367065
114.440116882	39.3258285522
114.432571411	39.3193283081
114.427330017	39.3158302307
114.421211243	39.3116378784
114.416282654	39.3072280884
114.413726807	39.3021621704
114.411766052	39.2971038818
114.410736084	39.2893066406
114.412322998	39.2833747864
114.413627625	39.2769813538
114.414916992	39.271270752
114.415061951	39.2637214661
114.413414001	39.2572898865
114.408584595	39.2480735779
114.407836914	39.2409706116
114.411758423	39.2364387512
114.419563293	39.2287483215
114.426353455	39.2281417847
114.434013367	39.2280044556
114.440505981	39.227394104
114.446128845	39.225856781
114.451194763	39.2229423523
114.45450592	39.2190895081
114.453193665	39.2106018066
114.449783325	39.2041549683
114.443748474	39.1963005066
114.439453125	39.1898384094
114.433998108	39.1824455261
114.427627563	39.1766471863
114.418884277	39.1721916199
114.411560059	39.170501709
114.40032959	39.1728858948
114.389122009	39.1741218567
114.381729126	39.1758613586
114.373352051	39.1677474976
114.367370605	39.15782547
114.360801697	39.1476745605
114.356254578	39.1396026611
114.354057312	39.1317901611
114.356903076	39.1222114563
114.360603333	39.1135559082
114.35786438	39.1034507751
114.351852417	39.0951309204
114.344665527	39.0870285034
114.339370728	39.0840568542
114.33391571	39.0953636169
114.330581665	39.1001281738
114.32723999	39.1053504944
114.322166443	39.1089477539
114.314750671	39.1120567322
114.304031372	39.118560791
114.296051025	39.1202888489
114.28452301	39.1231155396
114.273956299	39.1218299866
114.266769409	39.113948822
114.263404846	39.1065788269
114.257698059	39.0982589722
114.253692627	39.093170166
114.248809814	39.0878372192
114.242462158	39.0822601318
114.234657288	39.075969696
114.222503662	39.0673332214
114.212081909	39.060092926
114.198997498	39.0535011292
114.190567017	39.0494918823
114.183273315	39.047328949
114.174438477	39.048122406
114.1693573	39.051940918
114.165748596	39.0555534363
114.160980225	39.0584640503
114.150650024	39.0601463318
114.138397217	39.0563087463
114.129379272	39.0522880554
114.120033264	39.049861908
114.102073669	39.0512046814
114.096252441	39.0611915588
114.094596863	39.0691795349
114.09475708	39.0749053955
114.090164185	39.0826225281
114.080673218	39.0861473083
114.074752808	39.0876617432
114.067367554	39.0891532898
114.058372498	39.0963478088
114.055625916	39.1004257202
114.0519104	39.1083831787
114.049072266	39.1161231995
114.047676086	39.1252632141
114.04637146	39.1305084229
114.044204712	39.1348266602
114.036811829	39.1363143921
114.022781372	39.1324386597
114.014350891	39.1284179688
114	39.1219711304
113.99647522	39.1077003479
113.993980408	39.0998573303
113.988647461	39.0946159363
113.97794342	39.094543457
113.971298218	39.0956802368
113.959587097	39.0984840393
113.95539093	39.1000671387
113.942710876	39.0934829712
113.936538696	39.0867042542
113.933624268	39.0816764832
113.931373596	39.0770454407
113.926696777	39.0703468323
113.923950195	39.0627593994
113.913757324	39.0621681213
113.902809143	39.0641975403
113.891685486	39.0669364929
113.881660461	39.0637817383
113.878486633	39.0571594238
113.878059387	39.0509605408
113.872070312	39.0434646606
113.864097595	39.0401039124
113.856040955	39.0344352722
113.850288391	39.0301551819
113.845046997	39.0253601074
113.839851379	39.0207939148
113.832565308	39.016204834
113.824005127	39.0110473633
113.819793701	39.0070762634
113.815216064	39.0026779175
113.807159424	38.9951553345
113.800201416	38.9889144897
113.790313721	38.98828125
113.781082153	38.9880447388
113.776702881	38.988483429
113.770088196	38.9861373901
113.765686035	38.9773216248
113.762306213	38.9693336487
113.760887146	38.9588356018
113.762321472	38.9494438171
113.764297485	38.9397659302
113.765007019	38.9332199097
113.766983032	38.9235420227
113.768501282	38.9183006287
113.769210815	38.9117546082
113.768890381	38.9025344849
113.769615173	38.8906669617
113.769561768	38.88489151
113.776275635	38.8770523071
113.783798218	38.8705177307
113.785820007	38.8647651672
113.788864136	38.8598365784
113.794746399	38.8541564941
113.801429749	38.8497886658
113.81048584	38.845413208
113.821578979	38.8426818848
113.829154968	38.8419189453
113.835037231	38.838092804
113.844116211	38.8320922852
113.849128723	38.8283500671
113.851226807	38.8177261353
113.847229004	38.8095741272
113.840736389	38.806060791
113.834129333	38.8018684387
113.830101013	38.7953338623
113.828681946	38.7866859436
113.829414368	38.7785148621
113.830924988	38.7732772827
113.832763672	38.7682342529
113.833358765	38.7628555298
113.833122253	38.7577896118
113.822746277	38.7558250427
113.811843872	38.7578468323
113.796363831	38.7626342773
113.79019928	38.7574691772
113.786216736	38.7511634827
113.782119751	38.7441711426
113.77747345	38.7356147766
113.77381134	38.7276535034
113.771903992	38.721370697
113.770973206	38.7156791687
113.76902771	38.7091674805
113.765312195	38.7044525146
113.75643158	38.7007141113
113.738731384	38.7008628845
113.731658936	38.7064247131
113.722396851	38.7112808228
113.714042664	38.7125740051
113.70690918	38.7086601257
113.704391479	38.7040519714
113.703361511	38.6976776123
113.705627441	38.6879692078
113.707107544	38.6825065613
113.707237244	38.6741676331
113.707145691	38.6681632996
113.707206726	38.663066864
113.703193665	38.6546783447
113.695526123	38.6510467529
113.684516907	38.6486740112
113.676055908	38.6474342346
113.66809845	38.6475296021
113.660545349	38.6464271545
113.650917053	38.647151947
113.640571594	38.6488723755
113.63432312	38.6504135132
113.626121521	38.6526145935
113.617073059	38.651424408
113.606391907	38.6455459595
113.60308075	38.6377792358
113.600715637	38.6285324097
113.59929657	38.6215019226
113.597763062	38.6156425476
113.598960876	38.6065063477
113.602363586	38.6001548767
113.59992981	38.5923042297
113.596328735	38.5864143372
113.589393616	38.5799293518
113.583114624	38.5756912231
113.577529907	38.5720825195
113.567184448	38.5682449341
113.560653687	38.5661125183
113.555503845	38.5578346252
113.554634094	38.5505218506
113.554489136	38.5440597534
113.5545578	38.533416748
113.551330566	38.5242538452
113.548973083	38.5205535889
113.548904419	38.5145454407
113.549736023	38.5086860657
113.550674438	38.5035057068
113.552818298	38.4984397888
113.552993774	38.4921760559
113.554840088	38.4852867126
113.563140869	38.478225708
113.567596436	38.4747810364
113.5729599	38.4696273804
113.577011108	38.4655265808
113.57661438	38.4593238831
113.572189331	38.4537467957
113.566680908	38.4487419128
113.558425903	38.4430809021
113.553031921	38.4387550354
113.546043396	38.4336624146
113.539848328	38.4280281067
113.531417847	38.4175300598
113.528739929	38.411781311
113.526420593	38.4046096802
113.525375366	38.3980064392
113.521286011	38.3907737732
113.518791199	38.3824653625
113.521186829	38.3752937317
113.523902893	38.3701705933
113.527732849	38.3647041321
113.534896851	38.3579864502
113.545684814	38.3518371582
113.550743103	38.3430137634
113.549804688	38.3352432251
113.549621582	38.3285560608
113.548355103	38.3187332153
113.546478271	38.3124465942
113.544418335	38.3068695068
113.541816711	38.2997245789
113.539505005	38.292552948
113.537513733	38.2800292969
113.538276672	38.2700119019
113.542976379	38.2663078308
113.550849915	38.2585945129
113.559768677	38.2519302368
113.56211853	38.2426795959
113.563850403	38.23695755
113.568763733	38.2327728271
113.576309204	38.228553772
113.582191467	38.22681427
113.592445374	38.2267227173
113.600028992	38.2282829285
113.60974884	38.2303237915
113.61971283	38.2321090698
113.6302948	38.2322158813
113.636611938	38.2313537598
113.643325806	38.2292976379
113.65058136	38.2251052856
113.654685974	38.2196083069
113.658294678	38.2146224976
113.661964417	38.2100906372
113.666725159	38.2068405151
113.672576904	38.2048683167
113.680114746	38.2043457031
113.688064575	38.206325531
113.695388794	38.206287384
113.702911377	38.2110862732
113.709182739	38.2062911987
113.715370178	38.1991958618
113.729660034	38.1968345642
113.730728149	38.1907119751
113.724830627	38.1832122803
113.721420288	38.1784629822
113.724731445	38.1735038757
113.734069824	38.1714134216
113.746704102	38.1715278625
113.757881165	38.1699409485
113.766426086	38.168384552
113.775985718	38.165802002
113.784202576	38.1640472412
113.790367126	38.1622695923
113.797943115	38.1619644165
113.807403564	38.1642494202
113.814399719	38.1640014648
113.816993713	38.1637382507
113.827545166	38.1582756042
113.831344604	38.1509513855
113.831062317	38.1438064575
113.82497406	38.1370201111
113.820236206	38.1331062317
113.816040039	38.1289024353
113.810897827	38.1224822998
113.808822632	38.1169090271
113.809608459	38.1145172119
113.812507629	38.1089019775
113.819664001	38.1042442322
113.824775696	38.1014137268
113.830566406	38.0992050171
113.836791992	38.096031189
113.843894958	38.0874404907
113.846687317	38.0829925537
113.848831177	38.0781517029
113.850715637	38.0717124939
113.855743408	38.0684204102
113.867080688	38.0661125183
113.873092651	38.063419342
113.877113342	38.0539855957
113.875930786	38.0466995239
113.873558044	38.0393066406
113.87071991	38.0326576233
113.869239807	38.0235519409
113.868812561	38.0173492432
113.868721008	38.0113449097
113.870666504	38.0035095215
113.874191284	37.9945869446
113.880142212	37.9898147583
113.887512207	37.988368988
113.895050049	37.9843635559
113.898490906	37.9803085327
113.902313232	37.9750595093
113.905845642	37.9679870605
113.909416199	37.9629936218
113.912773132	37.9584846497
113.916625977	37.9516143799
113.918685913	37.946308136
113.919593811	37.9411277771
113.92300415	37.9315223694
113.930328369	37.9226722717
113.938552856	37.9211349487
113.945220947	37.9172134399
113.950614929	37.9108695984
113.9529953	37.9057655334
113.95450592	37.8988990784
113.956451416	37.8929176331
113.9608078	37.8820533752
113.963264465	37.8774032593
113.965263367	37.8681755066
113.965232849	37.8626251221
113.965194702	37.8570747375
113.964775085	37.8455505371
113.964019775	37.8391456604
113.963951111	37.8333702087
113.965278625	37.8272171021
113.967544556	37.8214302063
113.970787048	37.8162345886
113.976257324	37.8121986389
113.983398438	37.8112297058
113.991081238	37.8118247986
114	37.8127784729
114.008880615	37.8098831177
114.012779236	37.8042182922
114.01348114	37.7991905212
114.012443542	37.7941322327
114.01864624	37.7885055542
114.024208069	37.7856140137
114.030349731	37.7822723389
114.03742218	37.7766571045
114.039276123	37.7714157104
114.039680481	37.7666130066
114.038085938	37.7610931396
114.034736633	37.7560005188
114.023674011	37.7480392456
114.017089844	37.7456474304
114.009635925	37.7436981201
114	37.7374000549
113.994491577	37.7346420288
113.990158081	37.7295379639
113.988296509	37.7234802246
113.987380981	37.7143211365
113.987510681	37.7062072754
113.990615845	37.7038040161
114	37.7033615112
114.008682251	37.7116165161
114.016433716	37.7133407593
114.030197144	37.7167625427
114.040809631	37.7194442749
114.048294067	37.7204780579
114.055183411	37.7217292786
114.061561584	37.7206802368
114.072654724	37.7151222229
114.077629089	37.712223053
114.081771851	37.7079315186
114.093673706	37.7049026489
114.102096558	37.7022819519
114.108184814	37.7012290955
114.114547729	37.7004089355
114.121833801	37.6973075867
114.129936218	37.689994812
114.132293701	37.6811981201
114.133300781	37.6750297546
114.132026672	37.6676826477
114.128425598	37.660987854
114.126014709	37.6529350281
114.124694824	37.6474151611
114.121070862	37.6423225403
114.114898682	37.6349029541
114.111534119	37.6305007935
114.109085083	37.6245117188
114.108917236	37.6190109253
114.114074707	37.6078643799
114.116836548	37.6005744934
114.114936829	37.5955085754
114.11190033	37.5897369385
114.106872559	37.5827865601
114.099868774	37.5742111206
114.091438293	37.5651473999
114.084144592	37.5567932129
114.079429626	37.5491600037
114.074966431	37.5431404114
114.06993866	37.5366477966
114.065185547	37.5303916931
114.060997009	37.5250587463
114.05708313	37.5201873779
114.05317688	37.5150871277
114.048965454	37.5104446411
114.043045044	37.5053138733
114.036842346	37.5001754761
114.030387878	37.493434906
114.026847839	37.4849052429
114.024414062	37.478679657
114.021942139	37.4738311768
114.022140503	37.465587616
114.021690369	37.4603157043
114.020187378	37.4511260986
114.020011902	37.4465446472
114.019004822	37.440574646
114.016357422	37.4347496033
114.012931824	37.4301681519
114.00819397	37.4239120483
114	37.4210357666
113.991531372	37.4206809998
113.982574463	37.4155921936
113.97795105	37.4121398926
113.972564697	37.4076042175
113.967681885	37.402557373
113.963226318	37.3912162781
113.960899353	37.3840522766
113.958259583	37.3785438538
113.956977844	37.3724250793
113.95565033	37.3642311096
113.9556427	37.3623809814
113.956489563	37.3551216125
113.953674316	37.3484725952
113.945640564	37.3418960571
113.93964386	37.3406639099
113.936889648	37.3397941589
113.926628113	37.3355331421
113.920692444	37.3329048157
113.915046692	37.3302497864
113.910385132	37.3265647888
113.903839111	37.3219184875
113.898101807	37.3151054382
113.89604187	37.3095321655
113.896896362	37.3022727966
113.897010803	37.2957801819
113.895401001	37.2876167297
113.892868042	37.2790870667
113.888656616	37.2709579468
113.884719849	37.2662734985
113.880729675	37.259513855
113.879707336	37.2531394958
113.879852295	37.2468757629
113.880279541	37.238735199
113.872947693	37.2327766418
113.864471436	37.2250900269
113.858192444	37.2220344543
113.852020264	37.2196617126
113.846870422	37.214641571
113.840957642	37.2048339844
113.836227417	37.198841095
113.830314636	37.189037323
113.830184937	37.1828041077
113.829833984	37.1752052307
113.825645447	37.1670761108
113.81350708	37.1671638489
113.805877686	37.1647071838
113.797027588	37.1582107544
113.786483765	37.1555900574
113.779151917	37.1549530029
113.772491455	37.153087616
113.766723633	37.1513633728
113.760932922	37.1440925598
113.763183594	37.1346054077
113.76675415	37.1152687073
113.767089844	37.1064453125
113.764038086	37.098197937
113.759010315	37.0938529968
113.755615234	37.0870285034
113.752502441	37.0801734924
113.751708984	37.0751686096
113.756095886	37.0682411194
113.762336731	37.0620536804
113.770401001	37.0600700378
113.781837463	37.0593605042
113.783958435	37.0545158386
113.783981323	37.0491943359
113.783782959	37.0425033569
113.780387878	37.0375289917
113.775932312	37.0331306458
113.769226074	37.0254859924
113.765472412	37.0163879395
113.768547058	37.0121383667
113.772338867	37.006893158
113.777900696	37.0037765503
113.785064697	36.9998054504
113.788566589	36.9945869446
113.785377502	36.9872817993
113.776161194	36.9801292419
113.773017883	36.9748954773
113.771080017	36.9681549072
113.764152527	36.9644699097
113.75717926	36.9605560303
113.755249023	36.9556655884
113.759666443	36.9471168518
113.762443542	36.9391975403
113.765151978	36.9308204651
113.768539429	36.9249229431
113.771965027	36.9192504883
113.774612427	36.9141197205
113.77947998	36.9066810608
113.783859253	36.8997573853
113.786468506	36.8943977356
113.787635803	36.8817825317
113.78477478	36.8746757507
113.780540466	36.8697929382
113.773002625	36.8640861511
113.766395569	36.8587493896
113.761207581	36.8551177979
113.759002686	36.852104187
113.743690491	36.8518218994
113.734481812	36.8536911011
113.729248047	36.8607025146
113.727493286	36.8678207397
113.728469849	36.8739700317
113.726570129	36.8801803589
113.723960876	36.8855323792
113.712684631	36.888999939
113.70552063	36.8874168396
113.69618988	36.8848991394
113.690544128	36.8820037842
113.685569763	36.876033783
113.683609009	36.8690605164
113.679733276	36.8646011353
113.676216125	36.8605613708
113.669937134	36.8554191589
113.668327332	36.8451728821
113.670120239	36.8382835388
113.674217224	36.8313903809
113.677749634	36.8245544434
113.675300598	36.8199462891
113.671142578	36.8155097961
113.667556763	36.8073196411
113.672782898	36.7984580994
113.674606323	36.7899436951
113.667381287	36.7879066467
113.657783508	36.7872657776
113.649459839	36.7855644226
113.643508911	36.7824707031
113.635032654	36.778011322
113.627487183	36.7720680237
113.621955872	36.7680053711
113.613418579	36.763092041
113.604705811	36.7570343018
113.593696594	36.7528305054
113.584068298	36.7538032532
113.576072693	36.757850647
113.569236755	36.7583084106
113.562866211	36.758026123
113.556602478	36.7565803528
113.549095154	36.7545623779
113.54296875	36.7521705627
113.537132263	36.7442016602
113.536529541	36.7384796143
113.529808044	36.732219696
113.521133423	36.7337875366
113.512496948	36.7355804443
113.505493164	36.7367477417
113.49282074	36.7403297424
113.483764648	36.7375411987
113.475914001	36.7313919067
113.471069336	36.7260932922
113.465202332	36.7160453796
113.458702087	36.707447052
113.460273743	36.69896698
113.47088623	36.696975708
113.477500916	36.6988563538
113.484184265	36.7011947632
113.491607666	36.7046127319
113.500526428	36.7046394348
113.501304626	36.6966972351
113.497848511	36.687335968
113.495475769	36.6813278198
113.491348267	36.6768875122
113.479751587	36.6669502258
113.474525452	36.6609992981
113.470436096	36.6549377441
113.468887329	36.6467666626
113.472496033	36.6403923035
113.480278015	36.6349868774
113.4868927	36.635017395
113.494590759	36.6328582764
113.502937317	36.6310920715
113.510360718	36.6308097839
113.518310547	36.6302375793
113.529052734	36.62915802
113.53792572	36.6234054565
113.538917542	36.6168289185
113.536727905	36.6082649231
113.535423279	36.5998382568
113.533370972	36.5940322876
113.537368774	36.5901603699
113.54662323	36.5887641907
113.557006836	36.5891036987
113.563400269	36.5859107971
113.56791687	36.5799064636
113.570953369	36.5754356384
113.576248169	36.5688858032
113.581893921	36.5627632141
113.583976746	36.5539970398
113.581672668	36.5484466553
113.576309204	36.5452880859
113.568473816	36.5446968079
113.553749084	36.5367050171
113.548950195	36.5297889709
113.547996521	36.5180931091
113.54637146	36.5113182068
113.545883179	36.50258255
113.548599243	36.4960632324
113.554733276	36.4931297302
113.562850952	36.4918479919
113.569442749	36.490020752
113.575653076	36.4838447571
113.577339172	36.476272583
113.578186035	36.4669342041
113.581001282	36.4610977173
113.588195801	36.4575958252
113.594749451	36.4573898315
113.601417542	36.4578704834
113.611183167	36.4580307007
113.622993469	36.454750061
113.629333496	36.4513282776
113.637329102	36.4456558228
113.643249512	36.4413490295
113.648986816	36.4359054565
113.653526306	36.4319763184
113.663917542	36.4251289368
113.675292969	36.4228096008
113.6822052	36.4230308533
113.689147949	36.4234733582
113.702011108	36.4233093262
113.707489014	36.4144210815
113.709762573	36.4070167542
113.712562561	36.3974761963
113.719482422	36.388671875
113.723236084	36.3815765381
113.725257874	36.3725814819
113.725524902	36.3651504517
113.724342346	36.3600006104
113.72353363	36.3559455872
113.723419189	36.3554229736
113.723442078	36.3482513428
113.722366333	36.3414230347
113.728614807	36.3319892883
113.730041504	36.324672699
113.725799561	36.3177070618
113.720153809	36.3108863831
113.718482971	36.3057403564
113.711540222	36.3015975952
113.702102661	36.2960929871
113.702056885	36.2903137207
113.702110291	36.2833709717
113.702270508	36.2752609253
113.699264526	36.2651634216
113.693267822	36.2579154968
113.687950134	36.2531394958
113.692153931	36.2453079224
113.690345764	36.2355499268
113.687591553	36.2307434082
113.68170929	36.2241783142
113.677940369	36.2201728821
113.683280945	36.2159233093
113.689247131	36.213924408
113.695884705	36.2088470459
113.688346863	36.2026824951
113.681846619	36.2012672424
113.674468994	36.2015647888
113.665679932	36.2001533508
113.672943115	36.195476532
113.678527832	36.1928215027
113.684989929	36.1903076172
113.692321777	36.1879348755
113.690765381	36.1816177368
113.680259705	36.1783065796
113.672531128	36.1781730652
113.663818359	36.1772155762
113.655914307	36.1777992249
113.653793335	36.1715393066
113.650909424	36.1658210754
113.65687561	36.1619758606
113.668746948	36.1612167358
113.675292969	36.1519889832
113.684532166	36.1526603699
113.691696167	36.15284729
113.697380066	36.1490249634
113.697257996	36.142791748
113.699531555	36.1372375488
113.697731018	36.1311798096
113.686767578	36.1267585754
113.678901672	36.1257171631
113.667533875	36.1296615601
113.662902832	36.1329116821
113.657043457	36.1355934143
113.647163391	36.12342453
113.658813477	36.1194572449
113.665298462	36.1134719849
113.654800415	36.1120033264
113.64994812	36.1064872742
113.657806396	36.1038322449
113.662857056	36.0996131897
113.666213989	36.0937194824
113.666244507	36.0883979797
113.665740967	36.0833625793
113.668746948	36.0770378113
113.672950745	36.0729064941
113.678405762	36.0640220642
113.677696228	36.0576210022
113.668952942	36.0527381897
113.66242981	36.0492477417
113.655197144	36.0430526733
113.654197693	36.034828186
113.66394043	36.0296630859
113.673400879	36.0282325745
113.682762146	36.027961731
113.688865662	36.0268707275
113.692749023	36.0225410461
113.688949585	36.0183029175
113.674468994	36.0149383545
113.679405212	36.0100364685
113.685073853	36.0062141418
113.68964386	36
113.68901062	35.9956665039
113.687286377	35.9924736023
113.680183411	35.9865684509
113.672546387	35.9859237671
113.662139893	35.9901008606
113.653968811	35.9917488098
113.642692566	35.9943313599
113.637039185	35.9929924011
113.631637573	35.9886741638
113.631309509	35.9831848145
113.63067627	35.9760932922
113.632072449	35.973110199
113.633743286	35.9698982239
113.641616821	35.967338562
113.640716553	35.9604797363
113.643493652	35.954284668
113.645118713	35.9469528198
113.646186829	35.9409980774
113.64781189	35.9316101074
113.648246765	35.9174194336
113.642539978	35.9087562561
113.639633179	35.8980178833
113.636436462	35.8870544434
113.634117126	35.8797454834
113.631217957	35.8701515198
113.633666992	35.8602981567
113.636459351	35.8566207886
113.637863159	35.8550109863
113.643730164	35.8497161865
113.650672913	35.8368644714
113.648933411	35.8309211731
113.644096375	35.8268280029
113.635047913	35.8227615356
113.628303528	35.8248558044
113.623283386	35.8310623169
113.617652893	35.8317832947
113.611999512	35.829750061
113.603233337	35.8256797791
113.588867188	35.8255271912
113.581268311	35.827167511
113.57901001	35.8262634277
113.571929932	35.821723938
113.569076538	35.8178443909
113.569892883	35.8132629395
113.57183075	35.8091392517
113.577163696	35.8047637939
113.579933167	35.7992553711
113.584373474	35.7912254333
113.587142944	35.7854881287
113.592979431	35.775390625
113.592651367	35.7699012756
113.589752197	35.75938797
113.585777283	35.7548332214
113.5806427	35.7443313599
113.581703186	35.7370033264
113.585006714	35.7282905579
113.590286255	35.7186508179
113.594451904	35.7117652893
113.595817566	35.7067222595
113.596641541	35.7042007446
113.599693298	35.6977767944
113.599906921	35.691368103
113.599006653	35.6840515137
113.599822998	35.6796951294
113.605949402	35.6723403931
113.612060547	35.6620101929
113.616996765	35.6480255127
113.618927002	35.6434364319
113.618598938	35.6365699768
113.612953186	35.632484436
113.605613708	35.6300048828
113.596061707	35.6300544739
113.586532593	35.6339950562
113.580093384	35.6363182068
113.574768066	35.6397743225
113.565803528	35.6432533264
113.556556702	35.6481056213
113.547561646	35.649066925
113.544456482	35.6477088928
113.540466309	35.6401748657
113.541526794	35.6319313049
113.543457031	35.6257400513
113.540313721	35.6172904968
113.53603363	35.6088409424
113.529502869	35.5992622375
113.523239136	35.5880737305
113.516731262	35.5814666748
113.507133484	35.5739593506
113.500343323	35.5662078857
113.497756958	35.5586662292
113.497993469	35.552028656
113.500221252	35.5488166809
113.497077942	35.5408172607
113.493667603	35.53465271
113.49054718	35.5305480957
113.483512878	35.5260009766
113.480400085	35.5244140625
113.473373413	35.5212402344
113.462387085	35.5164756775
113.452819824	35.5130844116
113.44127655	35.5090141296
113.430618286	35.5090522766
113.42276001	35.5090827942
113.413513184	35.510723114
113.410140991	35.5114212036
113.400596619	35.5121421814
113.393577576	35.5112533569
113.390213013	35.5101203918
113.385978699	35.5073890686
113.380058289	35.5016899109
113.374130249	35.4950752258
113.369049072	35.4895973206
113.362556458	35.4827537537
113.354110718	35.4775161743
113.343986511	35.4741172791
113.335296631	35.4746017456
113.318191528	35.4764862061
113.306976318	35.4776649475
113.298843384	35.478603363
113.29434967	35.4770126343
113.291809082	35.473815918
113.291778564	35.4662628174
113.293716431	35.4614524841
113.293983459	35.4580192566
113.297332764	35.4541168213
113.295639038	35.4506874084
113.291122437	35.4447517395
113.289146423	35.4413223267
113.290527344	35.4367408752
113.29360199	35.4342155457
113.296669006	35.4291687012
113.296653748	35.4268798828
113.293281555	35.4252891541
113.288520813	35.4257583618
113.280693054	35.4294433594
113.27117157	35.4345054626
113.254356384	35.4400405884
113.236152649	35.445350647
113.227737427	35.4449119568
113.224647522	35.4449195862
113.217918396	35.444934845
113.210617065	35.4442634583
113.202766418	35.4419937134
113.197418213	35.4367370605
113.19077301	35.4307823181
113.184188843	35.4252548218
113.18183136	35.423160553
113.176086426	35.4119567871
113.160499573	35.4136810303
113.161911011	35.3926048279
113.139053345	35.3696327209
113.137496948	35.3584022522
113.137321472	35.3575935364
113.133789063	35.3504753113
113.126266479	35.3473701477
113.124298096	35.3446235657
113.122047424	35.3418807983
113.12008667	35.3393669128
113.114723206	35.3371047974
113.113059998	35.3357315063
113.111106873	35.3341178894
113.107467651	35.3332061768
113.092056274	35.3348274231
113.07862854	35.3428535461
113.069107056	35.348815918
113.058746338	35.3517990112
113.049507141	35.3540992737
113.036071777	35.3596038818
113.024017334	35.3635025024
113.015060425	35.3621368408
113.007766724	35.3607673645
113.000602722	35.3578224182
112.98664856	35.3520431519
112.983963013	35.3450927734
112.983589172	35.3340454102
112.983520508	35.3329734802
112.982269287	35.3137435913
112.993217468	35.3045005798
112.985603333	35.2946243286
112.982521057	35.2921104431
112.974960327	35.2905082703
112.967956543	35.2909698486
112.954238892	35.291885376
112.944732666	35.2918891907
112.935760498	35.2889099121
112.931556702	35.2811279297
112.930732727	35.269908905
112.929603577	35.2637329102
112.927093506	35.2589263916
112.925132751	35.2534294128
112.921783447	35.2499961853
112.915046692	35.2483940125
112.904983521	35.2483901978
112.891830444	35.2479248047
112.875602722	35.24792099
112.863571167	35.2490577698
112.853492737	35.2513389587
112.840896606	35.2547645569
112.82409668	35.257724762
112.809829712	35.2572555542
112.804519653	35.2533569336
112.794456482	35.2480812073
112.785507202	35.2425765991
112.776290894	35.2347831726
112.772109985	35.2256202698
112.772422791	35.215549469
112.769073486	35.2089042664
112.761253357	35.2054634094
112.750343323	35.2036132812
112.741943359	35.2070350647
112.738296509	35.2093162537
112.732421875	35.2115974426
112.722351074	35.2143287659
112.708641052	35.2140731812
112.690177917	35.2165565491
112.680938721	35.2188262939
112.671409607	35.2238426208
112.664390564	35.2306938171
112.663261414	35.2355003357
112.658203125	35.2441864014
112.656211853	35.2505912781
112.650863647	35.2631721497
112.64691925	35.2675094604
112.641838074	35.2663154602
112.634910583	35.2615280151
112.627799988	35.2592010498
112.623207092	35.2463912964
112.622673035	35.2422714233
112.621276855	35.2383766174
112.622421265	35.2331123352
112.622436523	35.2296791077
112.619377136	35.2241783142
112.613227844	35.2218742371
112.60484314	35.2207069397
112.597846985	35.220916748
112.587783813	35.221572876
112.576599121	35.21925354
112.572410583	35.2169532776
112.560386658	35.2166862488
112.553390503	35.2175827026
112.543579102	35.2216720581
112.533233643	35.2207221985
112.51953125	35.2193031311
112.502456665	35.2199325562
112.498252869	35.2240371704
112.492362976	35.2279090881
112.482566833	35.2276420593
112.476417542	35.2262458801
112.465789795	35.225063324
112.455718994	35.2254829407
112.447036743	35.2263641357
112.43359375	35.2297439575
112.413101196	35.2404174805
112.409446716	35.2431488037
112.40411377	35.2456474304
112.392631531	35.2476577759
112.385368347	35.2462501526
112.377578735	35.2393493652
112.368690491	35.2292366028
112.361732483	35.2241668701
112.352523804	35.2204627991
112.340789795	35.2183456421
112.327926636	35.2169113159
112.297149658	35.2190437317
112.285957336	35.2180709839
112.279502869	35.2221603394
112.281967163	35.2281227112
112.284446716	35.2338600159
112.287193298	35.2409667969
112.289108276	35.246471405
112.287391663	35.2512702942
112.280929565	35.2544441223
112.276168823	35.2544174194
112.269203186	35.2507171631
112.26335907	35.2465667725
112.247467041	35.2398376465
112.226806641	35.2344589233
112.221786499	35.2330589294
112.210876465	35.2316207886
112.201622009	35.2347717285
112.199058533	35.2397918701
112.200973511	35.2462120056
112.203697205	35.2526359558
112.202827454	35.2567520142
112.197509766	35.2569503784
112.186607361	35.2561988831
112.160522461	35.2617645264
112.140052795	35.267124176
112.134986877	35.2693824768
112.129371643	35.2711791992
112.123199463	35.2722816467
112.117889404	35.2713317871
112.111183167	35.2701454163
112.101951599	35.2696228027
112.09803009	35.2700538635
112.087089539	35.2724990845
112.076423645	35.2754020691
112.068260193	35.2796936035
112.061233521	35.2826194763
112.05619812	35.2818984985
112.054527283	35.2805137634
112.052307129	35.27866745
112.051261902	35.2727088928
112.052452087	35.2653884888
112.056472778	35.2567214966
112.060440063	35.2512550354
112.06640625	35.2428283691
112.070411682	35.2341537476
112.071861267	35.2291297913
112.070541382	35.2217941284
112.065612793	35.2119178772
112.059509277	35.2066078186
112.053672791	35.2026748657
112.045623779	35.197353363
112.042320251	35.1922912598
112.039299011	35.1867752075
112.04132843	35.1803817749
112.048370361	35.1753959656
112.05708313	35.170879364
112.060752869	35.1686172485
112.061080933	35.1631240845
112.058937073	35.1537208557
112.059646606	35.1395339966
112.055923462	35.1218795776
112.052093506	35.1138420105
112.050247192	35.1035232544
112.048942566	35.0945892334
112.048469543	35.0865707397
112.051902771	35.0792694092
112.053382874	35.0710372925
112.055397034	35.0646438599
112.054077148	35.0575370789
112.050796509	35.0506439209
112.046096802	35.0474052429
112.02696228	35.0331993103
112.024307251	35.046749115
112.023406982	35.0482559204
112.022506714	35.0497665405
112.021598816	35.0505218506
112.020690918	35.0520324707
112.01978302	35.0527877808
112.018882751	35.0542984009
112.017967224	35.0550537109
112.017066956	35.0565605164
112.016151428	35.0573158264
112.014343262	35.0595817566
112.013427734	35.0603408813
112.009803772	35.064868927
112.008888245	35.0656242371
112.007980347	35.0663795471
112.00705719	35.0663871765
112.006156921	35.0671424866
111.974159241	35.0702972412
111.970993042	35.0705451965
111.968963623	35.0716896057
111.966308594	35.0731887817
111.965026855	35.0733451843
111.962287903	35.0748596191
111.961380005	35.0756149292
111.960472107	35.0763702393
111.95955658	35.077129364
111.958648682	35.0778846741
111.957740784	35.0786399841
111.953178406	35.0809173584
111.952262878	35.0809211731
111.949516296	35.0816841125
111.922073364	35.0817985535
111.921157837	35.0817985535
111.920227051	35.0810508728
111.918403625	35.0803070068
111.917488098	35.0795593262
111.915649414	35.0788116455
111.914726257	35.0780639648
111.886581421	35.0764350891
111.878120422	35.0759468079
111.835113525	35.0730857849
111.825042725	35.0731201172
111.82321167	35.0723724365
111.822303772	35.0723762512
111.820472717	35.0716285706
111.818626404	35.0708847046
111.816802979	35.0701370239
111.814048767	35.069393158
111.809463501	35.0656471252
111.804840088	35.0551338196
111.803916931	35.0543823242
111.803909302	35.0521278381
111.802993774	35.0513801575
111.802993774	35.0498733521
111.802062988	35.048374176
111.802062988	35.0461158752
111.801132202	35.0446128845
111.801116943	35.0423583984
111.800209045	35.0416069031
111.797431946	35.0333442688
111.797416687	35.031085968
111.793762207	35.0310974121
111.79284668	35.0311012268
111.777297974	35.0303955078
111.776382446	35.0296440125
111.761711121	35.0184020996
111.760803223	35.0176544189
111.758049011	35.0169067383
111.738838196	35.0139503479
111.737007141	35.0132026672
111.73059082	35.0087051392
111.729682922	35.0079574585
111.727836609	35.0072059631
111.726013184	35.0064620972
111.71320343	35.004234314
111.710456848	35.0034866333
111.70954895	35.003490448
111.708633423	35.0027389526
111.707717896	35.0027427673
111.706787109	35.001991272
111.693977356	34.9967536926
111.693069458	34.996006012
111.691238403	34.9952583313
111.690322876	34.9945068359
111.689407349	34.9945106506
111.688491821	34.9937591553
111.686660767	34.9930114746
111.685752869	34.9922599792
111.684829712	34.9922637939
111.674766541	34.9922828674
111.673927307	34.9924049377
111.667457581	34.9907913208
111.667457581	34.9885368347
111.666542053	34.9877853394
111.665626526	34.9870376587
111.664710999	34.9862861633
111.664703369	34.985534668
111.66468811	34.9802703857
111.66468811	34.9787635803
111.665603638	34.978012085
111.665603638	34.9765090942
111.666511536	34.9757537842
111.666496277	34.9749984741
111.667419434	34.9742469788
111.667411804	34.972743988
111.668327332	34.971988678
111.669242859	34.9689750671
111.670143127	34.9682235718
111.670143127	34.9667205811
111.671051025	34.9652137756
111.671043396	34.9637107849
111.671020508	34.9546852112
111.671012878	34.9524269104
111.670097351	34.951675415
111.669181824	34.949420929
111.669166565	34.9471664429
111.667350769	34.9471702576
111.666442871	34.9471702576
111.665519714	34.9464225769
111.664596558	34.9456710815
111.660942078	34.9441719055
111.66002655	34.9434242249
111.659118652	34.9434242249
111.64540863	34.9404411316
111.643577576	34.9396934509
111.642662048	34.9396934509
111.641746521	34.9389419556
111.640838623	34.9389457703
111.639923096	34.9381942749
111.627326965	34.9283294678
111.619789124	34.9224319458
111.617958069	34.9194259644
111.616111755	34.9081459045
111.616111755	34.9073448181
111.616096497	34.9066429138
111.615196228	34.9066429138
111.606956482	34.8946228027
111.606040955	34.8938713074
111.605133057	34.8938713074
111.603302002	34.8931236267
111.601470947	34.8923721313
111.59690094	34.8908729553
111.592338562	34.889377594
111.591423035	34.8886260986
111.585006714	34.8788566589
111.584106445	34.8781051636
111.584098816	34.8750953674
111.583183289	34.8743438721
111.582260132	34.8690795898
111.581336975	34.8683319092
111.57951355	34.8615646362
111.578598022	34.8608131409
111.567626953	34.8495407104
111.566673279	34.8487968445
111.565803528	34.8487930298
111.554862976	34.8495559692
111.553947449	34.8503112793
111.553031921	34.8503112793
111.552116394	34.8510665894
111.543907166	34.8555870056
111.542999268	34.856338501
111.54209137	34.856338501
111.541183472	34.857093811
111.540267944	34.857093811
111.534790039	34.8570976257
111.532966614	34.8563461304
111.532051086	34.8563461304
111.531143188	34.8555984497
111.530227661	34.8555984497
111.529312134	34.8548469543
111.503753662	34.8398246765
111.502838135	34.8398246765
111.493713379	34.8330574036
111.492797852	34.8323059082
111.485496521	34.8315582275
111.45905304	34.8308181763
111.458129883	34.8308143616
111.457206726	34.8315658569
111.456306458	34.8315696716
111.45539093	34.832321167
111.449920654	34.8353309631
111.449012756	34.8360824585
111.448097229	34.8360824585
111.447181702	34.8368377686
111.446273804	34.8368377686
111.436233521	34.8368377686
111.435317993	34.8368377686
111.434410095	34.8360862732
111.433486938	34.8360862732
111.42893219	34.8338279724
111.428016663	34.8338279724
111.427108765	34.8330764771
111.422546387	34.8315734863
111.416168213	34.8285636902
111.414337158	34.8278121948
111.41342926	34.8278121948
111.412513733	34.8270568848
111.411613464	34.8270606995
111.410690308	34.8263053894
111.40978241	34.8263053894
111.408866882	34.825553894
111.407958984	34.825553894
111.407043457	34.8248023987
111.405220032	34.8240470886
111.404312134	34.823299408
111.403396606	34.8232955933
111.402481079	34.8225440979
111.401573181	34.8225440979
111.400657654	34.8217926025
111.399749756	34.8210411072
111.398826599	34.8210372925
111.397010803	34.8202857971
111.395187378	34.8195343018
111.390632629	34.817276001
111.380371094	34.8144683838
111.370368958	34.8149719238
111.369033813	34.8151664734
111.360961914	34.8163757324
111.350646973	34.8228416443
111.336242676	34.8287277222
111.332893372	34.8297996521
111.329246521	34.8291625977
111.323478699	34.8258361816
111.318603516	34.8223114014
111.313087463	34.8188209534
111.30771637	34.8160057068
111.301200867	34.8137054443
111.292953491	34.8126335144
111.287643433	34.812915802
111.281173706	34.8123550415
111.277603149	34.8114814758
111.272888184	34.80991745
111.26802063	34.8087387085
111.262588501	34.8097114563
111.259933472	34.8121261597
111.256317139	34.8141365051
111.25100708	34.8144187927
111.246772766	34.8129043579
111.242759705	34.8097839355
111.236862183	34.8048706055
111.233207703	34.8015823364
111.230857849	34.7985992432
111.228050232	34.7955665588
111.22480011	34.7929916382
111.220977783	34.7919273376
111.215522766	34.7937316895
111.210426331	34.7955932617
111.206092834	34.7977142334
111.202980042	34.8002281189
111.197807312	34.8034553528
111.194793701	34.8047523499
111.190826416	34.8058700562
111.187057495	34.8068275452
111.183166504	34.807636261
111.178833008	34.8084754944
111.174461365	34.8090820313
111.168899536	34.8095283508
111.16129303	34.8097000122
111.157608032	34.809589386
111.153427124	34.8091239929
111.150177002	34.808303833
111.147018433	34.8068885803
111.14402771	34.8051490784
111.142059326	34.803565979
111.139610291	34.8012924194
111.137168884	34.7982406616
111.13368988	34.7935752869
111.130966187	34.7889099121
111.127502441	34.7835197449
111.123710632	34.7796287537
111.120559692	34.7768363953
111.1171875	34.7747421265
111.113571167	34.7730369568
111.110046387	34.7714042664
111.107643127	34.7699356079
111.105018616	34.7680282593
111.10244751	34.765663147
111.099746704	34.7615661621
111.096572876	34.7565002441
111.093566895	34.7537078857
111.083091736	34.7492027283
111.073997498	34.7476005554
111.062850952	34.7481765747
111.052780151	34.7497558594
111.043457031	34.7491035461
111.034576416	34.7457733154
111.025970459	34.741065979
111.020202637	34.7383995056
111.013687134	34.7351074219
111.008277893	34.7314453125
111.001586914	34.7280006409
110.99571228	34.7254257202
110.983978271	34.7205734253
110.976028442	34.7149200439
110.969238281	34.7099647522
110.964950562	34.7065467834
110.960227966	34.7046661377
110.955703735	34.7055053711
110.952453613	34.7085494995
110.950538635	34.715007782
110.949012756	34.7240219116
110.94732666	34.7258071899
110.945350647	34.7276077271
110.942779541	34.7303123474
110.939247131	34.7332992554
110.931541443	34.7349433899
110.923309326	34.7336540222
110.916656494	34.7280807495
110.913391113	34.7187042236
110.913887024	34.7058029175
110.913871765	34.6950416565
110.914176941	34.6897354126
110.909629822	34.680267334
110.903648376	34.6687583923
110.895637512	34.6620407104
110.885856628	34.6611709595
110.870750427	34.6601142883
110.857673645	34.6592521667
110.846366882	34.6601219177
110.8332901	34.6616821289
110.81967926	34.6635704041
110.809913635	34.6628456116
110.798980713	34.6586914062
110.787940979	34.6581802368
110.771591187	34.657623291
110.764221191	34.6570739746
110.760322571	34.6563606262
110.752082825	34.6564598083
110.744812012	34.6522750854
110.739898682	34.6476707458
110.734786987	34.6403503418
110.726898193	34.6298294067
110.719032288	34.6223373413
110.70501709	34.613483429
110.694946289	34.605796814
110.688591003	34.5986862183
110.682403564	34.5941390991
110.674049377	34.5925750732
110.658683777	34.592716217
110.647163391	34.5929679871
110.632713318	34.593208313
110.616912842	34.5924568176
110.605308533	34.5914993286
110.586647034	34.5892105103
110.567077637	34.5893859863
110.542633057	34.5906982422
110.530792236	34.5942878723
110.515960693	34.6022567749
110.498252869	34.6083335876
110.477111816	34.6125602722
110.464920044	34.6110115051
110.451797485	34.6066246033
110.435791016	34.6028251648
110.426773071	34.5994606018
110.416366577	34.597366333
110.402130127	34.5995368958
110.391273499	34.6002311707
110.380233765	34.6044883728
110.373420715	34.6066169739
110.368652344	34.6092605591
110.361167908	34.612323761
110.35144043	34.6147384644
110.340232849	34.6140403748
110.333190918	34.6129989624
110.324073792	34.6106872559
110.311546326	34.6097412109
110.300628662	34.6123085022
110.295516968	34.6158638
110.292503357	34.6173782349
110.28881073	34.6203117371
110.286018372	34.6251296997
110.284103394	34.6294593811
110.282623291	34.6346740723
110.279663086	34.6426811218
110.277153015	34.6489982605
110.273101807	34.6570549011
110.267181396	34.6683883667
110.264183044	34.6751976013
110.259277344	34.6809921265
110.250640869	34.6890907288
110.245788574	34.6915168762
110.242958069	34.693939209
110.242958069	34.6963653564
110.246398926	34.7034378052
110.252662659	34.7141494751
110.257507324	34.7258682251
110.260902405	34.7390594482
110.262458801	34.7486801147
110.268478394	34.7565879822
110.276626587	34.7633361816
110.278503418	34.7721824646
110.280212402	34.7836341858
110.28012085	34.7953109741
110.278541565	34.801235199
110.276092529	34.8107528687
110.274963379	34.8213996887
110.277442932	34.8309783936
110.278549194	34.836681366
110.276809692	34.8493270874
110.278678894	34.8609008789
110.280990601	34.8680686951
110.282806396	34.8788871765
110.28099823	34.8875999451
110.280212402	34.8952064514
110.280532837	34.9000358582
110.282051086	34.9090538025
110.282356262	34.9164581299
110.278343201	34.9223937988
110.273872375	34.9298591614
110.272232056	34.9384155273
110.272033691	34.9464492798
110.270606995	34.9557495117
110.270561218	34.9687728882
110.276000977	34.9759483337
110.283683777	34.9836273193
110.287841797	34.9935874939
110.289321899	34.9974861145
110.294822693	34.9998931885
110.298667908	35.0020332336
110.307159424	35.0070228577
110.314277649	35.0112953186
110.31993103	35.0193939209
110.324951172	35.0284042358
110.327842712	35.0358428955
110.329689026	35.0452804565
110.331542969	35.0576820374
110.337272644	35.0706253052
110.337371826	35.0765800476
110.341423035	35.0810127258
110.348487854	35.0873451233
110.352767944	35.0916519165
110.356903076	35.0982780457
110.360122681	35.1050949097
110.360923767	35.1142959595
110.359542847	35.1237487793
110.358390808	35.134098053
110.360366821	35.1471824646
110.363792419	35.156867981
110.368896484	35.1642074585
110.3724823	35.1708602905
110.373626709	35.1783065796
110.37449646	35.1865653992
110.374969482	35.1982536316
110.377571106	35.2138748169
110.380607605	35.2242431641
110.387718201	35.2377052307
110.395050049	35.2478179932
110.396263123	35.2629051208
110.402046204	35.2774810791
110.412490845	35.2897224426
110.425613403	35.3002471924
110.436309814	35.3167190552
110.442840576	35.3230323792
110.446151733	35.3246994019
110.450286865	35.3270721436
110.455192566	35.3315162659
110.457862854	35.3361473083
110.458900452	35.3389167786
110.460906982	35.3467407227
110.463600159	35.3533973694
110.466346741	35.358417511
110.472831726	35.3666000366
110.481796265	35.3758773804
110.496162415	35.3865776062
110.506072998	35.39295578
110.51260376	35.3994903564
110.516082764	35.4052810669
110.519340515	35.4186210632
110.520111084	35.4209251404
110.521087646	35.425983429
110.523269653	35.4376983643
110.525756836	35.4487342834
110.52797699	35.4590797424
110.530723572	35.4700698853
110.531822205	35.4813575745
110.533027649	35.4872283936
110.536117554	35.4996528625
110.540008545	35.5129508972
110.545936584	35.5269508362
110.546943665	35.5317764282
110.547706604	35.5340805054
110.553848267	35.5451850891
110.560333252	35.5544052124
110.568229675	35.5638771057
110.58190918	35.5817108154
110.592826843	35.5946769714
110.601043701	35.6058006287
110.606506348	35.6175079346
110.608383179	35.6307449341
110.607566833	35.6403274536
110.604896545	35.6471176147
110.599617004	35.6563034058
110.593963623	35.6658172607
110.593032837	35.6673164368
110.593017578	35.6680679321
110.592086792	35.6688117981
110.592071533	35.6703147888
110.591140747	35.6710624695
110.591133118	35.6718139648
110.590202332	35.6733131409
110.590187073	35.6740608215
110.589256287	35.6755599976
110.589248657	35.6763114929
110.588317871	35.6770591736
110.588310242	35.6778106689
110.587379456	35.6785545349
110.583618164	35.686050415
110.581733704	35.6897964478
110.580802917	35.6912918091
110.578872681	35.6987991333
110.577522278	35.7401428223
110.575653076	35.7431335449
110.575637817	35.743888855
110.574661255	35.7491416931
110.574287415	35.7503242493
110.573707581	35.7521438599
110.573692322	35.7536468506
110.572746277	35.755897522
110.572738647	35.7566452026
110.571792603	35.758895874
110.571777344	35.7596473694
110.570838928	35.7618980408
110.569892883	35.7641448975
110.568939209	35.7671470642
110.567680359	35.7994689941
110.567657471	35.8009681702
110.566719055	35.8024673462
110.566703796	35.8039703369
110.56577301	35.8047142029
110.564819336	35.8077163696
110.56388855	35.8084602356
110.561073303	35.8129501343
110.561073303	35.8137054443
110.559188843	35.8166999817
110.550743103	35.8301734924
110.549797058	35.8309173584
110.549789429	35.8324241638
110.549301147	35.8391685486
110.548866272	35.8423423767
110.548713684	35.8474502563
110.549568176	35.8527183533
110.549552917	35.854221344
110.550453186	35.8572349548
110.550422668	35.8594894409
110.550331116	35.8677597046
110.545639038	35.8744888306
110.544708252	35.8752365112
110.543792725	35.8752288818
110.529930115	35.8751335144
110.522506714	35.8773345947
110.515991211	35.8825492859
110.513183594	35.8862915039
110.513168335	35.8870391846
110.512237549	35.8877830505
110.512207031	35.8900413513
110.511436462	35.8982391357
110.511161804	35.9013061523
110.512969971	35.9050827026
110.512931824	35.9080886841
110.512832642	35.9171066284
110.502441406	35.9365768433
110.502403259	35.9410858154
110.502357483	35.9440956116
110.50327301	35.9448509216
110.513252258	35.9622116089
110.513206482	35.9659690857
110.505737305	35.9726829529
110.504241943	35.9741706848
110.501991272	35.9764137268
110.495399475	35.9868888855
110.494468689	35.9876327515
110.49445343	35.9891357422
110.493370056	36
110.495132446	36.0130348206
110.491264343	36.0242004395
110.489440918	36.0317344666
110.488746643	36.0388183594
110.486633301	36.0465774536
110.483940125	36.0550117493
110.481529236	36.0634498596
110.475311279	36.0636100769
110.465568542	36.0712738037
110.464324951	36.0776672363
110.464477539	36.0845336914
110.465805054	36.0893554688
110.465057373	36.0996437073
110.463218689	36.1074066162
110.457115173	36.1167182922
110.453605652	36.123085022
110.451187134	36.1317481995
110.451042175	36.1393013
110.448951721	36.1454544067
110.448287964	36.1507110596
110.447052002	36.1566467285
110.444641113	36.1648597717
110.448722839	36.1736030579
110.450271606	36.1814002991
110.452392578	36.1894378662
110.453720093	36.1940307617
110.454650879	36.2052574158
110.452262878	36.2118644714
110.449203491	36.2244148254
110.452476501	36.2310905457
110.461967468	36.2385292053
110.470901489	36.2454986572
110.473335266	36.2521629333
110.473526001	36.2569732666
110.473670959	36.264755249
110.473510742	36.2736816406
110.473945618	36.2807769775
110.471313477	36.2855529785
110.468406677	36.2896194458
110.466583252	36.2921791077
110.464859009	36.2976112366
110.467605591	36.3026771545
110.470046997	36.3086547852
110.468826294	36.3134460449
110.465637207	36.3173027039
110.460731506	36.322052002
110.458297729	36.3311767578
110.459594727	36.3378295898
110.463691711	36.3461151123
110.464981079	36.3534545898
110.465545654	36.3550682068
110.464874268	36.3591766357
110.463630676	36.3651123047
110.464935303	36.3715362549
110.467964172	36.3763771057
110.472396851	36.3823814392
110.478561401	36.3867988586
110.481536865	36.394618988
110.484237671	36.4022026062
110.484397888	36.4090690613
110.48487854	36.4141120911
110.485015869	36.4223518372
110.482925415	36.427822113
110.479393005	36.4351043701
110.4741745	36.4409942627
110.469230652	36.4475746155
110.469406128	36.4532966614
110.473876953	36.4574699402
110.483146667	36.4630699158
110.488449097	36.4681663513
110.492027283	36.4746170044
110.493347168	36.4803543091
110.494926453	36.4874687195
110.495948792	36.493888855
110.494674683	36.5016555786
110.494255066	36.5089759827
110.497550964	36.5156517029
110.49911499	36.5236778259
110.499206543	36.5342102051
110.497138977	36.5385322571
110.49306488	36.5442085266
110.488143921	36.5489578247
110.488334656	36.5539970398
110.490486145	36.5608901978
110.491127014	36.5627326965
110.49319458	36.5687026978
110.500083923	36.5811424255
110.494064331	36.5835876465
110.488288879	36.588558197
110.483398437	36.591709137
110.478782654	36.595085144
110.473312378	36.5986862183
110.462638855	36.6065711975
110.455116272	36.6133537292
110.444099426	36.6244392395
110.437980652	36.6319198608
110.433860779	36.6394233704
110.428794861	36.6512641907
110.428413391	36.6518363953
110.425285339	36.6564865112
110.419807434	36.6598548889
110.411514282	36.6620407104
110.403450012	36.6665229797
110.393074036	36.6730308533
110.3881073	36.6796112061
110.388877869	36.6841964722
110.389625549	36.6894721985
110.391799927	36.6949920654
110.397163391	36.6975746155
110.40461731	36.6949195862
110.409828186	36.690864563
110.418205261	36.6845550537
110.426551819	36.6800765991
110.433013916	36.6847343445
110.432899475	36.6909103394
110.433082581	36.6964073181
110.433479309	36.7055664063
110.435058594	36.7126846313
110.439231873	36.7179985046
110.44568634	36.7233390808
110.450119019	36.7300300598
110.44972229	36.73620224
110.44367218	36.7397956848
110.435745239	36.7369537354
110.43182373	36.7330169678
110.426498413	36.7281455994
110.419448853	36.7241706848
110.416481018	36.7305450439
110.420921326	36.7370071411
110.426795959	36.7430267334
110.42956543	36.7471809387
110.431137085	36.7547531128
110.426986694	36.7629432678
110.420379639	36.7656097412
110.41065979	36.7670974731
110.398376465	36.7680931091
110.386688232	36.7681770325
110.379806519	36.7701530457
110.381958008	36.7768173218
110.387931824	36.7775764465
110.398803711	36.7756500244
110.409286499	36.7792129517
110.411155701	36.7858734131
110.413604736	36.7920837402
110.41809082	36.796257019
110.420852661	36.8010978699
110.421028137	36.8070526123
110.422889709	36.8141708374
110.418754578	36.8216743469
110.41129303	36.8236427307
110.402984619	36.8253746033
110.402862549	36.8317832947
110.420448303	36.8374862671
110.424591064	36.8450889587
110.424484253	36.8508148193
110.419746399	36.8596839905
110.410232544	36.86460495
110.397293091	36.8692550659
110.384681702	36.8716163635
110.376068115	36.8740272522
110.379066467	36.8816184998
110.38873291	36.8835716248
110.401817322	36.8864746094
110.40826416	36.8929634094
110.40839386	36.8971061707
110.407852173	36.8996009827
110.407470703	36.9043998718
110.404815674	36.908946991
110.403869629	36.9135131836
110.408599854	36.9202079773
110.411079407	36.9250450134
110.413856506	36.9291992188
110.417480469	36.9340515137
110.421127319	36.9377593994
110.424407959	36.9455795288
110.424285889	36.9519882202
110.425315857	36.957950592
110.425201416	36.9641304016
110.421592712	36.9737014771
110.413009644	36.9889335632
110.408332825	36.9943733215
110.399360657	36.9995269775
110.390129089	37.0037651062
110.381484985	37.0070915222
110.373710632	37.009513855
110.369010925	37.0156364441
110.372016907	37.0229988098
110.380271912	37.0251617432
110.390296936	37.024597168
110.400093079	37.021282196
110.409049988	37.016582489
110.418632507	37.009147644
110.425270081	37.006023407
110.433609009	37.0036048889
110.443901062	37.0039520264
110.448135376	37.0072097778
110.447967529	37.0161323547
110.446144104	37.0218353271
110.437232971	37.024017334
110.427192688	37.0255012512
110.413383484	37.0292282104
110.411567688	37.0344696045
110.421218872	37.0387077332
110.43006134	37.0401878357
110.440063477	37.0409927368
110.446609497	37.0429000854
110.455421448	37.046207428
110.462516785	37.0497245789
110.469284058	37.0550689697
110.476577759	37.0631637573
110.479927063	37.0680122375
110.483558655	37.0730895996
110.48828125	37.0809249878
110.491363525	37.084854126
110.498710632	37.0901985168
110.509506226	37.0953598022
110.51688385	37.0991020203
110.524833679	37.1028518677
110.529335022	37.1074790955
110.530677795	37.1127624512
110.532203674	37.1239967346
110.532562256	37.1361312866
110.534492493	37.1405029297
110.5415802	37.1449279785
110.550079346	37.15051651
110.55657959	37.1558532715
110.56476593	37.1634941101
110.570922852	37.1724891663
110.575416565	37.1777992249
110.581336975	37.1838150024
110.590919495	37.1937599182
110.598258972	37.2009315491
110.608711243	37.2101974487
110.612075806	37.2152671814
110.619651794	37.2254180908
110.629814148	37.2355918884
110.639160156	37.2432441711
110.644790649	37.250164032
110.649223328	37.2602806091
110.650970459	37.2661781311
110.652763367	37.2722206116
110.656990051	37.2775268555
110.667869568	37.2794647217
110.675338745	37.279083252
110.686233521	37.2798728943
110.687271118	37.2869796753
110.684890747	37.2924537659
110.679588318	37.3010978699
110.674324036	37.3072280884
110.672798157	37.3129348755
110.67905426	37.3168869019
110.687896729	37.3208656311
110.692741394	37.3236579895
110.698112488	37.3294334412
110.701164246	37.3363265991
110.701065063	37.3429641724
110.694885254	37.3522911072
110.685676575	37.3531188965
110.672744751	37.3529930115
110.65750885	37.3535308838
110.648551941	37.3566474915
110.641609192	37.3590965271
110.635223389	37.3631477356
110.631118774	37.368144989
110.628128052	37.3752098083
110.628005981	37.3827629089
110.627342224	37.3882484436
110.629219055	37.3967399597
110.631439209	37.4015693665
110.634223938	37.4070892334
110.636161804	37.4119148254
110.637451172	37.4213142395
110.63760376	37.4297866821
110.640655518	37.4366836548
110.651824951	37.4400024414
110.655349731	37.4398384094
110.659889221	37.4393920898
110.668518066	37.4394798279
110.678886414	37.4388961792
110.690383911	37.4394645691
110.701309204	37.4402542114
110.71509552	37.4417572021
110.724266052	37.4441337585
110.730545044	37.4476242065
110.735977173	37.4501914978
110.743331909	37.4585037231
110.747528076	37.4667816162
110.749130249	37.4754943848
110.750953674	37.4885597229
110.753387451	37.4995689392
110.760513306	37.5042114258
110.763038635	37.5090408325
110.76348877	37.5175132751
110.763618469	37.5287322998
110.76524353	37.5358428955
110.770637512	37.5411567688
110.776351929	37.5448684692
110.785766602	37.5511322021
110.786476135	37.5623550415
110.786407471	37.5671615601
110.782852173	37.5739974976
110.78188324	37.5813140869
110.773826599	37.5803260803
110.770584106	37.585105896
110.767608643	37.5917167664
110.767196655	37.6001815796
110.767684937	37.6063652039
110.768035889	37.6147270203
110.768096924	37.617816925
110.766578674	37.6235237122
110.76071167	37.6298789978
110.756278992	37.6373939514
110.758216858	37.642906189
110.764549255	37.6441078186
110.774932861	37.6441993713
110.781562805	37.6444854736
110.791023254	37.64868927
110.79385376	37.6530647278
110.793769836	37.6590156555
110.788734436	37.6679000854
110.781745911	37.672416687
110.775611877	37.6773986816
110.77091217	37.682849884
110.759925842	37.6843528748
110.753555298	37.6856689453
110.746604919	37.6869812012
110.738212585	37.6887359619
110.730400085	37.6898078918
110.722290039	37.6915626526
110.713302612	37.6937675476
110.708053589	37.6973800659
110.703048706	37.7035140991
110.698623657	37.7098808289
110.698204041	37.7112388611
110.699676514	37.7165298462
110.700164795	37.7222557068
110.705558777	37.7284851074
110.716781616	37.7313423157
110.728889465	37.7330551147
110.734931946	37.7342567444
110.742149353	37.7347793579
110.749908447	37.7373695374
110.750694275	37.7430992126
110.74974823	37.7485809326
110.747055054	37.7549667358
110.738548279	37.7635879517
110.732437134	37.7665100098
110.724563599	37.7707862854
110.711471558	37.7768440247
110.702766418	37.7790489197
110.68938446	37.7844161987
110.676559448	37.788898468
110.666397095	37.7942619324
110.663619995	37.8049964905
110.660079956	37.8097686768
110.657661438	37.8163833618
110.654678345	37.8220748901
110.651412964	37.8273086548
110.646102905	37.8334350586
110.641975403	37.8386611938
110.636375427	37.844783783
110.628692627	37.854549408
110.625091553	37.8627548218
110.619995117	37.8732299805
110.619590759	37.8803215027
110.611999512	37.8841362
110.609893799	37.8891525269
110.605140686	37.8961982727
110.601264954	37.9032554626
110.597381592	37.9100799561
110.592666626	37.9152984619
110.584724426	37.9225387573
110.576835632	37.926574707
110.569213867	37.9317626953
110.561904907	37.9355735779
110.548141479	37.944355011
110.542076111	37.9433746338
110.535064697	37.9467315674
110.52923584	37.9487266541
110.519645691	37.954120636
110.513076782	37.961139679
110.512641907	37.9691467285
110.515457153	37.9737548828
110.518562317	37.9783706665
110.525688171	37.9850845337
110.526191711	37.9896697998
110.524642944	37.9951438904
110.521072388	38.0003700256
110.515197754	38.0046539307
110.505516052	38.0109558105
110.5025177	38.0161895752
110.498939514	38.0218734741
110.497917175	38.030330658
110.498664856	38.0369758606
110.498832703	38.0438461304
110.503921509	38.0509986877
110.501960754	38.0633354187
110.501579285	38.0683670044
110.500579834	38.0754508972
110.499282837	38.0827636719
110.498268127	38.0909919739
110.499603271	38.0974159241
110.502983093	38.1029472351
110.508102417	38.1089553833
110.517181396	38.1205024719
110.517593384	38.1303482056
110.514877319	38.1358108521
110.512458801	38.1410484314
110.509765625	38.1453666687
110.505310059	38.1510429382
110.502006531	38.156955719
110.500717163	38.1638069153
110.501159668	38.1713676453
110.502464294	38.179851532
110.504364014	38.1871986389
110.505722046	38.1924743652
110.509681702	38.1984710693
110.513069153	38.2040023804
110.517028809	38.2102241516
110.523460388	38.2082366943
110.534759521	38.2104187012
110.54347229	38.2109718323
110.554496765	38.2145385742
110.555908203	38.2149963379
110.559890747	38.2200737
110.563262939	38.2267494202
110.566230774	38.2400550842
110.567871094	38.2462501526
110.568664551	38.2508392334
110.568565369	38.2567901611
110.567581177	38.2629585266
110.56690979	38.2682151794
110.566505432	38.274848938
110.567268372	38.2812652588
110.567985535	38.2904281616
110.571098328	38.2952690125
110.579421997	38.3022193909
110.587524414	38.3052825928
110.596221924	38.3074302673
110.604972839	38.3066062927
110.61693573	38.3046684265
110.626014709	38.3015518188
110.635063171	38.2998161316
110.641174316	38.3001060486
110.648727417	38.3010940552
110.655952454	38.3043708801
110.664588928	38.3101768494
110.671981812	38.3214645386
110.67539978	38.3265304565
110.681083679	38.3350563049
110.68825531	38.3424453735
110.698043823	38.349407196
110.70526886	38.3533668518
110.715705872	38.3566665649
110.729049683	38.3602256775
110.7371521	38.3639602661
110.741119385	38.3713188171
110.747077942	38.3821296692
110.753646851	38.3915748596
110.754371643	38.4014205933
110.756546021	38.4122009277
110.761642456	38.422542572
110.768753052	38.4347343445
110.775924683	38.4434967041
110.781974792	38.4485855103
110.790969849	38.4518661499
110.799720764	38.4519424438
110.806716919	38.452003479
110.816345215	38.4520835876
110.824890137	38.4457473755
110.833106995	38.4421539307
110.845672607	38.4399681091
110.854942322	38.4450798035
110.863616943	38.4506416321
110.870231628	38.4575614929
110.873382568	38.4623947144
110.874443054	38.4704093933
110.874359131	38.4768180847
110.874572754	38.4827690125
110.87322998	38.4962615967
110.870735168	38.5083732605
110.872673035	38.5163993835
110.883750916	38.5171737671
110.891044617	38.5181465149
110.902381897	38.5214385986
110.905212402	38.528553009
110.906021118	38.5338249207
110.907691956	38.540473938
110.90587616	38.5452651978
110.904350281	38.5505180359
110.904541016	38.5583000183
110.906791687	38.5651817322
110.913131714	38.572555542
110.916816711	38.5812797546
110.910018921	38.5876350403
110.897407532	38.5909729004
110.889060974	38.6039505005
110.884895325	38.6091842651
110.881881714	38.6160240173
110.879730225	38.6242446899
110.879051208	38.6317939758
110.880104065	38.6407279968
110.88318634	38.650592804
110.890136719	38.6563682556
110.899147034	38.6610145569
110.908096313	38.6702384949
110.909706116	38.6814613342
110.910224915	38.6867294312
110.91015625	38.6922225952
110.911552429	38.6974945068
110.912788391	38.7023963928
110.913223267	38.7041473389
110.915206909	38.709651947
110.919837952	38.7135772705
110.925369263	38.7163658142
110.93409729	38.7203216553
110.943382263	38.7272529602
110.945960999	38.7318496704
110.948501587	38.74010849
110.952194214	38.7492866516
110.953018188	38.7538719177
110.955574036	38.7605247498
110.955802917	38.7660179138
110.956298828	38.7733459473
110.960586548	38.7820739746
110.966415405	38.7850875854
110.971633911	38.7894744873
110.975395203	38.7940788269
110.979133606	38.7998275757
110.986335754	38.8108596802
110.991264343	38.8154716492
110.994689941	38.8232727051
110.995513916	38.828086853
110.997802734	38.8333625793
110.999191284	38.8400115967
111.000007629	38.8455047607
110.996940613	38.8573875427
110.993347168	38.8635406494
110.991798401	38.8706207275
110.997627258	38.8736381531
111.003738403	38.8784866333
111.013710022	38.8785514832
111.013641357	38.884727478
111.012649536	38.8943328857
111.010246277	38.899810791
111.008102417	38.9073486328
111.004753113	38.9180793762
111.003791809	38.9251670837
111.001586914	38.9381942749
110.998008728	38.9429740906
110.98941803	38.9495506287
110.988731384	38.9580116272
110.985450745	38.9618797302
110.980110168	38.96641922
110.977127075	38.9707450867
110.975006104	38.9759941101
110.978179932	38.981048584
110.985481262	38.9849891663
110.992729187	38.9930496216
110.996429443	39.0033721924
111.001960754	39.0082130432
111.008430481	39.0080299377
111.01399231	39.0096702576
111.021903992	39.0124664307
111.033279419	39.0198631287
111.039703369	39.0242538452
111.046157837	39.0252113342
111.054351807	39.0286941528
111.057632446	39.024597168
111.064704895	39.0232658386
111.074996948	39.0224151611
111.081459045	39.023601532
111.088485718	39.0261611938
111.095497131	39.0300941467
111.101036072	39.0353889465
111.105102539	39.0399894714
111.109481812	39.0434455872
111.114440918	39.0475959778
111.120567322	39.0524368286
111.125213623	39.0581817627
111.131317139	39.0657691956
111.135955811	39.0731163025
111.138252258	39.0788497925
111.140022278	39.0843009949
111.141685486	39.0893936157
111.142791748	39.0967216492
111.15007782	39.1040840149
111.156135559	39.1088638306
111.157676697	39.1100730896
111.163223267	39.1149101257
111.166419983	39.1188201904
111.168731689	39.1238632202
111.170135498	39.1311912537
111.16860199	39.138507843
111.165885925	39.1451263428
111.16318512	39.1508331299
111.162811279	39.1590652466
111.163017273	39.1689071655
111.167076111	39.1757926941
111.171737671	39.1815338135
111.175521851	39.187046051
111.180755615	39.1943969727
111.183959961	39.1987609863
111.187438965	39.2049560547
111.189445496	39.2113723755
111.19291687	39.2184829712
111.203453064	39.2279167175
111.207244873	39.2320556641
111.207778931	39.2384643555
111.20652771	39.2466926575
111.205001831	39.2528610229
111.203460693	39.260635376
111.203689575	39.2681846619
111.205101013	39.2757415771
111.207710266	39.2805595398
111.212402344	39.2844734192
111.222984314	39.2886428833
111.234451294	39.2932739258
111.24180603	39.2958259583
111.246795654	39.2999649048
111.239685059	39.3031387329
111.229949951	39.3030891418
111.2240448	39.3028335571
111.216667175	39.303024292
111.206138611	39.3042106628
111.19569397	39.3056640625
111.183525085	39.3126907349
111.176689148	39.3183746338
111.174865723	39.3240852356
111.175384521	39.3314056396
111.180351257	39.3373832703
111.187072754	39.3449668884
111.181388855	39.3534011841
111.173416138	39.3529014587
111.165771484	39.3496551514
111.1563797	39.3434295654
111.149902344	39.3419342041
111.149803162	39.3518562317
111.154441833	39.3608055115
111.152015686	39.3674278259
111.145507812	39.3689918518
111.139213562	39.3684692383
111.133766174	39.3677330017
111.121887207	39.3674850464
111.11328125	39.3717842102
111.114097595	39.3786506653
111.117553711	39.3875923157
111.1195755	39.3924102783
111.130630493	39.39793396
111.140731812	39.4046554565
111.149261475	39.4088172913
111.153640747	39.4145622253
111.159820557	39.4182548523
111.169548035	39.4205932617
111.179588318	39.4215621948
111.18611908	39.4188537598
111.194412231	39.4166069031
111.200263977	39.423500061
111.210853577	39.4295692444
111.223571777	39.4293365479
111.233329773	39.4286994934
111.239250183	39.4275817871
111.245178223	39.4260101318
111.255859375	39.4210281372
111.264434814	39.4210662842
111.2709198	39.4226951599
111.277420044	39.4236450195
111.285400391	39.4232215881
111.291618347	39.421875
111.299621582	39.4193954468
111.309394836	39.4171447754
111.321510315	39.4171981812
111.330665588	39.4188346863
111.341262817	39.4245986938
111.34803772	39.4287414551
111.351844788	39.4337882996
111.35269928	39.4388237
111.354125977	39.4468383789
111.354949951	39.4557609558
111.356384277	39.4626312256
111.357826233	39.4683532715
111.360153198	39.4745368958
111.363952637	39.4809570313
111.371910095	39.48670578
111.378395081	39.4892463684
111.390800476	39.4934082031
111.406158447	39.4987220764
111.412055969	39.5017166138
111.420013428	39.5070037842
111.425323486	39.5106811523
111.427955627	39.5159492493
111.428222656	39.5214385986
111.42729187	39.5285301208
111.422813416	39.5358314514
111.417449951	39.5417633057
111.419464111	39.5516052246
111.421806335	39.5566444397
111.423843384	39.5632858276
111.427650452	39.5703887939
111.429985046	39.5768013
111.432029724	39.5813827515
111.433486938	39.5864181519
111.431663513	39.5937309265
111.429275513	39.5980682373
111.425987244	39.6021766663
111.422103882	39.608341217
111.420570374	39.6170272827
111.429153442	39.6186561584
111.438369751	39.6143379211
111.443138123	39.6095504761
111.448791504	39.6056785583
111.454086304	39.6125602722
111.454055786	39.617816925
111.45224762	39.6239891052
111.448669434	39.6276359558
111.442428589	39.6305923462
111.431724548	39.6367340088
111.429916382	39.6422157288
111.436721802	39.6447563171
111.444419861	39.6463813782
111.456260681	39.650302887
111.477279663	39.6557769775
111.486610413	39.6584777832
111.490036011	39.6582946777
111.497749329	39.6586723328
111.508987427	39.6574020386
111.523490906	39.6563224792
111.536209106	39.6552619934
111.546829224	39.6528511047
111.556549072	39.6497612
111.568321228	39.6457290649
111.580413818	39.6428375244
111.590713501	39.6392784119
111.602172852	39.6347885132
111.615516663	39.6350898743
111.630073547	39.6372070313
111.639564514	39.6377792358
111.651382446	39.6362609863
111.661117554	39.6343078613
111.674964905	39.6309280396
111.683181763	39.6271591187
111.689880371	39.6215705872
111.701034546	39.6170768738
111.70413208	39.6092414856
111.711547852	39.6034889221
111.723434448	39.5979957581
111.736404419	39.5955352783
111.74848938	39.5930862427
111.760559082	39.5899467468
111.772438049	39.5913963318
111.783180237	39.5951499939
111.787712097	39.5992164612
111.795166016	39.6016387939
111.810943604	39.6053237915
111.819297791	39.6079597473
111.827972412	39.6119689941
111.839836121	39.6127204895
111.854576111	39.6095352173
111.861663818	39.6087493896
111.869674683	39.6095542908
111.882156372	39.6101112366
111.891387939	39.6121139526
111.898460388	39.6136016846
111.905670166	39.6139259338
111.912971497	39.6149330139
111.916542053	39.6148338318
111.917129517	39.614818573
111.918739319	39.6152000427
111.929634094	39.614364624
111.927124023	39.6191825867
111.927284241	39.620136261
111.927330017	39.6204109192
111.928321838	39.6264228821
111.926399231	39.6359977722
111.927947998	39.6458511353
111.932037354	39.6547546387
111.93862915	39.6627998352
111.951980591	39.6994400024
111.95816803	39.728225708
111.959907532	39.7585334778
111.969039917	39.792388916
111.970085144	39.796257019
111.97454071	39.8050384521
111.987380981	39.8212776184
111.997184753	39.8269309998
112.003067017	39.8361320496
112.017417908	39.8514556885
112.03112793	39.8776893616
112.059204102	39.9174041748
112.06060791	39.9193840027
112.069816589	39.9368515015
112.074226379	39.9412574768
112.077217102	39.9442367554
112.078544617	39.9484481812
112.081634521	39.9527549744
112.085342407	39.9577407837
112.089370728	39.963634491
112.098701477	39.9729309082
112.101600647	39.975818634
112.108695984	39.9848747253
112.113952637	39.9921226501
112.11492157	40
112.115982056	40.0029640198
112.118087769	40.0054740906
112.121383667	40.0086669922
112.123191833	40.0111732483
112.123794556	40.0125465393
112.125	40.0145988464
112.126815796	40.0182495117
112.129219055	40.021446228
112.131027222	40.024181366
112.133132935	40.0269165039
112.135246277	40.0307998657
112.137939453	40.03307724
112.139137268	40.0339889526
112.143928528	40.0374031067
112.14692688	40.0399093628
112.149925232	40.0421829224
112.153533936	40.0460586548
112.155036926	40.0487976074
112.156852722	40.0517616272
112.158660889	40.0547294617
112.161071777	40.058380127
112.162284851	40.0608901978
112.163795471	40.0640869141
112.16620636	40.0675086975
112.168327332	40.0716171265
112.169532776	40.0738945007
112.171363831	40.0786895752
112.173782349	40.083480835
112.174987793	40.085308075
112.17830658	40.09009552
112.180412292	40.0921478271
112.182510376	40.0942001343
112.18611908	40.0973854065
112.187614441	40.0982933044
112.193344116	40.1055908203
112.196044922	40.1076393127
112.199943542	40.110824585
112.201454163	40.1128768921
112.204772949	40.1169815063
112.204772949	40.1176681519
112.207176208	40.1194877625
112.208374023	40.1203956604
112.212287903	40.124042511
112.214698792	40.1272315979
112.215911865	40.1297416687
112.217132568	40.1324806213
112.21685791	40.1356811523
112.216278076	40.137512207
112.215690613	40.138885498
112.21421814	40.1416320801
112.213935852	40.1439208984
112.21395874	40.1464347839
112.21396637	40.1473503113
112.213691711	40.1505508423
112.213142395	40.156036377
112.216163635	40.1601409912
112.217079163	40.1624259949
112.217987061	40.1642494202
112.218894958	40.1656188965
112.220405579	40.1676712036
112.222511292	40.1699485779
112.224617004	40.1715393066
112.226715088	40.1724472046
112.228813171	40.1738090515
112.231216431	40.1751708984
112.233314514	40.1763076782
112.236625671	40.1790390015
112.240829468	40.1815376282
112.244132996	40.1838111877
112.247444153	40.1863136292
112.251045227	40.1888160706
112.25315094	40.1904067993
112.254058838	40.1910858154
112.256752014	40.1922225952
112.260047913	40.1935768127
112.263046265	40.1947097778
112.26574707	40.1960716248
112.269050598	40.197429657
112.272651672	40.199016571
112.2759552	40.2012901306
112.278366089	40.203792572
112.280471802	40.2053833008
112.283798218	40.2090263367
112.284713745	40.2110786438
112.284439087	40.2142791748
112.283561707	40.216342926
112.282104492	40.2202339172
112.280944824	40.2241249084
112.28125	40.2252655029
112.28276825	40.2270889282
112.284286499	40.230052948
112.286094666	40.2318763733
112.287902832	40.2334671021
112.289428711	40.2366600037
112.291542053	40.2387084961
112.292449951	40.2396202087
112.293960571	40.2416725159
112.295173645	40.2432670593
112.296081543	40.2446365356
112.297592163	40.2459983826
112.298805237	40.2478218079
112.300613403	40.249874115
112.301521301	40.2507820129
112.302726746	40.2514648438
112.305419922	40.2521400452
112.309318542	40.253036499
112.314414978	40.2543830872
112.315307617	40.2543792725
112.318008423	40.2545967102
112.318901062	40.2545928955
112.321586609	40.2538948059
112.3254776	40.2545623779
112.328475952	40.2550086975
112.331169128	40.2552223206
112.332962036	40.255443573
112.333862305	40.2554397583
112.338645935	40.2551879883
112.341941833	40.2560882568
112.346153259	40.2581253052
112.348854065	40.2594833374
112.352165222	40.261756897
112.353683472	40.2635765076
112.355491638	40.2651672363
112.357902527	40.2667579651
112.361213684	40.2685699463
112.364509583	40.2692375183
112.366607666	40.2699165344
112.372009277	40.2714881897
112.37651825	40.2732925415
112.379219055	40.2746505737
112.384651184	40.2787399292
112.387367249	40.2812385559
112.390083313	40.2832832336
112.392807007	40.285785675
112.397323608	40.2885055542
112.402130127	40.2905387878
112.405433655	40.2918930054
112.411148071	40.2939186096
112.415939331	40.2943496704
112.421630859	40.2952346802
112.426124573	40.2958984375
112.43421936	40.2972221375
112.439910889	40.2976493835
112.441711426	40.2978668213
112.443809509	40.2980880737
112.446205139	40.2985305786
112.449203491	40.298740387
112.452186584	40.2982673645
112.455474854	40.297794342
112.457862854	40.2970924377
112.460533142	40.2954750061
112.464096069	40.293170929
112.466468811	40.2913284302
112.467636108	40.2890357971
112.468215942	40.2874336243
112.471176147	40.2849006653
112.474151611	40.2835121155
112.47743988	40.2830352783
112.479820251	40.282333374
112.485778809	40.2797851563
112.488449097	40.2783966064
112.492027283	40.2770042419
112.494689941	40.2751617432
112.497360229	40.272857666
112.499137878	40.2714767456
112.50239563	40.2691688538
112.504776001	40.2680130005
112.506561279	40.2675476074
112.511329651	40.2661437988
112.516105652	40.2652015686
112.519081116	40.2640380859
112.525062561	40.2637748718
112.527748108	40.2632980347
112.533119202	40.262348175
112.537590027	40.2616386414
112.542366028	40.2604598999
112.548622131	40.2590484619
112.553985596	40.2574157715
112.557571411	40.2569351196
112.561424255	40.2546234131
112.564689636	40.2525444031
112.567672729	40.2522964478
112.571243286	40.2506713867
112.575698853	40.2488136292
112.577781677	40.2481117249
112.579864502	40.2474136353
112.582847595	40.2464790344
112.585227966	40.2457771301
112.587005615	40.2448501587
112.588790894	40.2439231873
112.590873718	40.2434539795
112.592666626	40.2432098389
112.593566895	40.2432060242
112.598335266	40.2422561646
112.602203369	40.2410888672
112.605773926	40.2399215698
112.609352112	40.2389793396
112.613517761	40.2373504639
112.617378235	40.23595047
112.618270874	40.2357177734
112.620361328	40.2354736328
112.623344421	40.2347640991
112.626594543	40.2324562073
112.628067017	40.2306175232
112.62865448	40.2301559448
112.629844666	40.2294616699
112.632789612	40.2264709473
112.636940002	40.2243804932
112.638717651	40.2232246399
112.641098022	40.2225227356
112.644645691	40.2195243835
112.647010803	40.2181358337
112.650268555	40.2158241272
112.652336121	40.2142105103
112.65411377	40.213054657
112.656761169	40.2100639343
112.661209106	40.2079734802
112.662986755	40.2070426941
112.665054321	40.2052001953
112.667999268	40.2026634216
112.67124939	40.2001228333
112.673034668	40.1994247437
112.677780151	40.1973304749
112.681045532	40.195476532
112.682502747	40.1936378479
112.687522888	40.1897125244
112.692276001	40.1876182556
112.695243835	40.1864509583
112.698799133	40.1845970154
112.701446533	40.1820602417
112.704093933	40.1792984009
112.705558777	40.1776847839
112.707069397	40.1785850525
112.711196899	40.1751251221
112.714149475	40.1728172302
112.717681885	40.1698150635
112.721824646	40.1670417786
112.72808075	40.1663017273
112.731666565	40.1662750244
112.737640381	40.1662254333
112.743919373	40.1668586731
112.748420715	40.1681938171
112.752929688	40.169757843
112.758033752	40.1713142395
112.762245178	40.1733360291
112.766448975	40.1749000549
112.773979187	40.1784934998
112.778190613	40.1805152893
112.782714844	40.182762146
112.788131714	40.185459137
112.792045593	40.1870269775
112.79776001	40.1892623901
112.803474426	40.1914978027
112.806472778	40.1921577454
112.810974121	40.1934890747
112.817886353	40.1957130432
112.821784973	40.1965904236
112.826896667	40.1983757019
112.830802917	40.1997108459
112.833816528	40.2008247375
112.83833313	40.2028427124
112.841972351	40.2060089111
112.843536377	40.209651947
112.845680237	40.2128334045
112.847221375	40.2153358459
112.848449707	40.2173805237
112.851303101	40.2262687683
112.854110718	40.2331008911
112.85786438	40.2422103882
112.859413147	40.2453956604
112.861587524	40.2499465942
112.864044189	40.2535820007
112.865310669	40.2572288513
112.867179871	40.261554718
112.867507935	40.2631530762
112.868766785	40.2665710449
112.870315552	40.2695274353
112.871566772	40.2722587585
112.873123169	40.2759017944
112.874107361	40.2804641724
112.875396729	40.2857093811
112.87726593	40.2895774841
112.878829956	40.29322052
112.879806519	40.2975578308
112.883811951	40.304145813
112.883331299	40.3103218079
112.883377075	40.3128395081
112.883453369	40.3169517517
112.884132385	40.3217468262
112.886299133	40.3253860474
112.892044067	40.3283004761
112.897460938	40.3298492432
112.900772095	40.3309593201
112.906204224	40.3329658508
112.913711548	40.3344917297
112.916435242	40.3358383179
112.922149658	40.3373832703
112.927268982	40.3389320374
112.93359375	40.3406982422
112.939315796	40.3422393799
112.943832397	40.3435668945
112.94443512	40.343788147
112.949272156	40.3460273743
112.955612183	40.3487052917
112.961029053	40.3502502441
112.968559265	40.3522338867
112.978797913	40.3550987244
112.982955933	40.3562736511
112.987815857	40.3566055298
112.993232727	40.3579216003
112.999839783	40.3587646484
113.007385254	40.3614273071
113.012504578	40.3627471924
113.016120911	40.3638534546
113.01914978	40.3656463623
113.0260849	40.3676300049
113.032691956	40.3687019348
113.038101196	40.3693313599
113.045295715	40.3697090149
113.052215576	40.3710021973
113.058227539	40.3720817566
113.063926697	40.3722457886
113.071434021	40.3730773926
113.075935364	40.3734855652
113.08014679	40.3743515015
113.085571289	40.3756637573
113.092185974	40.3767280579
113.097305298	40.3778152466
113.101509094	40.378452301
113.108131409	40.3797492981
113.113258362	40.381061554
113.117782593	40.382610321
113.121101379	40.3837127686
113.123214722	40.384147644
113.128631592	40.3854560852
113.137672424	40.387638092
113.142799377	40.389175415
113.15184021	40.3913574219
113.156677246	40.3931274414
113.163604736	40.3946418762
113.168418884	40.3955001831
113.175643921	40.3967857361
113.180458069	40.397644043
113.18497467	40.3985023499
113.187683105	40.3989257813
113.192207336	40.4002418518
113.21231842	40.4015960693
113.215332031	40.4022445679
113.220161438	40.4035568237
113.225906372	40.4057693481
113.231063843	40.4082183838
113.236206055	40.4102134705
113.240737915	40.4117546082
113.244346619	40.4121665955
113.249099731	40.4102745056
113.25113678	40.4077377319
113.254325867	40.4033508301
113.258102417	40.398273468
113.260414124	40.3945846558
113.262138367	40.3915901184
113.265075684	40.3890380859
113.269760132	40.3846359253
113.272987366	40.3818511963
113.27532196	40.3790740967
113.277664185	40.3767585754
113.279388428	40.3739929199
113.281715393	40.3709907532
113.283439636	40.3679962158
113.284584045	40.3656959534
113.286277771	40.3615570068
113.288284302	40.3578720093
113.29058075	40.3539581299
113.291984558	40.3500518799
113.29372406	40.347743988
113.294570923	40.3454475403
113.295410156	40.3431472778
113.29624939	40.3406219482
113.302932739	40.3273200989
113.310012817	40.3202819824
113.316329956	40.3174934387
113.32056427	40.3190383911
113.326591492	40.3205566406
113.331680298	40.3207168579
113.337371826	40.3208656311
113.342132568	40.3196601868
113.348991394	40.3184242249
113.35584259	40.3171882629
113.360923767	40.3168907166
113.365409851	40.3168258667
113.373214722	40.3176345825
113.374412537	40.317615509
113.380401611	40.3177642822
113.390037537	40.3196868896
113.397567749	40.3216362
113.401771545	40.3220329285
113.409866333	40.3223762512
113.414970398	40.3227615356
113.420082092	40.3236045837
113.42490387	40.3249053955
113.431816101	40.3257217407
113.438728333	40.3267669678
113.444145203	40.3278312683
113.450469971	40.3291091919
113.455276489	40.3297271729
113.458274841	40.3299102783
113.463973999	40.3302841187
113.468482971	40.3309059143
113.477485657	40.3316841125
113.481033325	40.332447052
113.48348999	40.33228302
113.488899231	40.3328895569
113.493103027	40.3332824707
113.499717712	40.3343276978
113.508148193	40.3358001709
113.514778137	40.3372993469
113.519882202	40.3379096985
113.524108887	40.3389892578
113.526817322	40.3394050598
113.530433655	40.3402633667
113.553077698	40.3475418091
113.565811157	40.3565177917
113.572181702	40.3652267456
113.577423096	40.370174408
113.579246521	40.3712882996
113.582008362	40.3733024597
113.586288452	40.3764343262
113.589660645	40.3788986206
113.593025208	40.3813591003
113.596389771	40.3835945129
113.601875305	40.3867073059
113.607070923	40.3900527954
113.612556458	40.3931694031
113.619293213	40.3978614807
113.622688293	40.4012374878
113.626686096	40.4046020508
113.630378723	40.4077415466
113.635887146	40.4115409851
113.641067505	40.4144287109
113.64805603	40.417514801
113.657157898	40.4210243225
113.661193848	40.4226379395
113.665214539	40.4292259216
113.66658783	40.43491745
113.66847229	40.4378585815
113.673721313	40.4427986145
113.681945801	40.4470062256
113.688903809	40.4487190247
113.694358826	40.4506835938
113.701942444	40.4532966614
113.711029053	40.4561157227
113.717704773	40.4585151672
113.723175049	40.4607086182
113.728630066	40.4624404907
113.73500061	40.4648475647
113.740776062	40.4670333862
113.748046875	40.4694213867
113.75655365	40.4727020264
113.762054443	40.4758033752
113.770721436	40.4841117859
113.776679993	40.4920082092
113.783874512	40.5012550354
113.786117554	40.5055580139
113.78742218	40.5087356567
113.788131714	40.5121536255
113.787979126	40.5167274475
113.793487549	40.510684967
113.798439026	40.5057983398
113.803382874	40.5009078979
113.808959961	40.4969215393
113.814857483	40.4936141968
113.819854736	40.490322113
113.826011658	40.4858703613
113.830940247	40.4805221558
113.834075928	40.4754333496
113.836929321	40.4710388184
113.839485168	40.4666481018
113.844352722	40.4594726563
113.84903717	40.4559555054
113.856819153	40.4553565979
113.867721558	40.45835495
113.87562561	40.4614105225
113.883560181	40.4653778076
113.886642456	40.4678344727
113.893722534	40.4731903076
113.902023315	40.4789772034
113.90725708	40.4827651978
113.913696289	40.4867630005
113.918586731	40.4894142151
113.924385071	40.492275238
113.929023743	40.4962997437
113.933403015	40.501247406
113.938362122	40.5059547424
113.94090271	40.5097923279
113.942474365	40.5118217468
113.944961548	40.5142860413
113.949241638	40.5164909363
113.954414368	40.5184516907
113.958053589	40.5195236206
113.963516235	40.5210189819
113.967140198	40.5216331482
113.971961975	40.522228241
113.980056763	40.5218391418
113.984550476	40.5212936401
113.98991394	40.5202789307
113.995292664	40.5194854736
114	40.5151176453
114.004714966	40.5145606995
114.011528015	40.5163803101
114.017700195	40.5188674927
114.023910522	40.5206680298
114.028663635	40.5217399597
114.032798767	40.5230140686
114.037887573	40.5234069824
114.042961121	40.5240287781
114.049163818	40.5260543823
114.055099487	40.5273895264
114.06111145	40.5330734253
114.06602478	40.5366630554
114.070007324	40.5409049988
114.073326111	40.5462760925
114.074790955	40.5527305603
114.075050354	40.5591468811
114.07509613	40.5639533997
114.072738647	40.5686836243
114.070030212	40.5743217468
114.065307617	40.5782928467
114.059989929	40.5822410583
114.052597046	40.5854377747
114.047935486	40.5882644653
114.044143677	40.5915794373
114.041282654	40.5944633484
114.039001465	40.597820282
114.036987305	40.601650238
114.03565979	40.6038970947
114.035385132	40.6052436829
114.035003662	40.6072387695
114.037605286	40.6098213196
114.040763855	40.6135597229
114.042755127	40.6163597107
114.044776917	40.6184692383
114.045578003	40.621006012
114.047859192	40.6240386963
114.049850464	40.6268310547
114.050971985	40.6289215088
114.052375793	40.6314735413
114.053405762	40.635848999
114.054428101	40.6402244568
114.05581665	40.6432342529
114.056632996	40.6453132629
114.058578491	40.6492538452
114.060272217	40.6520423889
114.061355591	40.6550445557
114.062789917	40.6569099426
114.063613892	40.6587600708
114.063796997	40.6617431641
114.063697815	40.6642608643
114.064201355	40.6667900085
114.064361572	40.6702270508
114.065391541	40.6746025085
114.065872192	40.6775932312
114.065208435	40.6791801453
114.064834595	40.6810035706
114.064155579	40.6830482483
114.063446045	40.6857795715
114.061706543	40.6916923523
114.061019897	40.69373703
114.059707642	40.6964530945
114.058654785	40.7000923157
114.057952881	40.7025947571
114.057235718	40.7055549622
114.057426453	40.7083053589
114.058792114	40.7117767334
114.060203552	40.7140960693
114.062812805	40.7166786194
114.065391541	40.7199440002
114.067436218	40.7215957642
114.070106506	40.7225761414
114.074493408	40.7258872986
114.078025818	40.7278022766
114.081314087	40.7285652161
114.086364746	40.7302894592
114.092933655	40.7315864563
114.096237183	40.7318916321
114.09954071	40.7321968079
114.103179932	40.7315979004
114.107963562	40.7323951721
114.110961914	40.7326965332
114.114547729	40.7334671021
114.116653442	40.7335166931
114.119361877	40.7335777283
114.120864868	40.7336120605
114.122634888	40.7345695496
114.124130249	40.7348327637
114.127120972	40.7353591919
114.127861023	40.7357597351
